4.129931926727294922e-01
9.878449440002441406e-01
1.469048857688903809e-01
1.727301627397537231e-01
6.748632192611694336e-01
1.613706350326538086e-02
-5.945684909820556641e-01
9.784926176071166992e-01
-2.107682079076766968e-01
8.635591268539428711e-01
5.549625158309936523e-01
-9.571223855018615723e-01
9.939333200454711914e-01
-8.013642430305480957e-01
-2.015230245888233185e-03
9.040390849113464355e-01
9.751754403114318848e-01
8.589138984680175781e-01
-5.486468076705932617e-01
7.650341391563415527e-01
-9.544090032577514648e-01
3.670797348022460938e-01
-4.626286923885345459e-01
6.506517529487609863e-01
7.447075843811035156e-01
-7.159963846206665039e-01
4.189037084579467773e-01
1.425670534372329712e-01
9.850710630416870117e-01
4.588601887226104736e-01
-3.345440626144409180e-01
9.540342092514038086e-01
-7.750182747840881348e-01
9.842020869255065918e-01
9.120637774467468262e-01
-9.124163985252380371e-01
-8.650516867637634277e-01
8.530927896499633789e-01
9.676272273063659668e-01
-2.916792333126068115e-01
5.853132605552673340e-01
3.177357912063598633e-01
3.559398949146270752e-01
6.581725478172302246e-01
8.849510550498962402e-01
-4.254483580589294434e-01
-4.865268245339393616e-02
8.487187027931213379e-01
-7.242963314056396484e-01
-5.230006575584411621e-01
3.856700286269187927e-02
5.580822825431823730e-01
3.642185358330607414e-03
8.388580083847045898e-01
5.898948907852172852e-01
7.189570367336273193e-02
9.573013186454772949e-01
-6.855967640876770020e-01
8.297075629234313965e-01
-1.121782287955284119e-01
-7.236744761466979980e-01
7.685824036598205566e-01
1.313626915216445923e-01
-3.409734368324279785e-01
9.847458004951477051e-01
5.854765772819519043e-01
-1.092433463782072067e-03
3.794267773628234863e-01
7.595434188842773438e-01
2.257886528968811035e-01
-7.312336564064025879e-01
6.483578085899353027e-01
8.774436116218566895e-01
-5.686924457550048828e-01
5.589114427566528320e-01
-3.306574821472167969e-01
7.187532186508178711e-01
-8.682377934455871582e-01
7.896257638931274414e-01
8.935739398002624512e-01
1.624852418899536133e-02
-9.504677057266235352e-01
9.357515573501586914e-01
5.199134349822998047e-01
-8.292024135589599609e-01
9.955351948738098145e-01
8.926610350608825684e-01
-9.270531535148620605e-01
9.813477396965026855e-01
-6.583995819091796875e-01
9.888738393783569336e-01
8.345481753349304199e-01
6.774589419364929199e-01
5.237510800361633301e-01
-4.010670781135559082e-01
-4.931726157665252686e-01
-4.433761239051818848e-01
6.732965111732482910e-01
9.356524348258972168e-01
-3.166830241680145264e-01
-3.779484704136848450e-02
5.151693820953369141e-01
-2.214726656675338745e-01
7.897709608078002930e-01
2.412600666284561157e-01
-9.955223649740219116e-02
5.288901925086975098e-01
9.069905877113342285e-01
-2.600170373916625977e-01
7.792989611625671387e-01
-9.584495425224304199e-01
9.650377035140991211e-01
-7.757955044507980347e-02
8.449590802192687988e-01
-6.567001938819885254e-01
9.607456326484680176e-01
-9.979302287101745605e-01
-3.084027022123336792e-02
9.245588779449462891e-01
-2.166379541158676147e-01
9.068087339401245117e-01
-1.614321470260620117e-01
5.831842422485351562e-01
1.380713731050491333e-01
3.375086784362792969e-01
2.081062346696853638e-01
8.125435113906860352e-01
-6.334553956985473633e-01
7.012582421302795410e-01
-2.157045900821685791e-01
4.589933753013610840e-01
-3.567116558551788330e-01
8.347101807594299316e-01
9.862825870513916016e-01
5.677223801612854004e-01
-9.650622010231018066e-01
3.615528345108032227e-01
8.898708224296569824e-01
-4.268651306629180908e-01
-5.759571194648742676e-01
9.107879996299743652e-01
-2.589750587940216064e-01
6.586172580718994141e-01
8.409215807914733887e-01
-7.963040471076965332e-01
9.553717970848083496e-01
-7.696973085403442383e-01
9.413188695907592773e-01
9.311743378639221191e-01
-9.944105744361877441e-01
9.023939371109008789e-01
-9.078376889228820801e-01
8.871702551841735840e-01
9.500416517257690430e-01
8.409315943717956543e-01
-9.172086715698242188e-01
-5.343672633171081543e-01
-1.623035036027431488e-02
9.831330776214599609e-01
9.817971587181091309e-01
-2.605184018611907959e-01
8.578761219978332520e-01
1.933215409517288208e-01
9.006156325340270996e-01
-9.894855022430419922e-01
2.791703343391418457e-01
4.981430172920227051e-01
3.123965263366699219e-01
6.295042634010314941e-01
-6.452078819274902344e-01
5.391929745674133301e-01
-1.459493786096572876e-01
-6.844575703144073486e-02
5.253397673368453979e-02
7.463274598121643066e-01
1.297076940536499023e-01
7.713627219200134277e-01
-5.319496989250183105e-01
9.497870206832885742e-01
-9.521322846412658691e-01
8.623729944229125977e-01
-7.691230177879333496e-01
5.226863622665405273e-01
9.402819275856018066e-01
6.159766018390655518e-02
8.572556972503662109e-01
5.974782705307006836e-01
-5.130835771560668945e-01
8.959380388259887695e-01
-4.522415399551391602e-01
9.679504632949829102e-01
-6.578456759452819824e-01
8.586274385452270508e-01
8.047193288803100586e-01
-8.260008096694946289e-01
9.476156830787658691e-01
-7.780416607856750488e-01
9.392921924591064453e-01
-7.790308594703674316e-01
-2.735403180122375488e-01
9.523429274559020996e-01
8.267555832862854004e-01
-6.665612459182739258e-01
2.251380980014801025e-01
2.598005235195159912e-01
9.709047079086303711e-01
1.211216971278190613e-01
3.701057136058807373e-01
5.406330823898315430e-01
-9.512820839881896973e-01
7.255315780639648438e-01
9.118115305900573730e-01
6.346395015716552734e-01
-8.155662417411804199e-01
9.419397115707397461e-01
-8.347431421279907227e-01
6.630785465240478516e-01
6.700989603996276855e-01
6.310978531837463379e-01
-9.813089966773986816e-01
-8.080831766128540039e-01
3.203893601894378662e-01
9.965561628341674805e-01
5.286183953285217285e-01
3.105031847953796387e-01
7.854372262954711914e-01
-6.973037719726562500e-01
9.494658708572387695e-01
-8.657236695289611816e-01
9.930253028869628906e-01
7.375695109367370605e-01
9.062530994415283203e-01
-9.829424023628234863e-01
5.234958976507186890e-02
-5.966672301292419434e-02
9.099905490875244141e-01
1.047818437218666077e-01
8.631073832511901855e-01
6.594977527856826782e-02
8.459302783012390137e-01
-7.575542926788330078e-01
5.272923111915588379e-01
-5.733791589736938477e-01
-1.534674316644668579e-01
9.833980202674865723e-01
-1.304412446916103363e-02
9.753491878509521484e-01
-2.398203760385513306e-01
-4.361162781715393066e-01
5.050410628318786621e-01
4.139545857906341553e-01
9.265661835670471191e-01
-8.140637278556823730e-01
9.084218144416809082e-01
6.834223866462707520e-01
-1.377652138471603394e-01
1.481597125530242920e-01
9.950773417949676514e-02
-5.344626307487487793e-01
-4.971119463443756104e-01
7.799006700515747070e-01
8.779050707817077637e-01
5.197010636329650879e-01
3.591361939907073975e-01
3.264926970005035400e-01
5.579435825347900391e-01
-9.112594723701477051e-01
9.501230120658874512e-01
5.049603581428527832e-01
-8.111585974693298340e-01
2.035240679979324341e-01
8.237496018409729004e-01
-9.402093887329101562e-01
9.707044959068298340e-01
9.694206714630126953e-01
-7.851881980895996094e-01
-3.572231233119964600e-01
9.913139343261718750e-01
-4.825349524617195129e-02
9.829202294349670410e-01
7.315078377723693848e-01
-1.113346442580223083e-01
-5.356268286705017090e-01
9.834320545196533203e-01
3.550684750080108643e-01
-4.886875450611114502e-01
7.983507513999938965e-01
-9.341695904731750488e-01
9.665957093238830566e-01
9.851576089859008789e-01
-8.256668448448181152e-01
4.373773336410522461e-01
-2.328008413314819336e-04
9.601780772209167480e-01
-8.215535283088684082e-01
7.743304371833801270e-01
9.787591099739074707e-01
-6.258624196052551270e-01
7.482843399047851562e-01
4.726937785744667053e-02
3.970570862293243408e-01
2.354764044284820557e-01
-7.085325121879577637e-01
8.961257934570312500e-01
4.974720180034637451e-01
-4.998449981212615967e-01
3.611982166767120361e-01
-7.941204905509948730e-01
9.606607556343078613e-01
5.664575099945068359e-01
7.793030142784118652e-01
-9.044527411460876465e-01
9.793251752853393555e-01
7.618529796600341797e-01
-4.207151532173156738e-01
9.396165013313293457e-01
-7.183904051780700684e-01
-6.169487833976745605e-01
9.856886863708496094e-01
5.851895809173583984e-01
7.134213447570800781e-01
9.392827153205871582e-01
-9.723026156425476074e-01
-1.238185390830039978e-01
7.940003871917724609e-01
4.580314755439758301e-01
-7.096450924873352051e-01
8.640670776367187500e-01
-5.840231776237487793e-01
6.508587598800659180e-01
7.344924211502075195e-01
-9.856230020523071289e-01
4.185148775577545166e-01
-3.813769519329071045e-01
-1.918460726737976074e-01
9.994626045227050781e-01
8.363233804702758789e-01
2.423324286937713623e-01
8.423561453819274902e-01
-7.112680673599243164e-01
4.854360222816467285e-01
9.663646221160888672e-01
-8.366808891296386719e-01
7.522775530815124512e-01
7.130177021026611328e-01
-5.993934869766235352e-01
8.643907308578491211e-01
-2.178431488573551178e-02
1.937945336103439331e-01
-8.206983804702758789e-01
9.820521473884582520e-01
5.794500112533569336e-01
-8.610060811042785645e-02
8.964496254920959473e-01
-7.638425100594758987e-03
3.262733817100524902e-01
8.459240198135375977e-01
-9.356967806816101074e-01
1.114709749817848206e-01
9.450432658195495605e-01
-9.301456809043884277e-01
9.722614288330078125e-01
6.300758719444274902e-01
-6.648991107940673828e-01
4.406078159809112549e-01
7.109720706939697266e-01
3.589494228363037109e-01
-8.243333101272583008e-01
8.362298607826232910e-01
-7.761741280555725098e-01
7.112680077552795410e-01
-1.005147770047187805e-01
9.863116741180419922e-01
9.266133308410644531e-01
-8.832202553749084473e-01
6.838181614875793457e-01
8.787860274314880371e-01
-6.310963630676269531e-01
8.388134837150573730e-01
-3.099777363240718842e-02
-9.332746863365173340e-01
6.345444321632385254e-01
9.888026714324951172e-01
-1.196599081158638000e-01
7.718123197555541992e-01
2.707587480545043945e-01
2.152220904827117920e-01
-4.553168714046478271e-01
6.482897400856018066e-01
-7.388690114021301270e-02
5.389223694801330566e-01
-2.220245748758316040e-01
6.738873124122619629e-01
-1.602878868579864502e-01
-1.744050532579421997e-01
-1.779970340430736542e-02
-3.960201442241668701e-01
9.860797524452209473e-01
8.218485713005065918e-01
7.554539442062377930e-01
-7.156457901000976562e-01
7.647475004196166992e-01
1.911175698041915894e-01
7.977929115295410156e-01
8.044852018356323242e-01
-8.326525092124938965e-01
-7.458989620208740234e-01
7.391190528869628906e-01
-6.871904730796813965e-01
9.770525097846984863e-01
-3.461646288633346558e-02
-3.710457980632781982e-01
9.562251567840576172e-01
5.055691003799438477e-01
7.379208803176879883e-01
7.016224861145019531e-01
5.844531059265136719e-01
6.358147412538528442e-02
-4.742533564567565918e-01
8.063067197799682617e-01
-3.473684191703796387e-01
2.504265904426574707e-01
-7.571386098861694336e-01
-2.394149303436279297e-01
6.596467494964599609e-01
4.720155000686645508e-01
7.077828645706176758e-01
-7.456957101821899414e-01
9.930514097213745117e-01
1.742347031831741333e-01
-3.834547102451324463e-01
8.971190452575683594e-01
6.667491197586059570e-01
9.655890986323356628e-03
2.201483845710754395e-01
-2.483679503202438354e-01
9.592525959014892578e-01
-1.503284275531768799e-01
3.418342471122741699e-01
8.692364692687988281e-01
-1.532369107007980347e-02
2.521037459373474121e-01
-2.837848365306854248e-01
-3.874889016151428223e-01
-4.653721153736114502e-01
9.379832148551940918e-01
9.227641224861145020e-01
-4.834769964218139648e-01
6.835844516754150391e-01
8.557234406471252441e-01
-2.926009595394134521e-01
4.918671548366546631e-01
-6.350698322057723999e-02
9.727366566658020020e-01
-9.724971055984497070e-01
2.182534933090209961e-01
6.616478562355041504e-01
2.808226048946380615e-01
9.305121302604675293e-01
-8.961484432220458984e-01
-3.952520340681076050e-02
3.671570420265197754e-01
9.054216742515563965e-01
-5.425741076469421387e-01
5.957038998603820801e-01
6.238946318626403809e-01
-6.156857609748840332e-01
-2.675300538539886475e-01
9.697260260581970215e-01
8.998259902000427246e-01
-8.382196426391601562e-01
9.862533807754516602e-01
6.514179110527038574e-01
6.228667497634887695e-01
9.731154441833496094e-01
-3.678564727306365967e-01
3.641612827777862549e-01
-9.262931942939758301e-01
8.144109845161437988e-01
-6.844045519828796387e-01
-6.571662425994873047e-01
8.968980312347412109e-01
1.685222089290618896e-01
7.135100364685058594e-01
-9.740777015686035156e-01
9.731146097183227539e-01
-7.350437641143798828e-01
9.610483050346374512e-01
-2.002002745866775513e-01
9.978387951850891113e-01
9.578152894973754883e-01
-7.508004307746887207e-01
9.455129504203796387e-01
-4.698547124862670898e-01
9.915306568145751953e-01
9.120295047760009766e-01
-9.309793710708618164e-01
5.190964341163635254e-01
3.685917556285858154e-01
7.525754570960998535e-01
2.540199160575866699e-01
4.670713469386100769e-02
5.791191458702087402e-01
-6.778470873832702637e-01
7.775815725326538086e-01
-8.630952239036560059e-01
9.282519817352294922e-01
-4.044793546199798584e-01
8.979054689407348633e-01
-2.802590727806091309e-01
7.598116993904113770e-01
-9.196235537528991699e-01
5.407220721244812012e-01
9.289228916168212891e-01
-2.384471446275711060e-01
6.433646082878112793e-01
-7.457722425460815430e-01
9.224203824996948242e-01
6.145486235618591309e-01
-9.325821697711944580e-02
1.141137033700942993e-01
8.216466903686523438e-01
5.682565569877624512e-01
2.492472082376480103e-01
-7.419649958610534668e-01
4.402419626712799072e-01
-2.567107081413269043e-01
2.094332575798034668e-01
8.888261914253234863e-01
-5.042637586593627930e-01
3.003462851047515869e-01
-2.714824676513671875e-01
5.455111265182495117e-01
-4.925481975078582764e-02
-6.592639535665512085e-02
8.479806184768676758e-01
8.663603067398071289e-01
7.012627124786376953e-01
5.477112531661987305e-02
-7.306917309761047363e-01
9.296510815620422363e-01
3.667337894439697266e-01
-5.964218378067016602e-01
6.405335068702697754e-01
-6.832280755043029785e-01
7.063447833061218262e-01
7.651055455207824707e-01
-8.515413999557495117e-01
3.440118432044982910e-01
9.852226376533508301e-01
6.089698672294616699e-01
6.086653470993041992e-01
-9.156725406646728516e-01
8.521522283554077148e-01
9.559635519981384277e-01
-9.527755379676818848e-01
1.951646357774734497e-01
8.992828130722045898e-01
-1.519838869571685791e-01
8.249914050102233887e-01
-6.131500601768493652e-01
8.368430137634277344e-01
-7.044614553451538086e-01
5.460073351860046387e-01
2.625274956226348877e-01
2.273164130747318268e-02
7.915126681327819824e-01
5.698470473289489746e-01
-9.147635102272033691e-01
2.281824350357055664e-01
8.394452333450317383e-01
1.563129574060440063e-01
-2.828975319862365723e-01
8.882286399602890015e-02
8.732865452766418457e-01
-2.327604442834854126e-01
8.364816308021545410e-01
-2.273034602403640747e-01
8.357946276664733887e-01
2.154003977775573730e-01
-4.345453679561614990e-01
-7.121306061744689941e-01
5.581768751144409180e-01
9.424130320549011230e-01
-1.400416791439056396e-01
6.665638089179992676e-01
-5.012860298156738281e-01
5.894573330879211426e-01
6.608865857124328613e-01
5.593014955520629883e-01
6.806636452674865723e-01
4.434213340282440186e-01
9.713349491357803345e-02
-1.946461349725723267e-01
-9.415678977966308594e-01
9.823351502418518066e-01
8.318696022033691406e-01
-8.469644188880920410e-01
4.852168858051300049e-01
-5.141140520572662354e-02
9.503329396247863770e-01
-2.112148702144622803e-01
-5.385721921920776367e-01
7.987730503082275391e-01
8.470383286476135254e-01
2.650688961148262024e-02
-7.315697669982910156e-01
5.295397043228149414e-01
-3.093069493770599365e-01
9.375557899475097656e-01
9.194436669349670410e-01
-7.080297470092773438e-01
9.497946500778198242e-01
1.739563643932342529e-01
-1.694819331169128418e-01
9.599834084510803223e-01
-2.583949565887451172e-01
9.165415763854980469e-01
-9.508922696113586426e-01
8.161507844924926758e-01
9.009177088737487793e-01
6.541531682014465332e-01
-4.708545506000518799e-01
-9.057500362396240234e-01
-5.325103402137756348e-01
9.804673790931701660e-01
6.750609278678894043e-01
2.789340317249298096e-01
-5.239897370338439941e-01
5.354309678077697754e-01
9.835777282714843750e-01
3.019322454929351807e-02
9.768512248992919922e-01
-9.313744306564331055e-01
1.896257698535919189e-01
9.176958203315734863e-01
5.226454138755798340e-01
4.691903293132781982e-01
-7.100809812545776367e-01
3.032816350460052490e-01
4.188344776630401611e-01
-5.798096060752868652e-01
8.168098926544189453e-01
4.356932044029235840e-01
-4.700215458869934082e-01
8.059933781623840332e-01
-3.076472580432891846e-01
7.864866256713867188e-01
-6.582480669021606445e-01
9.834514260292053223e-01
-9.033881425857543945e-01
9.712774157524108887e-01
5.699855089187622070e-01
8.493173122406005859e-01
-2.989518642425537109e-01
5.447586178779602051e-01
2.850076854228973389e-01
-7.529960274696350098e-01
3.232659995555877686e-01
8.051662445068359375e-01
-5.052775144577026367e-01
8.687112927436828613e-01
-2.991495728492736816e-01
6.886230111122131348e-01
-5.595533847808837891e-01
8.145903348922729492e-01
7.082327008247375488e-01
-8.307154178619384766e-01
9.786841869354248047e-01
-9.548292756080627441e-01
8.886199593544006348e-01
3.825356066226959229e-01
9.453906416893005371e-01
4.801643788814544678e-01
-7.800245881080627441e-01
9.960420727729797363e-01
3.375049233436584473e-01
-7.912322878837585449e-01
8.678138852119445801e-01
-9.716270565986633301e-01
-5.167728662490844727e-02
9.109019637107849121e-01
8.295816183090209961e-01
3.837215304374694824e-01
5.795976519584655762e-01
2.647250592708587646e-01
-1.687888801097869873e-01
7.475084662437438965e-01
2.707535624504089355e-01
-8.222663402557373047e-01
1.816986012272536755e-03
4.303830564022064209e-01
-4.691795706748962402e-01
2.772494554519653320e-01
9.428282380104064941e-01
8.452811837196350098e-01
4.891375005245208740e-01
-6.952078342437744141e-01
3.126403689384460449e-01
7.063475847244262695e-01
-5.622901916503906250e-01
6.668598651885986328e-01
4.527405798435211182e-01
-8.070846796035766602e-01
-3.212378919124603271e-01
9.726169705390930176e-01
-6.387114524841308594e-01
6.766381263732910156e-01
3.037083745002746582e-01
8.852006196975708008e-01
7.587388753890991211e-01
4.882974550127983093e-02
6.179996728897094727e-01
-4.147846698760986328e-01
7.892478108406066895e-01
-1.135646179318428040e-02
-6.611236929893493652e-01
9.738550782203674316e-01
-9.457054734230041504e-01
9.941667914390563965e-01
-9.084309339523315430e-01
-7.308829426765441895e-01
7.265431284904479980e-01
9.946597814559936523e-01
9.911151528358459473e-01
-9.701610803604125977e-01
9.449357390403747559e-01
7.809461951255798340e-01
8.960641026496887207e-01
5.613335371017456055e-01
-7.415112107992172241e-02
3.383527994155883789e-01
6.616770625114440918e-01
8.580086287111043930e-04
2.668924033641815186e-01
-8.105394244194030762e-01
4.986161887645721436e-01
-3.200312554836273193e-01
2.918941974639892578e-01
3.393059074878692627e-01
-8.179785609245300293e-01
8.283564448356628418e-01
7.675268501043319702e-02
-6.434080600738525391e-01
9.410588145256042480e-01
3.756374120712280273e-01
8.663386702537536621e-01
1.338930428028106689e-01
9.059855937957763672e-01
-6.382341980934143066e-01
8.358756303787231445e-01
-6.117989420890808105e-01
7.876262664794921875e-01
-7.430296540260314941e-01
7.092841863632202148e-01
-4.561512172222137451e-01
7.595388293266296387e-01
6.693128347396850586e-01
7.202484011650085449e-01
-8.740252852439880371e-01
8.129701018333435059e-01
9.507210850715637207e-01
-6.059366464614868164e-01
2.777668237686157227e-01
2.189939320087432861e-01
5.090919137001037598e-02
3.727058172225952148e-01
-6.323410272598266602e-01
8.934744000434875488e-01
9.091764688491821289e-01
4.505167305469512939e-01
-9.311378002166748047e-01
3.745128214359283447e-01
-4.668038487434387207e-01
5.652693510055541992e-01
7.509891986846923828e-01
7.918019294738769531e-01
-9.283820390701293945e-01
9.284046888351440430e-01
-1.271871924400329590e-01
9.276360273361206055e-01
-5.758948922157287598e-01
-5.618243813514709473e-01
9.085514545440673828e-01
8.303481936454772949e-01
9.547467827796936035e-01
-9.551841020584106445e-01
9.849957823753356934e-01
-8.857927918434143066e-01
-1.192394047975540161e-01
8.023035526275634766e-01
6.914725899696350098e-01
-2.771491110324859619e-01
8.606745600700378418e-01
3.530169725418090820e-01
-9.432882070541381836e-01
9.083721041679382324e-01
8.714469075202941895e-01
-1.113752573728561401e-01
1.634922623634338379e-01
4.239902496337890625e-01
-3.561826050281524658e-01
7.450550198554992676e-01
-9.509913921356201172e-01
9.955200552940368652e-01
9.190129041671752930e-01
2.673666775226593018e-01
-9.585565924644470215e-01
7.921845316886901855e-01
2.668486237525939941e-01
4.181157425045967102e-02
5.815668106079101562e-01
9.380669593811035156e-01
-6.443290114402770996e-01
-2.188230752944946289e-01
5.401749014854431152e-01
7.012422084808349609e-01
-7.204981446266174316e-01
3.875696063041687012e-01
-4.994521439075469971e-01
8.684659749269485474e-02
9.851763248443603516e-01
9.485934972763061523e-01
5.691882371902465820e-01
9.133182764053344727e-01
-6.961435675621032715e-01
3.924026191234588623e-01
-3.621287047863006592e-01
1.778704375028610229e-01
-3.313051760196685791e-01
9.469637870788574219e-01
-7.198307514190673828e-01
9.524545669555664062e-01
-9.767496585845947266e-01
8.979701399803161621e-01
9.030445218086242676e-01
2.584781050682067871e-01
2.060958296060562134e-01
-1.055061966180801392e-01
9.329061508178710938e-01
-7.993952035903930664e-01
7.730415463447570801e-01
-2.849870324134826660e-01
9.310652017593383789e-01
3.326855599880218506e-01
-1.732561588287353516e-01
3.908067047595977783e-01
3.426774442195892334e-01
1.800180375576019287e-01
9.953354299068450928e-02
4.972629249095916748e-01
-1.453311145305633545e-01
5.311030745506286621e-01
-6.944358944892883301e-01
9.876049757003784180e-01
7.723257541656494141e-01
2.174010872840881348e-01
-3.896802365779876709e-01
-1.553314924240112305e-01
2.606270313262939453e-01
4.766995906829833984e-01
9.349789619445800781e-01
-7.587471008300781250e-01
4.446112811565399170e-01
1.041735112667083740e-01
-1.854666769504547119e-01
2.162381634116172791e-02
8.210302889347076416e-02
7.423282265663146973e-01
4.840508997440338135e-01
5.565857514739036560e-02
2.088505774736404419e-01
8.506602644920349121e-01
3.990988433361053467e-01
-9.090080261230468750e-01
9.000309705734252930e-01
-9.219231456518173218e-02
7.491049766540527344e-01
1.366807520389556885e-01
8.870224952697753906e-01
-7.702450156211853027e-01
6.436667442321777344e-01
8.441016077995300293e-01
-7.323434352874755859e-01
-7.571058273315429688e-01
9.240446090698242188e-01
9.110338091850280762e-01
-6.416804790496826172e-01
7.997849583625793457e-01
-7.736228108406066895e-01
9.633856415748596191e-01
8.572975397109985352e-01
-4.829803407192230225e-01
8.544381260871887207e-01
-6.530054807662963867e-01
9.265748858451843262e-01
1.618944108486175537e-01
1.794529408216476440e-01
-1.818805001676082611e-02
-1.401525884866714478e-01
8.047844171524047852e-01
-2.667573392391204834e-01
9.833124876022338867e-01
-9.282354116439819336e-01
9.417250156402587891e-01
-1.080530509352684021e-02
6.026582717895507812e-01
1.937663853168487549e-01
5.867106914520263672e-01
-6.646326780319213867e-01
7.890290021896362305e-01
5.492438077926635742e-01
-4.198743104934692383e-01
8.602803945541381836e-01
-1.856569945812225342e-01
2.109301090240478516e-01
-4.734379053115844727e-01
8.914517760276794434e-01
2.148189693689346313e-01
6.333997249603271484e-01
4.220950603485107422e-01
-9.666392207145690918e-01
3.316254317760467529e-01
7.994090318679809570e-01
-6.991574168205261230e-01
8.755252957344055176e-01
5.646329522132873535e-01
7.506368756294250488e-01
-9.102304577827453613e-01
5.573514699935913086e-01
8.240294456481933594e-02
-9.347197483293712139e-04
5.914537906646728516e-01
2.732803300023078918e-02
9.206122756004333496e-01
-5.284759402275085449e-01
5.655854344367980957e-01
7.493690848350524902e-01
-8.929232954978942871e-01
8.303510956466197968e-03
9.375017881393432617e-01
6.698480248451232910e-01
-8.385776281356811523e-01
1.840169280767440796e-01
9.397891759872436523e-01
-4.660671651363372803e-01
8.029359579086303711e-01
9.239066839218139648e-01
-8.385148644447326660e-01
-2.560415565967559814e-01
9.967849850654602051e-01
3.853904604911804199e-01
8.257467150688171387e-01
-6.989915966987609863e-01
2.040686309337615967e-01
9.788768291473388672e-01
-7.503840327262878418e-01
9.725174307823181152e-01
6.780847907066345215e-01
-2.043986022472381592e-01
6.637143492698669434e-01
1.294076144695281982e-01
5.361109972000122070e-01
-5.243324041366577148e-01
-2.416812069714069366e-02
3.875985741615295410e-01
-1.592391170561313629e-02
6.588021516799926758e-01
4.425476789474487305e-01
-7.316740751266479492e-01
1.985714137554168701e-01
7.839717864990234375e-01
3.271836638450622559e-01
1.034243777394294739e-02
-6.599565744400024414e-01
7.394365668296813965e-01
6.775483489036560059e-01
-7.269096970558166504e-01
8.148050308227539062e-01
8.546131253242492676e-01
-5.255951285362243652e-01
9.527608156204223633e-01
-1.353161931037902832e-01
9.280956983566284180e-01
-8.586781024932861328e-01
8.241834640502929688e-01
9.091071039438247681e-02
8.879767060279846191e-01
-2.518979273736476898e-02
-3.351278305053710938e-01
8.657286167144775391e-01
-9.312131404876708984e-01
3.711830973625183105e-01
9.829810857772827148e-01
7.577389478683471680e-01
-2.860515415668487549e-01
4.819389879703521729e-01
-2.255060374736785889e-01
1.421606540679931641e-01
8.426238894462585449e-01
-5.095598697662353516e-01
-7.384275794029235840e-01
3.128750026226043701e-01
1.512365937232971191e-01
1.972284913063049316e-01
6.388230919837951660e-01
8.065003156661987305e-01
-2.165108919143676758e-01
5.811771750450134277e-01
7.532466053962707520e-01
6.098018884658813477e-01
-9.760717153549194336e-01
7.943100929260253906e-01
3.236122727394104004e-01
9.431242346763610840e-01
-9.643180370330810547e-01
9.591580629348754883e-01
-4.639286696910858154e-01
1.774545460939407349e-01
7.392427921295166016e-01
7.463151216506958008e-01
8.638369292020797729e-02
-6.236925125122070312e-01
7.655031681060791016e-01
-8.660444021224975586e-01
-5.018370151519775391e-01
9.992075562477111816e-01
2.436480522155761719e-01
9.744508266448974609e-01
-7.199718356132507324e-01
9.954586625099182129e-01
1.221358552575111389e-01
-9.338826686143875122e-02
-1.586692780256271362e-01
8.949978947639465332e-01
-7.939024567604064941e-01
6.795526146888732910e-01
9.683158993721008301e-01
9.371922612190246582e-01
-9.422975182533264160e-01
8.917531371116638184e-01
-5.503604412078857422e-01
9.538060426712036133e-01
-5.911314487457275391e-01
8.470689654350280762e-01
9.555433988571166992e-01
-5.545837879180908203e-01
2.686016857624053955e-01
7.873659729957580566e-01
-7.285100221633911133e-01
6.945747137069702148e-01
2.405982166528701782e-01
-3.363406658172607422e-01
3.464680612087249756e-01
9.130201935768127441e-01
-1.584182232618331909e-01
-2.426695972681045532e-01
9.208007454872131348e-01
-7.413435578346252441e-01
7.870146036148071289e-01
3.516896963119506836e-01
7.640054225921630859e-01
-7.721681594848632812e-01
-7.871472239494323730e-01
9.730051755905151367e-01
6.405488401651382446e-02
2.616394758224487305e-01
8.535366058349609375e-01
7.537693381309509277e-01
-7.303739190101623535e-01
6.791811585426330566e-01
-5.187178850173950195e-01
8.457532525062561035e-01
6.035107970237731934e-01
1.724117845296859741e-01
3.802731931209564209e-01
5.448360368609428406e-02
4.029875099658966064e-01
-8.488770127296447754e-01
2.261458486318588257e-01
9.776601791381835938e-01
3.630958199501037598e-01
-5.310943126678466797e-01
-9.111816436052322388e-02
7.978524565696716309e-01
8.317322731018066406e-01
-1.818410307168960571e-01
6.338201165199279785e-01
-6.526392698287963867e-01
8.952735662460327148e-01
-4.410417973995208740e-01
-1.719935238361358643e-01
3.112403750419616699e-01
9.697839021682739258e-01
3.749808669090270996e-01
-6.862986683845520020e-01
9.882081151008605957e-01
7.952131628990173340e-01
-6.030539274215698242e-01
8.238478899002075195e-01
4.926262199878692627e-01
-6.422474384307861328e-01
6.941195130348205566e-01
-9.424003958702087402e-01
9.184934496879577637e-01
1.718816719949245453e-02
8.822974562644958496e-01
-2.842435538768768311e-01
7.155447602272033691e-01
8.547776937484741211e-01
3.227645456790924072e-01
-7.213215827941894531e-01
1.377584338188171387e-01
-8.345086574554443359e-01
9.675927162170410156e-01
8.765636682510375977e-01
-1.183026507496833801e-01
8.493398316204547882e-03
-2.839632928371429443e-01
9.327490329742431641e-01
-3.130075521767139435e-03
1.868774592876434326e-01
6.128265857696533203e-01
5.008390545845031738e-01
-3.194251060485839844e-01
2.432709187269210815e-01
1.774939745664596558e-01
8.144535422325134277e-01
-9.804409146308898926e-01
5.494764819741249084e-02
8.169912695884704590e-01
7.668923735618591309e-01
9.363861083984375000e-01
-9.333173036575317383e-01
6.770564317703247070e-01
7.516387104988098145e-01
6.274374723434448242e-01
-8.665001988410949707e-01
-5.654819607734680176e-01
9.954424500465393066e-01
3.439951837062835693e-01
-9.460330009460449219e-01
8.267528414726257324e-01
-3.458556532859802246e-02
-5.361920595169067383e-01
9.266657233238220215e-01
8.162262439727783203e-01
7.039422392845153809e-01
-6.918827891349792480e-01
9.747244119644165039e-01
9.115377664566040039e-01
-7.840405106544494629e-01
9.827193021774291992e-01
7.313048243522644043e-01
-6.246061325073242188e-01
-2.228972762823104858e-01
7.156056165695190430e-01
2.358022034168243408e-01
-3.186242580413818359e-01
-4.324520826339721680e-01
-5.097244381904602051e-01
8.818823099136352539e-01
2.935601174831390381e-01
3.954926505684852600e-03
6.378775238990783691e-01
8.830514550209045410e-01
4.626977443695068359e-01
3.966689109802246094e-05
8.220872879028320312e-01
-5.993766784667968750e-01
7.587283253669738770e-01
-8.779432773590087891e-01
9.044191837310791016e-01
-4.671972617506980896e-02
9.614892005920410156e-01
9.352915287017822266e-01
-7.958450317382812500e-01
9.212362170219421387e-01
-9.174454212188720703e-01
-3.986020088195800781e-01
8.754990696907043457e-01
4.796674847602844238e-01
-3.056381642818450928e-01
-6.904299259185791016e-01
9.377062916755676270e-01
1.669119745492935181e-01
5.314559340476989746e-01
9.006782174110412598e-01
-3.122000694274902344e-01
6.295044422149658203e-01
5.171697139739990234e-01
6.932834386825561523e-01
-9.341075420379638672e-01
7.111731767654418945e-01
-7.317005395889282227e-01
3.520101308822631836e-01
5.868856310844421387e-01
5.686383843421936035e-01
2.561837732791900635e-01
9.596172571182250977e-01
1.706887409090995789e-02
-9.842211008071899414e-01
-9.261314868927001953e-01
-2.660570442676544189e-01
8.556317687034606934e-01
9.722902774810791016e-01
9.658814668655395508e-01
8.655880689620971680e-01
6.472365260124206543e-01
9.758063554763793945e-01
6.637508869171142578e-01
-4.177506268024444580e-01
9.481127858161926270e-01
-3.912874460220336914e-01
4.717790484428405762e-01
-8.679400682449340820e-01
4.729497134685516357e-01
-6.207953691482543945e-01
6.793516874313354492e-01
9.939610362052917480e-01
2.991329729557037354e-01
7.717357277870178223e-01
4.360648095607757568e-01
1.313078850507736206e-01
2.846201956272125244e-01
4.371288120746612549e-01
-5.885567069053649902e-01
6.776605844497680664e-01
-5.525778532028198242e-01
8.856174945831298828e-01
-5.087334513664245605e-01
9.704788923263549805e-01
6.656295061111450195e-01
-7.373662590980529785e-01
-1.857888400554656982e-01
9.494281411170959473e-01
9.283070564270019531e-01
-6.966903805732727051e-01
2.074260413646697998e-01
-3.627167642116546631e-01
9.937524795532226562e-01
1.272360533475875854e-01
8.583881258964538574e-01
-2.324752807617187500e-01
5.078498125076293945e-01
9.259281307458877563e-02
3.888766840100288391e-02
8.699324131011962891e-01
-7.909384965896606445e-01
8.133823275566101074e-01
1.500949710607528687e-01
8.293926119804382324e-01
-8.708411455154418945e-01
5.476894378662109375e-01
8.639613389968872070e-01
-8.965900540351867676e-01
7.918577790260314941e-01
4.175070524215698242e-01
-1.625899374485015869e-01
-6.078518033027648926e-01
3.618083298206329346e-01
7.017723917961120605e-01
7.240566611289978027e-01
-8.469072580337524414e-01
6.572387814521789551e-01
-1.016633585095405579e-01
9.687069654464721680e-01
8.318727612495422363e-01
-1.055897325277328491e-01
-5.713545680046081543e-01
-4.440400004386901855e-01
9.521884322166442871e-01
8.085014820098876953e-01
2.936359047889709473e-01
1.929496228694915771e-01
-6.341714262962341309e-01
6.800364255905151367e-01
6.652736663818359375e-01
5.953329205513000488e-01
-5.191916227340698242e-01
6.443022489547729492e-01
-9.208955764770507812e-01
7.805740833282470703e-01
2.389642894268035889e-01
7.830141782760620117e-01
4.562765061855316162e-01
-3.105814754962921143e-01
-8.995620906352996826e-02
-2.118082046508789062e-01
5.784190297126770020e-01
4.877157509326934814e-01
4.507580697536468506e-01
-4.835484325885772705e-01
1.373178064823150635e-01
-3.300468027591705322e-01
9.857712388038635254e-01
9.330993294715881348e-01
9.270451217889785767e-02
7.095750570297241211e-01
-6.606209278106689453e-01
9.447560906410217285e-01
1.844456940889358521e-01
1.221352815628051758e-01
-2.478913962841033936e-01
1.108198892325162888e-02
-1.078334823250770569e-01
-2.409012801945209503e-02
5.195995569229125977e-01
6.837463378906250000e-01
3.501858413219451904e-01
-1.761723458766937256e-01
9.412755966186523438e-01
-8.696380853652954102e-01
8.866508007049560547e-01
2.865611612796783447e-01
-3.043010234832763672e-01
1.001410707831382751e-01
7.656996250152587891e-01
3.065724372863769531e-01
4.995307326316833496e-01
2.098848670721054077e-01
4.799782037734985352e-01
2.578114271163940430e-01
-8.387593030929565430e-01
3.458904325962066650e-01
7.378738522529602051e-01
-6.829223036766052246e-01
-2.214079052209854126e-01
5.160832777619361877e-02
9.808059334754943848e-01
8.350226879119873047e-01
1.653230190277099609e-01
3.268742859363555908e-01
7.076064348220825195e-01
-4.381350278854370117e-01
5.478188395500183105e-01
6.243934035301208496e-01
5.638504624366760254e-01
-7.107138037681579590e-01
4.246128201484680176e-01
-2.382118552923202515e-01
6.467898190021514893e-02
9.461578726768493652e-01
-6.200264021754264832e-02
-2.752259373664855957e-01
4.840938150882720947e-01
3.783752620220184326e-01
3.510594964027404785e-01
-6.643714308738708496e-01
9.879898428916931152e-01
-2.600555121898651123e-01
9.419528245925903320e-01
-6.863431334495544434e-01
8.543888926506042480e-01
8.575990796089172363e-01
-6.172372102737426758e-01
-2.132898718118667603e-01
8.514708280563354492e-01
1.171833351254463196e-01
-5.228066444396972656e-01
9.920610189437866211e-01
9.558016061782836914e-01
-8.422557711601257324e-01
9.858288168907165527e-01
6.956240534782409668e-01
-8.419786095619201660e-01
5.858032107353210449e-01
6.014866828918457031e-01
1.323971897363662720e-01
-4.789527952671051025e-01
8.908438682556152344e-01
-8.666869401931762695e-01
7.202032208442687988e-01
4.347566962242126465e-01
-1.461970508098602295e-01
9.875785708427429199e-01
-4.292800128459930420e-01
8.686574101448059082e-01
-3.746721744537353516e-01
9.209942221641540527e-01
-7.867533564567565918e-01
6.771784424781799316e-01
8.561854958534240723e-01
-9.287637472152709961e-01
9.654072523117065430e-01
8.145074248313903809e-01
-7.272756099700927734e-01
9.884495139122009277e-01
6.802849769592285156e-01
-7.858814001083374023e-01
6.506759524345397949e-01
-2.390511184930801392e-01
5.911071896553039551e-01
-7.128812074661254883e-01
3.178458213806152344e-01
4.285007715225219727e-01
4.805383458733558655e-02
9.854727983474731445e-01
2.051096856594085693e-01
-2.050311416387557983e-01
-1.342394761741161346e-02
7.415039539337158203e-01
2.629771083593368530e-02
7.777307033538818359e-01
-2.711540758609771729e-01
-1.152924671769142151e-01
9.463461041450500488e-01
8.502643108367919922e-01
-9.474037885665893555e-01
9.258620142936706543e-01
-5.423161387443542480e-01
-6.814706325531005859e-01
9.296825528144836426e-01
9.684088230133056641e-01
3.005123734474182129e-01
-4.484264850616455078e-01
-5.138812065124511719e-01
9.596096277236938477e-01
8.699632883071899414e-01
4.804393053054809570e-01
3.420235356315970421e-03
-8.080416172742843628e-02
9.502559304237365723e-01
7.180306315422058105e-01
-8.990681767463684082e-01
-2.218196392059326172e-01
9.194663166999816895e-01
-1.691682487726211548e-01
4.274607002735137939e-01
-6.337069272994995117e-01
5.115827322006225586e-01
-3.091020584106445312e-01
8.988345861434936523e-01
8.861304521560668945e-01
-2.383252233266830444e-01
9.100855588912963867e-01
-3.302615284919738770e-01
-6.841945052146911621e-01
9.588521718978881836e-01
-2.087990194559097290e-01
9.849708676338195801e-01
-7.366770505905151367e-01
9.143478870391845703e-01
8.497896194458007812e-01
-2.034969925880432129e-01
-4.169173911213874817e-02
9.271067380905151367e-01
-4.168500602245330811e-01
4.374403357505798340e-01
-8.228067755699157715e-01
5.209029316902160645e-01
8.792179822921752930e-01
5.227325558662414551e-01
8.855398297309875488e-01
-8.952039480209350586e-01
-8.509906940162181854e-03
6.255059838294982910e-01
-8.743299245834350586e-01
4.183990359306335449e-01
9.624129533767700195e-01
9.142005443572998047e-01
-8.655501008033752441e-01
8.897676467895507812e-01
-2.818040736019611359e-02
8.025030493736267090e-01
-4.861619770526885986e-01
7.415284216403961182e-02
8.191747665405273438e-01
-1.745916604995727539e-01
9.715521931648254395e-01
-6.023088693618774414e-01
8.014547228813171387e-01
1.914451420307159424e-01
4.535031318664550781e-01
7.687940448522567749e-02
1.844090223312377930e-01
1.152217015624046326e-02
-4.519167542457580566e-02
-7.206516712903976440e-02
7.915098667144775391e-01
8.188312053680419922e-01
-7.553279995918273926e-01
8.742454648017883301e-01
-9.624573588371276855e-01
8.593137264251708984e-01
-1.092959493398666382e-01
9.143990278244018555e-01
-1.566105931997299194e-01
8.606243729591369629e-01
-2.165355235338211060e-01
7.120684981346130371e-01
-6.957108974456787109e-01
-4.279002845287322998e-01
9.603722691535949707e-01
-1.699863523244857788e-01
5.771668553352355957e-01
9.758688807487487793e-01
-4.384784400463104248e-01
9.391847252845764160e-01
1.960415244102478027e-01
2.918495833873748779e-01
-9.669051170349121094e-01
9.103878736495971680e-01
9.028529524803161621e-01
1.957776099443435669e-01
1.766009256243705750e-02
-6.473762989044189453e-01
5.489230155944824219e-01
4.019838273525238037e-01
-9.297758340835571289e-02
9.287614822387695312e-01
4.520594477653503418e-01
-1.315261609852313995e-02
-1.088324710726737976e-01
9.527786970138549805e-01
-2.906130254268646240e-01
7.399646043777465820e-01
-7.711274623870849609e-01
4.313330352306365967e-01
6.870428919792175293e-01
-7.469217181205749512e-01
5.137011408805847168e-01
3.233341872692108154e-01
4.498154819011688232e-01
-5.927315950393676758e-01
7.992479205131530762e-01
9.470759630203247070e-01
-6.762112975120544434e-01
8.159937262535095215e-01
-7.566036581993103027e-01
9.785478115081787109e-01
9.912307858467102051e-01
-9.748536944389343262e-01
9.571339488029479980e-01
-8.588691353797912598e-01
7.469723820686340332e-01
8.113261461257934570e-01
5.378368496894836426e-01
-8.648214936256408691e-01
9.891698360443115234e-01
-7.861645221710205078e-01
9.284425377845764160e-01
9.322419166564941406e-01
-1.486875563859939575e-01
-7.784515023231506348e-01
8.534523248672485352e-01
9.499070048332214355e-01
-8.376083970069885254e-01
9.702904224395751953e-01
-8.402394056320190430e-01
9.792867898941040039e-01
9.166045188903808594e-01
-8.516303896903991699e-01
9.284041523933410645e-01
7.880412936210632324e-01
-8.616251945495605469e-01
7.527204155921936035e-01
8.435046672821044922e-01
8.507686257362365723e-01
-9.712975025177001953e-01
-4.521681964397430420e-01
-5.181779265403747559e-01
1.014258041977882385e-01
-6.939188241958618164e-01
7.860277295112609863e-01
9.994936585426330566e-01
6.981354355812072754e-01
-2.551647722721099854e-01
9.887357950210571289e-01
8.633530139923095703e-01
6.458842754364013672e-01
-7.601538300514221191e-01
9.572876691818237305e-01
-8.294275403022766113e-02
-2.152512520551681519e-01
8.850469589233398438e-01
-9.051233530044555664e-01
1.728537380695343018e-01
8.857077956199645996e-01
5.714026689529418945e-01
4.172204732894897461e-01
-5.802969932556152344e-01
9.050858020782470703e-01
-2.312868982553482056e-01
6.564801931381225586e-02
-3.818734288215637207e-01
9.247735738754272461e-01
-2.986198961734771729e-01
3.191457092761993408e-01
2.753744423389434814e-01
6.736513972282409668e-01
-5.184512957930564880e-02
-5.905351042747497559e-01
9.654206633567810059e-01
9.154645353555679321e-02
-7.330939173698425293e-02
8.620440363883972168e-01
5.895073413848876953e-01
-6.739841103553771973e-01
9.928860664367675781e-01
2.792225778102874756e-01
-1.860590875148773193e-01
8.721583336591720581e-02
7.443922758102416992e-01
-4.868987202644348145e-01
9.628292918205261230e-01
6.975893378257751465e-01
3.669061362743377686e-01
-9.787096977233886719e-01
8.945857286453247070e-01
3.711472749710083008e-01
-4.125490486621856689e-01
-4.150486290454864502e-01
-1.626519709825515747e-01
7.248602509498596191e-01
1.337358504533767700e-01
6.885280013084411621e-01
7.398293614387512207e-01
9.363926053047180176e-01
-7.579928636550903320e-01
9.528586864471435547e-01
-9.670162200927734375e-01
7.632110118865966797e-01
-7.502332329750061035e-01
9.696698188781738281e-01
7.955929636955261230e-01
-2.592888474464416504e-01
9.294480085372924805e-01
-4.196518361568450928e-01
-8.312457799911499023e-02
8.866710662841796875e-01
-8.769257664680480957e-01
8.711995184421539307e-02
9.705822467803955078e-01
3.000076413154602051e-01
6.432829499244689941e-01
8.043460845947265625e-01
-8.796910643577575684e-01
9.463252425193786621e-01
-8.753279447555541992e-01
7.878456711769104004e-01
9.544832110404968262e-01
-6.903415173292160034e-02
-1.506000757217407227e-01
-4.170891344547271729e-01
9.104542136192321777e-01
-1.804468780755996704e-02
3.724701404571533203e-01
-6.429857015609741211e-01
8.228429555892944336e-01
8.945001959800720215e-01
9.941945225000381470e-02
-7.771242856979370117e-01
-4.709771275520324707e-01
9.488216042518615723e-01
9.725444316864013672e-01
9.720534682273864746e-01
-8.755444288253784180e-01
6.623566150665283203e-01
-9.139140844345092773e-01
9.684207439422607422e-01
9.198065400123596191e-01
2.396742254495620728e-01
-9.012804031372070312e-01
9.802100062370300293e-01
9.494507908821105957e-01
-5.978175997734069824e-01
1.266531646251678467e-01
5.987002849578857422e-01
6.797540783882141113e-01
-8.419091105461120605e-01
6.899652481079101562e-01
5.236470699310302734e-01
-7.703090906143188477e-01
8.673420548439025879e-02
9.374099373817443848e-01
4.419000148773193359e-01
-5.127959847450256348e-01
7.971568703651428223e-01
8.287861943244934082e-01
-9.103633165359497070e-01
3.364585041999816895e-01
7.895011901855468750e-01
4.102093577384948730e-01
-8.285650610923767090e-01
6.215919852256774902e-01
6.973795294761657715e-01
-2.043595016002655029e-01
8.963350057601928711e-01
7.068642377853393555e-01
-9.520164728164672852e-01
3.764516413211822510e-01
-6.299813836812973022e-02
9.684260487556457520e-01
9.083123803138732910e-01
-9.764560461044311523e-01
-4.313440024852752686e-01
1.493293344974517822e-01
4.663956761360168457e-01
9.378226995468139648e-01
-9.647416472434997559e-01
7.479516267776489258e-01
3.836430013179779053e-01
8.061802983283996582e-01
-9.002491831779479980e-01
9.842965006828308105e-01
1.923418194055557251e-01
9.858759045600891113e-01
-8.342348337173461914e-01
9.359657168388366699e-01
-1.823946833610534668e-01
8.313989043235778809e-01
-3.348229825496673584e-01
9.111271500587463379e-01
-4.745897650718688965e-01
3.128929138183593750e-01
3.784414529800415039e-01
-6.437941193580627441e-01
9.837757349014282227e-01
-9.114658236503601074e-01
8.981525301933288574e-01
3.370145857334136963e-01
7.271852493286132812e-01
-5.952923297882080078e-01
9.790534377098083496e-01
9.372520446777343750e-01
-8.336521387100219727e-01
6.773855686187744141e-01
9.738600254058837891e-01
-6.711562871932983398e-01
9.771960973739624023e-01
-9.412360787391662598e-01
6.446241140365600586e-01
-4.346599280834197998e-01
5.391795039176940918e-01
7.162730097770690918e-01
-4.270484745502471924e-01
-3.491602241992950439e-01
5.224342346191406250e-01
8.647148609161376953e-01
8.818312287330627441e-01
-9.328718781471252441e-01
2.630205750465393066e-01
9.225382804870605469e-01
3.355172276496887207e-01
5.575269460678100586e-01
-9.087986350059509277e-01
5.147992968559265137e-01
6.084880828857421875e-01
-9.042136669158935547e-01
9.987583756446838379e-01
6.934044361114501953e-01
9.822900295257568359e-01
-9.766576886177062988e-01
-5.233795046806335449e-01
8.813123106956481934e-01
-6.844669580459594727e-01
7.427957057952880859e-01
9.296861886978149414e-01
6.489548087120056152e-01
-9.878758192062377930e-01
8.820562362670898438e-01
-3.632492125034332275e-01
9.668908715248107910e-01
7.348096966743469238e-01
2.413608692586421967e-02
1.733132898807525635e-01
-8.099629729986190796e-02
5.801966786384582520e-01
-9.378430247306823730e-01
8.792907595634460449e-01
-8.250930309295654297e-01
7.414156794548034668e-01
9.464435577392578125e-01
8.282913565635681152e-01
-7.306086421012878418e-01
8.218888044357299805e-01
6.058612838387489319e-02
5.419609546661376953e-01
-8.248150944709777832e-01
9.432619214057922363e-01
9.056354165077209473e-01
-7.412316799163818359e-01
6.884173154830932617e-01
-9.393910765647888184e-01
5.025781989097595215e-01
6.612097024917602539e-01
8.631380796432495117e-01
7.302927374839782715e-01
2.874995470046997070e-01
-9.439077377319335938e-01
2.898969352245330811e-01
-7.496017813682556152e-01
8.459887504577636719e-01
7.191591262817382812e-01
-8.045423626899719238e-01
2.471188455820083618e-01
1.799239367246627808e-01
3.633683323860168457e-01
7.707585692405700684e-01
8.485600352287292480e-01
8.343740105628967285e-01
-7.750459313392639160e-01
8.469632267951965332e-01
2.415557652711868286e-01
-9.678661078214645386e-02
8.774374127388000488e-01
5.523328185081481934e-01
-9.584687352180480957e-01
-3.403070271015167236e-01
8.344384431838989258e-01
7.902936935424804688e-01
-7.205792665481567383e-01
4.554799497127532959e-01
-4.453160166740417480e-01
3.082752525806427002e-01
3.546731770038604736e-01
6.359262466430664062e-01
6.160092353820800781e-01
2.374638020992279053e-01
5.137599706649780273e-01
-4.376943111419677734e-01
5.405396819114685059e-01
3.569076061248779297e-01
-2.158991098403930664e-01
1.996368318796157837e-01
8.160607814788818359e-01
-8.562241792678833008e-01
9.049897789955139160e-01
4.942279160022735596e-01
5.493478104472160339e-02
7.883908152580261230e-01
-9.759235978126525879e-01
4.274984300136566162e-01
7.103894948959350586e-01
-9.421673417091369629e-01
5.336443707346916199e-02
9.205733537673950195e-01
-5.395100712776184082e-01
9.732231497764587402e-01
3.312405049800872803e-01
9.533247947692871094e-01
-6.708716154098510742e-01
8.961671590805053711e-01
9.131992459297180176e-01
-6.334667205810546875e-01
9.020824432373046875e-01
-1.321200579404830933e-01
6.066315248608589172e-02
1.333658304065465927e-02
9.495962262153625488e-01
-6.578204035758972168e-01
9.576877355575561523e-01
-3.071076869964599609e-01
3.073600120842456818e-02
6.344621181488037109e-01
-8.518207073211669922e-01
2.355568856000900269e-02
9.799141883850097656e-01
9.198923707008361816e-01
4.481458961963653564e-01
-9.740291237831115723e-01
4.459437429904937744e-01
6.948341727256774902e-01
3.503475189208984375e-01
1.606792062520980835e-01
6.850923299789428711e-01
-6.505460739135742188e-01
2.504834532737731934e-01
8.989376425743103027e-01
6.194866895675659180e-01
-3.542636334896087646e-01
7.523663640022277832e-01
-5.367490053176879883e-01
3.123063743114471436e-01
1.093248650431632996e-01
3.354979455471038818e-01
3.138322234153747559e-01
-1.241793558001518250e-01
-1.602496020495891571e-02
-7.983920574188232422e-01
9.513843059539794922e-01
9.871921539306640625e-01
7.570781111717224121e-01
-5.819828510284423828e-01
7.964175939559936523e-01
-9.307000041007995605e-01
4.200017750263214111e-01
9.837756156921386719e-01
9.844613671302795410e-01
-9.329186677932739258e-01
6.459499597549438477e-01
-1.015106495469808578e-02
9.811533242464065552e-02
8.763594031333923340e-01
-4.565895199775695801e-01
7.906908392906188965e-01
-2.700076699256896973e-01
2.555434405803680420e-01
-2.266572117805480957e-01
7.389863729476928711e-01
-3.986956179141998291e-02
3.274557590484619141e-01
9.743405580520629883e-01
-5.730856060981750488e-01
3.510522246360778809e-01
6.924991011619567871e-01
7.152449339628219604e-02
5.135943889617919922e-01
-5.051273107528686523e-01
5.851064920425415039e-01
8.332158923149108887e-01
-3.909284472465515137e-01
-3.217235505580902100e-01
4.302358627319335938e-01
9.237409830093383789e-01
8.313848823308944702e-02
-8.497039675712585449e-01
9.627370238304138184e-01
-1.300650462508201599e-02
6.711993813514709473e-01
7.616189122200012207e-01
-3.070803284645080566e-01
-5.827506184577941895e-01
8.653969764709472656e-01
7.848411798477172852e-01
-8.521690368652343750e-01
3.677059113979339600e-01
5.691715478897094727e-01
-9.522272348403930664e-01
9.233912825584411621e-01
7.761236429214477539e-01
3.213223814964294434e-01
-8.294275999069213867e-01
9.827664494514465332e-01
2.042794078588485718e-01
9.518584012985229492e-01
-6.267960667610168457e-01
7.197177410125732422e-01
-4.847776293754577637e-01
9.816521406173706055e-01
2.033767998218536377e-01
8.891619443893432617e-01
-2.076876163482666016e-01
-4.041604101657867432e-01
8.043131828308105469e-01
7.994541525840759277e-01
-9.156098365783691406e-01
1.412643492221832275e-01
2.912104427814483643e-01
5.436214804649353027e-01
-8.965876102447509766e-01
-2.672067880630493164e-01
9.946346879005432129e-01
-3.708182275295257568e-01
9.833859801292419434e-01
-1.064538955688476562e-04
9.893519282341003418e-01
8.919782042503356934e-01
1.005920097231864929e-01
7.181529402732849121e-01
-9.037166237831115723e-01
-3.939591646194458008e-01
9.802011251449584961e-01
-4.305066764354705811e-01
2.049043476581573486e-01
8.198038339614868164e-01
8.860799074172973633e-01
-7.069616913795471191e-01
6.394411921501159668e-01
-3.285226523876190186e-01
6.809012293815612793e-01
5.572074055671691895e-01
-9.880867600440979004e-01
9.286513924598693848e-01
9.627728462219238281e-01
9.435382485389709473e-01
-9.691109061241149902e-01
-3.200117647647857666e-01
-6.081448793411254883e-01
9.150481820106506348e-01
9.914855957031250000e-01
6.992027759552001953e-01
4.193747416138648987e-02
6.235195323824882507e-02
1.096919849514961243e-01
-9.685282707214355469e-01
-4.757077395915985107e-01
9.406192898750305176e-01
9.805671572685241699e-01
8.580818176269531250e-01
3.769246935844421387e-01
-9.540151953697204590e-01
7.667377591133117676e-01
4.917121827602386475e-01
8.431359529495239258e-01
-4.663503542542457581e-02
1.293534506112337112e-02
9.671312570571899414e-01
-9.446632862091064453e-01
7.744300365447998047e-01
-3.665332198143005371e-01
3.675942122936248779e-01
-4.721562564373016357e-02
4.679999649524688721e-01
-6.832485198974609375e-01
9.938095808029174805e-01
-9.292990565299987793e-01
9.684194922447204590e-01
3.342728912830352783e-01
6.029484868049621582e-01
8.237397074699401855e-01
-1.150215342640876770e-01
-1.233381256461143494e-01
9.039420485496520996e-01
-3.440066277980804443e-01
9.097421169281005859e-01
-9.855844974517822266e-01
2.894237935543060303e-01
2.019802778959274292e-01
4.499590024352073669e-02
8.972556591033935547e-01
7.479115724563598633e-01
-9.115851521492004395e-01
8.674331903457641602e-01
9.692752957344055176e-01
-2.521811127662658691e-01
1.627384573221206665e-01
2.607001662254333496e-01
8.344050049781799316e-01
-9.880218505859375000e-01
4.524128735065460205e-01
7.988482713699340820e-01
-5.430207848548889160e-01
3.909241557121276855e-01
5.525253340601921082e-02
8.287622928619384766e-01
-9.424243569374084473e-01
9.256008863449096680e-01
9.832350611686706543e-01
6.864290833473205566e-01
-9.312467575073242188e-01
9.665452837944030762e-01
-8.732584118843078613e-01
2.774434983730316162e-01
9.610179066658020020e-01
7.507830858230590820e-01
9.602695107460021973e-01
