-4.122441112995147705e-01
2.079742252826690674e-01
5.431132912635803223e-01
7.641861438751220703e-01
9.131564199924468994e-02
-7.030821442604064941e-01
9.622998237609863281e-01
3.296235799789428711e-01
4.232245385646820068e-01
6.879735589027404785e-01
-8.052293956279754639e-02
6.036494970321655273e-01
9.844766855239868164e-01
-5.585262179374694824e-01
1.777524650096893311e-01
2.755179107189178467e-01
3.356235921382904053e-01
5.414323881268501282e-02
-7.610685825347900391e-01
6.065016388893127441e-01
9.817332029342651367e-01
-9.470698833465576172e-01
-1.100614592432975769e-01
-8.111042380332946777e-01
2.607419788837432861e-01
-5.968665480613708496e-01
-4.444364607334136963e-01
-6.599006056785583496e-01
3.139588534832000732e-01
-4.756851792335510254e-01
-3.772094547748565674e-01
2.309351861476898193e-01
-8.680601716041564941e-01
9.069682955741882324e-01
-1.969571113586425781e-01
-5.928830504417419434e-01
-3.239425718784332275e-01
9.373570084571838379e-01
-1.627992540597915649e-01
6.965411454439163208e-02
-1.105967983603477478e-01
6.438308954238891602e-01
-2.783827781677246094e-01
3.800070583820343018e-01
8.836218118667602539e-01
-5.689483880996704102e-01
-8.354971557855606079e-02
8.677665144205093384e-02
-9.909419417381286621e-01
-6.192767024040222168e-01
1.934638470411300659e-01
-9.496650695800781250e-01
-5.482679605484008789e-01
-9.025880098342895508e-01
-4.627401754260063171e-02
-5.905473828315734863e-01
4.909497201442718506e-01
9.568964689970016479e-02
-4.225441515445709229e-01
8.657620549201965332e-01
-8.881396800279617310e-02
-7.385024428367614746e-01
-4.723520576953887939e-01
3.962241485714912415e-02
4.171299561858177185e-02
-8.812713027000427246e-01
2.299514710903167725e-01
9.740395545959472656e-01
1.640719771385192871e-01
-2.010703273117542267e-02
-9.789561033248901367e-01
-7.601161599159240723e-01
-9.422073960304260254e-01
5.694516897201538086e-01
-9.406797289848327637e-01
-9.138720035552978516e-01
6.067002415657043457e-01
-6.418465971946716309e-01
-9.663745164871215820e-01
1.949597150087356567e-01
-3.719511926174163818e-01
8.481191992759704590e-01
3.105694949626922607e-01
8.155367374420166016e-01
3.411425054073333740e-01
-2.527830600738525391e-01
-4.582527577877044678e-01
4.408227503299713135e-01
-1.011364310979843140e-01
-9.546724557876586914e-01
-4.364401698112487793e-01
-1.194329373538494110e-02
9.767082333564758301e-01
3.684173524379730225e-01
-6.748961657285690308e-02
5.326714515686035156e-01
5.066035985946655273e-01
-8.701781034469604492e-01
6.505750417709350586e-01
-9.348802566528320312e-01
1.886747479438781738e-01
6.266453266143798828e-01
-3.752482533454895020e-01
-1.700203120708465576e-01
9.835392236709594727e-01
-1.058264151215553284e-01
9.068667292594909668e-01
-1.156804040074348450e-01
7.892248630523681641e-01
7.181853652000427246e-01
3.299218714237213135e-01
9.864410758018493652e-01
1.415051370859146118e-01
9.498025178909301758e-01
-5.233878493309020996e-01
6.625516712665557861e-02
9.768491983413696289e-01
6.425076127052307129e-01
5.634424090385437012e-01
4.861462414264678955e-01
3.443598747253417969e-01
9.788268208503723145e-01
-1.419330984354019165e-01
-4.256452322006225586e-01
-2.731604278087615967e-01
-7.081277966499328613e-01
1.187744289636611938e-01
3.689985275268554688e-01
4.563759863376617432e-01
9.232493638992309570e-01
-4.559970796108245850e-01
9.892719984054565430e-01
3.280397951602935791e-01
-2.385987192392349243e-01
4.454924464225769043e-01
9.876309037208557129e-01
-4.366719126701354980e-01
7.996321916580200195e-01
7.851288318634033203e-01
5.809432864189147949e-01
-5.708454251289367676e-01
-5.939479470252990723e-01
-2.932791411876678467e-01
3.885933756828308105e-01
-6.210113763809204102e-01
8.760108612477779388e-03
3.069791197776794434e-01
-8.588410019874572754e-01
7.753229141235351562e-01
3.140544295310974121e-01
6.272128224372863770e-01
6.716232299804687500e-01
-8.348649144172668457e-01
9.895743131637573242e-01
4.317270219326019287e-01
-8.008728623390197754e-01
-9.095679521560668945e-01
9.655345082283020020e-01
-3.097522258758544922e-01
3.574014008045196533e-01
1.908628642559051514e-01
-4.713478982448577881e-01
-3.943669199943542480e-01
4.178738296031951904e-01
9.380928277969360352e-01
9.872316718101501465e-01
8.712785840034484863e-01
7.327381968498229980e-01
-3.137569427490234375e-01
-1.574367135763168335e-01
-1.710696378722786903e-03
-9.768017530441284180e-01
3.573655784130096436e-01
-5.534101128578186035e-01
-8.340278267860412598e-01
2.845467329025268555e-01
-7.795006632804870605e-01
1.908261924982070923e-01
-8.627458214759826660e-01
-8.310789465904235840e-01
2.352437078952789307e-01
-9.622160196304321289e-01
6.023649573326110840e-01
-2.780205011367797852e-01
-7.584761381149291992e-01
-9.730086326599121094e-01
-6.632462739944458008e-01
8.665561676025390625e-01
-6.275403499603271484e-01
-9.132609963417053223e-01
-5.692205429077148438e-01
8.506038784980773926e-01
-7.207695245742797852e-01
-8.581909537315368652e-01
-9.772531390190124512e-01
-5.638287663459777832e-01
-9.682410359382629395e-01
2.450190298259258270e-02
4.647161066532135010e-01
-7.167578339576721191e-01
-8.865077495574951172e-01
-9.658316373825073242e-01
-6.949908137321472168e-01
-3.274160902947187424e-03
3.751178979873657227e-01
3.124107718467712402e-01
4.909406304359436035e-01
7.405263185501098633e-01
-7.914591431617736816e-01
-8.730717301368713379e-01
-8.223227262496948242e-01
9.938840270042419434e-01
-8.153948783874511719e-01
-7.664245367050170898e-01
-4.390531480312347412e-01
-9.150226712226867676e-01
-9.595449566841125488e-01
2.804388999938964844e-01
1.588267087936401367e-01
-4.034144878387451172e-01
8.709774613380432129e-01
7.609869241714477539e-01
-4.809649288654327393e-01
6.180497407913208008e-01
-7.568602561950683594e-01
3.123389184474945068e-02
7.084741592407226562e-01
-6.946072578430175781e-01
-3.439856767654418945e-01
-1.402205787599086761e-03
9.218586236238479614e-02
7.760921120643615723e-01
2.689998447895050049e-01
-5.760287046432495117e-01
4.807749986648559570e-01
-8.085087537765502930e-01
-9.356902241706848145e-01
-9.454635381698608398e-01
6.856139898300170898e-01
6.031603813171386719e-01
9.306398630142211914e-01
7.479191422462463379e-01
4.002908766269683838e-01
-9.858778119087219238e-01
1.116381883621215820e-01
4.038345813751220703e-01
-8.035959601402282715e-01
7.125139832496643066e-01
-8.979802131652832031e-01
2.611462473869323730e-01
-8.793864250183105469e-01
-9.729095101356506348e-01
6.411477327346801758e-01
9.434438347816467285e-01
8.850815892219543457e-01
-1.916426867246627808e-01
8.933557868003845215e-01
6.294533014297485352e-01
9.176874756813049316e-01
5.455278754234313965e-01
7.198010683059692383e-01
-4.483856558799743652e-01
9.806084036827087402e-01
7.909132838249206543e-01
9.815577268600463867e-01
9.156695604324340820e-01
-7.844365239143371582e-01
5.068183541297912598e-01
-4.700775817036628723e-02
3.373613655567169189e-01
-8.732841014862060547e-01
8.730223774909973145e-01
-4.363639950752258301e-01
9.899455308914184570e-01
7.119190692901611328e-02
-3.661566674709320068e-01
2.010655552148818970e-01
-3.383559584617614746e-01
9.462518095970153809e-01
-7.094664573669433594e-01
-4.802475571632385254e-01
7.497618794441223145e-01
-1.036805883049964905e-01
9.465637803077697754e-01
-6.727024912834167480e-01
7.813897728919982910e-01
8.251410126686096191e-01
8.960040211677551270e-01
6.191563010215759277e-01
6.195023655891418457e-01
7.132493853569030762e-01
-5.113345384597778320e-01
-4.872335791587829590e-01
-7.041696310043334961e-01
7.798424363136291504e-01
9.494493603706359863e-01
-1.455050110816955566e-01
9.772181510925292969e-01
4.484493434429168701e-01
2.567579224705696106e-02
-4.991356134414672852e-01
-5.529155731201171875e-01
9.453610777854919434e-01
2.004748880863189697e-01
5.007991194725036621e-01
-4.127195179462432861e-01
9.912364482879638672e-01
-7.265980839729309082e-01
-4.436620175838470459e-01
9.726520776748657227e-01
3.724599182605743408e-01
2.522708103060722351e-02
6.808949112892150879e-01
5.223750486038625240e-04
3.412164151668548584e-01
7.378577589988708496e-01
8.623070120811462402e-01
-4.678136408329010010e-01
7.726960778236389160e-01
-3.126350045204162598e-01
-8.421726226806640625e-01
-1.799547970294952393e-01
9.460534453392028809e-01
-5.191578865051269531e-01
7.326934933662414551e-01
8.358849883079528809e-01
-3.251316249370574951e-01
1.646104007959365845e-01
9.625799655914306641e-01
9.207302927970886230e-01
9.976148009300231934e-01
6.844907999038696289e-01
7.349885106086730957e-01
2.910442054271697998e-01
-8.340837061405181885e-02
9.515723586082458496e-01
-6.297788023948669434e-01
6.760500371456146240e-02
-6.671776175498962402e-01
3.886955678462982178e-01
9.518819451332092285e-01
2.908777296543121338e-01
9.976318478584289551e-01
-8.185405135154724121e-01
9.631029963493347168e-01
4.732525050640106201e-01
-6.957780122756958008e-01
9.793180823326110840e-01
7.549675703048706055e-01
-7.551828026771545410e-01
8.279740214347839355e-01
3.096901774406433105e-01
7.558724284172058105e-01
9.574891328811645508e-01
2.669016420841217041e-01
7.114037275314331055e-01
4.419823884963989258e-01
3.245181143283843994e-01
1.750713437795639038e-01
9.416642189025878906e-01
-6.811237335205078125e-01
-7.596517205238342285e-01
-5.361444950103759766e-01
-7.558161616325378418e-01
1.804848462343215942e-01
8.831496834754943848e-01
9.722501635551452637e-01
-9.717019200325012207e-01
2.363205403089523315e-01
-5.902214646339416504e-01
5.580295324325561523e-01
8.966661691665649414e-01
5.308154225349426270e-01
-3.954362869262695312e-01
4.275582134723663330e-01
8.632262945175170898e-01
4.211564064025878906e-01
-3.309857249259948730e-01
8.884478807449340820e-01
5.780199170112609863e-01
9.693962335586547852e-01
7.347862124443054199e-01
-5.876283645629882812e-01
5.863007307052612305e-01
1.975230425596237183e-01
6.078041195869445801e-01
-3.449054062366485596e-01
9.425700902938842773e-01
8.730457425117492676e-01
4.525294601917266846e-01
6.988072991371154785e-01
8.969409465789794922e-01
-1.532899495214223862e-02
5.049338936805725098e-01
-4.335517883300781250e-01
9.757395386695861816e-01
2.894387245178222656e-01
-8.469261527061462402e-01
-5.498227477073669434e-01
7.932899594306945801e-01
8.968557715415954590e-01
8.764770030975341797e-01
4.323237240314483643e-01
9.695737957954406738e-01
9.146957993507385254e-01
-2.115691602230072021e-01
9.213972091674804688e-01
9.314979314804077148e-01
-7.775642871856689453e-01
-6.426541209220886230e-01
9.249730110168457031e-01
2.775184512138366699e-01
-3.494467735290527344e-01
9.452449083328247070e-01
-1.374172866344451904e-01
9.586756825447082520e-01
6.589108705520629883e-01
9.385350346565246582e-01
8.522865921258926392e-02
6.491621732711791992e-01
-2.542991340160369873e-01
4.386124610900878906e-01
8.924386501312255859e-01
3.736659884452819824e-02
-5.080966353416442871e-01
8.925527930259704590e-01
5.509065389633178711e-01
-3.130348026752471924e-01
9.448166489601135254e-01
8.008206486701965332e-01
2.888779640197753906e-01
8.558544516563415527e-01
4.961952567100524902e-01
8.329955935478210449e-01
9.373328089714050293e-01
-2.016526460647583008e-01
6.923316717147827148e-01
-6.707096099853515625e-01
9.496543407440185547e-01
5.145327448844909668e-01
-9.312280416488647461e-01
6.391164660453796387e-02
7.609241008758544922e-01
9.558947682380676270e-01
-1.238266080617904663e-01
-6.835870146751403809e-01
9.562806487083435059e-01
-2.370165288448333740e-01
-1.336390711367130280e-02
8.902583718299865723e-01
4.570150077342987061e-01
9.423766136169433594e-01
-8.845219612121582031e-01
4.709254801273345947e-01
9.319117665290832520e-01
-7.148387432098388672e-01
1.724219024181365967e-01
-8.606774210929870605e-01
-3.482681214809417725e-01
1.856921017169952393e-01
5.784697532653808594e-01
-3.019868135452270508e-01
4.889072477817535400e-01
-4.461140036582946777e-01
-9.658510088920593262e-01
2.314093261957168579e-01
4.572342634201049805e-01
1.849314123392105103e-01
-5.674054846167564392e-02
6.092610955238342285e-01
9.650667309761047363e-01
9.161382317543029785e-01
4.630970954895019531e-01
6.348461508750915527e-01
-3.255334794521331787e-01
6.453839689493179321e-02
7.119904756546020508e-01
-1.319206655025482178e-01
-4.386047273874282837e-02
8.194368332624435425e-02
4.206353127956390381e-01
-3.162512183189392090e-01
1.894479095935821533e-01
-6.100429296493530273e-01
6.370211243629455566e-01
9.007810950279235840e-01
6.673805117607116699e-01
5.315243005752563477e-01
9.474636614322662354e-02
-1.633152067661285400e-01
-3.459075987339019775e-01
-4.909860789775848389e-01
9.083406925201416016e-01
-1.003510900773108006e-03
7.766200304031372070e-01
-1.370701938867568970e-01
-8.257344365119934082e-02
9.549796581268310547e-01
-7.837607264518737793e-01
8.658399432897567749e-02
-3.197740316390991211e-01
-7.618739008903503418e-01
6.843543648719787598e-01
3.173933327198028564e-01
-9.560911655426025391e-01
8.234788775444030762e-01
-1.423758119344711304e-01
9.474222064018249512e-01
9.174335747957229614e-02
6.442618370056152344e-02
6.680037975311279297e-01
-5.369306076318025589e-03
-8.016001582145690918e-01
-2.070549130439758301e-01
2.537886202335357666e-01
-7.236225605010986328e-01
3.102161586284637451e-01
3.808153569698333740e-01
5.098273158073425293e-01
-7.005846500396728516e-01
6.943873316049575806e-02
-4.562605023384094238e-01
-9.620200991630554199e-01
-8.836228847503662109e-01
7.966329455375671387e-01
-7.461396455764770508e-01
4.186672866344451904e-01
5.593663454055786133e-01
8.974828124046325684e-01
9.572435021400451660e-01
-9.423015117645263672e-01
7.405337691307067871e-01
-8.737844824790954590e-01
5.907014608383178711e-01
-8.191913366317749023e-01
7.658158540725708008e-01
-4.493989422917366028e-02
-8.295338153839111328e-01
7.707399725914001465e-01
9.551480412483215332e-01
-2.689294517040252686e-01
6.636139154434204102e-01
-4.713683724403381348e-01
-1.423291116952896118e-01
6.538555026054382324e-01
-3.497488796710968018e-01
-8.959081172943115234e-01
2.129167765378952026e-01
-8.345633745193481445e-01
2.515316605567932129e-01
1.860322803258895874e-01
2.781121432781219482e-01
3.224169313907623291e-01
6.578860282897949219e-01
-2.669281363487243652e-01
2.080532759428024292e-01
-1.818712353706359863e-01
2.368959039449691772e-02
6.216015815734863281e-01
-4.666097760200500488e-01
-3.518549203872680664e-01
7.957768440246582031e-01
9.538695812225341797e-01
5.780294537544250488e-01
3.438787758350372314e-01
-6.893790364265441895e-01
-8.697587847709655762e-01
6.602752804756164551e-01
1.682788133621215820e-01
7.046970725059509277e-01
3.988439738750457764e-01
-7.765682339668273926e-01
-4.524880647659301758e-01
6.208379268646240234e-01
-5.018886327743530273e-01
8.933812975883483887e-01
8.980383872985839844e-01
2.161845378577709198e-02
-2.912728488445281982e-01
9.700070619583129883e-01
8.058183789253234863e-01
-7.602209448814392090e-01
6.020326018333435059e-01
-2.764959633350372314e-02
7.179147005081176758e-01
1.782205104827880859e-01
-2.532722353935241699e-01
1.833882927894592285e-02
1.675158888101577759e-01
-3.067633323371410370e-02
6.542906761169433594e-01
3.773547708988189697e-02
4.681847095489501953e-01
-3.032737374305725098e-01
9.295448064804077148e-01
1.751587092876434326e-01
-3.521363139152526855e-01
-1.790318936109542847e-01
7.178632616996765137e-01
5.632891058921813965e-01
-2.605029940605163574e-01
-2.812598943710327148e-01
-1.139755360782146454e-02
-9.748939275741577148e-01
6.506718993186950684e-01
3.728436529636383057e-01
9.593068361282348633e-01
9.237716794013977051e-01
7.406476140022277832e-01
-4.363258183002471924e-01
-3.037032485008239746e-01
8.140893578529357910e-01
-4.302062094211578369e-01
9.266424179077148438e-01
3.321075439453125000e-02
-7.833926677703857422e-01
7.767093181610107422e-01
6.369006037712097168e-01
9.482508301734924316e-01
-6.031380891799926758e-01
9.578484296798706055e-01
-6.607906222343444824e-01
5.996502041816711426e-01
-8.478491306304931641e-01
6.561539173126220703e-01
2.844299077987670898e-01
7.528448700904846191e-01
3.493229746818542480e-01
-5.863265395164489746e-01
-2.309241145849227905e-01
-4.518916085362434387e-02
7.491024136543273926e-01
7.698683738708496094e-01
9.222400784492492676e-01
-1.132331266999244690e-01
4.021080136299133301e-01
-6.098192334175109863e-01
-5.934261530637741089e-02
9.885172843933105469e-01
5.572267770767211914e-01
8.768525719642639160e-01
9.170529246330261230e-01
6.015723198652267456e-02
-3.982722461223602295e-01
2.480483204126358032e-01
4.561512768268585205e-01
5.961570516228675842e-02
8.479539752006530762e-01
9.625833630561828613e-01
-1.137041524052619934e-01
-8.615508675575256348e-01
-2.263770848512649536e-01
-3.082350790500640869e-01
-8.883541822433471680e-01
9.771802425384521484e-01
9.076418280601501465e-01
2.648822963237762451e-01
-5.137529969215393066e-01
2.565276026725769043e-01
5.274012684822082520e-01
8.912608623504638672e-01
5.429204106330871582e-01
6.388650536537170410e-01
-8.326848149299621582e-01
-4.809750318527221680e-01
-3.281408250331878662e-01
2.468318343162536621e-01
-8.523795604705810547e-01
-4.880852699279785156e-01
-8.258667588233947754e-01
7.642076611518859863e-01
-6.738402843475341797e-01
6.471259593963623047e-01
2.794389426708221436e-01
-1.461403518915176392e-01
9.417323470115661621e-01
2.402951568365097046e-02
-2.193739563226699829e-01
7.533103823661804199e-01
-4.402565658092498779e-01
9.541051387786865234e-01
-8.397918343544006348e-01
-9.268549829721450806e-02
-2.048075646162033081e-01
-5.039089918136596680e-01
8.577480912208557129e-02
8.998537659645080566e-01
8.897765278816223145e-01
8.071586489677429199e-01
5.695085525512695312e-01
-5.642799139022827148e-01
9.001726508140563965e-01
-9.607692360877990723e-01
2.172335833311080933e-01
-1.567270606756210327e-02
8.171969652175903320e-01
8.360702991485595703e-01
6.880937516689300537e-02
4.457578063011169434e-02
-3.863765895366668701e-01
-7.400160431861877441e-01
-3.647243976593017578e-01
9.973843097686767578e-01
-6.796072721481323242e-01
-9.331535100936889648e-01
-6.919363141059875488e-01
7.164263725280761719e-01
8.757455945014953613e-01
-1.808271706104278564e-01
9.334911108016967773e-01
-2.311404347419738770e-01
-7.695442438125610352e-01
6.982420086860656738e-01
-4.062478244304656982e-01
3.012599796056747437e-02
-2.881216108798980713e-01
2.077324390411376953e-01
7.730491161346435547e-01
3.017767667770385742e-01
2.578619718551635742e-01
6.632841229438781738e-01
-8.684207797050476074e-01
1.042321622371673584e-01
-5.762976408004760742e-02
7.539056539535522461e-01
1.702234894037246704e-01
7.972550988197326660e-01
9.516147375106811523e-01
4.551603496074676514e-01
8.348280191421508789e-01
8.114312291145324707e-01
-5.496593117713928223e-01
-7.243869304656982422e-01
1.646621823310852051e-01
-9.173507094383239746e-01
-4.669761359691619873e-01
4.212945103645324707e-01
7.927156686782836914e-01
2.240741252899169922e-01
5.559809207916259766e-01
-9.400217980146408081e-02
4.914392903447151184e-02
1.702675968408584595e-01
9.537870883941650391e-01
-1.810884326696395874e-01
-1.254606992006301880e-01
-2.948710918426513672e-01
8.284635543823242188e-01
8.720202445983886719e-01
1.590382456779479980e-01
-2.796288132667541504e-01
-7.027396559715270996e-01
9.756854176521301270e-01
-4.285302385687828064e-02
-7.281435728073120117e-01
-6.178697943687438965e-01
4.671170413494110107e-01
-7.977633178234100342e-02
-7.121220827102661133e-01
4.906573891639709473e-01
6.590277552604675293e-01
2.423888146877288818e-01
8.498122692108154297e-01
8.759625554084777832e-01
2.204588428139686584e-02
2.251253724098205566e-01
8.604080677032470703e-01
6.405052542686462402e-01
-8.899351954460144043e-01
-6.929474472999572754e-01
-8.536711335182189941e-01
-1.397634446620941162e-01
-8.148800581693649292e-02
9.415334463119506836e-01
8.353579640388488770e-01
7.789547443389892578e-01
5.357061624526977539e-01
2.423521131277084351e-01
9.847285151481628418e-01
5.716391205787658691e-01
7.815233469009399414e-01
9.272371530532836914e-01
1.905289292335510254e-01
5.767412185668945312e-01
8.310174345970153809e-01
8.896390199661254883e-01
-1.723503023386001587e-01
-5.073378235101699829e-02
5.653024315834045410e-01
2.086014449596405029e-01
-7.281684279441833496e-01
8.780460357666015625e-01
9.567527174949645996e-01
3.821714818477630615e-01
8.841901421546936035e-01
7.767676115036010742e-01
9.190587997436523438e-01
-6.768290996551513672e-01
4.430177211761474609e-01
1.565504372119903564e-01
-7.753793001174926758e-01
6.678413748741149902e-01
5.837854743003845215e-01
3.044414222240447998e-01
-2.094379663467407227e-01
6.772166490554809570e-01
9.692529439926147461e-01
-2.752486169338226318e-01
-9.408290386199951172e-01
9.010134935379028320e-01
8.902992606163024902e-01
6.811230182647705078e-01
2.451316118240356445e-01
7.795801758766174316e-01
7.205465435981750488e-01
3.425688445568084717e-01
1.792745441198348999e-01
9.969290494918823242e-01
5.827957987785339355e-01
-8.981577157974243164e-01
-2.195357158780097961e-02
1.951476335525512695e-01
8.359550833702087402e-01
9.735304713249206543e-01
2.192502915859222412e-01
6.314682364463806152e-01
3.253686130046844482e-01
7.986464500427246094e-01
-5.154282450675964355e-01
6.639216542243957520e-01
-8.887964487075805664e-01
-3.706779703497886658e-02
-7.157248854637145996e-01
-1.911737322807312012e-01
9.478587508201599121e-01
3.630793988704681396e-01
-7.103896141052246094e-01
2.481849789619445801e-01
6.767457127571105957e-01
7.233686447143554688e-01
-7.259216904640197754e-01
-1.036371737718582153e-01
5.261336565017700195e-01
-8.896794319152832031e-01
-6.879934668540954590e-02
-7.558640837669372559e-01
-9.639179706573486328e-01
-1.642517298460006714e-01
-3.701073825359344482e-01
-6.952482461929321289e-01
2.499575614929199219e-01
-8.343000411987304688e-01
-2.689590156078338623e-01
-9.631458520889282227e-01
8.442272543907165527e-01
-7.361043095588684082e-01
-7.929763793945312500e-01
-1.576512902975082397e-01
-7.567228674888610840e-01
-3.646418750286102295e-01
-6.305926442146301270e-01
-7.642197012901306152e-01
-5.002536773681640625e-01
-2.614922225475311279e-01
-7.586426734924316406e-01
-2.732023298740386963e-01
-6.373867392539978027e-01
-9.656665325164794922e-01
-8.094560503959655762e-01
-9.265502691268920898e-01
-6.535584926605224609e-01
7.279137969017028809e-01
9.738501906394958496e-01
7.237914204597473145e-01
-7.478762269020080566e-01
-5.869209170341491699e-01
-7.760042548179626465e-01
2.670558094978332520e-01
-7.227374911308288574e-01
-1.743105351924896240e-01
9.924372285604476929e-02
-1.152284741401672363e-01
6.229086518287658691e-01
2.113405317068099976e-01
-3.569123521447181702e-02
7.956779599189758301e-01
4.235506057739257812e-01
-4.813966751098632812e-01
9.019044637680053711e-01
-7.860269546508789062e-01
-2.967788279056549072e-01
-9.769508987665176392e-02
-8.580314517021179199e-01
2.766942977905273438e-01
-9.916197061538696289e-01
6.640659570693969727e-01
8.811568021774291992e-01
-1.791586577892303467e-01
6.154582500457763672e-01
-9.620039463043212891e-01
8.342033028602600098e-01
6.305703520774841309e-02
-8.416038155555725098e-01
-9.731847047805786133e-01
9.077764153480529785e-01
-9.512645006179809570e-01
-9.274471998214721680e-01
-5.912280678749084473e-01
5.996939539909362793e-01
-8.493637442588806152e-01
-3.539614751935005188e-02
-4.345321953296661377e-01
-4.659742116928100586e-01
-9.466430544853210449e-01
7.182525992393493652e-01
-1.243260651826858521e-01
1.451692879199981689e-01
1.178776547312736511e-01
-7.998072504997253418e-01
-6.711369007825851440e-02
-7.454732060432434082e-01
-5.248418450355529785e-01
9.486269354820251465e-01
1.793156564235687256e-02
2.540253400802612305e-01
-9.253711700439453125e-01
-7.624611854553222656e-01
-1.753495335578918457e-01
8.082559704780578613e-02
-6.236718297004699707e-01
-9.222820401191711426e-01
3.907684683799743652e-01
-2.705555260181427002e-01
8.348962664604187012e-01
-6.920340061187744141e-01
-4.862943887710571289e-01
9.220454096794128418e-01
7.928404808044433594e-01
-9.891644716262817383e-01
-8.650147914886474609e-01
2.995120286941528320e-01
-1.730257272720336914e-01
-9.144296050071716309e-01
-8.448198437690734863e-01
1.323443837463855743e-02
-6.498634219169616699e-01
-2.673139870166778564e-01
-3.085936009883880615e-01
6.115990877151489258e-01
-8.190076947212219238e-01
3.519676625728607178e-01
4.507555961608886719e-01
-9.098827242851257324e-01
5.879360437393188477e-01
-4.982039928436279297e-01
-8.934081792831420898e-01
-5.613359808921813965e-01
-4.178056716918945312e-01
-2.522718608379364014e-01
9.409304708242416382e-02
-7.190906405448913574e-01
-6.276261806488037109e-01
-4.220430850982666016e-01
-2.755091190338134766e-01
-9.640412926673889160e-01
-8.036242723464965820e-01
2.783403098583221436e-01
-5.626041889190673828e-01
-8.254190683364868164e-01
-8.512913584709167480e-01
-5.012940168380737305e-01
-7.217432856559753418e-01
5.226200222969055176e-01
-8.138599991798400879e-01
5.125713348388671875e-01
-7.018007040023803711e-01
-4.382745623588562012e-01
-2.836841344833374023e-01
-9.148261547088623047e-01
-9.052379727363586426e-01
-6.572847366333007812e-01
-7.513980865478515625e-01
-6.021076440811157227e-01
8.055265545845031738e-01
-9.540283679962158203e-01
-5.809251070022583008e-01
-9.056360125541687012e-01
-8.050971031188964844e-01
3.213675022125244141e-01
-6.045699119567871094e-01
-6.959910988807678223e-01
-8.715369701385498047e-01
-9.597465991973876953e-01
7.316333055496215820e-01
-3.778593242168426514e-01
-9.595567584037780762e-01
-2.630695998668670654e-01
-6.662510037422180176e-01
-9.095160365104675293e-01
-1.455701440572738647e-01
-6.514430046081542969e-01
7.275334596633911133e-01
-8.463665246963500977e-01
8.587346076965332031e-01
5.148066878318786621e-01
-1.153799444437026978e-01
-9.525377154350280762e-01
5.590499639511108398e-01
-8.562425374984741211e-01
5.142085552215576172e-01
-6.210858225822448730e-01
-8.448656797409057617e-01
1.058190315961837769e-02
-9.466792345046997070e-01
-9.522540569305419922e-01
6.685364246368408203e-01
-7.902759313583374023e-01
-9.426093697547912598e-01
1.476439535617828369e-01
3.366562724113464355e-02
5.369989275932312012e-01
-8.481183648109436035e-01
3.211533427238464355e-01
-4.013290703296661377e-01
-4.609339237213134766e-01
7.945480942726135254e-01
-4.881093204021453857e-01
8.843161165714263916e-03
-7.235335111618041992e-01
-4.436539709568023682e-01
-6.607923507690429688e-01
-7.010433673858642578e-01
-4.679490923881530762e-01
-1.299249827861785889e-01
3.554017543792724609e-01
-9.310520887374877930e-01
1.666567176580429077e-01
-4.783587157726287842e-01
-9.119628369808197021e-02
-1.451435536146163940e-01
-2.437212914228439331e-01
-6.942111253738403320e-01
-4.411046206951141357e-01
-2.001873850822448730e-01
2.212472409009933472e-01
2.291606962680816650e-01
-4.219198524951934814e-01
-8.530086278915405273e-01
-7.904134988784790039e-01
6.090462803840637207e-01
5.678921341896057129e-01
4.130073785781860352e-01
-9.618260860443115234e-01
-4.806250333786010742e-01
-4.533025622367858887e-01
4.405359923839569092e-01
-3.982174396514892578e-01
4.856503307819366455e-01
5.215675234794616699e-01
-2.716627717018127441e-01
-1.418485641479492188e-01
6.014258265495300293e-01
-2.541877627372741699e-01
-9.270716905593872070e-01
2.379019707441329956e-01
5.870860815048217773e-01
-2.339352816343307495e-01
-2.878328859806060791e-01
-2.923437654972076416e-01
-1.065746843814849854e-01
3.285781443119049072e-01
2.415759414434432983e-01
-5.545712709426879883e-01
1.607141047716140747e-01
-9.952521920204162598e-01
1.966141015291213989e-01
6.726795434951782227e-01
-6.822378039360046387e-01
9.891432523727416992e-01
-4.748431146144866943e-01
-9.327266812324523926e-01
-9.237853884696960449e-01
-8.744084239006042480e-01
8.054659366607666016e-01
8.400772213935852051e-01
-8.118768334388732910e-01
9.616609662771224976e-02
-2.455312460660934448e-01
6.529638171195983887e-01
9.308361411094665527e-01
6.849324703216552734e-01
8.439845442771911621e-01
5.141704678535461426e-01
8.965615034103393555e-01
-8.242453336715698242e-01
-4.207375943660736084e-01
-6.254165899008512497e-03
-7.324515581130981445e-01
-9.149414300918579102e-01
9.501175880432128906e-01
7.307157665491104126e-02
-4.118509888648986816e-01
8.746175765991210938e-01
8.939289450645446777e-01
-3.243303671479225159e-02
8.568701744079589844e-01
6.473326683044433594e-01
3.857370913028717041e-01
9.653395414352416992e-01
1.645236462354660034e-01
-5.460278317332267761e-02
8.230058550834655762e-01
-4.600541889667510986e-01
3.722213208675384521e-01
-8.915563821792602539e-01
-9.895964860916137695e-01
6.843917965888977051e-01
-7.010199427604675293e-01
5.489612817764282227e-01
5.888170003890991211e-01
3.828558325767517090e-01
8.075255751609802246e-01
-3.724952042102813721e-02
-7.080258727073669434e-01
-7.290468215942382812e-01
9.267182946205139160e-01
-5.997291803359985352e-01
1.705118864774703979e-01
-6.843315958976745605e-01
7.435039877891540527e-01
-6.676042079925537109e-01
8.650128245353698730e-01
3.530786633491516113e-01
2.733933627605438232e-01
7.546326518058776855e-01
9.594987034797668457e-01
-7.937138676643371582e-01
7.615528702735900879e-01
6.550764441490173340e-01
-7.099252939224243164e-01
-3.700992166996002197e-01
8.342268466949462891e-01
-5.677028372883796692e-02
-4.027037024497985840e-01
8.606634140014648438e-01
-1.759833395481109619e-01
1.619628667831420898e-01
4.836247563362121582e-01
9.720482826232910156e-01
-9.122658967971801758e-01
8.885511755943298340e-01
-9.821912646293640137e-01
7.541961669921875000e-01
6.861826777458190918e-01
-1.812770590186119080e-02
-6.366288065910339355e-01
9.702311158180236816e-01
3.427693992853164673e-02
1.246028393507003784e-01
-2.698221243917942047e-03
-3.975394666194915771e-01
7.132669091224670410e-01
6.789566874504089355e-01
7.762009501457214355e-01
-1.311047971248626709e-01
6.615545749664306641e-01
-2.460248619318008423e-01
-7.472968101501464844e-01
9.219406843185424805e-01
-4.789163917303085327e-02
-5.891065001487731934e-01
9.635739922523498535e-01
8.616763353347778320e-01
7.203663587570190430e-01
-6.160643696784973145e-01
7.122558355331420898e-01
7.283012866973876953e-01
-7.161877751350402832e-01
7.785705327987670898e-01
8.960123062133789062e-01
8.363199830055236816e-01
-6.728571057319641113e-01
4.541763067245483398e-01
-5.038094520568847656e-01
7.337704300880432129e-01
-9.035528302192687988e-01
7.380589842796325684e-01
4.825034141540527344e-01
2.676972150802612305e-01
4.949240088462829590e-01
5.664305090904235840e-01
2.307005971670150757e-01
6.134045124053955078e-01
-2.153410315513610840e-01
7.901566028594970703e-01
4.650474488735198975e-01
8.085986971855163574e-01
-5.170968174934387207e-01
2.270179688930511475e-01
3.603148460388183594e-01
-4.953607022762298584e-01
-8.044596314430236816e-01
-9.045951962471008301e-01
8.810725212097167969e-01
9.687142372131347656e-01
-1.229280456900596619e-01
-4.722922444343566895e-01
6.436586380004882812e-01
-3.657776117324829102e-01
9.771696925163269043e-01
-4.105342328548431396e-01
4.604247212409973145e-01
8.038488030433654785e-01
2.812667191028594971e-01
7.760418653488159180e-01
7.399477362632751465e-01
-6.061547398567199707e-01
7.726686000823974609e-01
8.733096718788146973e-01
9.947577714920043945e-01
6.098057627677917480e-01
-7.451719641685485840e-01
-1.296455711126327515e-01
7.596704959869384766e-01
7.700034379959106445e-01
2.382699847221374512e-01
-8.991060256958007812e-01
-6.581251323223114014e-02
-6.522696018218994141e-01
-9.671814441680908203e-01
-6.804611086845397949e-01
-3.168281316757202148e-01
6.211220622062683105e-01
9.300258159637451172e-01
-6.933369208127260208e-03
9.241938591003417969e-01
-2.651299349963665009e-02
6.266327500343322754e-01
-2.266761660575866699e-01
-8.017078042030334473e-01
7.184292674064636230e-01
9.885280132293701172e-01
-1.242429688572883606e-01
5.374172329902648926e-01
-6.834142804145812988e-01
-8.909648656845092773e-01
-8.799207210540771484e-01
1.720601916313171387e-01
7.711215615272521973e-01
9.836829304695129395e-01
9.216694235801696777e-01
-8.123428225517272949e-01
8.531087636947631836e-01
6.194607615470886230e-01
8.834174871444702148e-01
5.867393687367439270e-02
-9.649693369865417480e-01
7.204859852790832520e-01
-4.706336855888366699e-01
-7.362603545188903809e-01
-8.836118578910827637e-01
-2.011021375656127930e-01
4.384949505329132080e-01
9.826083779335021973e-01
1.675351858139038086e-01
-9.939414858818054199e-01
-4.317259788513183594e-01
2.624070346355438232e-01
-4.432917833328247070e-01
-2.237221151590347290e-01
7.515316009521484375e-01
6.705053448677062988e-01
-8.949937224388122559e-01
3.585044294595718384e-02
9.468827843666076660e-01
1.182127445936203003e-01
2.178885042667388916e-01
-8.001138567924499512e-01
3.050384819507598877e-01
1.992780566215515137e-01
-6.149341464042663574e-01
7.683890461921691895e-01
-9.394201636314392090e-01
-7.149508595466613770e-01
-8.239924907684326172e-01
-7.425475716590881348e-01
-2.784523367881774902e-01
-8.961440920829772949e-01
-6.824620962142944336e-01
6.330376863479614258e-01
-1.087759286165237427e-01
9.730983972549438477e-01
9.869487285614013672e-01
1.699250340461730957e-01
-2.715584039688110352e-01
9.634811431169509888e-02
-5.848584771156311035e-01
-8.371486663818359375e-01
-5.440764427185058594e-01
-7.398918867111206055e-01
5.927795171737670898e-01
5.885797142982482910e-01
-2.656361162662506104e-01
-9.704055190086364746e-01
3.250637054443359375e-01
-9.708009958267211914e-01
3.279535472393035889e-01
-3.347439318895339966e-02
-9.181901216506958008e-01
-8.534200191497802734e-01
4.569002389907836914e-01
-8.334205746650695801e-01
-5.336919426918029785e-01
-2.662576436996459961e-01
-3.573282063007354736e-01
1.287335455417633057e-01
8.912131190299987793e-01
-8.544015288352966309e-01
-8.567786812782287598e-01
-9.742173552513122559e-01
-7.120019793510437012e-01
7.043904662132263184e-01
-1.714228391647338867e-01
1.447215080261230469e-01
-5.791158080101013184e-01
-9.541640877723693848e-01
-9.326806664466857910e-01
-2.633047699928283691e-01
7.305872440338134766e-02
5.952262282371520996e-01
-7.663347125053405762e-01
-6.416656970977783203e-01
3.724927306175231934e-01
-6.862338185310363770e-01
8.701534271240234375e-01
6.402857303619384766e-01
-1.661564260721206665e-01
-8.025123476982116699e-01
9.445698261260986328e-01
-8.757746815681457520e-01
-5.622904300689697266e-01
-8.859224915504455566e-01
-2.210084795951843262e-01
7.998908758163452148e-01
3.847077190876007080e-01
-8.823626488447189331e-02
-2.527013234794139862e-02
-5.430261492729187012e-01
9.424116015434265137e-01
6.520471572875976562e-01
6.979383230209350586e-01
-3.669157624244689941e-01
6.057837605476379395e-01
-4.985622763633728027e-01
-9.972591996192932129e-01
-1.737583875656127930e-01
-9.951907992362976074e-01
6.769279241561889648e-01
-6.084545850753784180e-01
-3.166410326957702637e-01
7.947772741317749023e-01
2.686159610748291016e-01
-9.455364942550659180e-01
-3.647466301918029785e-01
9.456882476806640625e-01
-7.887821644544601440e-02
-4.823979735374450684e-01
3.371233642101287842e-01
-5.374169349670410156e-01
-3.646333515644073486e-01
-5.941585302352905273e-01
5.257313847541809082e-01
-1.678590662777423859e-02
8.496083617210388184e-01
5.373771786689758301e-01
9.876478910446166992e-01
-8.012389540672302246e-01
-3.920786082744598389e-01
-8.113605380058288574e-01
9.419904947280883789e-01
-2.570162899792194366e-02
-4.249547719955444336e-01
7.277868390083312988e-01
7.282412648200988770e-01
-4.784543812274932861e-01
-5.125657916069030762e-01
-7.947984933853149414e-01
7.472553849220275879e-01
4.611142277717590332e-01
5.088974833488464355e-01
-3.170749843120574951e-01
8.201004266738891602e-01
1.990551054477691650e-01
7.753101587295532227e-01
-3.347112238407135010e-01
5.495822429656982422e-01
-4.062246084213256836e-01
6.574030518531799316e-01
2.676867544651031494e-01
-8.044466376304626465e-01
1.823930889368057251e-01
8.997389674186706543e-01
-5.834279060363769531e-01
1.752114593982696533e-01
6.314810514450073242e-01
4.635924696922302246e-01
-9.706361293792724609e-01
-9.343416690826416016e-01
3.865283131599426270e-01
8.448439836502075195e-01
-8.869000077247619629e-01
7.028445601463317871e-01
9.814656376838684082e-01
-7.339993715286254883e-01
-3.812787532806396484e-01
6.770029664039611816e-01
5.141909718513488770e-01
8.668200373649597168e-01
1.409222483634948730e-01
9.393072128295898438e-01
9.760488867759704590e-01
-3.645974099636077881e-01
-7.819575071334838867e-01
6.288294196128845215e-01
9.802796244621276855e-01
7.063816487789154053e-02
8.914938569068908691e-01
5.465184450149536133e-01
2.172855138778686523e-01
-7.246940135955810547e-01
-1.777071803808212280e-01
3.386054635047912598e-01
3.562473952770233154e-01
-8.526232242584228516e-01
-3.319044411182403564e-01
9.618075489997863770e-01
6.420884132385253906e-01
-1.453553605824708939e-02
8.196761012077331543e-01
3.094275109469890594e-02
8.220504522323608398e-01
6.716749072074890137e-01
3.514415621757507324e-01
9.648212790489196777e-01
4.861931204795837402e-01
5.108082294464111328e-01
7.470610141754150391e-01
9.169347584247589111e-02
-3.312103748321533203e-01
8.606608510017395020e-01
-8.994583487510681152e-01
-7.012371439486742020e-03
8.852832317352294922e-01
8.169781565666198730e-01
-5.284300073981285095e-02
8.316277265548706055e-01
-8.904096484184265137e-01
-7.510251998901367188e-01
9.873217940330505371e-01
6.187272667884826660e-01
6.244199872016906738e-01
-5.554559174925088882e-03
-3.747514486312866211e-01
9.024944305419921875e-01
-3.797533512115478516e-01
9.516178369522094727e-01
5.012496113777160645e-01
3.789717555046081543e-01
-8.385989665985107422e-01
9.831852912902832031e-01
-8.136910796165466309e-01
8.047410249710083008e-01
6.571805477142333984e-01
-3.466782867908477783e-01
-5.261800885200500488e-01
-1.181832253932952881e-01
8.784910440444946289e-01
-3.865869343280792236e-01
-3.655921518802642822e-01
8.938064575195312500e-01
9.566745758056640625e-01
2.924916148185729980e-02
7.081800699234008789e-01
4.209307730197906494e-01
9.310129284858703613e-01
3.565528690814971924e-01
-9.766398668289184570e-01
8.807497024536132812e-01
-9.614232182502746582e-01
6.774939298629760742e-01
7.195706367492675781e-01
9.431371688842773438e-01
-9.259948730468750000e-01
-1.232381910085678101e-01
5.289802551269531250e-01
-9.094272255897521973e-01
-7.534275054931640625e-01
2.194736450910568237e-01
-7.682449221611022949e-01
-8.115075230598449707e-01
-4.346387088298797607e-01
8.076862692832946777e-01
-5.644075870513916016e-01
8.897776007652282715e-01
8.965730667114257812e-02
9.184753894805908203e-01
-2.509121298789978027e-01
6.277253031730651855e-01
-5.210830569267272949e-01
2.495005428791046143e-01
3.662552237510681152e-01
4.145444631576538086e-01
4.197204113006591797e-01
-5.860440135002136230e-01
-7.978522777557373047e-01
-4.483325779438018799e-01
5.726425647735595703e-01
8.646467924118041992e-01
8.821966648101806641e-01
9.371357560157775879e-01
-4.393886327743530273e-01
-6.346086859703063965e-01
-5.785590410232543945e-01
3.282657265663146973e-01
-5.583316683769226074e-01
3.662226349115371704e-02
-8.933561444282531738e-01
7.041046619415283203e-01
2.129490375518798828e-01
8.387816548347473145e-01
-4.321431219577789307e-01
-9.686526656150817871e-01
-4.520948044955730438e-03
7.300907969474792480e-01
8.062168359756469727e-01
3.593229353427886963e-01
-6.600751727819442749e-02
9.851530194282531738e-01
4.372786283493041992e-01
3.541180491447448730e-01
-1.787050962448120117e-01
8.003911972045898438e-01
5.176115036010742188e-01
3.915181457996368408e-01
-2.902595102787017822e-01
6.702312231063842773e-01
5.839282870292663574e-01
1.904819011688232422e-01
-9.689572453498840332e-01
3.092008829116821289e-01
4.009403884410858154e-01
3.556296527385711670e-01
-7.671456933021545410e-01
-5.848845839500427246e-01
3.228679597377777100e-01
-6.789759397506713867e-01
9.718792438507080078e-01
-4.777338504791259766e-01
-3.438519835472106934e-01
-4.340518712997436523e-01
-6.095724105834960938e-01
8.412053436040878296e-02
4.549713060259819031e-02
8.753318190574645996e-01
8.117338418960571289e-01
5.378122329711914062e-01
-4.213017821311950684e-01
6.851877570152282715e-01
6.000695228576660156e-01
9.931132197380065918e-01
9.317527413368225098e-01
8.942038416862487793e-01
3.528823554515838623e-01
-5.493894815444946289e-01
-2.979462742805480957e-01
6.196341514587402344e-01
-3.104366362094879150e-01
8.817383050918579102e-01
6.089787483215332031e-01
8.367039561271667480e-01
-3.647487759590148926e-01
-8.681573867797851562e-01
9.171729683876037598e-01
6.332854032516479492e-01
3.531024456024169922e-01
4.222566187381744385e-01
-6.067709326744079590e-01
-3.039089441299438477e-01
6.305775642395019531e-01
8.940867781639099121e-01
2.882790379226207733e-02
3.830533474683761597e-03
-6.481131911277770996e-01
-1.058233231306076050e-01
-7.954767346382141113e-01
-6.212394833564758301e-01
-5.642631649971008301e-01
6.893716454505920410e-01
9.645870327949523926e-01
4.595626890659332275e-01
-2.558754086494445801e-01
-2.171949893236160278e-01
7.603450417518615723e-01
-4.578701257705688477e-01
9.566395282745361328e-01
8.714558482170104980e-01
9.210243821144104004e-01
9.830065965652465820e-01
5.219789743423461914e-01
4.338749349117279053e-01
2.195537537336349487e-01
9.176242947578430176e-01
-9.679673314094543457e-01
-6.305760238319635391e-03
-7.760280370712280273e-01
4.760268330574035645e-01
8.691571354866027832e-01
9.397842884063720703e-01
9.548785686492919922e-01
-2.828245982527732849e-02
-8.625088930130004883e-01
-8.166245222091674805e-01
-6.260715126991271973e-01
9.892050027847290039e-01
-2.977046668529510498e-01
7.204042673110961914e-01
4.572255611419677734e-01
2.338296324014663696e-01
3.960052132606506348e-01
8.020029664039611816e-01
6.640903949737548828e-01
8.322903513908386230e-01
8.208867907524108887e-02
-9.385792016983032227e-01
4.130785167217254639e-01
1.559043377637863159e-01
4.037370979785919189e-01
6.932243108749389648e-01
8.042204380035400391e-01
-1.123565807938575745e-01
1.706904023885726929e-01
-8.546313643455505371e-01
3.880610764026641846e-01
-7.206240296363830566e-01
8.554440736770629883e-01
-8.566083014011383057e-02
4.412162601947784424e-01
9.741535186767578125e-01
8.487253785133361816e-01
9.829199314117431641e-01
8.645839095115661621e-01
-8.785265088081359863e-01
6.695334315299987793e-01
3.909567892551422119e-01
8.834272623062133789e-01
9.164918661117553711e-01
1.326524317264556885e-01
5.094414949417114258e-01
1.424921303987503052e-01
-3.914817869663238525e-01
2.392193116247653961e-02
4.744409620761871338e-01
-5.453571081161499023e-01
7.656973004341125488e-01
8.452019095420837402e-01
4.483303427696228027e-01
3.221005797386169434e-01
-8.187612891197204590e-01
5.648595094680786133e-01
9.882962703704833984e-01
-5.746630579233169556e-02
6.062185168266296387e-01
-8.342730402946472168e-01
2.530854046344757080e-01
9.928418397903442383e-01
-6.140420436859130859e-01
-9.389035701751708984e-01
9.300286173820495605e-01
1.489649415016174316e-01
8.506487011909484863e-01
-2.084395885467529297e-01
1.270516067743301392e-01
9.759128093719482422e-01
-3.042470812797546387e-01
4.999594688415527344e-01
-7.773751020431518555e-01
8.598436117172241211e-01
9.020920991897583008e-01
2.555981576442718506e-01
8.736504316329956055e-01
8.867410421371459961e-01
3.278495967388153076e-01
8.914500474929809570e-01
-2.113116234540939331e-01
-3.563569486141204834e-01
-5.813025832176208496e-01
8.245919346809387207e-01
4.919895827770233154e-01
7.553449273109436035e-01
7.306315898895263672e-01
5.065644979476928711e-01
7.741892337799072266e-01
7.909787893295288086e-01
-3.949978053569793701e-01
3.071262240409851074e-01
8.644585609436035156e-01
8.642038106918334961e-01
1.580685377120971680e-01
4.116405844688415527e-01
7.885464429855346680e-01
8.536548614501953125e-01
-9.041996002197265625e-01
3.283950984477996826e-01
7.332177758216857910e-01
4.199250638484954834e-01
2.849575877189636230e-01
-8.810746073722839355e-01
2.946634292602539062e-01
9.305245876312255859e-01
5.046950653195381165e-03
-3.888906538486480713e-01
9.379968047142028809e-01
5.675783753395080566e-01
-6.946913599967956543e-01
-1.123505532741546631e-01
9.478611946105957031e-01
-1.355848461389541626e-01
5.566000342369079590e-01
7.397900819778442383e-01
3.446276187896728516e-01
1.667872965335845947e-01
9.304249882698059082e-01
4.529504776000976562e-01
7.053858637809753418e-01
-2.713078856468200684e-01
-4.083486497402191162e-01
8.541287779808044434e-01
9.169678688049316406e-01
3.881548047065734863e-01
8.300845623016357422e-01
7.729339599609375000e-01
-1.592025607824325562e-01
5.757986903190612793e-01
-7.169432044029235840e-01
-5.614576935768127441e-01
7.417796254158020020e-01
-8.671632409095764160e-01
1.355521976947784424e-01
6.494192406535148621e-03
7.299000024795532227e-01
9.910499453544616699e-01
6.599409580230712891e-01
-9.720656871795654297e-01
-2.522370815277099609e-01
5.668418407440185547e-01
6.595124602317810059e-01
-9.867017865180969238e-01
4.097596406936645508e-01
2.325628101825714111e-01
8.553349375724792480e-01
9.536667466163635254e-01
-9.311972856521606445e-01
-7.675209641456604004e-01
-7.701280117034912109e-01
-5.151614546775817871e-01
9.251964092254638672e-01
8.078014850616455078e-01
8.610874414443969727e-01
9.249141216278076172e-01
5.999340415000915527e-01
4.449014365673065186e-01
-8.671427965164184570e-01
-2.243345528841018677e-01
7.308956980705261230e-01
-5.902972221374511719e-01
9.548335671424865723e-01
9.495052695274353027e-01
-3.907618820667266846e-01
2.645587325096130371e-01
-8.131355643272399902e-01
5.927811861038208008e-01
9.054014086723327637e-01
-8.970516920089721680e-01
-3.819042146205902100e-01
6.492454409599304199e-01
9.031347632408142090e-01
-9.481937885284423828e-01
-5.046714544296264648e-01
-2.336363196372985840e-01
2.218383848667144775e-01
1.071372255682945251e-01
-1.301004886627197266e-01
4.090622663497924805e-01
-6.127640008926391602e-01
-7.577656209468841553e-02
4.412847757339477539e-01
5.765745043754577637e-01
1.275367438793182373e-01
-9.527531862258911133e-01
6.027706861495971680e-01
9.405767917633056641e-01
3.768722116947174072e-01
3.576257824897766113e-01
-2.714154422283172607e-01
-6.370897293090820312e-01
-7.929998636245727539e-01
8.418442606925964355e-01
-6.268194913864135742e-01
-9.106209278106689453e-01
-4.386687576770782471e-01
3.482777774333953857e-01
-6.542230844497680664e-01
3.581493198871612549e-01
-9.037739038467407227e-01
-4.049437940120697021e-01
-5.046710968017578125e-01
6.150221824645996094e-01
-5.389784574508666992e-01
-5.908268317580223083e-02
-5.094641447067260742e-02
6.306989789009094238e-01
-1.383467391133308411e-02
9.902362227439880371e-01
8.025618195533752441e-01
-3.762569129467010498e-01
-2.945296764373779297e-01
2.659963369369506836e-01
-2.609794437885284424e-01
-8.057327866554260254e-01
3.777123242616653442e-02
-8.611325025558471680e-01
6.896008253097534180e-01
-8.946769237518310547e-01
3.303698003292083740e-01
-9.004573822021484375e-01
4.173874258995056152e-01
-4.459692537784576416e-01
-6.817420125007629395e-01
-3.474178612232208252e-01
-3.232832551002502441e-01
7.506703734397888184e-01
-3.416797220706939697e-01
6.185666918754577637e-01
3.726970255374908447e-01
4.678597748279571533e-01
-7.961009144783020020e-01
4.933839738368988037e-01
4.819973558187484741e-02
-1.921960115432739258e-01
7.706701159477233887e-01
-8.058286905288696289e-01
6.853848099708557129e-01
-4.362844228744506836e-01
-5.724315643310546875e-01
-5.440338253974914551e-01
1.606927961111068726e-01
-9.345240592956542969e-01
-2.067606598138809204e-01
-4.312223792076110840e-01
-4.684253036975860596e-01
9.138308167457580566e-01
-9.239504337310791016e-01
8.497690558433532715e-01
-4.466831684112548828e-02
2.912112474441528320e-01
-3.754961490631103516e-01
8.299300074577331543e-01
-5.682467818260192871e-01
3.001154959201812744e-01
-6.432590484619140625e-01
-9.210242033004760742e-01
9.824770689010620117e-01
6.099566817283630371e-01
-2.015030086040496826e-01
-9.910227060317993164e-01
-8.252999931573867798e-02
8.556155562400817871e-01
-9.133809804916381836e-01
7.581756114959716797e-01
3.155521750450134277e-01
2.997309565544128418e-01
-4.987499117851257324e-01
5.361592173576354980e-01
-6.903494596481323242e-01
9.874735474586486816e-01
-9.875648021697998047e-01
3.763014972209930420e-01
6.183710098266601562e-01
-8.087185025215148926e-01
9.840499758720397949e-01
-4.047297835350036621e-01
6.322742104530334473e-01
9.705705046653747559e-01
1.880726814270019531e-01
-7.038837671279907227e-01
-5.039620995521545410e-01
-5.766340494155883789e-01
-9.121906012296676636e-02
2.173168212175369263e-01
-3.751306235790252686e-01
-8.659890294075012207e-01
-1.685088872909545898e-02
-5.259023308753967285e-01
9.321523308753967285e-01
6.948872208595275879e-01
7.265757918357849121e-01
4.091889038681983948e-02
8.849342465400695801e-01
-9.807820320129394531e-01
-9.350320696830749512e-01
-4.485158920288085938e-01
2.470517456531524658e-01
7.394313812255859375e-01
6.626539230346679688e-01
-7.167776226997375488e-01
-3.584151566028594971e-01
7.434964179992675781e-01
-5.127468332648277283e-02
-5.324746966361999512e-01
-9.606428742408752441e-01
9.271079897880554199e-01
-8.851747512817382812e-01
8.330732583999633789e-01
6.036319136619567871e-01
8.001362681388854980e-01
3.735255002975463867e-01
5.008924603462219238e-01
-3.883358538150787354e-01
-5.236109495162963867e-01
-8.337711095809936523e-01
6.445748805999755859e-01
-6.578600406646728516e-01
-4.499880373477935791e-01
-3.759838342666625977e-01
9.773913025856018066e-01
3.353461623191833496e-01
7.881105542182922363e-01
3.279591351747512817e-02
-8.324518054723739624e-02
5.758606195449829102e-01
9.052922725677490234e-01
6.406694054603576660e-01
-9.744095057249069214e-02
8.757221102714538574e-01
-5.077850222587585449e-01
8.934535384178161621e-01
9.545902609825134277e-01
-4.098834991455078125e-01
2.468068897724151611e-01
6.784265041351318359e-01
-7.717419266700744629e-01
5.604252219200134277e-01
8.275542259216308594e-01
-4.230427145957946777e-01
4.865919053554534912e-01
5.519890785217285156e-01
-8.393714427947998047e-01
-9.903047233819961548e-03
-1.239578425884246826e-01
-3.125353455543518066e-01
9.839746356010437012e-01
4.000223278999328613e-01
-5.421746969223022461e-01
-5.288720130920410156e-01
-7.961107492446899414e-01
-7.623834908008575439e-02
9.329626560211181641e-01
5.717785358428955078e-01
-7.015135288238525391e-01
4.427847564220428467e-01
-7.791940122842788696e-02
9.960029125213623047e-01
7.100583314895629883e-01
6.231029033660888672e-01
-9.859717488288879395e-01
9.492334723472595215e-01
4.489334523677825928e-01
-6.850559711456298828e-01
9.873686432838439941e-01
-5.566899776458740234e-01
9.342563152313232422e-01
3.857136070728302002e-01
4.516994655132293701e-01
5.026046037673950195e-01
8.337465524673461914e-01
3.472925424575805664e-01
9.611249566078186035e-01
-8.433354496955871582e-01
-2.123603820800781250e-01
1.592228710651397705e-01
-5.936167836189270020e-01
2.384449392557144165e-01
2.738023400306701660e-01
8.368363976478576660e-01
9.124636054039001465e-01
5.098685026168823242e-01
9.871321320533752441e-01
1.170172840356826782e-01
4.340817630290985107e-01
8.246560692787170410e-01
4.771495163440704346e-01
8.838346600532531738e-01
9.762863516807556152e-01
9.978657960891723633e-01
6.851688027381896973e-01
4.299394488334655762e-01
6.361873149871826172e-01
-3.459813296794891357e-01
5.925737023353576660e-01
9.222350120544433594e-01
9.558030962944030762e-01
6.434285044670104980e-01
-3.971824049949645996e-01
-1.663402467966079712e-01
-9.538131952285766602e-01
1.613528430461883545e-01
-6.726771593093872070e-01
-5.103881955146789551e-01
-2.756973803043365479e-01
6.830007582902908325e-02
-7.780609726905822754e-01
3.740919232368469238e-01
9.644968509674072266e-01
-9.866807609796524048e-02
-2.505052387714385986e-01
1.423008646816015244e-02
1.430283766239881516e-02
7.386421561241149902e-01
-2.423374950885772705e-01
-5.717804431915283203e-01
6.803190112113952637e-01
6.587645411491394043e-01
-4.688380360603332520e-01
8.915021419525146484e-01
-5.121977925300598145e-01
-5.092997476458549500e-02
-3.605288267135620117e-02
4.630019068717956543e-01
-3.460279703140258789e-01
1.222872361540794373e-01
-6.722047924995422363e-02
-4.194692969322204590e-01
-5.719240307807922363e-01
-8.801118731498718262e-01
2.023530751466751099e-01
4.672333896160125732e-01
-9.414091706275939941e-01
-9.846715927124023438e-01
