-6.090320205688476562e+01
7.455001831054687500e+01
9.243614196777343750e+01
6.412089538574218750e+01
7.553207397460937500e+01
-5.943910598754882812e+01
-9.664918518066406250e+01
-9.717355346679687500e+01
-8.884540557861328125e+01
9.112882995605468750e+01
6.581819915771484375e+01
2.064452552795410156e+01
-4.958343124389648438e+01
-4.191985321044921875e+01
6.800073242187500000e+01
-6.198607635498046875e+01
8.285417938232421875e+01
9.707024383544921875e+01
-3.590863227844238281e+00
9.917083740234375000e+01
7.749452209472656250e+01
-9.292502403259277344e+00
5.871695709228515625e+01
8.311202239990234375e+01
-1.513611412048339844e+01
2.229810714721679688e+01
4.047224044799804688e+01
-8.294839477539062500e+01
-9.974124145507812500e+01
-5.557053756713867188e+01
2.300290298461914062e+01
-9.092795562744140625e+01
3.225117492675781250e+01
2.543536949157714844e+01
-9.883266448974609375e+01
-9.710246276855468750e+01
-7.890954494476318359e+00
6.314839172363281250e+01
9.926352691650390625e+01
9.927542877197265625e+01
8.392152404785156250e+01
2.818623733520507812e+01
-5.163322067260742188e+01
3.500985383987426758e+00
-3.665773010253906250e+01
-1.935125160217285156e+01
7.381138610839843750e+01
-8.964796447753906250e+01
1.040347957611083984e+01
-9.876196289062500000e+01
-9.829943847656250000e+01
1.818661117553710938e+01
-1.341199874877929688e+01
-8.483590698242187500e+01
8.995484161376953125e+01
7.440978240966796875e+01
9.842287445068359375e+01
9.488667297363281250e+01
-3.211001205444335938e+01
8.709656524658203125e+01
-3.518034362792968750e+01
4.945143890380859375e+01
9.509782409667968750e+01
-1.235913658142089844e+01
4.996496963500976562e+01
-7.618317413330078125e+01
6.427021026611328125e+01
2.053051185607910156e+01
-9.630989074707031250e+01
-9.252890014648437500e+01
-8.925908660888671875e+01
-5.677730941772460938e+01
9.776653289794921875e+01
9.571855926513671875e+01
3.494466018676757812e+01
-6.710971355438232422e+00
9.309028625488281250e+01
-8.437301635742187500e+01
3.960317230224609375e+01
-2.329523468017578125e+01
-2.195898818969726562e+01
7.419361114501953125e+01
9.616622924804687500e+01
4.298667526245117188e+01
-4.320079803466796875e+01
-9.536361694335937500e+01
1.837653923034667969e+01
-8.258916473388671875e+01
9.591062927246093750e+01
8.588236999511718750e+01
-9.290562438964843750e+01
-9.321023559570312500e+01
9.117010498046875000e+01
9.019718933105468750e+01
6.545927524566650391e+00
3.513195037841796875e+00
-3.136015510559082031e+01
-6.192796707153320312e+01
-3.717722320556640625e+01
-4.130254364013671875e+01
9.458939361572265625e+01
9.340633392333984375e+01
6.382593536376953125e+01
-3.084858322143554688e+01
-2.399113082885742188e+01
-8.460268402099609375e+01
9.938951873779296875e+01
9.192739105224609375e+01
9.937925720214843750e+01
4.344439697265625000e+01
-5.912792587280273438e+01
-5.073630142211914062e+01
-9.482989501953125000e+01
9.934437561035156250e+01
7.964212036132812500e+01
7.681752777099609375e+01
6.497222137451171875e+01
-7.755571746826171875e+01
-9.753400421142578125e+01
-5.135400772094726562e+01
9.437937927246093750e+01
9.458081817626953125e+01
9.226481628417968750e+01
-8.167055511474609375e+01
-9.499208068847656250e+01
9.246723175048828125e+01
-9.819133758544921875e+01
9.594360351562500000e+01
-9.657654571533203125e+01
9.488294982910156250e+01
6.739675140380859375e+01
6.474530792236328125e+01
-9.815721130371093750e+01
-7.684117126464843750e+01
-7.566946411132812500e+01
9.817868804931640625e+01
3.382529830932617188e+01
-8.377932739257812500e+01
6.391907882690429688e+01
6.701916503906250000e+01
-6.643923950195312500e+01
7.532578277587890625e+01
5.562133789062500000e+01
-2.633032226562500000e+01
-9.490521240234375000e+01
-4.617732524871826172e+00
9.487390136718750000e+01
3.947303390502929688e+01
-4.242055511474609375e+01
-5.192140960693359375e+01
2.125086212158203125e+01
7.845441436767578125e+01
4.866881561279296875e+01
-5.785633468627929688e+01
1.178768062591552734e+01
6.168535995483398438e+01
-5.033239746093750000e+01
-6.649079895019531250e+01
-9.838977813720703125e+01
-7.010048675537109375e+01
9.652696990966796875e+01
9.840883636474609375e+01
8.614669799804687500e+01
-9.731079101562500000e+01
8.789972686767578125e+01
-2.442447662353515625e+01
2.003373527526855469e+01
9.765930175781250000e+01
-7.192824554443359375e+01
-8.918124389648437500e+01
5.432472991943359375e+01
7.723920440673828125e+01
-3.430484390258789062e+01
5.135995864868164062e+01
-7.007831573486328125e+01
4.459621429443359375e+01
5.684080886840820312e+01
-1.550361919403076172e+01
-9.231563568115234375e+01
7.335694122314453125e+01
7.219470977783203125e+01
6.089990615844726562e+01
-9.617316436767578125e+01
-7.291390228271484375e+01
-8.412808990478515625e+01
8.415283203125000000e+01
8.008723449707031250e+01
2.061449050903320312e+01
-5.327393341064453125e+01
-8.678067016601562500e+01
6.982444763183593750e+01
-3.980892181396484375e+01
7.753927612304687500e+01
7.546834564208984375e+01
-4.694489669799804688e+01
8.284709930419921875e+01
-9.394919586181640625e+01
-6.837886810302734375e+00
9.977075958251953125e+01
6.005545425415039062e+01
5.211904525756835938e+01
-3.853557586669921875e+01
-5.786213874816894531e+00
1.105262851715087891e+01
-2.325949287414550781e+01
9.380225372314453125e+01
9.535714721679687500e+01
8.674991607666015625e+01
-4.841366291046142578e+00
9.277374267578125000e+01
-9.787580108642578125e+01
-2.003918838500976562e+01
7.490142822265625000e+01
9.929759216308593750e+01
-3.394583892822265625e+01
5.893672561645507812e+01
-7.274514770507812500e+01
-9.874420166015625000e+01
-5.865919494628906250e+01
9.969802856445312500e+01
9.663123321533203125e+01
-4.480150222778320312e+00
9.979243469238281250e+01
9.611753845214843750e+01
-5.408288955688476562e+01
9.488629913330078125e+01
1.777577018737792969e+01
6.366742706298828125e+01
-8.557578086853027344e+00
8.016189575195312500e+01
7.078322601318359375e+01
-1.194412899017333984e+01
6.711376953125000000e+01
-9.877581787109375000e+01
-1.535706520080566406e+01
-8.776929473876953125e+01
2.015221023559570312e+01
-8.855223846435546875e+01
-5.996764373779296875e+01
6.070823669433593750e+01
-5.060464096069335938e+01
6.659294128417968750e+01
-2.626464605331420898e+00
3.600135040283203125e+01
9.874767303466796875e+01
8.441812896728515625e+01
-9.507297515869140625e+00
-7.257053375244140625e+01
8.301598358154296875e+01
9.085827636718750000e+01
9.842440032958984375e+01
-3.806406402587890625e+01
1.608354377746582031e+01
-8.037491607666015625e+01
-9.002356719970703125e+01
9.029997253417968750e+01
9.905867767333984375e+01
3.844845581054687500e+01
-2.651036071777343750e+01
-8.920857238769531250e+01
4.782482624053955078e+00
-5.625426864624023438e+01
-8.308237457275390625e+01
6.226710510253906250e+01
9.838707733154296875e+01
4.922309112548828125e+01
-9.569082641601562500e+01
-8.751462554931640625e+01
9.395979881286621094e+00
-9.328088378906250000e+01
9.908120727539062500e+01
8.455583190917968750e+01
8.872064208984375000e+01
-7.335073089599609375e+01
-8.430508422851562500e+01
4.660857391357421875e+01
9.338290405273437500e+01
-4.813882446289062500e+01
9.106572723388671875e+01
2.595087051391601562e+01
-9.750821685791015625e+01
-7.206329345703125000e+01
5.362404632568359375e+01
-4.061594390869140625e+01
1.959105682373046875e+01
-3.812747192382812500e+01
3.393307876586914062e+01
-7.741877746582031250e+01
-7.588696289062500000e+01
7.847406768798828125e+01
7.410730743408203125e+01
9.313925170898437500e+01
-8.070159912109375000e+00
-9.257756805419921875e+01
2.790652513504028320e-01
2.732270240783691406e+00
-4.900992965698242188e+01
3.872388076782226562e+01
8.410570526123046875e+01
-4.809494400024414062e+01
8.838075256347656250e+01
8.611547088623046875e+01
8.821275329589843750e+01
-8.628932952880859375e+01
-9.669738769531250000e+00
-5.442593765258789062e+01
4.155109024047851562e+01
1.080900192260742188e+01
4.087634086608886719e+00
-3.790260696411132812e+01
-9.906089019775390625e+01
-7.943220520019531250e+01
-1.190972328186035156e+01
9.942190551757812500e+01
7.637627410888671875e+01
9.922402191162109375e+01
-8.725143432617187500e+01
-7.409371185302734375e+01
4.988367843627929688e+01
7.148056030273437500e+01
9.847135162353515625e+01
-9.157483673095703125e+01
-1.639621734619140625e+01
9.912094116210937500e+01
-1.317883872985839844e+01
9.470004272460937500e+01
9.184752655029296875e+01
5.112184047698974609e+00
-6.105125045776367188e+01
-5.229229354858398438e+01
9.529862213134765625e+01
7.611585235595703125e+01
-5.706729125976562500e+01
-6.345656967163085938e+01
9.271113586425781250e+01
-8.787507629394531250e+01
8.464556121826171875e+01
-9.373963165283203125e+01
8.902400970458984375e+01
9.879574584960937500e+01
4.524910354614257812e+01
-9.205532836914062500e+01
-7.488292694091796875e+01
3.967476654052734375e+01
-5.522633075714111328e+00
-3.537496185302734375e+01
9.822203063964843750e+01
9.787394714355468750e+01
-2.564043998718261719e+00
-8.779909515380859375e+01
3.785576248168945312e+01
9.665356445312500000e+01
8.976790618896484375e+01
4.859333801269531250e+01
-8.347261047363281250e+01
-8.016562652587890625e+01
1.205867481231689453e+01
-5.373278808593750000e+01
3.769940948486328125e+01
4.431058883666992188e+01
-8.725460052490234375e+01
-8.689510345458984375e+01
-8.306967926025390625e+01
8.591986083984375000e+01
8.722224426269531250e+01
7.853651428222656250e+01
-6.178171539306640625e+01
-7.441971588134765625e+01
-3.834084320068359375e+01
9.531208038330078125e+01
3.218220901489257812e+01
-1.933329200744628906e+01
9.947957611083984375e+01
9.178985595703125000e+01
8.875843811035156250e+01
9.144422149658203125e+01
-7.115926361083984375e+01
-1.801759529113769531e+01
7.317912292480468750e+01
6.211379623413085938e+01
-8.425743865966796875e+01
3.956324768066406250e+01
-6.172473526000976562e+01
-9.373868560791015625e+01
-7.071322631835937500e+01
9.053615570068359375e+01
4.014720153808593750e+01
2.703484535217285156e+00
-5.118035507202148438e+01
-7.333506011962890625e+01
-9.207159423828125000e+01
4.573270797729492188e+01
9.648166656494140625e+01
8.894533538818359375e+01
-5.337086868286132812e+01
6.380870819091796875e+01
-9.317375183105468750e+01
7.481059265136718750e+01
-1.747281646728515625e+01
7.107096099853515625e+01
9.818759918212890625e+01
-1.992163509130477905e-01
-1.349100017547607422e+01
-6.651651000976562500e+01
5.749034881591796875e+01
8.055530548095703125e+01
1.728939437866210938e+01
-9.930001068115234375e+01
-2.628581237792968750e+01
5.366869449615478516e+00
4.570215606689453125e+01
7.147195434570312500e+01
-9.456409454345703125e+01
-8.783046722412109375e+01
-3.133159065246582031e+01
7.055246734619140625e+01
5.810172653198242188e+01
1.971847152709960938e+01
-9.390860748291015625e+01
-1.603964614868164062e+01
-2.385409927368164062e+01
2.426977539062500000e+01
9.965911865234375000e+01
7.330865478515625000e+01
6.931580543518066406e+00
-6.780489349365234375e+01
1.096403408050537109e+01
-9.884948730468750000e+01
-7.639566040039062500e+01
9.413404083251953125e+01
3.331521224975585938e+01
8.009980010986328125e+01
-9.708059692382812500e+01
-7.161176300048828125e+01
-9.976955413818359375e+01
3.465797424316406250e+01
8.814225769042968750e+01
-8.027154541015625000e+01
-1.915229606628417969e+01
9.009517669677734375e+01
4.876985549926757812e+00
-8.259061431884765625e+01
6.902812194824218750e+01
4.277210998535156250e+01
-7.520732116699218750e+01
-3.867701339721679688e+01
6.647515106201171875e+01
9.428029632568359375e+01
7.459260559082031250e+01
-5.350388717651367188e+01
4.207326889038085938e+01
-9.604983520507812500e+01
-9.066522979736328125e+01
6.548558807373046875e+01
9.004565429687500000e+01
4.448674774169921875e+01
-4.647175216674804688e+01
7.150867462158203125e+01
-9.684215545654296875e+01
1.802892804145812988e+00
-9.898187255859375000e+01
-5.914669036865234375e+01
-2.547601509094238281e+01
9.414022064208984375e+01
9.697427368164062500e+01
-6.767962646484375000e+01
7.934556579589843750e+01
3.130753898620605469e+01
-8.585104370117187500e+01
3.809605026245117188e+01
-8.735754394531250000e+01
7.055096435546875000e+01
8.622657775878906250e+01
-2.250698280334472656e+01
-5.368594360351562500e+01
-9.313467407226562500e+01
9.658270263671875000e+01
4.689239120483398438e+01
5.920313644409179688e+01
-5.913119316101074219e+00
6.599872589111328125e+01
8.097472381591796875e+01
-9.566883087158203125e+01
-6.463474750518798828e+00
6.791686248779296875e+01
3.258504486083984375e+01
4.382326126098632812e+01
-9.774318695068359375e+01
-9.431906890869140625e+01
-8.979597473144531250e+01
-8.952135467529296875e+01
8.015291595458984375e+01
9.949368286132812500e+01
6.674832916259765625e+01
-3.439225769042968750e+01
-3.804196929931640625e+01
9.893070220947265625e+01
9.313294219970703125e+01
8.730677032470703125e+01
6.657317352294921875e+01
-7.577060699462890625e+01
-2.826084136962890625e+01
7.556121063232421875e+01
8.881768798828125000e+01
-4.451035308837890625e+01
-7.565940856933593750e+01
2.032920265197753906e+01
-9.700308227539062500e+01
-9.585446929931640625e+01
-1.572521972656250000e+01
8.852916717529296875e+01
9.922988128662109375e+01
8.817951965332031250e+01
6.542046356201171875e+01
-7.258691406250000000e+01
7.331220245361328125e+01
1.406415271759033203e+01
-2.463156318664550781e+01
8.646231079101562500e+01
-6.721212005615234375e+01
-3.446530532836914062e+01
2.854453849792480469e+01
-8.013201904296875000e+01
9.273500061035156250e+01
-7.224671936035156250e+01
4.639187622070312500e+01
2.894327545166015625e+01
-4.978195571899414062e+01
7.368949890136718750e+01
-8.159876251220703125e+01
-4.574728965759277344e+00
2.082239532470703125e+01
9.262590026855468750e+01
-8.579813003540039062e+00
7.079737854003906250e+01
4.611907577514648438e+01
-8.871115875244140625e+01
-7.495789051055908203e+00
-8.447234344482421875e+01
6.817751312255859375e+01
9.211500549316406250e+01
9.688148498535156250e+01
-6.948858642578125000e+01
9.265781402587890625e+01
-7.113758850097656250e+01
5.248797988891601562e+01
9.484409332275390625e+01
-2.321862602233886719e+01
8.299418640136718750e+01
-9.943717956542968750e+01
-8.104993438720703125e+01
4.338853836059570312e+01
9.486950683593750000e+01
-8.559889984130859375e+01
-8.053988647460937500e+01
5.240675735473632812e+01
-7.885561943054199219e+00
-2.221671485900878906e+01
9.943010711669921875e+01
9.818928527832031250e+01
8.511225891113281250e+01
9.107119750976562500e+01
4.973245620727539062e+00
-8.324979400634765625e+01
-7.996260070800781250e+01
9.655221557617187500e+01
5.453967285156250000e+01
8.959461975097656250e+01
4.521467685699462891e+00
-9.966630554199218750e+01
-9.976970672607421875e+01
-9.784170532226562500e+01
-9.840184783935546875e+01
8.178609466552734375e+01
-7.709469604492187500e+01
-7.718286132812500000e+01
-3.452210998535156250e+01
7.053765869140625000e+01
7.731817626953125000e+01
-9.246116638183593750e+01
2.958110237121582031e+01
-3.543644666671752930e+00
9.801712799072265625e+01
8.953926849365234375e+01
9.887891387939453125e+01
9.127794647216796875e+01
1.378884315490722656e+01
-2.265219688415527344e+01
1.168812847137451172e+01
7.980211639404296875e+01
-9.752019500732421875e+01
-8.884532928466796875e+01
-9.953427124023437500e+01
-7.361257934570312500e+01
-8.337008666992187500e+01
-4.473753738403320312e+01
7.922743225097656250e+01
5.898251342773437500e+01
5.299094772338867188e+01
-8.461882591247558594e+00
-1.026175880432128906e+01
8.494594573974609375e+01
3.763259124755859375e+01
9.834745025634765625e+01
2.095238685607910156e+01
-1.126909446716308594e+01
-2.702563095092773438e+01
7.036465454101562500e+01
9.532711791992187500e+01
4.115100860595703125e+01
-5.901537704467773438e+01
6.928964233398437500e+01
-7.688255310058593750e+01
-9.181389617919921875e+01
-9.562873077392578125e+01
9.039334106445312500e+01
3.390332794189453125e+01
5.844463729858398438e+01
-7.646405792236328125e+01
5.118494510650634766e+00
-9.931394195556640625e+01
-9.991194152832031250e+01
-1.756338477134704590e-01
9.946071624755859375e+01
-3.985723114013671875e+01
5.727555847167968750e+01
6.744803619384765625e+01
-7.747040557861328125e+01
4.063967895507812500e+01
1.990752029418945312e+01
-4.032921218872070312e+01
5.838284301757812500e+01
-5.182291412353515625e+01
7.821073150634765625e+01
4.321945953369140625e+01
-9.516643524169921875e+01
-9.943420410156250000e+01
-9.610455322265625000e+01
6.849089813232421875e+01
-3.639493942260742188e+01
1.970834350585937500e+01
9.004936981201171875e+01
4.480272674560546875e+01
-8.818733978271484375e+01
7.667389678955078125e+01
-8.152621459960937500e+01
-8.955735778808593750e+01
-6.951425933837890625e+01
9.851763916015625000e+01
6.775363922119140625e+01
6.843724060058593750e+01
1.073999786376953125e+01
-9.792094421386718750e+01
6.527761077880859375e+01
-6.329582977294921875e+01
-8.738948059082031250e+01
-7.710643768310546875e+01
5.682248306274414062e+01
7.433837890625000000e+01
-6.735369873046875000e+01
-8.456295013427734375e+01
6.539755249023437500e+01
1.247174501419067383e+00
3.432433700561523438e+01
4.735043716430664062e+01
1.962301254272460938e+01
-7.820056915283203125e+01
-9.932806396484375000e+01
-9.355249786376953125e+01
-6.195636367797851562e+01
7.080133819580078125e+01
-7.516870117187500000e+01
9.453344726562500000e+01
8.839181518554687500e+01
-9.440621948242187500e+01
-6.483129978179931641e+00
9.980711364746093750e+01
5.593958663940429688e+01
9.710528564453125000e+01
3.028034782409667969e+01
-8.757173919677734375e+01
-9.255268859863281250e+01
-6.218173980712890625e+01
8.573948669433593750e+01
-1.079216575622558594e+01
8.275187683105468750e+01
8.805944824218750000e+01
-6.738759613037109375e+01
-3.438783264160156250e+01
9.410572814941406250e+01
9.082147216796875000e+01
-3.348123931884765625e+01
7.571657562255859375e+01
7.643864440917968750e+01
5.815441513061523438e+01
-3.264323806762695312e+01
2.299822044372558594e+01
-1.771022605895996094e+01
-7.587481689453125000e+01
5.367567443847656250e+01
-7.211577606201171875e+01
-1.941367530822753906e+01
9.958868408203125000e+01
9.584460449218750000e+01
4.691634368896484375e+01
-8.280712127685546875e+01
-2.386878967285156250e+01
-1.073161315917968750e+01
9.932035827636718750e+01
9.836058044433593750e+01
8.703649902343750000e+01
-1.035665035247802734e+01
9.131062316894531250e+01
7.541245269775390625e+01
-7.406497192382812500e+01
-7.878497314453125000e+01
9.754553794860839844e+00
-5.637800598144531250e+01
8.948880767822265625e+01
9.796743774414062500e+01
-7.557701873779296875e+01
4.295739829540252686e-01
-1.677502441406250000e+01
-2.403731727600097656e+01
9.725247192382812500e+01
9.021974945068359375e+01
9.318772888183593750e+01
-5.587684631347656250e+01
-1.216007137298583984e+01
7.076068878173828125e+01
-8.595539093017578125e+00
9.501624298095703125e+01
3.200695037841796875e+01
2.674725914001464844e+01
7.490314483642578125e+01
-5.618769454956054688e+01
-3.431955718994140625e+01
-3.027467727661132812e+01
7.119050598144531250e+01
-5.348838424682617188e+01
2.725570297241210938e+01
-7.020643615722656250e+01
9.582086944580078125e+01
8.537990570068359375e+01
-8.711150360107421875e+01
6.194981765747070312e+01
-8.881893920898437500e+01
9.220726776123046875e+01
-3.788107681274414062e+01
6.416201782226562500e+01
-5.066885375976562500e+01
7.301249694824218750e+01
-1.023332214355468750e+01
-6.537901306152343750e+01
9.937984466552734375e+01
8.108488464355468750e+01
9.815589904785156250e+01
-1.803925704956054688e+01
2.695409393310546875e+01
-9.251449584960937500e+01
8.343920135498046875e+01
9.195101928710937500e+01
9.133409118652343750e+01
-9.063974761962890625e+01
-9.243850708007812500e+01
-7.004471588134765625e+01
-8.326258659362792969e+00
5.571883773803710938e+01
8.164883422851562500e+01
-1.732887077331542969e+01
-6.806723785400390625e+01
8.880886077880859375e+01
9.963006591796875000e+01
5.263668441772460938e+01
5.168008804321289062e+01
-7.501533508300781250e+01
9.375756835937500000e+01
4.857880020141601562e+01
-1.377690696716308594e+01
-9.771138763427734375e+01
-5.472444534301757812e+00
8.872763824462890625e+01
3.595265960693359375e+01
-2.804884338378906250e+01
1.202277565002441406e+01
-8.468181610107421875e+01
2.336561775207519531e+01
-7.734643554687500000e+01
-5.897515869140625000e+01
9.788421630859375000e+01
-4.759890747070312500e+01
9.614947509765625000e+01
9.023509979248046875e+01
-4.784649276733398438e+01
6.052272415161132812e+01
6.606263732910156250e+01
-9.806013488769531250e+01
-2.787763214111328125e+01
-6.236758804321289062e+01
9.987657928466796875e+01
8.346102905273437500e+01
9.859202575683593750e+01
-3.163870096206665039e+00
1.361743164062500000e+01
9.122548675537109375e+01
-1.976456642150878906e+01
-1.149362850189208984e+01
9.743996429443359375e+01
8.474027252197265625e+01
-1.343130826950073242e+00
-9.192630004882812500e+01
9.123786926269531250e+01
8.977308654785156250e+01
3.567874526977539062e+01
-9.965988159179687500e+01
-9.975488281250000000e+01
-8.851588439941406250e+01
5.359803390502929688e+01
7.936488151550292969e+00
8.986667633056640625e+01
-8.003602981567382812e+00
4.594313430786132812e+01
-9.629386901855468750e+01
-5.589604187011718750e+01
1.450491714477539062e+01
8.372660064697265625e+01
-3.203503799438476562e+01
2.798419380187988281e+01
-7.226319885253906250e+01
-5.952439117431640625e+01
9.003139495849609375e+01
2.777286529541015625e+01
-6.846131896972656250e+01
7.347086334228515625e+01
9.183463287353515625e+01
-9.317583465576171875e+01
6.713060760498046875e+01
-1.662576484680175781e+01
-4.766508102416992188e+01
1.113968086242675781e+01
9.150743103027343750e+01
9.871890258789062500e+01
-7.958573913574218750e+01
9.211797714233398438e+00
-9.911223602294921875e+01
-3.233907318115234375e+01
1.100860977172851562e+01
7.582872009277343750e+01
-5.711814880371093750e+01
1.045137271285057068e-01
9.225628662109375000e+01
1.999080467224121094e+01
-3.535083389282226562e+01
-9.899491882324218750e+01
-5.440452575683593750e+01
-2.748243713378906250e+01
8.658061981201171875e+01
9.375006866455078125e+01
6.604307556152343750e+01
-8.898476409912109375e+01
9.535971832275390625e+01
8.255467987060546875e+01
3.088258552551269531e+01
-9.473754119873046875e+01
-6.862785339355468750e+01
3.498685836791992188e+01
9.549494934082031250e+01
-3.006592369079589844e+01
-9.545283508300781250e+01
3.678969573974609375e+01
-9.055280303955078125e+01
-9.620127868652343750e+01
8.928952789306640625e+01
1.763521194458007812e+01
1.305173683166503906e+01
-5.551827621459960938e+01
2.240003585815429688e+01
-8.711442565917968750e+01
2.728198242187500000e+01
2.439865303039550781e+01
7.792533874511718750e+01
-8.079197692871093750e+01
-9.610545349121093750e+01
-9.956678009033203125e+01
-6.894560241699218750e+01
9.949013519287109375e+01
-5.238598632812500000e+01
-2.207078170776367188e+01
9.047695922851562500e+01
9.989400482177734375e+01
9.388215637207031250e+01
8.124542999267578125e+01
7.274543762207031250e+01
-7.934730529785156250e+00
-1.377641797065734863e+00
5.019858360290527344e+00
9.409425354003906250e+01
5.048493576049804688e+01
-4.412853240966796875e+01
-9.757675933837890625e+01
-8.558794403076171875e+01
5.573870086669921875e+01
-3.297628021240234375e+01
4.734817886352539062e+01
-9.268416404724121094e+00
7.259716033935546875e+01
9.184024047851562500e+01
-3.683582305908203125e+01
5.072438049316406250e+01
6.130394363403320312e+01
-1.254857444763183594e+01
-9.916366577148437500e+01
1.845774948596954346e-01
9.683884429931640625e+01
-5.030948638916015625e+01
9.010994720458984375e+01
-4.246405792236328125e+01
9.667169189453125000e+01
7.329134368896484375e+01
-8.373255920410156250e+01
5.552038574218750000e+01
-8.198861694335937500e+01
7.871321105957031250e+01
8.720777893066406250e+01
-6.056148910522460938e+01
-6.170408630371093750e+01
8.503955841064453125e+01
-5.750878906250000000e+01
9.231616973876953125e+01
6.744898223876953125e+01
3.182154417037963867e+00
-9.917701721191406250e+01
-7.294244384765625000e+01
5.288447189331054688e+01
-5.895709228515625000e+01
-2.318158531188964844e+01
8.093965148925781250e+01
8.128743743896484375e+01
6.634517669677734375e+01
2.200984191894531250e+01
-9.407340240478515625e+01
-9.589705657958984375e+01
-7.086420440673828125e+01
-6.278913497924804688e+01
9.763236999511718750e+01
7.688352203369140625e+01
9.839633941650390625e+01
-3.903219604492187500e+01
-9.374281311035156250e+01
2.341312408447265625e+01
9.423030853271484375e+01
-3.674960327148437500e+01
1.536570644378662109e+01
4.254642105102539062e+01
1.529846477508544922e+01
-7.343285369873046875e+01
-3.474437713623046875e+01
5.583907318115234375e+01
7.797953033447265625e+01
-6.295310211181640625e+01
-9.490519714355468750e+01
1.446771979331970215e+00
-9.554077911376953125e+01
-8.728079986572265625e+01
5.770164871215820312e+01
-4.353865814208984375e+01
9.320892333984375000e+01
-5.688513946533203125e+01
6.492198944091796875e+01
9.877835083007812500e+01
9.442090606689453125e+01
9.326070404052734375e+01
-9.215706634521484375e+01
-9.131452178955078125e+01
5.149848937988281250e+01
8.119908142089843750e+01
9.038117218017578125e+01
-9.981866455078125000e+01
-9.184645843505859375e+01
-9.547428131103515625e+01
1.371924304962158203e+01
-1.315321445465087891e+01
9.926742553710937500e+01
3.969201278686523438e+01
-9.862395477294921875e+01
-6.701192474365234375e+01
6.610746765136718750e+01
8.530690765380859375e+01
3.738846206665039062e+01
-1.595055198669433594e+01
-7.574333190917968750e+01
9.181690979003906250e+01
-2.351655387878417969e+01
8.783056640625000000e+01
2.620435142517089844e+01
1.012363815307617188e+01
-6.972387695312500000e+01
-9.882808685302734375e+01
6.441838073730468750e+01
1.775273132324218750e+01
-5.885445404052734375e+01
-9.945459747314453125e+01
1.806759452819824219e+01
-5.975115299224853516e-01
-7.709786224365234375e+01
9.279360961914062500e+01
6.840238189697265625e+01
3.926117324829101562e+01
-9.904711914062500000e+01
7.404084777832031250e+01
1.050142765045166016e+01
-8.165843200683593750e+01
-9.638628387451171875e+01
-8.305464172363281250e+01
9.760379028320312500e+01
3.069812583923339844e+01
2.550895500183105469e+01
-9.376730346679687500e+01
-3.552073287963867188e+01
-7.697691345214843750e+01
2.846146011352539062e+01
6.501689910888671875e+01
-4.378390502929687500e+01
7.394039916992187500e+01
-9.302342224121093750e+01
9.349168395996093750e+01
-4.197280883789062500e+01
9.383630371093750000e+01
9.915609741210937500e+01
-1.022640037536621094e+01
5.984462356567382812e+01
-7.472784423828125000e+01
9.594373321533203125e+01
9.637419891357421875e+01
-6.421414184570312500e+01
9.005680084228515625e+01
3.976222229003906250e+01
-6.416128540039062500e+01
-6.595805358886718750e+01
8.843600463867187500e+01
9.445825958251953125e+01
3.295490646362304688e+01
-9.952542877197265625e+01
-8.456181335449218750e+01
-2.255471611022949219e+01
-5.507374954223632812e+01
9.345066833496093750e+01
6.247424316406250000e+01
9.818859100341796875e+01
-5.392565155029296875e+01
-8.325278472900390625e+01
4.694500732421875000e+01
5.924468612670898438e+01
8.014266967773437500e+01
-1.522345900535583496e+00
-5.178052902221679688e+01
-2.940928268432617188e+01
9.307031250000000000e+01
9.316493225097656250e+01
9.788856506347656250e+01
-7.097381591796875000e+01
-9.218524169921875000e+01
8.190901184082031250e+01
4.343994903564453125e+01
5.057489395141601562e+01
-9.884371948242187500e+01
-3.304153823852539062e+01
2.287831306457519531e+01
-3.895357513427734375e+01
4.230513381958007812e+01
-3.843796920776367188e+01
-2.296563911437988281e+01
1.616420626640319824e+00
9.317133331298828125e+01
-1.945226860046386719e+01
8.884783172607421875e+01
-3.232697296142578125e+01
9.138053131103515625e+01
7.366415405273437500e+01
2.068766212463378906e+01
3.682060241699218750e+01
-9.720082092285156250e+01
-9.892858123779296875e+01
-2.586538696289062500e+01
4.403726959228515625e+01
6.522154998779296875e+01
3.138971328735351562e+01
-2.977391433715820312e+01
-9.928026580810546875e+01
-8.983252716064453125e+01
8.452073669433593750e+01
-1.667355346679687500e+01
4.975591278076171875e+01
-8.402294158935546875e+01
3.419540405273437500e+01
-7.641018676757812500e+01
-2.389684104919433594e+01
8.297194671630859375e+01
9.137999725341796875e+01
9.905396270751953125e+01
6.445602416992187500e+01
8.103824615478515625e+01
-7.856204986572265625e+01
-7.907131958007812500e+01
9.746789550781250000e+01
-2.220515441894531250e+01
9.957364654541015625e+01
9.614654541015625000e+01
-4.864536666870117188e+01
1.289320468902587891e+01
-3.281352996826171875e+01
-9.958663940429687500e+01
-3.828633880615234375e+01
2.948109817504882812e+01
9.318667602539062500e+01
2.957533359527587891e+00
-5.309963989257812500e+01
1.209088230133056641e+01
-9.902062225341796875e+01
-7.439598846435546875e+01
8.332484436035156250e+01
-3.450047683715820312e+01
-8.693052673339843750e+01
9.703278350830078125e+01
8.596662139892578125e+01
4.288546371459960938e+01
-9.215124511718750000e+01
9.254680633544921875e+01
-9.599884986877441406e+00
8.242561340332031250e+01
-4.472345352172851562e+01
9.957581329345703125e+01
-1.015626621246337891e+01
9.770166015625000000e+01
9.739045715332031250e+01
-2.378360366821289062e+01
-4.049412155151367188e+01
3.628977203369140625e+01
9.596942901611328125e+01
8.669814300537109375e+01
5.074950408935546875e+01
-7.982634735107421875e+01
-9.467457580566406250e+01
8.041668701171875000e+01
8.476589965820312500e+01
-9.859423828125000000e+01
-9.424485778808593750e+01
8.181428527832031250e+01
-9.038397979736328125e+01
-7.276986694335937500e+01
5.865631866455078125e+01
1.153228473663330078e+01
-9.702272033691406250e+01
-9.483923339843750000e+01
4.274108505249023438e+01
-4.285821151733398438e+01
-1.149610996246337891e+01
9.995606994628906250e+01
9.735776519775390625e+01
9.818035888671875000e+01
9.621737670898437500e+01
2.397305488586425781e+01
-3.409289550781250000e+01
-3.924512100219726562e+01
5.190663909912109375e+01
2.123862838745117188e+01
8.076055908203125000e+01
-4.150456237792968750e+01
-6.781855010986328125e+01
-3.698147964477539062e+01
3.095523071289062500e+01
9.951008605957031250e+01
-5.747194290161132812e+01
1.639575004577636719e+01
9.729515075683593750e+01
4.408290481567382812e+01
-8.270347595214843750e+01
-7.639340209960937500e+01
-6.209001541137695312e+01
2.989876937866210938e+01
-5.006903457641601562e+01
7.981924438476562500e+01
-9.705062103271484375e+01
-7.082703399658203125e+01
-1.027588367462158203e+01
6.569912719726562500e+01
9.468988037109375000e+01
9.923850250244140625e+01
8.188747406005859375e+01
1.888469314575195312e+01
-8.475705718994140625e+01
-7.576936340332031250e+01
1.569098567962646484e+01
2.276054382324218750e+01
6.997943115234375000e+01
-4.542081832885742188e+01
-9.296748352050781250e+01
5.520877075195312500e+01
6.653992462158203125e+01
9.851236343383789062e+00
-8.903924560546875000e+01
-7.715119171142578125e+01
-3.419226074218750000e+01
9.764166259765625000e+01
-6.161348342895507812e+01
2.499643516540527344e+01
-1.867643356323242188e+00
-4.339782714843750000e+01
2.427896690368652344e+01
-5.456830215454101562e+01
7.472827148437500000e+01
9.311887359619140625e+01
9.745743560791015625e+01
-7.818051910400390625e+01
4.926813507080078125e+01
-5.602713394165039062e+01
5.134785079956054688e+01
-7.293893432617187500e+01
4.450110244750976562e+01
9.938897705078125000e+01
9.374438476562500000e+01
-1.942759752273559570e+00
-3.146377754211425781e+01
9.064771652221679688e+00
7.929013061523437500e+01
-8.778032684326171875e+01
1.285453605651855469e+01
-5.090606689453125000e+01
-4.839643478393554688e+01
-5.860107040405273438e+01
6.597523498535156250e+01
9.296955108642578125e+01
9.001029205322265625e+01
-8.542662048339843750e+01
-9.101537322998046875e+01
7.950111389160156250e+01
6.119732284545898438e+01
-6.121649169921875000e+01
8.723203277587890625e+01
2.929933929443359375e+01
7.200256347656250000e+01
-9.805960845947265625e+01
-9.829476928710937500e+01
9.890347480773925781e+00
-5.072019577026367188e+01
7.151206207275390625e+01
4.829558944702148438e+01
-8.683937072753906250e+01
-5.898780822753906250e+01
-9.832158660888671875e+01
4.850637817382812500e+01
6.531655883789062500e+01
-2.806433677673339844e+01
9.436890411376953125e+01
-7.373946380615234375e+01
5.506050491333007812e+01
-2.186468315124511719e+01
-4.418807601928710938e+01
9.287162017822265625e+01
8.141057586669921875e+01
9.920764923095703125e+01
6.722271728515625000e+01
6.754319000244140625e+01
-3.775278472900390625e+01
-5.507910156250000000e+01
-2.462497138977050781e+01
9.821841430664062500e+01
-2.535636138916015625e+01
7.903388977050781250e+01
7.588848114013671875e+01
-8.519085693359375000e+01
-7.747905731201171875e+01
-6.543653106689453125e+01
1.735209465026855469e+01
9.978809356689453125e+01
9.663738250732421875e+01
9.727313232421875000e+01
-7.332878112792968750e+01
7.923296356201171875e+01
-7.780541992187500000e+01
-7.616923522949218750e+01
9.915226745605468750e+01
9.073348999023437500e+01
-9.310346603393554688e+00
7.034237670898437500e+01
4.468860626220703125e+01
-6.215162277221679688e+01
-6.137869262695312500e+01
8.975934600830078125e+01
4.204008483886718750e+01
-8.079067993164062500e+01
9.326259613037109375e+01
-4.345718765258789062e+01
-7.201614379882812500e+01
1.351286125183105469e+01
7.977193450927734375e+01
-2.710502815246582031e+01
8.359292602539062500e+01
-4.810329818725585938e+01
5.713456726074218750e+01
3.480258941650390625e+01
1.895047950744628906e+01
-8.485343170166015625e+01
-7.839621734619140625e+01
-2.136659812927246094e+01
4.792662429809570312e+01
-7.291487884521484375e+01
7.639646911621093750e+01
9.323718261718750000e+01
-1.149975109100341797e+01
-6.681800079345703125e+01
8.168421936035156250e+01
-7.705873107910156250e+01
9.029671478271484375e+01
9.208937072753906250e+01
9.898522949218750000e+01
-7.401329040527343750e+01
-7.638011169433593750e+01
6.287984848022460938e+01
9.153646850585937500e+01
5.662155914306640625e+01
-9.827467346191406250e+01
3.728343963623046875e+01
-9.187506103515625000e+01
-1.123556613922119141e+01
1.216906642913818359e+01
2.944794082641601562e+01
-7.227513885498046875e+01
-6.987111091613769531e+00
6.439025115966796875e+01
-2.865637779235839844e+01
9.757857513427734375e+01
8.260069274902343750e+01
8.550329589843750000e+01
-8.700259208679199219e+00
-6.676939392089843750e+01
9.996479034423828125e+01
9.997273254394531250e+01
9.980682373046875000e+01
9.821359252929687500e+01
9.340665435791015625e+01
5.728121566772460938e+01
4.504738616943359375e+01
2.475590133666992188e+01
1.755212402343750000e+01
-6.411937713623046875e+01
-5.507733917236328125e+01
9.600172424316406250e+01
9.080737304687500000e+01
-2.934701156616210938e+01
4.633108615875244141e+00
7.820565032958984375e+01
-9.617291259765625000e+01
7.393318939208984375e+01
1.489655113220214844e+01
6.298348236083984375e+01
5.321489715576171875e+01
-7.489544677734375000e+01
-2.266642379760742188e+01
-4.259570693969726562e+01
-6.338501739501953125e+01
8.562905120849609375e+01
9.392137527465820312e+00
5.935337066650390625e+01
2.950929641723632812e+01
1.496342086791992188e+01
-7.112873840332031250e+01
6.510353088378906250e+01
-7.648668670654296875e+01
-9.859135437011718750e+01
9.736791229248046875e+01
-9.246706390380859375e+01
1.805382728576660156e+01
-9.558106994628906250e+01
-9.937028503417968750e+01
-5.245764923095703125e+01
-9.930124664306640625e+01
-8.274182891845703125e+01
8.129093170166015625e+01
-9.062125396728515625e+01
3.123012161254882812e+01
9.614537811279296875e+01
9.593624114990234375e+01
9.923331451416015625e+01
9.959981536865234375e+01
9.999113464355468750e+01
9.999518585205078125e+01
9.963967895507812500e+01
9.962884521484375000e+01
9.627312469482421875e+01
9.997057342529296875e+01
8.720478057861328125e+01
2.291683197021484375e+01
-2.724403381347656250e+01
-9.732931518554687500e+01
-5.762482833862304688e+01
-9.678237152099609375e+01
8.297456359863281250e+01
-4.938114547729492188e+01
-3.583847427368164062e+01
-8.240063476562500000e+01
2.575151824951171875e+01
-5.241181182861328125e+01
-2.672685623168945312e+01
6.530488586425781250e+01
8.623786926269531250e+01
1.381954383850097656e+01
1.352996063232421875e+01
6.164197158813476562e+01
-4.141600036621093750e+01
-7.504515838623046875e+01
-7.120994567871093750e+01
8.409869384765625000e+01
7.403649902343750000e+01
-7.959447860717773438e+00
8.951268768310546875e+01
-5.502112960815429688e+01
-9.383225250244140625e+01
7.441611480712890625e+01
7.552146911621093750e+01
8.194970703125000000e+01
-4.404679870605468750e+01
-8.895742034912109375e+01
-7.168986511230468750e+01
9.245603942871093750e+01
9.975706481933593750e+01
7.238571929931640625e+01
8.025115203857421875e+01
-7.692753601074218750e+01
-6.077775192260742188e+01
5.096391201019287109e+00
6.510153961181640625e+01
7.586278533935546875e+01
-9.268009185791015625e+01
-8.345473480224609375e+01
-2.165248870849609375e+01
8.491127014160156250e+01
9.209009552001953125e+01
4.245433044433593750e+01
6.250146102905273438e+01
-2.835967302322387695e+00
-9.700218200683593750e+01
-5.133056640625000000e+01
-2.509244155883789062e+01
6.260002136230468750e+01
7.566944599151611328e+00
1.456955242156982422e+01
-5.438819122314453125e+01
-8.589889526367187500e+01
5.082284927368164062e+01
-9.014851570129394531e+00
8.962436676025390625e+01
9.903679656982421875e+01
-7.663220214843750000e+01
8.714802551269531250e+01
6.668791198730468750e+01
-5.305134201049804688e+01
4.099436950683593750e+01
-2.073292541503906250e+01
2.240202903747558594e+01
-2.188074302673339844e+01
8.378214263916015625e+01
-4.665807342529296875e+01
-5.713684082031250000e+01
-5.204164505004882812e+01
9.916204833984375000e+01
9.005477142333984375e+01
7.855593872070312500e+01
5.187585830688476562e+01
-5.824154663085937500e+01
-5.143598175048828125e+01
-9.797407150268554688e+00
8.767756652832031250e+01
9.977394104003906250e+01
8.234688568115234375e+01
3.890747833251953125e+01
7.988700103759765625e+01
-7.118170738220214844e+00
-5.037112808227539062e+01
-1.528866577148437500e+01
9.530646514892578125e+01
-8.066165161132812500e+01
6.249398422241210938e+01
7.228343200683593750e+01
-2.890542411804199219e+01
-5.212987136840820312e+01
-6.407131195068359375e+01
-7.323538208007812500e+01
4.521709442138671875e+01
8.167927551269531250e+01
9.992431640625000000e+01
8.571382141113281250e+01
5.950757217407226562e+01
-6.866152191162109375e+01
2.603028488159179688e+01
1.982750892639160156e+00
-2.088622665405273438e+01
4.458616638183593750e+01
-9.675498199462890625e+01
-9.640756225585937500e+01
-8.285349273681640625e+01
-7.621564483642578125e+01
7.887291717529296875e+01
-8.855910491943359375e+01
7.946595764160156250e+01
1.550673675537109375e+01
1.610127258300781250e+01
-7.046147918701171875e+01
3.020225524902343750e+01
-3.982534790039062500e+01
8.215174865722656250e+01
2.994413375854492188e+01
-6.779036712646484375e+01
-8.353441619873046875e+01
-4.287495040893554688e+01
-7.527616882324218750e+01
9.834822082519531250e+01
9.865585327148437500e+01
9.976166534423828125e+01
1.674835586547851562e+01
-1.015762329101562500e+00
5.732498931884765625e+01
-8.736854553222656250e+01
-7.561248779296875000e+01
9.966342163085937500e+01
9.966336822509765625e+01
-3.421527099609375000e+01
-3.963548660278320312e+01
8.003208160400390625e+01
6.814424133300781250e+01
-8.946891784667968750e+01
3.294246673583984375e+01
8.913733673095703125e+01
9.726782989501953125e+01
5.729414367675781250e+01
-7.467073822021484375e+01
-9.993363952636718750e+01
-9.323203277587890625e+01
8.566373443603515625e+01
-6.252856826782226562e+01
-4.624675369262695312e+01
8.634468078613281250e+01
-8.878648376464843750e+01
-8.294728088378906250e+01
9.125418090820312500e+01
7.910321044921875000e+01
4.882756423950195312e+01
-6.156440353393554688e+01
9.677971649169921875e+01
4.486651229858398438e+01
2.333968734741210938e+01
1.340326786041259766e+01
-9.596226501464843750e+01
-9.729253387451171875e+01
-9.657878875732421875e+01
-5.482035827636718750e+01
9.435599517822265625e+01
-6.834033966064453125e+01
3.003334522247314453e+00
-7.406075286865234375e+01
-7.730950164794921875e+01
4.966779232025146484e+00
7.494409942626953125e+01
9.099393463134765625e+01
-6.273912048339843750e+01
5.077913284301757812e+01
5.075429534912109375e+01
-5.312033843994140625e+01
-5.921224975585937500e+01
8.742031860351562500e+01
6.432008361816406250e+01
-4.798669433593750000e+01
9.931437683105468750e+01
-3.640559387207031250e+01
-8.027742004394531250e+01
9.869715881347656250e+01
9.668421936035156250e+01
3.070736503601074219e+01
-8.190483093261718750e+01
-5.192130279541015625e+01
-4.313331222534179688e+01
6.513687896728515625e+01
8.936063385009765625e+01
9.376082611083984375e+01
6.810907745361328125e+01
-4.241572189331054688e+01
-8.536967468261718750e+01
-8.034034729003906250e+01
9.220378112792968750e+01
7.974499511718750000e+01
6.036717987060546875e+01
3.410126876831054688e+01
-9.291324615478515625e+01
-6.219604492187500000e+01
-2.301356315612792969e+01
9.832018280029296875e+01
3.091163253784179688e+01
-2.457021713256835938e+01
-2.527497100830078125e+01
-2.302863502502441406e+01
9.572097015380859375e+01
9.722337341308593750e+01
2.212018585205078125e+01
7.304054260253906250e+01
6.866320037841796875e+01
-8.940184020996093750e+01
-7.294661712646484375e+01
3.518206405639648438e+01
-2.856004524230957031e+01
-7.051132965087890625e+01
9.287515258789062500e+01
1.441356849670410156e+01
-7.762717437744140625e+01
-5.493819808959960938e+01
-5.172489881515502930e-01
8.485721588134765625e+01
-7.168959045410156250e+01
9.974860382080078125e+01
7.405299377441406250e+01
4.764775466918945312e+01
-8.252742004394531250e+01
9.485794067382812500e+01
-6.382189559936523438e+01
8.861022186279296875e+01
-8.852694702148437500e+01
-1.215354537963867188e+01
9.677452850341796875e+01
9.794563293457031250e+01
-7.167546081542968750e+01
6.061370849609375000e+01
4.727001190185546875e+01
8.789731597900390625e+01
2.877405357360839844e+01
-9.654345703125000000e+01
-7.706253051757812500e+01
-9.660684967041015625e+01
-8.717444610595703125e+01
8.323216247558593750e+01
3.584880447387695312e+01
-8.549584197998046875e+01
-8.240518951416015625e+01
-4.287055587768554688e+01
7.312615203857421875e+01
9.719989013671875000e+01
6.135577392578125000e+01
-3.385852432250976562e+01
9.600932312011718750e+01
-6.868570709228515625e+01
8.051387023925781250e+01
-3.423580169677734375e+00
7.168999481201171875e+01
5.794704055786132812e+01
-7.073368072509765625e+01
6.755815124511718750e+01
-8.236617279052734375e+01
-4.006459426879882812e+01
6.577886199951171875e+01
9.663863372802734375e+01
9.746948242187500000e+01
5.692109298706054688e+01
-9.014500427246093750e+01
-7.987274169921875000e+01
-5.351733016967773438e+01
5.707980346679687500e+01
9.785617828369140625e+01
9.485518646240234375e+01
-9.370801925659179688e+00
4.660097503662109375e+01
-7.958090972900390625e+01
-9.660272979736328125e+01
6.074591827392578125e+01
9.476535797119140625e+01
5.836330032348632812e+01
-8.428163909912109375e+01
-9.849857330322265625e+01
-6.441680145263671875e+01
-9.744738769531250000e+01
-1.648741602897644043e+00
9.619578552246093750e+01
9.897840118408203125e+01
9.801268768310546875e+01
9.670683288574218750e+01
3.417832565307617188e+01
-2.237827491760253906e+01
-4.957262420654296875e+01
4.665477752685546875e+00
9.463050842285156250e+01
-8.940825653076171875e+01
-1.105913925170898438e+01
9.914163208007812500e+01
5.257670211791992188e+01
8.752245330810546875e+01
-1.388047218322753906e+01
-5.808972549438476562e+01
-6.477188110351562500e+01
9.818559265136718750e+01
9.167007446289062500e+01
9.737609863281250000e+01
-8.500449371337890625e+01
-4.651014328002929688e+01
-8.423940277099609375e+01
7.882048034667968750e+01
8.939743041992187500e+01
8.866429138183593750e+01
3.299299621582031250e+01
-8.973159027099609375e+01
-9.781005096435546875e+01
1.721670722961425781e+01
7.838822937011718750e+01
-6.684530639648437500e+01
-7.203259277343750000e+01
8.935534667968750000e+01
9.313510894775390625e+01
2.064464569091796875e+01
-7.547483062744140625e+01
-9.647985839843750000e+01
6.721002197265625000e+01
-7.127053833007812500e+01
5.679642105102539062e+01
2.568012237548828125e+01
-9.886393737792968750e+01
-9.918345642089843750e+01
-8.884780120849609375e+01
7.611180877685546875e+01
6.223711395263671875e+01
9.432804870605468750e+01
-9.862830352783203125e+01
-9.955619049072265625e+01
-6.631474018096923828e+00
7.936196136474609375e+01
9.863069915771484375e+01
1.073124885559082031e+01
5.467238998413085938e+01
-3.420602035522460938e+01
3.926057815551757812e+01
-7.679086303710937500e+01
-9.500020599365234375e+01
9.498001098632812500e+01
8.703305053710937500e+01
-8.750388336181640625e+01
7.303528594970703125e+01
-5.512693405151367188e+01
-7.816030883789062500e+01
8.658115386962890625e+01
9.848880767822265625e+01
7.939733123779296875e+01
-8.720350646972656250e+01
1.044250011444091797e+01
-6.059767532348632812e+01
-8.591011047363281250e+01
5.687176132202148438e+01
8.995939636230468750e+01
3.743938446044921875e+01
-6.780680084228515625e+01
-4.619431304931640625e+01
-6.523492431640625000e+01
9.956810760498046875e+01
6.231993865966796875e+01
7.837448883056640625e+01
-8.075963592529296875e+01
-2.611824035644531250e+01
6.928923034667968750e+01
9.611582183837890625e+01
2.488274002075195312e+01
-8.219805908203125000e+01
2.506684303283691406e+01
-2.703390502929687500e+01
-8.159314727783203125e+01
2.761895179748535156e+00
-6.602949523925781250e+01
-8.811134338378906250e+01
9.405328369140625000e+01
7.112897491455078125e+01
8.109486389160156250e+01
-6.942027282714843750e+01
7.859524536132812500e+01
-9.903038024902343750e+01
7.107648468017578125e+01
6.646683502197265625e+01
-9.554193115234375000e+01
-8.992703247070312500e+01
-6.111124801635742188e+01
8.065389251708984375e+01
9.791159057617187500e+01
1.326155948638916016e+01
-8.459661865234375000e+01
-7.156479644775390625e+01
5.055643463134765625e+01
7.300124359130859375e+01
-6.051809310913085938e+01
-1.739159202575683594e+01
9.028890991210937500e+01
8.469636535644531250e+01
-7.083014965057373047e+00
2.163028335571289062e+01
-6.292557144165039062e+01
2.146552848815917969e+01
-2.745405197143554688e+01
-1.906917381286621094e+01
9.894936370849609375e+01
9.993309020996093750e+01
-3.904549407958984375e+01
2.579765701293945312e+01
9.821929168701171875e+01
9.681193542480468750e+01
-5.938940811157226562e+01
6.807235717773437500e+01
5.726826095581054688e+01
-4.192555999755859375e+01
-3.605084228515625000e+01
-6.066585922241210938e+01
-7.191215515136718750e+00
-8.459706115722656250e+01
9.797149658203125000e+01
9.956401824951171875e+01
9.830108642578125000e+01
2.584160232543945312e+01
6.296443939208984375e+01
-9.638471984863281250e+01
-8.342700958251953125e+01
1.301035690307617188e+01
4.017683792114257812e+01
2.178258132934570312e+01
-9.750244903564453125e+01
-9.887069702148437500e+01
-7.511470794677734375e+01
-9.830693054199218750e+01
6.079542541503906250e+01
5.185915756225585938e+01
-6.421805620193481445e-01
2.844777488708496094e+01
3.479053115844726562e+01
-9.646730041503906250e+01
-9.036673736572265625e+01
4.598654174804687500e+01
7.149040985107421875e+01
4.131069564819335938e+01
-9.583963012695312500e+01
-8.124698638916015625e+01
-9.940508270263671875e+01
4.778301239013671875e+00
5.431189727783203125e+01
6.241193389892578125e+01
-1.091326332092285156e+01
-7.248517036437988281e+00
1.202813625335693359e+01
-9.344988250732421875e+01
-7.454665374755859375e+01
9.976145935058593750e+01
9.761366271972656250e+01
7.655912780761718750e+01
7.973314666748046875e+01
-7.229223728179931641e+00
-1.129314899444580078e+01
7.169826507568359375e+01
9.888427734375000000e+01
8.473738098144531250e+01
-5.160965728759765625e+01
-3.523651504516601562e+01
-9.029808044433593750e+01
7.230484771728515625e+01
9.900228881835937500e+01
9.605941772460937500e+01
-5.501704406738281250e+01
-1.266822624206542969e+01
2.730565452575683594e+01
-6.152808761596679688e+01
5.496711730957031250e+01
9.506832122802734375e+01
-4.209517955780029297e+00
-1.548119640350341797e+01
8.664629364013671875e+01
9.854792022705078125e+01
9.767037963867187500e+01
-5.735756683349609375e+01
9.074852752685546875e+01
9.285771942138671875e+01
1.395540237426757812e+00
-9.335311889648437500e+01
-9.924687957763671875e+01
-9.174450683593750000e+01
-6.307252502441406250e+01
-8.605252075195312500e+01
8.512299346923828125e+01
4.485346221923828125e+01
-5.761418914794921875e+01
-3.308839416503906250e+01
9.261739349365234375e+01
6.520622253417968750e+01
5.048872375488281250e+01
2.733566665649414062e+01
-4.803664779663085938e+01
6.677606964111328125e+01
-5.752348327636718750e+01
-8.119239044189453125e+01
8.116403961181640625e+01
-2.726925659179687500e+01
9.766029357910156250e+01
-7.607264709472656250e+01
8.819252014160156250e+01
-8.176364898681640625e+01
-5.405881881713867188e+01
5.857663726806640625e+01
9.978530120849609375e+01
9.359636688232421875e+01
5.127843093872070312e+01
-8.253638458251953125e+01
-7.170697784423828125e+01
9.667073059082031250e+01
9.328516387939453125e+01
1.063350486755371094e+01
-9.089019775390625000e+00
-7.241846466064453125e+01
-1.273893737792968750e+01
8.024059295654296875e+01
6.045597839355468750e+01
-2.689997291564941406e+01
-5.455114746093750000e+01
-5.941568756103515625e+01
9.993231964111328125e+01
9.833506774902343750e+01
8.909339904785156250e+01
9.975348663330078125e+01
9.909419250488281250e+01
2.359792518615722656e+01
-9.006984710693359375e+01
-6.932141876220703125e+01
8.765396881103515625e+01
-1.394014167785644531e+01
-7.574932098388671875e+01
-7.253451538085937500e+01
-9.305004119873046875e+01
7.526320648193359375e+01
5.729648971557617188e+01
-7.614246845245361328e+00
7.301033973693847656e+00
6.279970932006835938e+01
-9.256497955322265625e+01
2.819055938720703125e+01
-4.430186462402343750e+01
9.174157714843750000e+01
4.171049499511718750e+01
9.308594512939453125e+01
-9.920406341552734375e+01
-8.100058746337890625e+01
7.932563018798828125e+01
-7.562818908691406250e+01
-7.546219635009765625e+01
-7.162902069091796875e+01
9.256658935546875000e+01
8.836035156250000000e+01
-2.925038099288940430e+00
8.073538208007812500e+01
6.134439849853515625e+01
-3.225354385375976562e+01
-1.283031845092773438e+01
9.987505340576171875e+01
9.212174224853515625e+01
9.891510772705078125e+01
6.350517272949218750e+01
-3.763409423828125000e+01
-8.079410552978515625e+01
8.974272918701171875e+01
-2.372576522827148438e+01
9.420521545410156250e+01
9.836416625976562500e+01
9.663321685791015625e+01
-9.938955688476562500e+01
-9.661339569091796875e+01
-3.963676452636718750e+01
4.306641387939453125e+01
9.865391540527343750e+01
2.719887161254882812e+01
-6.916311645507812500e+01
-9.202531433105468750e+01
-2.808563613891601562e+01
-8.938785552978515625e+01
9.765619659423828125e+01
7.764394378662109375e+01
7.969965362548828125e+01
7.977339172363281250e+01
2.194147491455078125e+01
-7.540833282470703125e+01
-7.423078155517578125e+01
2.302951240539550781e+01
7.559563446044921875e+01
5.317754745483398438e+01
-8.361721801757812500e+01
-9.919666290283203125e+01
-9.799159240722656250e+01
-8.973760986328125000e+01
4.166722488403320312e+01
-2.477503013610839844e+01
9.363364410400390625e+01
8.911898040771484375e+01
-3.319854354858398438e+01
5.167984008789062500e+00
7.632770538330078125e+01
-2.231203079223632812e+01
2.893841934204101562e+01
3.761806106567382812e+01
-2.495235252380371094e+01
6.169148254394531250e+01
-2.288323783874511719e+01
-3.661168670654296875e+01
8.871182250976562500e+01
2.672612762451171875e+01
-4.326137542724609375e+01
4.901799392700195312e+01
7.524491882324218750e+01
-9.254034423828125000e+01
-9.088762664794921875e+01
7.890600585937500000e+01
6.111743545532226562e+01
-4.426996612548828125e+01
-6.242107009887695312e+01
-8.574596405029296875e+01
9.583795928955078125e+01
9.371162414550781250e+01
-4.655754089355468750e+01
6.909581756591796875e+01
-4.113059997558593750e+01
8.886278533935546875e+01
2.418534469604492188e+01
-2.849911499023437500e+01
-6.241088485717773438e+01
9.620540618896484375e+01
9.814089202880859375e+01
2.884256172180175781e+01
5.283132171630859375e+01
-9.386607360839843750e+01
-6.942814826965332031e+00
4.518217849731445312e+01
-7.842738342285156250e+01
3.926578903198242188e+01
3.728459167480468750e+01
-9.198209381103515625e+01
7.546023845672607422e+00
-8.879177093505859375e+01
-7.934130096435546875e+01
-4.318894577026367188e+01
-4.004241943359375000e+01
9.110683441162109375e+01
9.862001037597656250e+01
6.069251251220703125e+01
-2.598843955993652344e+01
6.948340606689453125e+01
7.349225616455078125e+01
