-9.579390883445739746e-01
-4.895780086517333984e-01
6.030343174934387207e-01
7.403642535209655762e-01
1.636017858982086182e-02
7.753287553787231445e-01
-5.476296544075012207e-01
-7.555193901062011719e-01
-9.088151454925537109e-01
7.660221457481384277e-01
-9.885827898979187012e-01
8.119646906852722168e-01
7.994272112846374512e-01
-6.909729242324829102e-01
-3.114950656890869141e-01
7.375024557113647461e-01
-9.927030205726623535e-01
-8.601760864257812500e-01
-2.265089750289916992e-02
-5.241180658340454102e-01
3.942612409591674805e-01
7.356013059616088867e-01
-5.242019295692443848e-01
-8.980916738510131836e-01
-3.441061079502105713e-01
-2.248684614896774292e-01
7.267264127731323242e-01
8.486679792404174805e-01
9.389294981956481934e-01
9.372841119766235352e-01
9.895519018173217773e-01
-4.552300274372100830e-02
-1.855037063360214233e-01
4.936929941177368164e-01
-5.263159871101379395e-01
7.905452251434326172e-01
7.686010599136352539e-01
-2.568289935588836670e-01
-5.435742735862731934e-01
9.992867112159729004e-01
-4.398075938224792480e-01
-6.871352791786193848e-01
8.754845857620239258e-01
1.257189065217971802e-01
-1.108297053724527359e-02
1.934702247381210327e-01
-5.940234661102294922e-01
1.249987557530403137e-01
9.233561158180236816e-01
-1.036033630371093750e-01
-8.257258534431457520e-01
-8.749472498893737793e-01
4.361720979213714600e-01
5.146931409835815430e-01
4.773572385311126709e-01
8.316092491149902344e-01
-8.025079965591430664e-02
-7.207660079002380371e-01
7.408174872398376465e-01
-8.435586839914321899e-02
-4.313190579414367676e-01
6.879277825355529785e-01
7.813482284545898438e-01
-9.394962191581726074e-01
-7.454469799995422363e-01
-9.869179129600524902e-01
6.947884559631347656e-01
-8.460326194763183594e-01
6.358947753906250000e-01
-8.068250417709350586e-01
-8.728245496749877930e-01
-9.344290494918823242e-01
6.437277793884277344e-01
-9.693905711174011230e-01
-7.322387695312500000e-01
-9.006103277206420898e-01
-5.699896216392517090e-01
7.017548680305480957e-01
5.896822810173034668e-01
-4.735551476478576660e-01
-1.369288414716720581e-01
-7.810980081558227539e-01
-5.625828504562377930e-01
5.353391766548156738e-01
9.245812892913818359e-01
-5.864423513412475586e-01
1.446796804666519165e-01
2.788503170013427734e-01
9.445042610168457031e-01
1.803823709487915039e-01
-7.207032442092895508e-01
7.600886225700378418e-01
9.460913538932800293e-01
-1.840581893920898438e-01
9.296293258666992188e-01
8.717089295387268066e-01
7.573760747909545898e-01
-1.279931366443634033e-01
1.732516735792160034e-01
-9.696002602577209473e-01
-2.673914432525634766e-01
-5.603447929024696350e-02
1.993342190980911255e-01
7.919200062751770020e-01
6.673864722251892090e-01
8.395303487777709961e-01
-1.052316129207611084e-01
-1.059361845254898071e-01
-3.524529039859771729e-01
-7.569484114646911621e-01
-7.518221735954284668e-01
-9.181611537933349609e-01
-9.519560933113098145e-01
-9.443078041076660156e-01
-1.272110491991043091e-01
-4.620655477046966553e-01
4.427760839462280273e-01
2.725854218006134033e-01
-7.487686276435852051e-01
-9.019562602043151855e-01
-3.823974132537841797e-01
4.448352381587028503e-02
1.328369528055191040e-01
-7.885830402374267578e-01
2.897725701332092285e-01
-4.522935450077056885e-01
-7.195390462875366211e-01
-7.684360146522521973e-01
4.775791242718696594e-02
-2.175430655479431152e-01
8.470200896263122559e-01
6.102643609046936035e-01
1.392426639795303345e-01
6.814389228820800781e-01
6.319988369941711426e-01
8.842027783393859863e-01
-7.306150197982788086e-01
7.327119708061218262e-01
9.324444457888603210e-03
-7.196959853172302246e-01
1.705242395401000977e-01
3.986636996269226074e-01
-3.929862976074218750e-01
-6.021057367324829102e-01
8.677255511283874512e-01
4.079921841621398926e-01
-9.314758777618408203e-01
-7.215073108673095703e-01
7.828432917594909668e-01
-5.506690740585327148e-01
-7.453487515449523926e-01
-5.494444370269775391e-01
-5.493738055229187012e-01
-1.163924112915992737e-01
6.056798696517944336e-01
8.782846331596374512e-01
-8.783004879951477051e-01
-6.020094156265258789e-01
-5.702159404754638672e-01
-9.747998714447021484e-01
3.744590878486633301e-01
8.053346723318099976e-02
3.740274906158447266e-01
-9.236724376678466797e-01
1.855188757181167603e-01
-5.291177630424499512e-01
9.161190986633300781e-01
7.703734040260314941e-01
-9.606881141662597656e-01
8.121057748794555664e-01
-2.509135901927947998e-01
9.019154310226440430e-02
4.981378614902496338e-01
7.575307488441467285e-01
7.793487906455993652e-01
4.527592360973358154e-01
-1.523825228214263916e-01
9.408895969390869141e-01
9.087917208671569824e-01
1.461008340120315552e-01
-3.675449788570404053e-01
-2.629521489143371582e-01
-9.467344880104064941e-01
-8.252169489860534668e-01
-6.665363311767578125e-01
-7.874282002449035645e-01
-9.465119242668151855e-01
-3.761346936225891113e-01
-3.982129395008087158e-01
-5.405148267745971680e-01
-9.508299231529235840e-01
3.236754238605499268e-02
1.197342574596405029e-01
3.242254555225372314e-01
-6.359909176826477051e-01
-4.889738857746124268e-01
-8.608930706977844238e-01
2.299425452947616577e-01
8.154372572898864746e-01
7.171764373779296875e-01
3.250728249549865723e-01
6.409109234809875488e-01
7.013777494430541992e-01
3.321899473667144775e-01
1.110047623515129089e-01
-9.038526415824890137e-01
3.600536882877349854e-01
1.298155039548873901e-01
7.735449671745300293e-01
-5.730928853154182434e-02
-5.388810634613037109e-01
-6.190724968910217285e-01
2.883444130420684814e-01
4.829270243644714355e-01
-9.728606939315795898e-01
-4.971794784069061279e-01
-5.371736884117126465e-01
9.106150865554809570e-01
3.437810242176055908e-01
1.549006998538970947e-01
1.854674816131591797e-01
-4.513508677482604980e-01
-2.325216531753540039e-01
4.017529785633087158e-01
-6.201139688491821289e-01
2.981805205345153809e-01
6.105710864067077637e-01
-3.960045278072357178e-01
-7.025877833366394043e-01
7.448165118694305420e-02
8.770647048950195312e-01
6.476099789142608643e-02
1.733252704143524170e-01
-6.868754625320434570e-01
-8.163467645645141602e-01
3.359033167362213135e-01
6.299055814743041992e-01
6.877869963645935059e-01
-4.525096118450164795e-01
9.229700565338134766e-01
8.782590031623840332e-01
-7.966529577970504761e-02
-2.538195252418518066e-01
7.431321144104003906e-01
-7.455156445503234863e-01
2.825770676136016846e-01
-9.691213369369506836e-01
-9.614606499671936035e-01
-9.278929829597473145e-01
-6.305812597274780273e-01
3.018922805786132812e-01
-8.785188198089599609e-01
8.788755536079406738e-01
2.080813348293304443e-01
3.135352730751037598e-01
-7.172259092330932617e-01
-4.059653878211975098e-01
5.087044835090637207e-01
-6.922478973865509033e-02
-6.211525946855545044e-02
-2.854385375976562500e-01
-7.381125092506408691e-01
3.892787694931030273e-01
-6.821296215057373047e-01
5.688092112541198730e-01
7.768079638481140137e-01
8.099361658096313477e-01
-1.508721262216567993e-01
-8.674310445785522461e-01
1.364511251449584961e-01
-8.079936355352401733e-02
-6.987204402685165405e-02
9.816828966140747070e-01
9.826765656471252441e-01
7.994616031646728516e-02
-8.226941227912902832e-01
1.260521113872528076e-01
5.403598770499229431e-02
8.342725038528442383e-01
-5.911296606063842773e-01
-3.805176913738250732e-01
7.664687633514404297e-01
3.725881576538085938e-01
2.692290842533111572e-01
-7.079938650131225586e-01
6.478278040885925293e-01
-7.135925889015197754e-01
-7.745622396469116211e-01
-9.493266940116882324e-01
-8.730608820915222168e-01
-4.470425844192504883e-02
-8.416604995727539062e-01
-3.311499059200286865e-01
9.134585261344909668e-01
4.150983095169067383e-01
5.770929455757141113e-01
-5.046685934066772461e-01
-6.958695054054260254e-01
-9.796444177627563477e-01
2.606527209281921387e-01
-8.291926383972167969e-01
7.646426558494567871e-01
-4.445401728153228760e-01
-4.610983729362487793e-01
9.232261180877685547e-01
-9.781709909439086914e-01
-1.069177761673927307e-01
-9.167230725288391113e-01
1.225510537624359131e-01
2.137648612260818481e-01
4.769164025783538818e-01
7.217548489570617676e-01
6.822186112403869629e-01
-5.201088637113571167e-02
5.932773351669311523e-01
7.586163878440856934e-01
-5.714845061302185059e-01
3.544957637786865234e-01
1.009890437126159668e-01
5.116343498229980469e-01
4.082440864294767380e-03
-5.753404498100280762e-01
-3.142198920249938965e-02
-8.829228281974792480e-01
6.234836578369140625e-01
5.924305915832519531e-01
-2.422942668199539185e-01
-8.290694952011108398e-01
-5.421139597892761230e-01
7.705643177032470703e-01
-1.673144847154617310e-01
2.733779549598693848e-01
-8.328787684440612793e-01
-4.246746003627777100e-01
-7.393859028816223145e-01
2.617990076541900635e-01
-4.345387816429138184e-01
-9.022589921951293945e-01
6.751173138618469238e-01
-7.683672308921813965e-01
8.237864971160888672e-01
-6.201311349868774414e-01
-2.630670070648193359e-01
-6.183788776397705078e-01
-8.587048649787902832e-01
1.589889377355575562e-01
-8.977800011634826660e-01
8.627026677131652832e-01
9.253170490264892578e-01
3.976916968822479248e-01
9.001328349113464355e-01
6.100005507469177246e-01
6.477040052413940430e-01
-3.216862082481384277e-01
9.098472595214843750e-01
5.100276470184326172e-01
9.927756786346435547e-01
-5.510091781616210938e-01
-8.786311149597167969e-01
-9.076074957847595215e-01
-7.062041759490966797e-01
-9.765056371688842773e-01
-4.383857846260070801e-01
5.009825825691223145e-01
-7.606876492500305176e-01
-9.516942501068115234e-01
-6.237802505493164062e-01
-3.064949214458465576e-01
2.562354505062103271e-01
1.815916895866394043e-01
7.564423680305480957e-01
2.298457771539688110e-01
-7.261435985565185547e-01
-8.475384116172790527e-01
6.415393352508544922e-01
6.158739924430847168e-01
-5.989956855773925781e-01
5.792123675346374512e-01
1.430718004703521729e-01
1.527239382266998291e-01
5.114656686782836914e-01
4.367741942405700684e-01
3.058927953243255615e-01
7.919305562973022461e-01
5.689599514007568359e-01
4.658331573009490967e-01
-9.733238816261291504e-01
-4.254294335842132568e-01
-5.807529687881469727e-01
-3.181253001093864441e-02
9.360790848731994629e-01
-2.048613131046295166e-01
-9.094915390014648438e-01
-9.751993417739868164e-01
9.455099701881408691e-01
-2.312622517347335815e-01
8.653135895729064941e-01
4.393151402473449707e-01
1.109247133135795593e-01
-5.996791124343872070e-01
-9.191334843635559082e-01
3.703776597976684570e-01
-7.589761018753051758e-01
-9.702389836311340332e-01
3.843995332717895508e-01
-3.888248503208160400e-01
6.706647276878356934e-01
-9.647224545478820801e-01
4.308626651763916016e-01
9.801496863365173340e-01
5.371416807174682617e-01
-6.843717694282531738e-01
-2.737648598849773407e-02
1.900196373462677002e-01
9.483291506767272949e-01
-9.328320622444152832e-01
-3.025653362274169922e-01
-8.669301867485046387e-01
-8.406870365142822266e-01
-8.812839984893798828e-01
-6.467858552932739258e-01
-6.818803548812866211e-01
3.192678093910217285e-01
1.692977100610733032e-01
-8.521512746810913086e-01
8.748481273651123047e-01
5.260589718818664551e-01
3.821763396263122559e-01
1.199979186058044434e-01
6.057735681533813477e-01
8.114851117134094238e-01
8.139594793319702148e-01
9.187132120132446289e-01
6.289640814065933228e-02
5.349239706993103027e-01
-7.059336304664611816e-01
8.040685057640075684e-01
-9.748063683509826660e-01
-1.255747377872467041e-01
2.317420393228530884e-01
5.226545929908752441e-01
2.756234705448150635e-01
-1.325269043445587158e-01
-6.767869591712951660e-01
-7.801336646080017090e-01
2.986273262649774551e-03
-9.574323296546936035e-01
-8.087108135223388672e-01
1.448988821357488632e-02
-6.403875946998596191e-01
-9.531034827232360840e-01
1.479790508747100830e-01
6.617221832275390625e-01
-9.260394573211669922e-01
-9.858994483947753906e-01
-6.405037045478820801e-01
-5.078914165496826172e-01
2.841984629631042480e-01
-9.090216755867004395e-01
-7.774063348770141602e-01
-6.065801978111267090e-01
1.176956668496131897e-01
-5.748432278633117676e-01
4.268702566623687744e-01
9.708237051963806152e-01
-1.412464585155248642e-02
9.046758413314819336e-01
-3.091000020503997803e-01
2.515695393085479736e-01
7.330974936485290527e-02
5.193136930465698242e-01
9.114024639129638672e-01
-4.483829736709594727e-01
9.963576197624206543e-01
-6.539157629013061523e-01
1.704535484313964844e-01
-6.095893979072570801e-01
-6.096166372299194336e-01
-9.103506803512573242e-02
-2.792237326502799988e-02
-5.794504880905151367e-01
9.912461042404174805e-01
1.637366563081741333e-01
8.035975694656372070e-02
-9.293341636657714844e-01
-8.624842166900634766e-01
9.441310167312622070e-02
4.590225815773010254e-01
-3.402897417545318604e-01
-2.671317458152770996e-01
-6.605008244514465332e-01
-7.220461964607238770e-01
2.024514675140380859e-01
7.025095224380493164e-01
7.133457660675048828e-01
-2.444757521152496338e-01
-8.751118779182434082e-01
-2.346925735473632812e-01
6.722933650016784668e-01
-5.135809779167175293e-01
6.381432414054870605e-01
1.529746055603027344e-01
-4.430455341935157776e-02
6.859167218208312988e-01
-7.520242333412170410e-01
8.732787966728210449e-01
-6.101562976837158203e-01
-7.500644922256469727e-01
3.560936450958251953e-01
-6.349375247955322266e-01
-8.285855054855346680e-01
-8.413909077644348145e-01
3.609471321105957031e-01
-6.318802833557128906e-01
-1.737991124391555786e-01
4.739102721214294434e-02
-9.040449857711791992e-01
-1.875922977924346924e-01
-9.606028199195861816e-01
-6.974725127220153809e-01
-2.378853708505630493e-01
1.818386763334274292e-01
8.131522536277770996e-01
-8.172141313552856445e-01
3.826155364513397217e-01
-3.559460341930389404e-01
-5.353536009788513184e-01
1.471631675958633423e-01
9.890288710594177246e-01
9.491338729858398438e-01
6.163008213043212891e-01
5.425179600715637207e-01
7.023854255676269531e-01
-9.380899369716644287e-02
4.585526585578918457e-01
4.643512666225433350e-01
-8.624935895204544067e-02
7.524803876876831055e-01
-8.860429525375366211e-01
2.594761252403259277e-01
8.725684881210327148e-01
7.185878157615661621e-01
1.723754554986953735e-01
-9.773205518722534180e-01
-8.018566370010375977e-01
-5.784107446670532227e-01
-9.283174276351928711e-01
2.471218407154083252e-01
-9.666419625282287598e-01
7.236014604568481445e-01
7.849914431571960449e-01
3.107976913452148438e-02
-1.106022894382476807e-01
3.559468090534210205e-01
-9.954603910446166992e-01
-1.933585107326507568e-01
-9.903845787048339844e-01
-8.020272850990295410e-01
-8.132590651512145996e-01
-9.279621839523315430e-01
-4.160510599613189697e-01
8.309228718280792236e-02
-8.642218112945556641e-01
9.821868538856506348e-01
-9.599933028221130371e-01
2.661258876323699951e-01
-9.255859255790710449e-01
1.085709184408187866e-01
-4.323980510234832764e-01
-8.590513467788696289e-01
-6.633941531181335449e-01
-1.400734931230545044e-01
-2.629932761192321777e-01
-5.053833723068237305e-01
-5.159890651702880859e-01
8.175464868545532227e-01
-2.925865910947322845e-02
5.163972973823547363e-01
7.274084091186523438e-01
-4.794629812240600586e-01
9.208556413650512695e-01
-1.230772063136100769e-01
1.419242918491363525e-01
8.614668250083923340e-01
2.665440440177917480e-01
8.473231196403503418e-01
-1.342547237873077393e-01
8.400486111640930176e-01
9.469916820526123047e-01
7.305520772933959961e-01
3.828349411487579346e-01
-4.279273375868797302e-02
8.679627180099487305e-01
-9.669623970985412598e-01
-6.984152793884277344e-01
2.309766784310340881e-02
-9.325002431869506836e-01
7.365422248840332031e-01
7.181200981140136719e-01
-3.883415162563323975e-01
-8.873091936111450195e-01
-3.942973315715789795e-01
-7.695975303649902344e-01
4.414221271872520447e-02
8.264709711074829102e-01
-4.097776487469673157e-02
-6.309871673583984375e-01
3.881063759326934814e-01
-9.633090496063232422e-01
-6.816328167915344238e-01
-3.672849237918853760e-01
7.966060191392898560e-02
5.557153224945068359e-01
-9.785466790199279785e-01
8.498320579528808594e-01
-1.441261470317840576e-01
-4.692235589027404785e-02
-2.401174455881118774e-01
-6.957093477249145508e-01
-7.465003728866577148e-01
-9.646006226539611816e-01
-9.459375739097595215e-01
-6.054104566574096680e-01
-5.203357934951782227e-01
-5.521517992019653320e-01
-8.093302845954895020e-01
-3.169348537921905518e-01
-4.880256652832031250e-01
9.446672797203063965e-01
5.212967395782470703e-01
-6.776543259620666504e-01
7.416158914566040039e-01
5.452536940574645996e-01
9.738702178001403809e-01
7.451028823852539062e-01
5.580881237983703613e-01
4.137614667415618896e-01
-3.178316354751586914e-01
7.235085368156433105e-01
9.272987246513366699e-01
8.140648603439331055e-01
-5.769575834274291992e-01
6.427877545356750488e-01
8.657772541046142578e-01
3.463288843631744385e-01
5.538185238838195801e-01
9.437001347541809082e-01
-1.370577961206436157e-01
-3.144160211086273193e-01
3.924033939838409424e-01
5.898971557617187500e-01
-6.853363513946533203e-01
-6.948326230049133301e-01
-8.629529476165771484e-01
-9.044352769851684570e-01
-7.686239480972290039e-01
7.397155761718750000e-01
9.739983677864074707e-01
-8.519307374954223633e-01
-7.618376016616821289e-01
-9.957903027534484863e-01
-9.958145022392272949e-01
3.569772467017173767e-02
-9.947573542594909668e-01
-1.348121743649244308e-02
-6.360852122306823730e-01
-1.072350963950157166e-01
-5.826035141944885254e-01
5.314559489488601685e-02
-9.849463105201721191e-01
-8.146625161170959473e-01
1.670964993536472321e-02
2.490544691681861877e-02
-8.153817653656005859e-01
7.098743915557861328e-01
8.639158308506011963e-02
6.140158176422119141e-01
-6.378793716430664062e-02
9.214193820953369141e-01
5.321143269538879395e-01
3.125045597553253174e-01
-3.232367634773254395e-01
-4.374403357505798340e-01
4.319193959236145020e-01
9.692412614822387695e-01
-4.452825486660003662e-01
3.718395531177520752e-02
-1.831430047750473022e-01
-1.926207542419433594e-01
-1.509469002485275269e-01
-9.549442529678344727e-01
3.761524558067321777e-01
-9.562256336212158203e-01
9.206071496009826660e-01
-4.292320013046264648e-01
8.806411027908325195e-01
5.373194217681884766e-01
7.462435364723205566e-01
-8.531269431114196777e-02
-5.029420256614685059e-01
-7.703750133514404297e-01
1.610298603773117065e-01
-3.578987419605255127e-01
-9.905211925506591797e-01
-7.733187675476074219e-01
4.580398201942443848e-01
4.231557250022888184e-01
1.952534615993499756e-01
-2.411406338214874268e-01
7.082238197326660156e-01
-6.979112029075622559e-01
-8.918842673301696777e-01
-4.589557945728302002e-01
-5.197337865829467773e-01
-6.307163238525390625e-01
-1.340495496988296509e-01
3.845255374908447266e-01
-2.914268970489501953e-01
9.668416976928710938e-01
-9.595351666212081909e-02
-4.344073832035064697e-01
6.591752767562866211e-01
-3.416611552238464355e-01
8.893088102340698242e-01
-5.265220999717712402e-01
6.606330275535583496e-01
5.656223893165588379e-01
-9.209561347961425781e-01
-4.511544704437255859e-01
-5.904490947723388672e-01
-9.692742824554443359e-01
9.872930496931076050e-02
-8.169552683830261230e-01
-3.294280171394348145e-01
-5.453271269798278809e-01
4.666621088981628418e-01
5.129175782203674316e-01
9.242326021194458008e-01
-1.302442550659179688e-01
4.563723504543304443e-01
-3.701906204223632812e-01
4.497217833995819092e-01
-5.034639835357666016e-01
-1.083777919411659241e-01
7.865079641342163086e-01
9.829208850860595703e-01
-7.813601493835449219e-01
-3.158265650272369385e-01
-3.208104372024536133e-01
-7.831709384918212891e-01
1.581096351146697998e-01
1.700506806373596191e-01
-9.147425293922424316e-01
1.077514886856079102e-02
3.842880725860595703e-01
-3.783924579620361328e-01
-2.106916010379791260e-01
-7.573371529579162598e-01
-9.607543349266052246e-01
6.783683300018310547e-01
6.280502676963806152e-01
-1.623115986585617065e-01
-2.881882190704345703e-01
-2.569546699523925781e-01
8.703100085258483887e-01
-1.202786117792129517e-01
-8.416697978973388672e-01
-2.654792666435241699e-01
-1.432747095823287964e-01
3.848836570978164673e-02
-1.574904024600982666e-01
8.222576379776000977e-01
3.401621580123901367e-01
-8.935043215751647949e-02
-2.994225025177001953e-01
3.542996048927307129e-01
-9.056827425956726074e-01
5.804116725921630859e-01
5.448343157768249512e-01
7.202854156494140625e-01
-2.569016814231872559e-01
9.380272626876831055e-01
-7.476556301116943359e-01
8.152293562889099121e-01
1.350561082363128662e-01
2.493781894445419312e-01
5.071492195129394531e-01
-7.380449026823043823e-02
-5.649657845497131348e-01
8.528083562850952148e-01
-8.902820944786071777e-01
4.504564404487609863e-01
5.867263674736022949e-01
1.463133096694946289e-01
-7.916284203529357910e-01
-2.244431972503662109e-01
8.826528787612915039e-01
7.392349243164062500e-01
-4.760560691356658936e-01
-9.232006072998046875e-01
-2.997515499591827393e-01
-8.836635351181030273e-01
-2.051293849945068359e-01
-1.270172186195850372e-02
-5.375251770019531250e-01
-7.935301065444946289e-01
-2.297576516866683960e-01
2.679767273366451263e-02
-8.247619867324829102e-01
-6.141065955162048340e-01
-2.511948049068450928e-01
-7.133784294128417969e-01
-4.091823399066925049e-01
6.429436802864074707e-01
-9.160445928573608398e-01
-4.021202325820922852e-01
-9.241277575492858887e-01
1.922024637460708618e-01
-1.603820472955703735e-01
7.481102943420410156e-01
7.599670290946960449e-01
5.668923258781433105e-01
-1.236371248960494995e-01
2.146972119808197021e-01
5.692508816719055176e-01
8.267651200294494629e-01
6.783540248870849609e-01
-1.689701974391937256e-01
2.722114622592926025e-01
-5.037598609924316406e-01
1.917055845260620117e-01
-7.840339541435241699e-01
-2.855052053928375244e-01
3.808670639991760254e-01
9.565904140472412109e-01
8.768378496170043945e-01
2.982487678527832031e-01
8.388954997062683105e-01
-7.846024632453918457e-01
1.321213841438293457e-01
-9.491901844739913940e-02
-1.124095618724822998e-01
-6.406711339950561523e-01
5.624734163284301758e-01
2.819285988807678223e-01
2.176434695720672607e-01
-7.960381507873535156e-01
-9.357495903968811035e-01
-4.039793014526367188e-01
-9.462324380874633789e-01
-7.882671356201171875e-01
8.495931029319763184e-01
4.920572936534881592e-01
-2.756754755973815918e-01
2.229900062084197998e-01
1.502576470375061035e-01
-3.454863727092742920e-01
-3.945718705654144287e-01
-1.414776742458343506e-01
-9.451017379760742188e-01
-5.885758399963378906e-01
-6.814283132553100586e-01
-3.442589342594146729e-01
-2.235378324985504150e-01
-9.232068061828613281e-01
4.617602527141571045e-01
4.679418206214904785e-01
2.653950452804565430e-01
9.772979617118835449e-01
-4.685163795948028564e-01
8.073787689208984375e-01
-4.919898211956024170e-01
6.576922535896301270e-01
5.791141986846923828e-01
-4.675503075122833252e-01
6.782330572605133057e-02
5.976699590682983398e-01
-3.316982388496398926e-01
1.376494169235229492e-01
-4.547447562217712402e-01
2.158274799585342407e-01
9.292215853929519653e-02
4.759758114814758301e-01
-5.402481555938720703e-01
5.093939900398254395e-01
5.416232943534851074e-01
-8.354645967483520508e-01
4.003815054893493652e-01
-8.269404172897338867e-01
-8.688905239105224609e-01
-6.294680833816528320e-01
1.977454870939254761e-01
-7.440896630287170410e-01
-8.365397453308105469e-01
8.101380467414855957e-01
-4.799531102180480957e-01
-6.940312981605529785e-01
-2.904777526855468750e-01
-6.669698953628540039e-01
-2.521047294139862061e-01
-5.439633727073669434e-01
1.660394072532653809e-01
8.125995397567749023e-01
9.261128902435302734e-01
4.507705569267272949e-01
-3.816610276699066162e-01
-9.749871492385864258e-01
9.819239377975463867e-01
4.018871188163757324e-01
-2.295607775449752808e-01
-2.641270756721496582e-01
7.317730784416198730e-01
1.478046029806137085e-01
9.755877852439880371e-01
8.075388669967651367e-01
8.087385892868041992e-01
2.554977834224700928e-01
6.487063765525817871e-01
-5.320359468460083008e-01
3.025600500404834747e-02
-9.172109961509704590e-01
1.935629993677139282e-01
-6.304682493209838867e-01
7.560780048370361328e-01
-9.197926521301269531e-01
-5.860695838928222656e-01
-9.667752385139465332e-01
-2.853753864765167236e-01
-6.942685842514038086e-01
-2.766207456588745117e-01
6.058595776557922363e-01
-6.612009406089782715e-01
-9.265458583831787109e-01
-8.114842772483825684e-01
5.616892129182815552e-02
-7.453803420066833496e-01
-9.762092828750610352e-01
5.633967518806457520e-01
-9.243394732475280762e-01
-5.553526878356933594e-01
-9.277267456054687500e-01
7.071886062622070312e-01
-9.011847972869873047e-01
9.482314586639404297e-01
-1.063029244542121887e-01
-1.893407702445983887e-01
-4.401219189167022705e-01
-9.590951204299926758e-01
-4.808622300624847412e-01
-6.581167578697204590e-01
6.594718098640441895e-01
-1.377485543489456177e-01
-4.884400665760040283e-01
-9.235426783561706543e-01
8.861547708511352539e-01
5.692834258079528809e-01
8.020595312118530273e-01
8.741501569747924805e-01
9.384487867355346680e-01
6.128132343292236328e-01
-4.467093348503112793e-01
-2.632202506065368652e-01
3.436953425407409668e-01
7.440197467803955078e-02
7.279355525970458984e-01
1.581927835941314697e-01
-2.455860823392868042e-01
5.927636027336120605e-01
9.508409500122070312e-01
-7.081934213638305664e-01
-2.458687424659729004e-01
-5.837920308113098145e-01
1.739049702882766724e-01
-4.068629741668701172e-01
-9.103293418884277344e-01
-9.175304174423217773e-01
-8.962008357048034668e-01
-4.413250386714935303e-01
-8.118829727172851562e-01
-1.587197035551071167e-01
-8.319332599639892578e-01
-8.416634798049926758e-01
3.208309710025787354e-01
-9.675930142402648926e-01
-3.302024602890014648e-01
-9.521776437759399414e-01
6.304558515548706055e-01
-3.932510316371917725e-01
-3.585903644561767578e-01
4.578103721141815186e-01
-1.718762964010238647e-01
4.182275831699371338e-01
-7.341172099113464355e-01
9.490563273429870605e-01
1.140040904283523560e-01
-7.866711020469665527e-01
1.277613192796707153e-01
2.381441444158554077e-01
-2.128787040710449219e-01
5.683397054672241211e-01
3.923956155776977539e-01
-4.431396722793579102e-01
9.161273241043090820e-01
-6.265105605125427246e-01
8.298996090888977051e-01
1.125949323177337646e-01
-9.198321104049682617e-01
2.181321233510971069e-01
5.339606404304504395e-01
-2.274174392223358154e-01
-5.330779552459716797e-01
-3.318087756633758545e-01
-2.788554728031158447e-01
6.954690814018249512e-01
-9.584016203880310059e-01
-4.053987860679626465e-01
6.550831794738769531e-01
8.095290064811706543e-01
-9.370896816253662109e-01
-7.509289979934692383e-01
3.823344707489013672e-01
-9.404173493385314941e-01
-5.976934731006622314e-02
9.375506043434143066e-01
6.619829535484313965e-01
5.942849069833755493e-02
-9.632271528244018555e-01
-8.567401170730590820e-01
-7.134615778923034668e-01
6.129361987113952637e-01
-7.372440099716186523e-01
-3.829110860824584961e-01
8.570724725723266602e-01
-4.579415917396545410e-01
3.961498737335205078e-01
9.871657490730285645e-01
-8.263356089591979980e-01
6.122832894325256348e-01
-1.583421826362609863e-01
-9.605469107627868652e-01
1.660872548818588257e-01
-3.892668783664703369e-01
5.598528981208801270e-01
5.879082083702087402e-01
-4.457691907882690430e-01
1.688166558742523193e-01
-4.443509876728057861e-01
-9.762308001518249512e-01
1.499144881963729858e-01
3.577145934104919434e-01
-9.392892718315124512e-01
6.701433658599853516e-01
-2.942712046205997467e-02
6.926945447921752930e-01
4.369066059589385986e-01
-7.726408839225769043e-01
-5.576320737600326538e-02
-8.151502907276153564e-02
-9.066005349159240723e-01
-6.177664399147033691e-01
-1.781973056495189667e-02
2.382721900939941406e-01
-5.016492009162902832e-01
-8.252164125442504883e-01
2.102129161357879639e-01
-1.623499989509582520e-01
-7.367533445358276367e-02
3.799300789833068848e-01
9.228281974792480469e-01
9.332432746887207031e-01
-7.146388888359069824e-01
-9.601487517356872559e-01
8.716669678688049316e-01
-9.757198691368103027e-01
6.175892949104309082e-01
-3.392552733421325684e-01
8.512000441551208496e-01
9.441797137260437012e-01
-1.326916664838790894e-01
9.359384179115295410e-01
-3.057473301887512207e-01
-6.535940170288085938e-01
3.927000463008880615e-01
-4.544798135757446289e-01
7.117347121238708496e-01
7.391248941421508789e-01
-4.873582422733306885e-01
6.609634160995483398e-01
-2.699138820171356201e-01
-8.344531655311584473e-01
-5.989098548889160156e-01
-8.131600171327590942e-02
1.171970888972282410e-01
-8.490089178085327148e-01
-7.734987735748291016e-01
-7.445628046989440918e-01
-8.857200741767883301e-01
-9.980546832084655762e-01
-2.791246473789215088e-01
4.627068340778350830e-01
-9.934301376342773438e-01
2.616681456565856934e-01
5.340194106101989746e-01
-3.524646759033203125e-01
-5.268246531486511230e-01
-5.733023881912231445e-01
-2.831169962882995605e-01
-8.455371856689453125e-01
-6.409385800361633301e-01
4.604712426662445068e-01
-6.677075624465942383e-01
1.918889284133911133e-01
9.492307305335998535e-01
9.662759304046630859e-01
-7.383599281311035156e-01
8.418681025505065918e-01
6.284075379371643066e-01
7.285654544830322266e-01
4.887013733386993408e-01
-8.253276348114013672e-01
3.059593737125396729e-01
3.092435002326965332e-01
-8.621685504913330078e-01
4.122917354106903076e-01
8.336054682731628418e-01
8.335127830505371094e-01
-7.402897477149963379e-01
8.505152463912963867e-01
-8.604255914688110352e-01
6.469545513391494751e-02
-3.205107152462005615e-02
-3.260732591152191162e-01
8.519072532653808594e-01
-3.815632313489913940e-03
4.869876429438591003e-02
-3.076348602771759033e-01
1.338622439652681351e-02
-8.543183207511901855e-01
-7.031061649322509766e-01
-9.385798573493957520e-01
6.447356939315795898e-01
-8.546053171157836914e-01
-4.608757793903350830e-01
8.354144096374511719e-01
-9.782574772834777832e-01
-9.729380607604980469e-01
-8.413417339324951172e-01
-9.776144027709960938e-01
8.858495354652404785e-01
-2.858674526214599609e-01
-2.256612777709960938e-01
9.204740524291992188e-01
-9.455764293670654297e-01
-1.708083897829055786e-01
1.752927601337432861e-01
8.818597197532653809e-01
-4.334609806537628174e-01
-6.349480152130126953e-01
1.042808294296264648e-01
3.041008710861206055e-01
-7.848100662231445312e-01
7.488857209682464600e-02
4.906312823295593262e-01
-6.989310383796691895e-01
-8.868485093116760254e-01
-7.941771298646926880e-02
7.048610448837280273e-01
9.436925649642944336e-01
8.874238133430480957e-01
-6.661678552627563477e-01
-7.062400579452514648e-01
-2.204994559288024902e-01
-6.212744712829589844e-01
7.804140448570251465e-01
3.392209410667419434e-01
-4.206947982311248779e-01
9.248677641153335571e-02
1.986536681652069092e-01
-2.729059942066669464e-02
-2.611547410488128662e-01
-4.142227023839950562e-02
2.256406694650650024e-01
4.216133356094360352e-01
8.305053114891052246e-01
2.755346000194549561e-01
-5.551402568817138672e-01
8.016102015972137451e-02
8.315557241439819336e-01
-8.618915081024169922e-01
-8.293745517730712891e-01
8.832865953445434570e-01
-6.845225095748901367e-01
-6.788988113403320312e-01
-7.970474958419799805e-01
-7.174058556556701660e-01
-9.022707343101501465e-01
-5.018222332000732422e-01
-6.985876560211181641e-01
7.382338047027587891e-01
8.089020848274230957e-01
5.914588570594787598e-01
-7.829727530479431152e-01
6.616101264953613281e-01
-4.590451426338404417e-04
-9.085189104080200195e-01
-3.021671473979949951e-01
-3.613185882568359375e-01
1.556352805346250534e-02
4.568611383438110352e-01
6.980660557746887207e-01
-3.547056317329406738e-01
-6.470389664173126221e-02
-9.344733953475952148e-01
-9.250372648239135742e-01
7.283383607864379883e-01
9.900149703025817871e-01
-2.337142229080200195e-01
-5.070831775665283203e-01
-1.148406043648719788e-01
-7.093998789787292480e-01
2.604064345359802246e-01
3.498460650444030762e-01
9.801005721092224121e-01
-4.170344769954681396e-01
-8.689816594123840332e-01
-1.366123408079147339e-01
8.933483958244323730e-01
-8.943331837654113770e-01
-4.144934117794036865e-01
9.622489213943481445e-01
9.043089747428894043e-01
8.741419911384582520e-01
9.791542291641235352e-01
-7.935773134231567383e-01
-9.844268560409545898e-01
-1.772725880146026611e-01
-6.122850179672241211e-01
-5.797002315521240234e-01
-8.799804449081420898e-01
-7.748907208442687988e-01
-1.100106388330459595e-01
-1.868122965097427368e-01
-4.424461722373962402e-02
1.285746246576309204e-01
5.182686448097229004e-01
3.909833729267120361e-01
3.464246392250061035e-01
8.477457761764526367e-01
-2.464638501405715942e-01
4.663477241992950439e-01
-4.965329170227050781e-01
5.952986478805541992e-01
5.015639662742614746e-01
8.385700583457946777e-01
-3.034142851829528809e-01
4.463214278221130371e-01
-9.829151630401611328e-01
-7.884421944618225098e-01
-9.149811863899230957e-01
6.027218699455261230e-01
-6.895551681518554688e-01
5.746552944183349609e-01
1.163982301950454712e-01
-2.209324240684509277e-01
3.984312713146209717e-01
-6.584619283676147461e-01
8.343267440795898438e-01
2.089433223009109497e-01
9.069998860359191895e-01
-5.045420527458190918e-01
-9.920755028724670410e-01
2.960458993911743164e-01
-9.760199785232543945e-01
-6.849871277809143066e-01
4.587729647755622864e-02
7.084325551986694336e-01
6.479584574699401855e-01
-6.935951858758926392e-02
2.279281318187713623e-01
-2.804045081138610840e-01
-3.706661760807037354e-01
6.783728599548339844e-01
-9.711431264877319336e-01
-8.214538693428039551e-01
5.425670742988586426e-01
-7.730609178543090820e-02
-5.826335549354553223e-01
-9.223821759223937988e-01
4.842496216297149658e-01
-6.545179486274719238e-01
-9.152315258979797363e-01
6.391648650169372559e-01
-8.258470892906188965e-01
-9.346859455108642578e-01
-2.391927838325500488e-01
7.116323709487915039e-01
3.547376096248626709e-01
6.936393976211547852e-01
-4.127962291240692139e-01
-1.207530349493026733e-01
4.019015133380889893e-01
-7.048383951187133789e-01
6.059277802705764771e-02
6.676845550537109375e-01
9.376910924911499023e-01
-6.891559958457946777e-01
9.222679138183593750e-01
-2.183227241039276123e-01
6.737587451934814453e-01
-8.441110849380493164e-01
7.965853810310363770e-01
-5.312367677688598633e-01
4.693741798400878906e-01
2.130125761032104492e-01
-3.423621878027915955e-02
2.218780517578125000e-01
4.875749945640563965e-01
5.460147261619567871e-01
-9.421805143356323242e-01
2.092296034097671509e-01
9.666278362274169922e-01
6.899506449699401855e-01
-9.203988909721374512e-01
-5.615777969360351562e-01
9.259755611419677734e-01
-4.972318112850189209e-01
-8.382759690284729004e-01
-8.871800899505615234e-01
-5.255858302116394043e-01
-9.873938560485839844e-01
-9.500508308410644531e-01
-7.734832167625427246e-01
1.691755354404449463e-01
8.366568088531494141e-01
-8.779005408287048340e-01
-8.383885025978088379e-01
8.213650584220886230e-01
-9.008684158325195312e-01
-6.253297924995422363e-01
-4.018453955650329590e-01
6.513890624046325684e-01
-8.328430652618408203e-01
-8.041813373565673828e-01
-2.300041615962982178e-01
-9.701101779937744141e-01
7.595777511596679688e-01
-9.299289584159851074e-01
-2.005725950002670288e-01
4.974683225154876709e-01
4.734493792057037354e-01
-8.326461911201477051e-01
8.266834616661071777e-01
-4.370765686035156250e-01
8.490073680877685547e-01
-5.046910643577575684e-01
-1.145843341946601868e-01
3.235679492354393005e-02
5.491078495979309082e-01
4.742762148380279541e-01
6.101051717996597290e-02
5.978082418441772461e-01
7.393818497657775879e-01
-5.209286212921142578e-01
3.395693600177764893e-01
1.407862901687622070e-01
-6.543312668800354004e-01
6.632537841796875000e-01
8.059679269790649414e-01
-9.332287907600402832e-01
-5.831746459007263184e-01
-6.930172443389892578e-01
-7.791247963905334473e-01
-2.573482133448123932e-02
-9.031592607498168945e-01
-7.909237146377563477e-01
-5.617662668228149414e-01
-1.584337651729583740e-01
-7.281386256217956543e-01
3.433325290679931641e-01
-5.218840837478637695e-01
-4.980639517307281494e-01
-4.721024036407470703e-01
-9.054276347160339355e-01
-9.220520257949829102e-01
-1.053519323468208313e-01
-9.898201823234558105e-01
-7.252371311187744141e-01
4.598477780818939209e-01
4.394848942756652832e-01
5.718775391578674316e-01
3.186969459056854248e-01
8.403358459472656250e-01
8.760575652122497559e-01
-8.172759413719177246e-01
-8.833180665969848633e-01
7.478573918342590332e-01
7.305556535720825195e-01
-7.709629535675048828e-01
2.142264693975448608e-01
2.426474094390869141e-01
9.636105298995971680e-01
7.070391178131103516e-01
-3.014248013496398926e-01
-9.552820920944213867e-01
-7.596027851104736328e-01
6.746987104415893555e-01
9.319428205490112305e-01
9.830603003501892090e-01
9.364380240440368652e-01
2.263044416904449463e-01
-8.854736685752868652e-01
-4.872988164424896240e-01
2.443741559982299805e-01
-9.588567614555358887e-01
-9.634178876876831055e-01
-7.118791341781616211e-01
-2.000990509986877441e-01
1.891262084245681763e-01
-6.638947725296020508e-01
-7.291233539581298828e-01
9.165298938751220703e-01
-9.689805507659912109e-01
-1.048267036676406860e-01
-6.959221512079238892e-02
-3.238418698310852051e-01
-1.692536175251007080e-01
5.071659088134765625e-01
-9.670987725257873535e-01
-1.488834917545318604e-01
-9.240903854370117188e-01
-8.941347002983093262e-01
3.997574746608734131e-01
2.408083826303482056e-01
-8.697310090065002441e-01
-1.918479949235916138e-01
-4.278809428215026855e-01
-5.873264670372009277e-01
-6.552991867065429688e-01
-5.530716776847839355e-01
-8.449922204017639160e-01
4.963625967502593994e-01
5.795922875404357910e-01
2.995229661464691162e-01
9.628549814224243164e-01
3.714526891708374023e-01
9.424285292625427246e-01
-7.972422838211059570e-01
-1.347669959068298340e-01
-5.966491699218750000e-01
-8.810136914253234863e-01
9.210456609725952148e-01
9.705371856689453125e-01
4.620220661163330078e-01
-3.558935225009918213e-01
3.701008856296539307e-02
9.140294194221496582e-01
5.088739991188049316e-01
9.163919091224670410e-01
-8.704884052276611328e-01
-1.577094495296478271e-01
7.721813917160034180e-01
-1.941445767879486084e-01
-7.264041304588317871e-01
-7.762911170721054077e-02
9.772437065839767456e-02
-2.995494008064270020e-01
-3.191513717174530029e-01
-9.305146932601928711e-01
-5.217152237892150879e-01
-8.681030869483947754e-01
-9.747465252876281738e-01
3.500683009624481201e-01
-4.296668767929077148e-01
6.271935105323791504e-01
1.057612001895904541e-01
8.115326762199401855e-01
-5.080299377441406250e-01
-9.116594195365905762e-01
-9.785838127136230469e-01
6.285274028778076172e-01
1.860830336809158325e-01
4.958490654826164246e-02
-7.998824119567871094e-01
7.379636168479919434e-01
-4.606219232082366943e-01
6.838219761848449707e-01
1.301552355289459229e-01
-5.247862339019775391e-01
-3.696520328521728516e-01
-1.255100816488265991e-01
8.001296520233154297e-01
-8.885746598243713379e-01
6.584946811199188232e-02
9.815642237663269043e-01
7.449537515640258789e-01
-1.038373708724975586e-01
5.122639536857604980e-01
7.612988352775573730e-01
1.405914276838302612e-01
-1.612058579921722412e-01
-4.522956311702728271e-01
9.113203883171081543e-01
-1.610478460788726807e-01
-5.467950701713562012e-01
-7.528628110885620117e-01
9.054026007652282715e-01
7.382230460643768311e-02
-3.120531439781188965e-01
-7.840648293495178223e-01
-5.068641304969787598e-01
3.754414021968841553e-01
-8.852331042289733887e-01
-4.207153022289276123e-01
-9.216348528861999512e-01
-7.508570551872253418e-01
-4.029339253902435303e-01
-9.337519407272338867e-01
-5.357400774955749512e-01
4.507015459239482880e-03
5.560821294784545898e-01
-7.348224520683288574e-01
7.453656792640686035e-01
8.293247222900390625e-01
7.505252361297607422e-01
-2.520954608917236328e-01
5.959877371788024902e-01
5.936392545700073242e-01
6.967785954475402832e-01
-8.790690302848815918e-01
2.220168113708496094e-01
1.233413517475128174e-01
-7.649896740913391113e-01
6.835381984710693359e-01
2.613427042961120605e-01
-1.800262629985809326e-01
6.995844244956970215e-01
-3.793703317642211914e-01
-6.795753836631774902e-01
9.679055213928222656e-01
3.807237446308135986e-01
2.817451059818267822e-01
-7.753338217735290527e-01
-9.509770274162292480e-01
6.261875629425048828e-01
-5.731198191642761230e-01
-7.666636705398559570e-01
-5.908814668655395508e-01
4.318937957286834717e-01
-7.764587998390197754e-01
-7.261472344398498535e-01
7.930940985679626465e-01
-8.307058215141296387e-01
-8.879112005233764648e-01
-6.147130131721496582e-01
-4.409857690334320068e-01
5.634207129478454590e-01
-4.339505434036254883e-01
9.987953305244445801e-01
7.941074967384338379e-01
-7.123254537582397461e-01
-1.753915399312973022e-01
-1.400325000286102295e-01
9.439586400985717773e-01
2.056401073932647705e-01
2.406218796968460083e-01
8.635222911834716797e-01
-3.204226195812225342e-01
3.797784447669982910e-01
-7.604371905326843262e-01
6.495004892349243164e-01
3.209727704524993896e-01
-6.027935147285461426e-01
-2.733121216297149658e-01
3.203026205301284790e-02
-4.670841991901397705e-01
-3.446018993854522705e-01
-6.338657140731811523e-01
-9.934043288230895996e-01
-8.182494640350341797e-01
3.918720409274101257e-02
8.363312482833862305e-01
1.741298139095306396e-01
6.272539496421813965e-01
1.224233880639076233e-01
4.605301618576049805e-01
-8.835801482200622559e-01
-8.603854775428771973e-01
-7.669317722320556641e-01
3.900896012783050537e-02
1.346810609102249146e-01
6.619991660118103027e-01
-5.980753302574157715e-01
5.801637768745422363e-01
-3.488918840885162354e-01
7.234163880348205566e-01
-7.501693367958068848e-01
6.264908909797668457e-01
5.287436246871948242e-01
-3.436559140682220459e-01
8.195947408676147461e-01
-9.170284867286682129e-01
4.853873252868652344e-01
-5.230249166488647461e-01
-9.594060182571411133e-01
-7.865958809852600098e-01
4.382719993591308594e-01
9.655732512474060059e-01
-3.778916001319885254e-01
1.617251038551330566e-01
-3.641344010829925537e-01
-1.893992125988006592e-01
5.856226086616516113e-01
4.729118198156356812e-02
-2.320619523525238037e-01
-8.682879805564880371e-01
-9.706005454063415527e-01
-8.890080451965332031e-01
8.328175544738769531e-01
-3.553862273693084717e-01
3.573319613933563232e-01
3.078914284706115723e-01
-4.858532249927520752e-01
-6.211900115013122559e-01
7.642943263053894043e-01
-9.422094225883483887e-01
5.022408366203308105e-01
5.615189671516418457e-01
5.092603564262390137e-01
-5.410138368606567383e-01
3.223116993904113770e-01
7.308186292648315430e-01
3.487904965877532959e-01
7.021957635879516602e-01
-6.916993856430053711e-01
-9.656946659088134766e-01
-8.095418214797973633e-01
-4.647539556026458740e-01
-3.696344494819641113e-01
4.699101448059082031e-01
-4.758709669113159180e-01
2.951703369617462158e-01
-5.125547572970390320e-02
-2.212651073932647705e-01
9.478729963302612305e-02
-7.879202365875244141e-01
9.267863631248474121e-02
4.178112745285034180e-01
-5.077160596847534180e-01
4.098617434501647949e-01
-8.794986605644226074e-01
8.207249641418457031e-01
5.632671713829040527e-01
-6.095619797706604004e-01
9.433791041374206543e-01
5.514125227928161621e-01
-8.243516087532043457e-01
7.550065517425537109e-01
-2.897557318210601807e-01
1.848393976688385010e-01
-8.959483504295349121e-01
-7.287910580635070801e-01
4.587690830230712891e-01
6.506941318511962891e-01
6.482847332954406738e-01
3.727471232414245605e-01
-1.869502514600753784e-01
3.299430608749389648e-01
-6.095487475395202637e-01
5.143318176269531250e-01
3.884273469448089600e-01
-2.165865004062652588e-01
6.906253099441528320e-01
-9.779066443443298340e-01
-3.400690555572509766e-01
-8.827807903289794922e-01
-6.294582486152648926e-01
-7.882030606269836426e-01
-5.846489071846008301e-01
-9.527518749237060547e-01
5.525328516960144043e-01
-6.528689861297607422e-01
-8.408576846122741699e-01
-5.031913518905639648e-01
5.390888452529907227e-01
9.788759946823120117e-01
-4.303703904151916504e-01
-9.106753468513488770e-01
-3.667257726192474365e-01
1.861076354980468750e-01
1.157888621091842651e-01
-2.016373574733734131e-01
7.190329432487487793e-01
7.287693023681640625e-01
8.666065931320190430e-01
-4.387057423591613770e-01
-7.167627811431884766e-01
-2.507367432117462158e-01
8.620298504829406738e-01
2.124203443527221680e-01
9.096027910709381104e-02
9.484185576438903809e-01
9.510108828544616699e-01
6.852828264236450195e-01
-5.962561815977096558e-03
-9.249572753906250000e-01
-9.269037842750549316e-01
-8.185817599296569824e-01
8.157655000686645508e-01
-9.717366695404052734e-01
-4.362624883651733398e-01
6.206457018852233887e-01
-9.334297776222229004e-01
-1.465146839618682861e-01
-5.103452205657958984e-01
-8.718484044075012207e-01
-7.880491018295288086e-01
-5.481678247451782227e-01
-1.959615647792816162e-01
2.408433854579925537e-01
-6.643475294113159180e-01
7.988564372062683105e-01
-2.938922941684722900e-01
-6.214952468872070312e-01
-5.818474888801574707e-01
7.944438457489013672e-01
-9.667077660560607910e-01
-9.137973785400390625e-01
3.942295908927917480e-01
4.507221654057502747e-02
-6.337959766387939453e-01
-4.151825308799743652e-01
-9.703873395919799805e-01
4.639220833778381348e-01
-3.488951325416564941e-01
8.238909840583801270e-01
3.679789304733276367e-01
-1.995743066072463989e-01
8.792731165885925293e-01
4.657495915889739990e-01
-3.903772830963134766e-01
1.765763461589813232e-01
6.220442056655883789e-01
-3.590388596057891846e-01
6.042645126581192017e-02
-4.478167593479156494e-01
1.716319620609283447e-01
-9.551640152931213379e-01
-3.099005520343780518e-01
-4.390729591250419617e-02
-8.246864080429077148e-01
-4.980158060789108276e-02
6.772915124893188477e-01
-8.141493201255798340e-01
-1.162989214062690735e-01
-8.908149600028991699e-01
-4.010890424251556396e-01
1.329847723245620728e-01
-5.425218343734741211e-01
-1.322655230760574341e-01
-2.485301345586776733e-01
6.455643177032470703e-01
7.228175997734069824e-01
-3.392275869846343994e-01
-2.341538369655609131e-01
-2.464625388383865356e-01
-7.616028785705566406e-01
-4.463331401348114014e-01
-4.143575727939605713e-01
-4.860061109066009521e-01
6.886171102523803711e-01
5.523322820663452148e-01
5.027214288711547852e-01
6.468008160591125488e-01
-8.977720886468887329e-02
3.987360894680023193e-01
-4.940088689327239990e-01
9.042335152626037598e-01
4.626201391220092773e-01
-6.654225587844848633e-01
9.523457288742065430e-01
-8.195089101791381836e-01
-1.879231035709381104e-01
4.033934473991394043e-01
-9.781651496887207031e-01
4.143108427524566650e-01
-9.861319661140441895e-01
-7.919588088989257812e-01
-4.376333057880401611e-01
7.707275748252868652e-01
-5.618254542350769043e-01
2.317147254943847656e-01
-1.430637091398239136e-01
7.930283546447753906e-01
-8.455349206924438477e-01
5.371191501617431641e-01
3.466255962848663330e-01
-6.410667300224304199e-01
5.722457170486450195e-01
-5.685398578643798828e-01
-8.917350769042968750e-01
-4.867947399616241455e-01
9.818021059036254883e-01
1.369308829307556152e-01
6.959565877914428711e-01
-4.551182687282562256e-01
8.597190380096435547e-01
-3.823665380477905273e-01
-6.760217547416687012e-01
6.583067774772644043e-01
9.301813840866088867e-01
9.757674932479858398e-01
8.679845929145812988e-01
-9.502531886100769043e-01
-9.598526358604431152e-01
8.300430178642272949e-01
3.851599618792533875e-02
-4.623621404170989990e-01
-8.609468340873718262e-01
-7.684033513069152832e-01
4.648191928863525391e-01
-4.246261417865753174e-01
-5.392661690711975098e-01
3.478315770626068115e-01
7.278811931610107422e-01
-9.511559605598449707e-01
1.968741416931152344e-04
-9.160315990447998047e-01
4.210602343082427979e-01
-2.523223310708999634e-02
-3.088215887546539307e-01
-2.554150223731994629e-01
6.873919069766998291e-02
1.661218553781509399e-01
-8.110848069190979004e-01
1.524296551942825317e-01
-8.414638042449951172e-01
6.353564262390136719e-01
5.037696957588195801e-01
1.052222996950149536e-01
-5.452212691307067871e-01
9.590999484062194824e-01
-9.468039274215698242e-01
7.858317494392395020e-01
-1.755881309509277344e-01
-9.522477984428405762e-01
4.044608175754547119e-01
9.210190176963806152e-01
7.246235013008117676e-01
-1.383009254932403564e-01
-3.587947785854339600e-01
-9.964715242385864258e-01
4.964622855186462402e-02
-6.671179533004760742e-01
-5.069343447685241699e-01
7.309525609016418457e-01
9.040021300315856934e-01
1.652835309505462646e-02
-6.563186645507812500e-01
-2.691711187362670898e-01
-3.308476209640502930e-01
4.787404239177703857e-01
-3.871109187602996826e-01
4.893284142017364502e-01
5.864282846450805664e-01
4.465167224407196045e-02
-1.487324982881546021e-01
-6.794449687004089355e-01
-1.235474366694688797e-02
7.290498018264770508e-01
3.721697032451629639e-01
7.047888040542602539e-01
-6.217353343963623047e-01
-7.115249037742614746e-01
-9.380645155906677246e-01
1.980111449956893921e-01
-5.046278834342956543e-01
-8.711383938789367676e-01
9.044951200485229492e-01
-6.824457049369812012e-01
-2.221589833498001099e-01
1.879906654357910156e-01
2.142190039157867432e-01
-3.002640604972839355e-01
-6.305373907089233398e-01
-2.216552793979644775e-01
-5.469744801521301270e-01
-6.554940938949584961e-01
-5.816732645034790039e-01
-4.661404192447662354e-01
-5.056885480880737305e-01
-7.644263505935668945e-01
7.823427915573120117e-01
6.974241137504577637e-01
-8.638641834259033203e-01
6.730162501335144043e-01
3.682943582534790039e-01
-1.588628068566322327e-02
7.678947448730468750e-01
-7.578618526458740234e-01
7.522816658020019531e-01
4.648346900939941406e-01
9.626749753952026367e-01
-5.513170361518859863e-01
9.974339008331298828e-01
9.157094359397888184e-01
3.224510699510574341e-02
-1.539637614041566849e-02
-5.221453309059143066e-01
7.509419322013854980e-01
-7.090275287628173828e-01
9.745849370956420898e-01
-8.779829144477844238e-01
-9.093195796012878418e-01
2.924765348434448242e-01
7.472742795944213867e-01
2.216616645455360413e-02
-6.832887530326843262e-01
6.088861823081970215e-01
-6.608562469482421875e-01
8.730452656745910645e-01
-9.610249996185302734e-01
-5.819711089134216309e-01
-8.230800032615661621e-01
5.720695257186889648e-01
-1.452742959372699261e-03
-6.854987144470214844e-01
6.465103626251220703e-01
-6.414020061492919922e-01
-1.111246049404144287e-01
3.061633408069610596e-01
-5.695176124572753906e-01
9.691329598426818848e-01
9.194490313529968262e-01
8.724360466003417969e-01
-2.513129115104675293e-01
3.711823225021362305e-01
-9.366907477378845215e-01
-7.818299531936645508e-01
7.909945249557495117e-01
5.780586600303649902e-01
-9.938033819198608398e-01
1.895779669284820557e-01
-2.747303843498229980e-01
-7.140836119651794434e-01
-9.370599389076232910e-01
-2.322932630777359009e-01
-5.539515614509582520e-01
8.213447034358978271e-02
5.824602246284484863e-01
-7.332656979560852051e-01
1.007552668452262878e-01
-7.459068298339843750e-01
-6.007545590400695801e-01
4.112741947174072266e-01
5.425788760185241699e-01
-9.308812618255615234e-01
-8.230819702148437500e-01
8.994809985160827637e-01
3.878618180751800537e-01
-5.757663846015930176e-01
3.062179079279303551e-03
2.009233236312866211e-01
7.922899723052978516e-01
1.869994848966598511e-01
-1.738874018192291260e-01
2.956628054380416870e-02
7.901356220245361328e-01
-2.801363468170166016e-01
6.035445332527160645e-01
-8.299856185913085938e-01
8.706369400024414062e-01
6.680009961128234863e-01
-8.754590749740600586e-01
-3.432079255580902100e-01
5.630404949188232422e-01
-9.883083105087280273e-01
-2.556335926055908203e-01
-4.730836451053619385e-01
7.351787760853767395e-03
7.573105096817016602e-01
-5.604968667030334473e-01
-3.568901717662811279e-01
1.887423098087310791e-01
4.993058443069458008e-01
-2.135562449693679810e-01
3.670929372310638428e-01
5.397363305091857910e-01
8.010275661945343018e-02
9.563630819320678711e-02
6.296383738517761230e-01
7.445169240236282349e-02
-2.226087301969528198e-01
4.933008253574371338e-01
4.775757789611816406e-01
-6.265350580215454102e-01
-9.831638336181640625e-01
7.400530576705932617e-01
-6.788481026887893677e-02
-8.727975487709045410e-01
-4.026499763131141663e-02
-5.424599647521972656e-01
-7.462134957313537598e-01
-7.391166687011718750e-01
-6.699033975601196289e-01
-8.361673355102539062e-01
7.941362261772155762e-02
-9.390558004379272461e-01
-6.708962917327880859e-01
1.754720658063888550e-01
-7.355570793151855469e-01
-7.565801739692687988e-01
1.749333441257476807e-01
6.302669644355773926e-01
-7.408735156059265137e-01
7.086521387100219727e-01
-4.813595712184906006e-01
-3.869549334049224854e-01
-8.820106387138366699e-01
-3.792588710784912109e-01
-7.403766363859176636e-02
1.756441891193389893e-01
3.619188368320465088e-01
9.967109560966491699e-01
7.650588154792785645e-01
9.752573370933532715e-01
8.949331641197204590e-01
-2.601209282875061035e-01
9.792704582214355469e-01
7.605815529823303223e-01
8.677127212285995483e-02
7.656066417694091797e-01
-9.850425124168395996e-01
1.029205918312072754e-01
-9.733560085296630859e-01
6.282725930213928223e-01
-6.933472752571105957e-01
9.610766172409057617e-01
7.213018536567687988e-01
-2.199531048536300659e-01
-4.717807471752166748e-01
-9.800504446029663086e-01
-7.094477415084838867e-01
5.252509117126464844e-01
5.992751196026802063e-02
-6.827773451805114746e-01
-9.313821196556091309e-01
6.593317985534667969e-01
-5.002059936523437500e-01
