-9.953277111053466797e-01
-6.200075149536132812e-01
-8.565986156463623047e-01
6.855532526969909668e-01
-8.734430670738220215e-01
-4.701357185840606689e-01
-3.245857656002044678e-01
3.776729702949523926e-01
7.815626263618469238e-01
-6.396563649177551270e-01
-8.551658987998962402e-01
8.934521079063415527e-01
-4.128274619579315186e-01
-3.769634068012237549e-01
-2.390891015529632568e-01
4.784296452999114990e-01
9.085166454315185547e-01
1.300485134124755859e-01
7.090424299240112305e-01
-7.301197648048400879e-01
-3.051823377609252930e-01
-6.132345795631408691e-01
7.848565578460693359e-01
7.304925322532653809e-01
-4.769977927207946777e-01
-4.092668592929840088e-01
2.088188678026199341e-01
-6.599143147468566895e-01
-5.781823396682739258e-01
-9.049435257911682129e-01
6.596397161483764648e-01
5.125139355659484863e-01
1.926946192979812622e-01
5.162461996078491211e-01
7.800729870796203613e-01
5.688049793243408203e-01
5.207805037498474121e-01
2.955389022827148438e-01
-1.228807866573333740e-01
9.773230552673339844e-01
7.851535677909851074e-01
9.132063388824462891e-01
4.185837209224700928e-01
3.006581366062164307e-01
9.320394992828369141e-01
-7.260047197341918945e-01
6.982761621475219727e-01
2.069941759109497070e-01
-5.516293048858642578e-01
-9.497846961021423340e-01
-7.199565768241882324e-01
2.582792751491069794e-02
-8.275527358055114746e-01
-9.251731634140014648e-01
-2.530255317687988281e-01
-9.077258706092834473e-01
-7.972148656845092773e-01
-4.541823565959930420e-01
7.016506791114807129e-01
-7.395932674407958984e-01
8.105852603912353516e-01
-6.057634949684143066e-01
-3.750294446945190430e-01
-7.804409265518188477e-01
-8.282144069671630859e-01
1.121211796998977661e-01
-7.595996856689453125e-01
9.881893992424011230e-01
-3.469776511192321777e-01
-8.180444687604904175e-02
-7.519470453262329102e-01
1.340779811143875122e-01
7.210344672203063965e-01
-4.657281041145324707e-01
1.370123773813247681e-01
9.159080982208251953e-01
-3.393747210502624512e-01
-6.982063651084899902e-01
9.912550449371337891e-01
9.321049451828002930e-01
6.096751689910888672e-01
7.630378007888793945e-01
-1.881771534681320190e-01
-1.309382170438766479e-01
8.992985486984252930e-01
-9.317997097969055176e-01
-2.415042966604232788e-01
6.742482781410217285e-01
5.965562462806701660e-01
-3.635038435459136963e-01
9.272311329841613770e-01
8.297470808029174805e-01
9.265772700309753418e-01
7.050995528697967529e-02
2.401378005743026733e-01
7.674759626388549805e-01
-9.018285274505615234e-01
6.761618256568908691e-01
7.929265499114990234e-01
9.177905321121215820e-01
7.603250145912170410e-01
-2.516703307628631592e-01
7.156136631965637207e-02
-1.204702421091496944e-03
-6.135743856430053711e-01
6.257513761520385742e-01
-6.274558305740356445e-01
6.380272507667541504e-01
-3.057841211557388306e-02
9.572400897741317749e-02
6.308678388595581055e-01
7.993942499160766602e-01
-9.197313189506530762e-01
-4.679287374019622803e-01
-7.322443723678588867e-01
-4.392199516296386719e-01
-5.296565890312194824e-01
-4.650271832942962646e-01
-5.795236229896545410e-01
-3.726541250944137573e-02
8.725778460502624512e-01
-9.860671758651733398e-01
-4.967154264450073242e-01
6.806060671806335449e-01
-5.769227147102355957e-01
5.425348132848739624e-02
-9.505866765975952148e-01
-3.333441019058227539e-01
4.121994972229003906e-01
-2.547443807125091553e-01
-3.397262990474700928e-01
-3.099492192268371582e-01
7.061699032783508301e-01
5.026412010192871094e-01
4.046205580234527588e-01
-6.628096699714660645e-01
4.194980561733245850e-01
8.468616604804992676e-01
9.086521863937377930e-01
9.106213450431823730e-01
6.802666783332824707e-01
5.005687475204467773e-01
5.930061936378479004e-01
2.173330187797546387e-01
5.777454972267150879e-01
-1.873723417520523071e-01
6.578399538993835449e-01
9.858735837042331696e-03
5.662707686424255371e-01
9.795695543289184570e-01
-5.376836657524108887e-01
7.812411785125732422e-01
-8.552483916282653809e-01
6.862601041793823242e-01
8.767617344856262207e-01
6.909042000770568848e-01
6.562716364860534668e-01
8.489254117012023926e-01
-4.879981279373168945e-01
6.147564053535461426e-01
-9.324434995651245117e-01
3.594731092453002930e-01
8.617853522300720215e-01
-5.287771821022033691e-01
4.121784865856170654e-02
7.390524744987487793e-01
3.243860304355621338e-01
8.331034183502197266e-01
5.562348961830139160e-01
6.120641827583312988e-01
-2.588837966322898865e-02
1.496478468179702759e-01
1.056317985057830811e-01
4.059139490127563477e-01
-5.247757434844970703e-01
2.777527868747711182e-01
-4.637029767036437988e-01
-4.999234676361083984e-01
-4.314071536064147949e-01
9.417124390602111816e-01
-9.082714319229125977e-01
-9.771891832351684570e-01
-6.634761691093444824e-01
2.522222995758056641e-01
6.021964550018310547e-01
-7.641518115997314453e-01
4.299313127994537354e-01
2.530009448528289795e-01
3.036620020866394043e-01
-7.227728962898254395e-01
-5.693613290786743164e-01
4.847802817821502686e-01
-9.460248947143554688e-01
-9.761852025985717773e-01
-1.074136272072792053e-01
9.762840270996093750e-01
5.967901945114135742e-01
9.526869058609008789e-01
7.422924041748046875e-01
-6.296155452728271484e-01
-8.415145874023437500e-01
8.939027786254882812e-01
3.495212197303771973e-01
-4.734540358185768127e-03
-3.840588927268981934e-01
9.636961221694946289e-01
4.372741281986236572e-01
-4.952993392944335938e-01
-5.040796399116516113e-01
-3.449482023715972900e-01
9.361671805381774902e-01
7.183744758367538452e-02
-3.179803192615509033e-01
6.298928856849670410e-01
8.397952914237976074e-01
4.369042813777923584e-01
2.938299477100372314e-01
8.542354106903076172e-01
-1.153720989823341370e-01
8.992630839347839355e-01
-2.367332279682159424e-01
-2.137781381607055664e-01
7.726346850395202637e-01
8.938407301902770996e-01
9.860334992408752441e-01
-1.439604312181472778e-01
6.705266833305358887e-01
4.712612926959991455e-01
6.031497120857238770e-01
-2.257610559463500977e-01
7.776310443878173828e-01
3.420916199684143066e-01
6.169384121894836426e-01
5.882189273834228516e-01
-9.470559954643249512e-01
-7.600255608558654785e-01
2.166506052017211914e-01
9.075430631637573242e-01
2.480140626430511475e-01
-7.183039784431457520e-01
-6.357843875885009766e-01
-1.369946449995040894e-01
1.244859471917152405e-01
-7.395261526107788086e-01
-6.362908482551574707e-01
3.538267612457275391e-01
-6.351506710052490234e-01
9.372812509536743164e-01
8.143954873085021973e-01
4.951717555522918701e-01
-2.775926887989044189e-01
-7.470709681510925293e-01
-8.052782416343688965e-01
-4.026038646697998047e-01
-7.341997027397155762e-01
-6.624412536621093750e-01
8.997869491577148438e-01
6.729612946510314941e-01
5.900966525077819824e-01
-4.837426841259002686e-01
-8.700110912322998047e-01
-8.090444207191467285e-01
-8.385047316551208496e-01
8.579156994819641113e-01
9.176056385040283203e-01
-8.281706571578979492e-01
8.085846900939941406e-01
5.980051755905151367e-01
6.417591571807861328e-01
-7.933304309844970703e-01
-2.112728506326675415e-01
3.974807858467102051e-01
7.429987192153930664e-02
8.538414835929870605e-01
-2.443488687276840210e-02
9.927720427513122559e-01
8.649066090583801270e-01
1.050824522972106934e-01
2.687476575374603271e-01
-9.815263748168945312e-01
1.133223176002502441e-01
-7.061297297477722168e-01
9.927825331687927246e-01
8.719667792320251465e-01
8.691390156745910645e-01
3.005463443696498871e-02
7.841118574142456055e-01
8.605679273605346680e-01
3.226477652788162231e-03
8.174633979797363281e-01
6.929080486297607422e-01
-5.795025825500488281e-02
-7.143788784742355347e-02
-3.071340024471282959e-01
-4.233651459217071533e-01
7.858702540397644043e-01
-3.936151564121246338e-01
8.171762228012084961e-01
8.181351423263549805e-01
-1.729572564363479614e-01
4.470300674438476562e-01
-7.386302947998046875e-01
-8.041400313377380371e-01
-7.766544818878173828e-01
9.632296562194824219e-01
8.775525689125061035e-01
4.572901427745819092e-01
5.517629384994506836e-01
9.981517791748046875e-01
7.343216566368937492e-04
-7.282738685607910156e-01
-7.272375226020812988e-01
-3.392027020454406738e-01
4.391535520553588867e-01
-4.203054010868072510e-01
4.693253338336944580e-01
5.554265975952148438e-01
-6.883888244628906250e-01
-7.206508517265319824e-02
-7.649962306022644043e-01
7.282622903585433960e-02
-9.604420065879821777e-01
-3.247596919536590576e-01
4.793007373809814453e-01
6.777309179306030273e-01
9.836966991424560547e-01
7.205051779747009277e-01
9.059007167816162109e-01
5.751665830612182617e-01
8.338084220886230469e-01
-7.935967445373535156e-01
-5.405880808830261230e-01
2.498925477266311646e-01
-1.194543465971946716e-01
8.290138840675354004e-01
-5.287127494812011719e-01
-3.456378281116485596e-01
-5.348057150840759277e-01
4.896503388881683350e-01
3.590923845767974854e-01
8.771967291831970215e-01
-4.014806449413299561e-02
-5.716784596443176270e-01
2.214326560497283936e-01
-3.511921167373657227e-01
2.241650968790054321e-01
1.911293715238571167e-01
6.084524393081665039e-01
9.114976525306701660e-01
7.151169180870056152e-01
3.358494043350219727e-01
1.080006137490272522e-01
-5.448917746543884277e-01
-8.167362213134765625e-01
2.501880228519439697e-01
-3.596498072147369385e-01
-1.787337213754653931e-01
7.863161563873291016e-01
9.000606536865234375e-01
6.670972108840942383e-01
2.345636934041976929e-01
8.379015922546386719e-01
8.004489541053771973e-01
3.678822517395019531e-01
9.679215550422668457e-01
-8.054366707801818848e-01
-8.173326253890991211e-01
-3.618735671043395996e-01
-7.608292698860168457e-01
5.028796792030334473e-01
8.250321149826049805e-01
-5.479485392570495605e-01
1.317205429077148438e-01
-6.257050037384033203e-01
-8.957930207252502441e-01
-7.546090483665466309e-01
-3.131617307662963867e-01
7.844392657279968262e-01
1.751559674739837646e-01
9.126480817794799805e-01
2.377836592495441437e-02
9.322316646575927734e-01
-3.030524253845214844e-01
7.541673183441162109e-01
7.814927697181701660e-01
8.360437750816345215e-01
3.067432940006256104e-01
-3.563946485519409180e-01
2.567460015416145325e-02
6.705107688903808594e-01
-6.365832686424255371e-01
9.757231473922729492e-01
9.850003123283386230e-01
-6.737936139106750488e-01
9.104942083358764648e-01
9.975565075874328613e-01
3.194786980748176575e-02
9.312230944633483887e-01
-8.352253437042236328e-01
-7.594189643859863281e-01
-7.512302398681640625e-01
6.088750958442687988e-01
-6.239144206047058105e-01
2.689721286296844482e-01
2.082628905773162842e-01
-5.318654179573059082e-01
9.260984063148498535e-01
9.813807606697082520e-01
9.695523977279663086e-01
9.289814829826354980e-01
-3.842455446720123291e-01
3.251641690731048584e-01
2.681126296520233154e-01
5.059025883674621582e-01
-1.743036508560180664e-01
7.361892461776733398e-01
9.234862327575683594e-01
-6.608887910842895508e-01
-9.649038910865783691e-01
-7.825673818588256836e-01
6.862939596176147461e-01
5.865686535835266113e-01
-9.848271608352661133e-01
8.575930595397949219e-01
-7.659367322921752930e-01
1.904344558715820312e-01
-8.441943526268005371e-01
-9.328380227088928223e-01
-7.246292233467102051e-01
9.950028657913208008e-01
7.694238424301147461e-01
8.570497035980224609e-01
-3.152465522289276123e-01
-4.705643355846405029e-01
-3.144851699471473694e-02
3.646860122680664062e-01
-9.702773094177246094e-01
8.028237819671630859e-01
-3.379362821578979492e-01
5.504501238465309143e-02
8.554364442825317383e-01
-9.431616961956024170e-02
3.722527623176574707e-01
9.666967391967773438e-01
-4.550244212150573730e-01
-5.484352111816406250e-01
6.675257682800292969e-01
6.003915667533874512e-01
8.727604746818542480e-01
8.375263214111328125e-01
7.838100790977478027e-01
1.329188700765371323e-02
-1.298723965883255005e-01
6.879198551177978516e-01
9.149472713470458984e-01
-2.642681598663330078e-01
-7.496547102928161621e-01
-4.764661192893981934e-01
8.241105675697326660e-01
-1.375537663698196411e-01
5.928879380226135254e-01
6.855720877647399902e-01
7.794265747070312500e-01
7.635326385498046875e-01
-3.802249133586883545e-01
8.212453722953796387e-01
-1.902811974287033081e-01
4.607193768024444580e-01
3.315816223621368408e-01
3.821642100811004639e-01
-5.726290941238403320e-01
-5.699689388275146484e-01
-8.571060299873352051e-01
3.170258402824401855e-01
-2.579037845134735107e-01
8.325998783111572266e-01
5.936007499694824219e-01
-3.038398027420043945e-01
3.036139607429504395e-01
-6.416079998016357422e-01
-2.481874078512191772e-01
-9.765617251396179199e-01
1.352912336587905884e-01
-8.783649802207946777e-01
2.495208829641342163e-01
6.977872848510742188e-01
2.674597315490245819e-02
6.414867639541625977e-01
-6.234149336814880371e-01
-3.899178206920623779e-01
7.170210480690002441e-01
-3.478268086910247803e-01
8.142325878143310547e-01
3.421877026557922363e-01
-7.332473993301391602e-01
9.790228605270385742e-01
7.131106257438659668e-01
-1.890747100114822388e-01
-1.401183754205703735e-01
8.937293887138366699e-01
5.247416496276855469e-01
4.838472306728363037e-01
-9.149590134620666504e-01
5.480715036392211914e-01
-4.668251872062683105e-01
8.086232542991638184e-01
7.253537774085998535e-01
4.883176982402801514e-01
6.459534764289855957e-01
9.693074226379394531e-01
-6.942368149757385254e-01
-5.412198901176452637e-01
3.092851638793945312e-01
4.670111238956451416e-01
-1.511887162923812866e-01
9.961715936660766602e-01
-2.499038819223642349e-03
-2.680839411914348602e-02
9.355142116546630859e-01
7.658595442771911621e-01
6.020408272743225098e-01
9.037749767303466797e-01
-4.290997087955474854e-01
9.270907044410705566e-01
4.559098184108734131e-01
-8.114141225814819336e-01
-9.897928237915039062e-01
-3.068387508392333984e-01
-4.687661528587341309e-01
2.349187582731246948e-01
8.440074324607849121e-01
2.123847156763076782e-01
-8.853856921195983887e-01
8.608798980712890625e-01
-6.938802003860473633e-01
4.275517761707305908e-01
3.136523962020874023e-01
-2.220228463411331177e-01
4.626721739768981934e-01
7.172892093658447266e-01
-4.724449515342712402e-01
2.373809516429901123e-01
1.036806255578994751e-01
6.552109718322753906e-01
-4.516193866729736328e-01
-6.283321976661682129e-01
-7.016597390174865723e-01
-2.265769988298416138e-01
3.702652752399444580e-01
4.462085962295532227e-01
-2.421913594007492065e-01
-3.350991606712341309e-01
3.860962688922882080e-01
-5.160910487174987793e-01
9.546936154365539551e-01
4.756870865821838379e-01
-2.810435295104980469e-01
5.665050148963928223e-01
6.769808530807495117e-01
-5.806370973587036133e-01
1.206225231289863586e-01
8.586419224739074707e-01
8.190593719482421875e-01
7.090522646903991699e-01
9.148159027099609375e-01
-5.204578638076782227e-01
8.809946179389953613e-01
9.846264123916625977e-01
7.867689132690429688e-01
6.800014376640319824e-01
4.983140528202056885e-01
8.537605404853820801e-01
3.373904526233673096e-01
-6.418082118034362793e-01
-1.732691079378128052e-01
-5.188553929328918457e-01
-8.676192164421081543e-01
4.135033488273620605e-01
3.107219636440277100e-01
5.786770582199096680e-01
5.038425922393798828e-01
-5.087887048721313477e-01
6.587699651718139648e-01
3.474957048892974854e-01
-5.912489295005798340e-01
-6.531883478164672852e-01
-9.344887733459472656e-01
-6.800537705421447754e-01
2.268137335777282715e-01
-2.403468191623687744e-01
-2.146324366331100464e-01
8.458800911903381348e-01
2.185297310352325439e-01
1.070854514837265015e-01
1.573420315980911255e-01
-1.315823495388031006e-01
1.375833451747894287e-01
2.814034223556518555e-01
4.648177921772003174e-01
6.967333555221557617e-01
2.963426411151885986e-01
6.245391368865966797e-01
5.284876823425292969e-01
9.886322021484375000e-01
8.879637122154235840e-01
3.742437958717346191e-01
5.473862290382385254e-01
-8.204375505447387695e-01
1.888079196214675903e-01
7.306540608406066895e-01
8.074501156806945801e-01
3.765122294425964355e-01
7.888993024826049805e-01
-9.062638282775878906e-01
9.273610711097717285e-01
2.530646026134490967e-01
-3.571897745132446289e-01
1.066888943314552307e-01
-2.731538005173206329e-02
-7.398916482925415039e-01
8.485150337219238281e-01
-3.961319103837013245e-02
5.046973377466201782e-02
1.562291234731674194e-01
8.516511321067810059e-01
4.286925494670867920e-01
-6.627976894378662109e-01
-1.555622220039367676e-01
6.679002642631530762e-01
6.765064597129821777e-01
8.410829901695251465e-01
7.493951916694641113e-01
-9.806497693061828613e-01
6.622703671455383301e-01
9.334310293197631836e-01
8.435772061347961426e-01
7.540202140808105469e-01
-6.628092527389526367e-01
-8.167718648910522461e-01
-3.266410231590270996e-01
-2.605850994586944580e-01
-7.816283106803894043e-01
4.458073079586029053e-01
4.641003310680389404e-01
1.560558527708053589e-01
7.473264932632446289e-01
2.837671041488647461e-01
5.668307542800903320e-01
-6.557897478342056274e-02
-7.996437549591064453e-01
5.171762704849243164e-01
8.052512407302856445e-01
9.731192588806152344e-01
-4.343955218791961670e-01
9.771551489830017090e-01
-7.282642126083374023e-01
4.854251071810722351e-02
-6.130908727645874023e-01
1.765632182359695435e-01
-9.846221804618835449e-01
7.614555954933166504e-01
9.767466783523559570e-01
9.783995151519775391e-01
3.840622305870056152e-01
8.588818311691284180e-01
1.967450417578220367e-02
-1.392676495015621185e-03
9.662265181541442871e-01
7.206117510795593262e-01
-4.692269861698150635e-01
-5.363005399703979492e-01
-5.651149526238441467e-02
9.546612501144409180e-01
7.831033468246459961e-01
-8.967381715774536133e-01
-8.704275637865066528e-02
-4.993319213390350342e-01
-8.704862594604492188e-01
-5.012288093566894531e-01
-7.561724781990051270e-01
7.095988988876342773e-01
7.218219637870788574e-01
9.416917562484741211e-01
1.809648871421813965e-01
-6.782669425010681152e-01
4.277440011501312256e-01
5.223213434219360352e-01
-5.061916112899780273e-01
-2.746048271656036377e-01
4.036981984972953796e-02
3.953263163566589355e-01
-1.836694926023483276e-01
9.588742256164550781e-01
9.963554739952087402e-01
-9.065398573875427246e-01
1.830539256334304810e-01
-1.423708498477935791e-01
-7.919842004776000977e-01
6.859514117240905762e-01
7.826257348060607910e-01
-4.984010457992553711e-01
6.331671476364135742e-01
8.951660990715026855e-01
1.525921374559402466e-01
-1.348719000816345215e-01
6.328717470169067383e-01
7.894031405448913574e-01
-7.976328730583190918e-01
7.201693058013916016e-01
4.123794138431549072e-01
9.083322286605834961e-01
-6.749181747436523438e-01
-5.936635136604309082e-01
-7.871227264404296875e-01
-7.997357249259948730e-01
1.342874616384506226e-01
4.121539294719696045e-01
5.559912323951721191e-01
8.276688456535339355e-01
3.223947286605834961e-01
9.232770800590515137e-01
5.866741538047790527e-01
-7.902720570564270020e-02
8.290634751319885254e-01
7.821772694587707520e-01
6.613103747367858887e-01
-3.996234834194183350e-01
-2.139406353235244751e-01
-2.793201431632041931e-02
-4.874370098114013672e-01
-6.443639993667602539e-01
-4.928939044475555420e-01
8.471790552139282227e-01
7.518924474716186523e-01
8.609812855720520020e-01
-1.749771386384963989e-01
-6.738273501396179199e-01
-9.831294417381286621e-01
2.112462520599365234e-01
-2.793189585208892822e-01
-4.127665162086486816e-01
2.388615161180496216e-01
1.282185614109039307e-01
7.446504831314086914e-01
-2.902324497699737549e-01
8.681858777999877930e-01
-4.163605570793151855e-01
2.138309478759765625e-01
-4.099909365177154541e-01
5.692440271377563477e-01
-9.367810487747192383e-01
-3.796305060386657715e-01
7.211337089538574219e-01
9.185491800308227539e-01
4.160644710063934326e-01
-1.593398898839950562e-01
-7.491272687911987305e-01
9.345161169767379761e-02
3.707820177078247070e-01
3.966059982776641846e-01
-6.756252050399780273e-01
8.058318495750427246e-01
-2.865377962589263916e-01
9.370334148406982422e-01
5.398793816566467285e-01
-8.146461099386215210e-02
-2.308641821146011353e-01
6.900738477706909180e-01
-2.009325176477432251e-01
-3.576633632183074951e-01
9.605389237403869629e-01
9.162949919700622559e-01
9.704782366752624512e-01
2.886584401130676270e-01
3.985962271690368652e-01
5.731261372566223145e-01
4.522705376148223877e-01
-4.963747859001159668e-01
-8.220720887184143066e-01
2.689399421215057373e-01
-7.284245491027832031e-01
9.277368783950805664e-01
1.282552331686019897e-01
-2.374923601746559143e-02
9.400275349617004395e-01
3.876823186874389648e-01
9.803941845893859863e-01
-8.582891821861267090e-01
-8.690103888511657715e-01
4.240736737847328186e-02
8.784773349761962891e-01
7.810983657836914062e-01
-6.694223284721374512e-01
7.207633256912231445e-01
7.162507176399230957e-01
8.686059713363647461e-01
-9.612375497817993164e-01
-6.279273033142089844e-01
3.397181332111358643e-01
-7.119640707969665527e-01
-8.635106682777404785e-01
-8.643192052841186523e-01
7.471882104873657227e-01
-5.653598308563232422e-01
9.360051155090332031e-01
5.581976380199193954e-03
-9.638726115226745605e-01
2.180043607950210571e-01
-3.412568867206573486e-01
3.135744929313659668e-01
-9.650096893310546875e-01
-9.151236414909362793e-01
9.310579299926757812e-01
8.881443738937377930e-01
9.966388940811157227e-01
8.956496119499206543e-01
-9.803457856178283691e-01
5.412248969078063965e-01
5.354319214820861816e-01
7.996588945388793945e-01
4.549629986286163330e-01
9.082208871841430664e-01
4.562661945819854736e-01
-5.644640922546386719e-01
-8.701170086860656738e-01
-2.512091100215911865e-01
8.355858325958251953e-01
8.570953011512756348e-01
6.658290624618530273e-01
7.961568832397460938e-01
9.294192790985107422e-01
-4.578618407249450684e-01
-5.168674588203430176e-01
-4.634397327899932861e-01
-1.874009668827056885e-01
-3.785472828894853592e-03
-3.984534740447998047e-01
8.787533640861511230e-01
-3.615129590034484863e-01
7.919108271598815918e-01
-6.044600605964660645e-01
7.497559785842895508e-01
5.272965412586927414e-03
4.577723145484924316e-01
9.285290837287902832e-01
9.296249747276306152e-01
7.059571146965026855e-01
4.693353772163391113e-01
-8.762028217315673828e-01
-9.222542494535446167e-02
-6.772735714912414551e-01
5.308914780616760254e-01
-7.679200172424316406e-01
7.166985869407653809e-01
9.129239916801452637e-01
7.033014297485351562e-01
-9.453981518745422363e-01
3.785226345062255859e-01
6.587370038032531738e-01
-7.790127396583557129e-01
3.627469539642333984e-01
7.907922267913818359e-01
-1.509377211332321167e-01
-5.017693042755126953e-01
7.751859426498413086e-01
9.440942406654357910e-01
1.530558615922927856e-01
9.036923050880432129e-01
-5.507724285125732422e-01
6.573498845100402832e-01
-5.707790851593017578e-01
1.496521979570388794e-01
9.017219543457031250e-01
-2.650032192468643188e-02
3.591478765010833740e-01
3.296534717082977295e-01
-9.702332615852355957e-01
-8.123860955238342285e-01
7.430014610290527344e-01
-2.917584776878356934e-01
-4.383340179920196533e-01
-3.320907056331634521e-01
8.049892187118530273e-01
9.703654646873474121e-01
4.289677441120147705e-01
8.389572501182556152e-01
1.634617745876312256e-01
4.386047422885894775e-01
8.327713012695312500e-01
8.833537250757217407e-02
-9.065673351287841797e-01
-6.541882753372192383e-01
-8.242819905281066895e-01
2.258278578519821167e-01
-7.621919512748718262e-01
-5.254697203636169434e-01
5.740475654602050781e-02
-4.178568422794342041e-01
9.728361964225769043e-01
-2.812435925006866455e-01
5.944036841392517090e-01
-8.229482769966125488e-01
-4.501815140247344971e-01
7.909992337226867676e-01
2.643124461174011230e-01
-4.654912650585174561e-01
6.028449535369873047e-01
8.722516298294067383e-01
-2.867133021354675293e-01
5.834363102912902832e-01
4.100120812654495239e-02
-7.347783446311950684e-01
9.358246922492980957e-01
9.016807079315185547e-01
-4.826163649559020996e-01
4.999651908874511719e-01
9.702013134956359863e-01
9.228371977806091309e-01
8.366784453392028809e-01
-5.337288975715637207e-01
-9.478737115859985352e-01
9.072949886322021484e-01
-3.838035836815834045e-02
-3.586848378181457520e-01
6.764522790908813477e-01
8.293613195419311523e-01
-1.963449716567993164e-01
8.579587936401367188e-01
5.971597433090209961e-01
4.429689347743988037e-01
8.981245756149291992e-01
6.081328988075256348e-01
-2.522175312042236328e-01
-2.674317061901092529e-01
4.445104598999023438e-01
-9.026750326156616211e-01
9.613739699125289917e-02
-5.777363777160644531e-01
3.567428514361381531e-02
8.571437746286392212e-02
6.848286986351013184e-01
9.832435250282287598e-01
3.376379907131195068e-01
-7.751094102859497070e-01
-4.848065972328186035e-01
1.172907948493957520e-01
-4.920403063297271729e-01
-5.255686864256858826e-02
-6.510624885559082031e-01
7.546281814575195312e-01
8.440642356872558594e-01
8.344293832778930664e-01
8.495998978614807129e-01
-7.305153012275695801e-01
-6.278324723243713379e-01
-8.612176775932312012e-01
-8.625214099884033203e-01
4.984062910079956055e-01
6.048596501350402832e-01
8.135872483253479004e-01
-4.430204033851623535e-01
8.304256796836853027e-01
-5.574548840522766113e-01
-5.889692306518554688e-01
3.927241563796997070e-01
9.152104854583740234e-01
-6.827174425125122070e-01
-8.891296982765197754e-01
-2.650002539157867432e-01
7.258707880973815918e-01
-2.006770074367523193e-01
7.341712117195129395e-01
9.202114343643188477e-01
6.246711015701293945e-01
-6.352678537368774414e-01
-6.532673835754394531e-01
7.690155506134033203e-01
-1.457118242979049683e-01
8.714683055877685547e-01
-6.844523549079895020e-01
4.475266337394714355e-01
-1.404910683631896973e-01
9.643486142158508301e-01
2.488244324922561646e-01
-5.278041362762451172e-01
-9.442371726036071777e-01
-8.368049860000610352e-01
-1.383349448442459106e-01
-7.386486977338790894e-02
5.006615519523620605e-01
8.037308454513549805e-01
-2.270621359348297119e-01
5.573826432228088379e-01
-3.150641918182373047e-01
5.925123393535614014e-02
9.505792856216430664e-01
9.566523432731628418e-01
9.930361509323120117e-01
9.467728137969970703e-01
-7.778543233871459961e-01
8.653482198715209961e-01
4.153169393539428711e-01
5.500214695930480957e-01
5.625689029693603516e-01
9.296777844429016113e-01
4.390064477920532227e-01
4.910248816013336182e-01
8.849592804908752441e-01
-9.014441817998886108e-02
9.490298628807067871e-01
7.427881360054016113e-01
-3.012780845165252686e-01
3.297071158885955811e-01
-9.945201277732849121e-01
2.158396393060684204e-01
-5.897205695509910583e-02
-9.033291339874267578e-01
-8.163781464099884033e-02
9.643364548683166504e-01
6.315790414810180664e-01
-4.123475849628448486e-01
-8.442384004592895508e-01
-9.014489054679870605e-01
-6.049938201904296875e-01
6.883062124252319336e-01
7.856258749961853027e-01
-1.124698966741561890e-01
8.178441524505615234e-01
-3.727714419364929199e-01
3.728758394718170166e-01
-9.555183053016662598e-01
-1.155795753002166748e-01
-1.475460231304168701e-01
-4.333484470844268799e-01
-6.341666579246520996e-01
9.261220693588256836e-01
-9.289679527282714844e-01
-5.586304068565368652e-01
-9.542234539985656738e-01
-7.437236309051513672e-01
4.674544930458068848e-01
5.986879467964172363e-01
-5.485904589295387268e-02
8.851906061172485352e-01
9.436417818069458008e-01
9.297950267791748047e-01
-5.032227039337158203e-01
-6.060840487480163574e-01
8.213285207748413086e-01
6.233009696006774902e-01
9.696706533432006836e-01
-8.539021611213684082e-01
6.944578886032104492e-01
5.291345715522766113e-01
9.546481370925903320e-01
5.859682559967041016e-01
4.019149541854858398e-01
9.759918451309204102e-01
9.650782942771911621e-01
-2.724812328815460205e-01
-1.611582487821578979e-01
-7.989547252655029297e-01
7.354817390441894531e-01
9.461919665336608887e-01
1.703983396291732788e-01
7.696888446807861328e-01
8.242973685264587402e-01
2.144590318202972412e-01
-1.555012166500091553e-01
7.006621360778808594e-01
-2.785277664661407471e-01
9.734877943992614746e-01
-7.238713502883911133e-01
-3.907646834850311279e-01
2.056314945220947266e-01
-8.572080731391906738e-01
-3.716465830802917480e-01
9.441348910331726074e-01
9.078313708305358887e-01
2.255220860242843628e-01
2.244015969336032867e-02
-9.392836093902587891e-01
-8.294703066349029541e-02
8.646590709686279297e-01
9.606195688247680664e-01
6.115809082984924316e-01
-7.735970616340637207e-01
-1.756885647773742676e-01
-4.806382656097412109e-01
-3.060323596000671387e-01
1.010352820158004761e-01
-3.208142220973968506e-01
2.834495604038238525e-01
5.238412022590637207e-01
9.234864711761474609e-01
-1.333763152360916138e-01
5.906525254249572754e-01
3.721714019775390625e-01
7.857263088226318359e-01
9.147517681121826172e-01
-6.890398859977722168e-01
-8.214733600616455078e-01
-8.529577404260635376e-02
-2.696085572242736816e-01
4.131150841712951660e-01
5.690193772315979004e-01
3.164327442646026611e-01
-8.079931139945983887e-01
-9.682835340499877930e-01
-9.973312616348266602e-01
8.525608181953430176e-01
6.668865680694580078e-01
4.901064336299896240e-01
5.089007616043090820e-01
8.693383932113647461e-01
2.143398523330688477e-01
8.739725351333618164e-01
9.604238867759704590e-01
8.363469839096069336e-01
3.085299134254455566e-01
-2.595725059509277344e-01
-3.783517777919769287e-01
5.282026529312133789e-01
7.583516240119934082e-01
3.134465217590332031e-01
-4.455877542495727539e-01
-8.486425280570983887e-01
-7.540015578269958496e-01
-8.257675766944885254e-01
3.875919580459594727e-01
5.471850186586380005e-02
5.315894484519958496e-01
9.405555725097656250e-01
6.002754569053649902e-01
-9.923270940780639648e-01
3.090608119964599609e-01
-5.506238341331481934e-01
7.374275922775268555e-01
-8.489832878112792969e-01
-6.920270919799804688e-01
5.715943574905395508e-01
9.365642666816711426e-01
8.468899130821228027e-01
9.975340366363525391e-01
-5.882990360260009766e-02
9.573004841804504395e-01
-5.728198289871215820e-01
2.213065624237060547e-01
1.166822090744972229e-01
6.854807734489440918e-01
9.561464786529541016e-01
6.399694085121154785e-01
3.274590969085693359e-01
-7.799364328384399414e-01
-7.979920506477355957e-01
9.897510409355163574e-01
3.517926931381225586e-01
7.203015685081481934e-02
-7.990620136260986328e-01
-6.010346412658691406e-01
-8.195227980613708496e-01
-5.095852613449096680e-01
3.316271603107452393e-01
1.820470988750457764e-01
-4.587748348712921143e-01
4.780229628086090088e-01
-6.893565058708190918e-01
7.943551540374755859e-01
2.054061889648437500e-01
1.944433152675628662e-01
4.360640048980712891e-01
4.767048060894012451e-01
9.460372328758239746e-01
8.695206046104431152e-01
9.356472492218017578e-01
4.343336224555969238e-01
-7.908503413200378418e-01
-7.991122603416442871e-01
-2.610142529010772705e-02
8.660518527030944824e-01
-1.728997081518173218e-01
6.898034214973449707e-01
9.637405872344970703e-01
-2.429793030023574829e-01
-1.919011920690536499e-01
2.093103677034378052e-01
-1.097625419497489929e-01
8.839983940124511719e-01
-6.394936442375183105e-01
-9.650985598564147949e-01
3.502959012985229492e-01
9.035547375679016113e-01
-9.632566571235656738e-01
5.512880161404609680e-02
-7.779610157012939453e-01
8.610183000564575195e-01
1.210335120558738708e-01
5.186043977737426758e-01
8.959773778915405273e-01
4.447230696678161621e-02
-5.783164501190185547e-01
2.564201876521110535e-02
-5.622901320457458496e-01
4.419228732585906982e-01
8.396987915039062500e-01
8.683255910873413086e-01
4.550551176071166992e-01
7.143342494964599609e-01
4.308082461357116699e-01
-5.286380052566528320e-01
-9.811370372772216797e-01
-5.226162672042846680e-01
9.263746142387390137e-01
-3.109810650348663330e-01
-7.917631268501281738e-01
8.613998293876647949e-01
7.916079163551330566e-01
8.751543760299682617e-01
3.082804679870605469e-01
2.374980300664901733e-01
3.595613539218902588e-01
4.513594210147857666e-01
9.654310345649719238e-01
-4.358703494071960449e-01
4.158962965011596680e-01
-9.302558302879333496e-01
-1.920600980520248413e-01
2.110557854175567627e-01
3.542583882808685303e-01
-2.677066922187805176e-01
7.398015260696411133e-01
9.351429939270019531e-01
9.521430730819702148e-01
-5.740625858306884766e-01
-4.610581696033477783e-01
6.092270612716674805e-01
5.346031188964843750e-01
3.991584777832031250e-01
4.424846470355987549e-01
3.161389231681823730e-01
-7.370858192443847656e-01
2.269498705863952637e-01
-4.768987298011779785e-01
-6.503876447677612305e-01
-3.467269241809844971e-01
4.076561033725738525e-01
9.846385801210999489e-04
7.888607978820800781e-01
-2.472289204597473145e-01
3.555070161819458008e-01
7.814764976501464844e-02
-8.394619822502136230e-01
9.598377346992492676e-01
4.714481532573699951e-01
3.140502870082855225e-01
7.066270112991333008e-01
9.781784415245056152e-01
1.299999356269836426e-01
-2.796090766787528992e-02
3.224979341030120850e-01
2.674165368080139160e-02
4.449430406093597412e-01
6.674991846084594727e-01
-8.815147280693054199e-01
-5.104651451110839844e-01
8.816612362861633301e-01
2.597056925296783447e-01
4.772663414478302002e-01
1.166006028652191162e-01
5.393509268760681152e-01
-4.390892684459686279e-01
3.164420127868652344e-01
-7.922204136848449707e-01
-6.347268223762512207e-01
3.937822282314300537e-01
-7.906662821769714355e-01
5.347204208374023438e-01
-6.883504390716552734e-01
3.810347318649291992e-01
-2.358725368976593018e-01
7.569468021392822266e-01
-2.815139591693878174e-01
5.344707965850830078e-01
-6.417759656906127930e-01
7.801881432533264160e-02
6.879267692565917969e-01
3.123875558376312256e-01
9.344906210899353027e-01
6.743099689483642578e-01
-6.272150278091430664e-01
8.867362737655639648e-01
5.748501792550086975e-02
8.800117969512939453e-01
-6.245193630456924438e-02
-7.696138620376586914e-01
3.836080804467201233e-02
9.924000501632690430e-01
5.930217504501342773e-01
7.482215762138366699e-02
3.198964595794677734e-01
1.361783146858215332e-01
8.104860186576843262e-01
-4.017308726906776428e-02
-3.304336071014404297e-01
-2.532852888107299805e-01
-3.703917264938354492e-01
6.838572677224874496e-03
4.005047380924224854e-01
-7.752441167831420898e-01
9.834123849868774414e-01
8.484666347503662109e-01
-4.186009168624877930e-01
3.852455914020538330e-01
-9.605892300605773926e-01
6.335676908493041992e-01
5.022828578948974609e-01
9.010587334632873535e-01
-2.907896637916564941e-01
9.655867815017700195e-01
6.575815081596374512e-01
-9.261696338653564453e-01
-7.205506563186645508e-01
6.445778608322143555e-01
7.976884841918945312e-01
-7.323939800262451172e-01
9.406028389930725098e-01
7.996040582656860352e-01
6.527950763702392578e-01
9.696369171142578125e-01
-6.047400236129760742e-01
3.092281520366668701e-01
7.508711814880371094e-01
8.434225916862487793e-01
-7.257385253906250000e-01
-6.051044464111328125e-01
6.955976486206054688e-01
-6.528789997100830078e-01
7.950969934463500977e-01
-4.390116631984710693e-01
-4.324802458286285400e-01
4.702863693237304688e-01
-5.767810344696044922e-01
-5.248377919197082520e-01
-2.236340790987014771e-01
3.413994014263153076e-01
-6.800766587257385254e-01
3.111000359058380127e-01
3.629990220069885254e-01
9.507833719253540039e-01
8.155190348625183105e-01
-8.358148336410522461e-01
3.891198337078094482e-01
-3.472554981708526611e-01
3.523893952369689941e-01
2.779860496520996094e-01
9.623792171478271484e-01
-1.609511300921440125e-02
-9.216392040252685547e-01
5.480412244796752930e-01
-9.195467233657836914e-01
4.822256565093994141e-01
7.415681481361389160e-01
5.134524106979370117e-01
8.459773659706115723e-01
-2.598066926002502441e-01
3.264687955379486084e-01
9.797578454017639160e-01
8.936147093772888184e-01
9.884233474731445312e-01
-6.950401663780212402e-01
7.679552435874938965e-01
3.287252187728881836e-01
9.471117258071899414e-01
-4.093156754970550537e-01
4.571676850318908691e-01
5.002931356430053711e-01
8.009184598922729492e-01
2.178990244865417480e-01
9.599803090095520020e-01
-5.278437137603759766e-01
9.468347430229187012e-01
2.441176474094390869e-01
7.456986308097839355e-01
2.895445227622985840e-01
-7.208142876625061035e-01
-1.970694586634635925e-02
1.420315802097320557e-01
-6.670077443122863770e-01
-9.745442271232604980e-01
8.627545237541198730e-01
-5.563817024230957031e-01
-3.007981777191162109e-01
-6.195361614227294922e-01
8.566527962684631348e-01
9.357830286026000977e-01
8.263132572174072266e-01
-9.863936901092529297e-01
6.526538729667663574e-01
-5.315199494361877441e-01
9.035444855690002441e-01
2.590187191963195801e-01
9.860828518867492676e-01
5.721611976623535156e-01
5.984735488891601562e-01
-5.367410182952880859e-01
-7.822856307029724121e-01
-6.168818473815917969e-01
6.173813343048095703e-01
3.289479911327362061e-01
9.060135483741760254e-01
9.825398325920104980e-01
3.022583127021789551e-01
6.303510665893554688e-01
-6.234374046325683594e-01
-9.687483310699462891e-01
-3.525126278400421143e-01
7.427241802215576172e-01
8.805114626884460449e-01
-7.612537741661071777e-01
2.416144460439682007e-01
3.174657225608825684e-01
9.885205030441284180e-01
1.714940518140792847e-01
6.288967132568359375e-01
-2.752065360546112061e-01
9.377034902572631836e-01
-8.880295157432556152e-01
1.961698979139328003e-01
9.740831851959228516e-01
7.300540208816528320e-01
7.897812128067016602e-01
-3.477618992328643799e-01
8.679724335670471191e-01
-1.954759210348129272e-01
7.429317235946655273e-01
6.910765171051025391e-01
5.991641283035278320e-01
-8.899847865104675293e-01
-8.692103624343872070e-01
-7.779492735862731934e-01
-6.821975708007812500e-01
9.422509074211120605e-01
2.410102486610412598e-01
9.018700122833251953e-01
3.511683344841003418e-01
3.177377581596374512e-01
-7.126029133796691895e-01
-5.612729787826538086e-01
8.528524041175842285e-01
-5.387999117374420166e-02
5.412181615829467773e-01
2.223036736249923706e-01
-6.405823230743408203e-01
1.796795278787612915e-01
-3.897069692611694336e-01
2.404626160860061646e-01
4.055420309305191040e-02
5.623437762260437012e-01
-6.224275827407836914e-01
-4.208989441394805908e-01
-7.510718703269958496e-01
2.230287790298461914e-01
-2.329216450452804565e-01
-2.613930404186248779e-01
1.106664687395095825e-01
-6.263884902000427246e-01
2.646991312503814697e-01
4.297932982444763184e-01
9.788064360618591309e-01
1.286632716655731201e-01
9.737182855606079102e-01
2.968483269214630127e-01
8.199817538261413574e-01
6.185265183448791504e-01
3.216998279094696045e-01
-7.670078873634338379e-01
9.333650469779968262e-01
9.814153909683227539e-01
8.985915184020996094e-01
3.671366274356842041e-01
6.446660161018371582e-01
9.921029210090637207e-01
9.645457267761230469e-01
9.092953801155090332e-01
9.629211425781250000e-01
5.121303796768188477e-01
-4.452556669712066650e-01
6.219732165336608887e-01
4.512217938899993896e-01
-5.923290252685546875e-01
-9.513498097658157349e-02
-8.907453417778015137e-01
-6.015074253082275391e-01
1.836204081773757935e-01
8.344790339469909668e-01
-5.055468082427978516e-01
-2.514289915561676025e-01
-9.058251976966857910e-01
-8.708232045173645020e-01
-8.776007294654846191e-01
-9.693874716758728027e-01
-9.963546395301818848e-01
-7.213829159736633301e-01
-8.631005883216857910e-01
-6.153804659843444824e-01
-1.595831364393234253e-01
-7.165663242340087891e-01
-2.121693268418312073e-02
1.478366106748580933e-01
7.920622229576110840e-01
7.252199053764343262e-01
-7.466434836387634277e-01
-9.664459228515625000e-01
5.800579190254211426e-01
-2.389401197433471680e-04
9.509875774383544922e-01
6.485675573348999023e-01
5.852312445640563965e-01
-3.430976569652557373e-01
5.236639380455017090e-01
-4.024347960948944092e-01
-1.672073602676391602e-01
9.652634263038635254e-01
-5.262509584426879883e-01
8.185079693794250488e-02
7.453038692474365234e-01
3.858790695667266846e-01
9.011023640632629395e-01
8.991529345512390137e-01
-8.052121400833129883e-01
-8.963108658790588379e-01
3.838922679424285889e-01
1.392175108194351196e-01
5.095642805099487305e-01
6.943132281303405762e-01
-4.143396019935607910e-01
-5.325166583061218262e-01
3.256608247756958008e-01
1.647200882434844971e-01
9.855614304542541504e-01
7.984546422958374023e-01
7.051175236701965332e-01
6.107676029205322266e-02
-6.183789968490600586e-01
2.826514542102813721e-01
7.036743164062500000e-01
3.070537149906158447e-01
2.376956790685653687e-01
6.880428194999694824e-01
6.953627467155456543e-01
6.465687882155179977e-03
-4.292941987514495850e-01
9.574874639511108398e-01
9.208185672760009766e-01
9.054920077323913574e-01
-9.687569141387939453e-01
-8.207920193672180176e-01
4.307106733322143555e-01
-9.624584913253784180e-01
-6.443200707435607910e-01
-9.435866475105285645e-01
-9.620799422264099121e-01
6.006955518387258053e-04
-9.760807752609252930e-01
-3.606180548667907715e-01
-2.355711907148361206e-02
-8.413107395172119141e-01
9.781440496444702148e-01
-2.298861742019653320e-01
7.699118256568908691e-01
5.711349248886108398e-01
2.361943125724792480e-01
4.805850237607955933e-02
-8.857930898666381836e-01
-4.926972389221191406e-01
-9.849593043327331543e-01
7.209171652793884277e-01
-6.703172326087951660e-01
3.968920111656188965e-01
1.078581716865301132e-02
9.573384523391723633e-01
4.705587327480316162e-01
9.895271658897399902e-01
8.986523151397705078e-01
-3.583579659461975098e-01
-1.727555096149444580e-01
7.768176198005676270e-01
-7.857336997985839844e-01
9.493930339813232422e-01
-1.900740414857864380e-01
-1.728146374225616455e-01
5.953058004379272461e-01
-1.606933474540710449e-01
-2.218469232320785522e-01
6.110107302665710449e-01
7.030275464057922363e-01
2.677097320556640625e-01
-3.696332275867462158e-01
-3.105272650718688965e-01
9.657500386238098145e-01
9.204536676406860352e-01
9.127539992332458496e-01
-6.619125008583068848e-01
8.335514664649963379e-01
8.647921681404113770e-01
2.199208289384841919e-01
2.074617743492126465e-01
9.389125108718872070e-01
2.032391130924224854e-01
-8.475066423416137695e-01
8.366857767105102539e-01
6.292346715927124023e-01
-2.427952736616134644e-01
9.336201548576354980e-01
-7.055180072784423828e-01
-4.388454854488372803e-01
2.649979889392852783e-01
6.573501229286193848e-01
-8.194922208786010742e-01
3.095534443855285645e-01
-3.058031797409057617e-01
-4.898054897785186768e-01
-9.527348279953002930e-01
3.543727099895477295e-01
1.220163926482200623e-01
4.397544264793395996e-01
9.255585074424743652e-01
-8.162974715232849121e-01
5.421507954597473145e-01
1.232598125934600830e-01
1.727105528116226196e-01
-9.800161123275756836e-01
-9.443899393081665039e-01
-8.878640532493591309e-01
-9.097604155540466309e-01
-8.817763328552246094e-01
-8.321441411972045898e-01
-9.123242497444152832e-01
-8.841174244880676270e-01
-9.667383432388305664e-01
-2.760929167270660400e-01
-7.030705213546752930e-01
-5.782169103622436523e-01
6.781765818595886230e-01
2.836441695690155029e-01
-1.322139948606491089e-01
3.164295256137847900e-01
1.673583984375000000e-01
-5.987924337387084961e-01
-1.240757629275321960e-01
-4.232873916625976562e-01
5.608148574829101562e-01
-8.162574768066406250e-01
-9.304898381233215332e-01
-3.358872532844543457e-01
8.763869404792785645e-01
-1.178776249289512634e-01
-7.364538311958312988e-01
-6.903994083404541016e-01
-5.325130820274353027e-01
-7.217500805854797363e-01
-3.834902048110961914e-01
-2.502723634243011475e-01
7.761991024017333984e-01
-6.428570747375488281e-01
2.360157221555709839e-01
-8.224859237670898438e-01
-8.602142333984375000e-01
-8.178153634071350098e-01
-7.822821140289306641e-01
5.003504753112792969e-01
-4.303331971168518066e-01
-8.367000222206115723e-01
-2.778719067573547363e-01
6.622309088706970215e-01
9.381055831909179688e-01
2.797450423240661621e-01
-7.412723302841186523e-01
2.833138406276702881e-02
-5.463517904281616211e-01
-9.529022574424743652e-01
7.572203874588012695e-02
-5.828854441642761230e-01
1.698755919933319092e-01
3.543504178524017334e-01
7.808466907590627670e-03
4.973164498805999756e-01
-9.633235931396484375e-01
3.715255558490753174e-01
4.655864089727401733e-03
-9.702042341232299805e-01
-6.647800803184509277e-01
1.337567865848541260e-01
4.085268378257751465e-01
4.384159445762634277e-01
-5.252823978662490845e-02
5.944816470146179199e-01
-7.527048587799072266e-01
4.278724193572998047e-01
8.144985437393188477e-01
7.484981417655944824e-01
-6.884654164314270020e-01
7.317199110984802246e-01
2.379882894456386566e-02
1.032566092908382416e-02
-9.332578778266906738e-01
3.325056135654449463e-01
-9.249232411384582520e-01
2.382483482360839844e-01
6.684995889663696289e-01
9.906418323516845703e-01
5.629041194915771484e-01
4.377204179763793945e-01
9.623419493436813354e-02
9.053792953491210938e-01
-5.906170606613159180e-01
8.449764251708984375e-01
-4.634992480278015137e-01
4.589495956897735596e-01
-6.056361198425292969e-01
-6.958798766136169434e-01
-8.918294310569763184e-01
3.096522688865661621e-01
4.811635911464691162e-01
-5.670292973518371582e-01
-9.798681139945983887e-01
-3.879125230014324188e-03
-8.284923434257507324e-01
-8.455915451049804688e-01
8.975946307182312012e-01
-4.031005203723907471e-01
9.150537848472595215e-01
-5.499166846275329590e-01
9.403936862945556641e-01
-6.996545791625976562e-01
5.644559278152883053e-04
-4.572835564613342285e-01
-1.656533330678939819e-01
3.661319017410278320e-01
7.481154799461364746e-01
-2.021602541208267212e-01
9.799360036849975586e-01
5.552634596824645996e-01
-8.275530934333801270e-01
-3.411999046802520752e-01
-9.679841995239257812e-02
-5.672090649604797363e-01
-7.237981557846069336e-01
-9.315227270126342773e-01
4.888111352920532227e-01
8.494733572006225586e-01
-9.458448290824890137e-01
-3.710002005100250244e-01
-5.854305624961853027e-01
-8.144689798355102539e-01
-7.048670202493667603e-02
-7.240545153617858887e-01
4.750973284244537354e-01
8.864253163337707520e-01
-4.910696446895599365e-01
8.857871890068054199e-01
1.662807166576385498e-01
5.201114416122436523e-01
3.998841047286987305e-01
3.279760777950286865e-01
2.302881097421050072e-03
7.527591586112976074e-01
7.396104931831359863e-02
-3.456630110740661621e-01
3.301668539643287659e-02
9.054422378540039062e-01
7.810953259468078613e-01
9.672535061836242676e-01
9.444859623908996582e-01
8.375851511955261230e-01
-8.253533244132995605e-01
9.206486344337463379e-01
-7.854360342025756836e-01
-1.494719414040446281e-03
-7.753069698810577393e-02
-6.810344457626342773e-01
-3.495290875434875488e-02
5.809970498085021973e-01
9.948294162750244141e-01
-4.538375884294509888e-02
6.026443839073181152e-01
5.879594087600708008e-01
-7.898855209350585938e-01
7.044347524642944336e-01
-5.316523909568786621e-01
-4.646528065204620361e-01
-2.794088423252105713e-01
-2.520749866962432861e-01
2.459237873554229736e-01
-6.818648576736450195e-01
2.761597279459238052e-03
-6.706583499908447266e-01
-5.065788626670837402e-01
-6.454628705978393555e-01
-6.182056665420532227e-01
6.886540055274963379e-01
3.515602350234985352e-01
-6.453707218170166016e-01
2.350243180990219116e-02
-9.268474578857421875e-01
-4.683944284915924072e-01
-9.375374317169189453e-01
8.284106254577636719e-01
9.494954943656921387e-01
8.296027183532714844e-01
5.815357565879821777e-01
-5.670213699340820312e-01
7.692212462425231934e-01
-9.023841023445129395e-01
-8.843889236450195312e-01
8.604794740676879883e-01
-5.162386894226074219e-01
-2.087899744510650635e-01
5.970040559768676758e-01
9.809048771858215332e-01
1.530100256204605103e-01
4.773648381233215332e-01
8.780668377876281738e-01
4.938373565673828125e-01
4.154473245143890381e-01
-6.562275886535644531e-01
8.805214762687683105e-01
-6.711091399192810059e-01
7.800934314727783203e-01
8.613498806953430176e-01
-3.096532076597213745e-02
-8.636586070060729980e-01
8.877239823341369629e-01
-3.019877672195434570e-01
-3.568176627159118652e-01
-3.172904551029205322e-01
5.795633792877197266e-01
-5.249658226966857910e-01
-9.591774940490722656e-01
6.421722769737243652e-01
7.890132665634155273e-01
8.515188694000244141e-01
-3.866946995258331299e-01
3.571147918701171875e-01
9.637386202812194824e-01
9.663270711898803711e-01
9.206201434135437012e-01
-1.957722455263137817e-01
-3.143843412399291992e-01
7.139702439308166504e-01
-9.266675114631652832e-01
-1.967416554689407349e-01
5.042107030749320984e-02
7.967844605445861816e-01
5.823714733123779297e-01
-2.646695971488952637e-01
5.180000066757202148e-01
8.596742153167724609e-01
-1.180951520800590515e-01
9.351632595062255859e-01
3.224567174911499023e-01
-9.672663211822509766e-01
-8.388228416442871094e-01
5.283468365669250488e-01
1.747475713491439819e-01
-2.491957247257232666e-01
6.886497735977172852e-01
5.140243172645568848e-01
-1.379409879446029663e-01
3.396832048892974854e-01
-8.837080597877502441e-01
-9.124263525009155273e-01
-6.619099378585815430e-01
2.570284307003021240e-01
-7.362381555140018463e-03
-9.700156450271606445e-01
6.537655591964721680e-01
3.893195092678070068e-01
6.312525272369384766e-01
5.866961479187011719e-01
8.696161508560180664e-01
-1.245053112506866455e-01
-6.985680460929870605e-01
-5.026783347129821777e-01
-3.084873855113983154e-01
-7.083888649940490723e-01
8.082217574119567871e-01
6.372493505477905273e-01
7.115477919578552246e-01
-2.579449713230133057e-01
1.016614586114883423e-01
9.440677165985107422e-01
-2.319107055664062500e-01
-4.171005487442016602e-01
-6.280675530433654785e-01
4.867927730083465576e-01
9.699835181236267090e-01
-2.957864999771118164e-01
1.286165118217468262e-01
6.530718207359313965e-01
6.769146919250488281e-01
-5.033756047487258911e-02
4.668890535831451416e-01
-5.053106546401977539e-01
-5.640758275985717773e-01
-1.949304938316345215e-01
6.962843537330627441e-01
8.892873525619506836e-01
9.132484793663024902e-01
-4.208469092845916748e-01
-4.548825025558471680e-01
6.729177236557006836e-01
-3.542180359363555908e-02
-1.976512223482131958e-01
5.012823939323425293e-01
2.421852499246597290e-01
7.284034490585327148e-01
2.447420209646224976e-01
5.439594984054565430e-01
-5.579295158386230469e-01
8.017737269401550293e-01
8.702638149261474609e-01
8.198562860488891602e-01
3.586765229701995850e-01
7.262854576110839844e-01
9.911078959703445435e-02
-8.301908969879150391e-01
-7.958059906959533691e-01
-5.949831008911132812e-01
-4.069762527942657471e-01
9.919594526290893555e-01
8.049939870834350586e-01
9.858717322349548340e-01
-1.740263849496841431e-01
-8.147292137145996094e-01
7.122775912284851074e-01
2.635393142700195312e-01
-2.741194330155849457e-02
-3.917886018753051758e-01
6.084987521171569824e-01
8.274736404418945312e-01
1.736825704574584961e-01
-6.284407973289489746e-01
3.858842551708221436e-01
-4.082154333591461182e-01
-9.321442842483520508e-01
-9.870627522468566895e-01
-2.256066501140594482e-01
-8.941639661788940430e-01
9.105500578880310059e-01
6.572217345237731934e-01
-7.010926008224487305e-01
3.394026458263397217e-01
2.440126240253448486e-01
-3.460462987422943115e-01
9.514860063791275024e-02
5.927712917327880859e-01
-4.848346412181854248e-01
5.286986231803894043e-01
8.409250378608703613e-01
-7.111171483993530273e-01
6.549750566482543945e-01
2.441066354513168335e-01
8.540117144584655762e-01
8.793292641639709473e-01
6.998897790908813477e-01
1.189813911914825439e-01
5.971097350120544434e-01
7.392936348915100098e-01
-4.351862072944641113e-01
1.527902632951736450e-01
3.146123588085174561e-01
7.491237521171569824e-01
-5.921186208724975586e-01
2.267193645238876343e-01
3.790960907936096191e-01
-2.848167121410369873e-01
9.597312808036804199e-01
7.078236341476440430e-01
-8.726962208747863770e-01
7.979341149330139160e-01
8.731742501258850098e-01
5.239309668540954590e-01
7.731695771217346191e-01
3.032645210623741150e-03
-1.045089121907949448e-02
3.191880285739898682e-01
-4.589781463146209717e-01
7.471584081649780273e-01
-3.054513335227966309e-01
-4.692397415637969971e-01
-5.372426821850240231e-04
4.204154610633850098e-01
8.106617331504821777e-01
-6.856340169906616211e-01
-9.754655510187149048e-02
7.755045890808105469e-01
1.500661969184875488e-01
9.445113539695739746e-01
-4.484649598598480225e-01
1.573888063430786133e-01
-2.729480154812335968e-02
-5.037695169448852539e-01
5.347092747688293457e-01
4.525235295295715332e-01
-3.737566294148564339e-03
2.407082021236419678e-01
-7.947337031364440918e-01
-9.103168249130249023e-01
-3.223519325256347656e-01
-4.695080518722534180e-01
9.763794541358947754e-01
7.055993080139160156e-01
2.742298841476440430e-01
-4.177744388580322266e-01
7.451932430267333984e-01
-9.964961558580398560e-02
7.689015269279479980e-01
-2.504774332046508789e-01
-4.656621813774108887e-01
-8.813914656639099121e-01
-9.811065196990966797e-01
3.966957628726959229e-01
7.581236958503723145e-01
1.540216505527496338e-01
6.324344873428344727e-01
4.108571708202362061e-01
-3.019197881221771240e-01
-8.888151049613952637e-01
-4.122243821620941162e-01
8.300288319587707520e-01
9.772134423255920410e-01
7.741063237190246582e-01
-1.546844989061355591e-01
-2.679747045040130615e-01
9.854438900947570801e-01
-1.080938503146171570e-01
-9.725646972656250000e-01
-8.539993762969970703e-01
4.563750326633453369e-02
6.639912128448486328e-01
2.126939222216606140e-02
-6.836895346641540527e-01
3.225402235984802246e-01
2.259133309125900269e-01
2.866217792034149170e-01
8.344755768775939941e-01
7.794059514999389648e-01
