8.866692781448364258e-01
4.296681582927703857e-01
9.207698702812194824e-01
7.825164794921875000e-01
7.020127177238464355e-01
6.862925291061401367e-01
-2.392556369304656982e-01
-6.189505569636821747e-03
-7.935215830802917480e-01
-6.127090454101562500e-01
-8.795830607414245605e-01
-9.135441482067108154e-02
3.091786801815032959e-01
-5.621261000633239746e-01
-7.678605914115905762e-01
-6.925032734870910645e-01
3.929230272769927979e-01
-8.953544497489929199e-02
4.960708022117614746e-01
4.631324112415313721e-01
-3.694903552532196045e-01
-5.141570568084716797e-01
-9.365989565849304199e-01
2.486008778214454651e-02
6.306807696819305420e-02
5.287302732467651367e-01
6.292053461074829102e-01
9.887309074401855469e-01
-1.707966476678848267e-01
-6.272073984146118164e-01
5.860118865966796875e-01
8.575152754783630371e-01
9.248784780502319336e-01
2.890517413616180420e-01
-6.873327493667602539e-01
-9.914488196372985840e-01
-5.277951806783676147e-02
-3.689465224742889404e-01
7.333338260650634766e-01
-2.197659611701965332e-01
1.453146487474441528e-01
-7.807030677795410156e-01
6.298404932022094727e-01
-5.418837070465087891e-01
7.000125050544738770e-01
-3.730908036231994629e-01
-1.529489010572433472e-01
6.597515344619750977e-01
-2.518937587738037109e-01
8.896060585975646973e-01
9.425855278968811035e-01
-7.782187461853027344e-01
7.724455595016479492e-01
-9.333450794219970703e-01
7.055905461311340332e-01
9.433342814445495605e-01
-4.787210375070571899e-02
6.359025835990905762e-02
-6.207828521728515625e-01
9.358479380607604980e-01
-6.384438276290893555e-01
9.878103733062744141e-01
9.896814823150634766e-01
-2.585335671901702881e-01
2.347796261310577393e-01
-7.477273344993591309e-01
9.803280234336853027e-01
9.538225531578063965e-01
8.177112340927124023e-01
-9.542211294174194336e-01
-1.293082237243652344e-01
3.375317156314849854e-01
7.062085866928100586e-01
-1.412636190652847290e-01
2.755826115608215332e-01
6.076997518539428711e-01
-4.752018153667449951e-01
-8.059993386268615723e-01
9.778066277503967285e-01
9.537486433982849121e-01
4.154643118381500244e-01
8.284344077110290527e-01
-8.317149281501770020e-01
-6.846512556076049805e-01
9.892629981040954590e-01
4.180194735527038574e-01
7.382565736770629883e-01
3.826020359992980957e-01
-5.531486868858337402e-01
-7.262470126152038574e-01
5.832508206367492676e-01
8.367947340011596680e-01
4.867560267448425293e-01
4.137440323829650879e-01
-1.433885097503662109e-01
1.011251062154769897e-01
6.442059874534606934e-01
9.088425636291503906e-01
-4.089156687259674072e-01
-8.891501426696777344e-01
-2.630600035190582275e-01
7.283181548118591309e-01
9.736027717590332031e-01
-4.459080398082733154e-01
9.476414322853088379e-01
-3.815013766288757324e-01
7.292391061782836914e-01
-9.935329109430313110e-02
-3.181134909391403198e-02
9.009678363800048828e-01
-2.494535148143768311e-01
9.973259568214416504e-01
-8.719102293252944946e-02
-8.354805707931518555e-01
9.706999063491821289e-01
8.879629373550415039e-01
5.396010875701904297e-01
-7.273879647254943848e-01
8.977618217468261719e-01
5.680611729621887207e-01
7.081740349531173706e-02
-7.720228433609008789e-01
5.004014968872070312e-01
-9.217544198036193848e-01
8.712063431739807129e-01
7.367357015609741211e-01
7.759738564491271973e-01
8.499304056167602539e-01
-9.224386811256408691e-01
7.207498699426651001e-02
-6.440518498420715332e-01
-3.532906174659729004e-01
8.358374834060668945e-01
2.446939647197723389e-01
6.170033812522888184e-01
8.519533276557922363e-01
-6.231142282485961914e-01
7.555918693542480469e-01
-3.463961929082870483e-02
5.535853505134582520e-01
8.079890608787536621e-01
-8.123266100883483887e-01
1.287828087806701660e-01
9.199979901313781738e-01
4.953896999359130859e-01
8.441767096519470215e-01
-9.783381223678588867e-01
-8.550858497619628906e-01
5.077990293502807617e-01
9.439864158630371094e-01
8.565521240234375000e-01
4.105242714285850525e-02
-5.521784722805023193e-02
2.891649007797241211e-01
6.232248544692993164e-01
-5.368909239768981934e-01
5.891723632812500000e-01
1.382340341806411743e-01
4.415040612220764160e-01
2.402416914701461792e-01
-2.249516695737838745e-01
-9.034621119499206543e-01
9.887734651565551758e-01
7.536582350730895996e-01
9.842279553413391113e-01
-6.466816067695617676e-01
-7.320109009742736816e-01
9.178705215454101562e-01
8.897718191146850586e-01
6.674572825431823730e-01
-8.529634475708007812e-01
9.716160893440246582e-01
4.857513010501861572e-01
-8.847557902336120605e-01
7.375948429107666016e-01
4.848683774471282959e-01
1.558973267674446106e-02
3.055979907512664795e-01
-8.707809448242187500e-01
1.950052380561828613e-01
2.737538516521453857e-01
7.824851870536804199e-01
9.549985527992248535e-01
-5.474023222923278809e-01
-9.429411292076110840e-01
9.696713089942932129e-01
9.703393578529357910e-01
2.654827237129211426e-01
9.527761936187744141e-01
-4.346426427364349365e-01
-2.656178176403045654e-01
9.851123094558715820e-01
6.958470940589904785e-01
-8.338785171508789062e-01
-4.666885435581207275e-01
1.637516170740127563e-01
9.273720383644104004e-01
-2.617905735969543457e-01
9.685680866241455078e-01
-8.212745785713195801e-01
9.794355630874633789e-01
9.590612053871154785e-01
-5.835097432136535645e-01
8.377171158790588379e-01
-9.521372914314270020e-01
8.717316985130310059e-01
9.861474037170410156e-01
-2.775187790393829346e-01
-8.033243566751480103e-02
5.240510702133178711e-01
-1.087391674518585205e-01
3.918684646487236023e-02
8.947354555130004883e-01
-4.211197495460510254e-01
9.844416379928588867e-01
-9.686153531074523926e-01
6.748259663581848145e-01
6.794236302375793457e-01
9.953294992446899414e-01
-8.352760672569274902e-01
7.358551621437072754e-01
-2.551599442958831787e-01
-3.043360710144042969e-01
9.904559850692749023e-01
3.758940994739532471e-01
-6.590925902128219604e-02
-8.447009325027465820e-01
2.225415408611297607e-01
8.798800706863403320e-01
9.213992953300476074e-01
-3.389638960361480713e-01
-9.702344983816146851e-02
6.530022025108337402e-01
-1.094663515686988831e-01
5.471426248550415039e-01
1.014405563473701477e-01
8.929129838943481445e-01
-8.580419421195983887e-01
-6.434313058853149414e-01
9.963777661323547363e-01
9.880876541137695312e-01
-6.170534491539001465e-01
5.885154604911804199e-01
9.397135376930236816e-01
-7.425946593284606934e-01
9.731063246726989746e-01
8.735474944114685059e-01
6.250549107789993286e-02
6.747985482215881348e-01
-6.744681596755981445e-01
-5.386083722114562988e-01
1.957881636917591095e-02
8.612145185470581055e-01
4.903899729251861572e-01
4.277511537075042725e-01
-3.582910075783729553e-02
-7.126671671867370605e-01
7.013006806373596191e-01
9.409354925155639648e-01
1.280858963727951050e-01
-8.383907079696655273e-01
8.551870584487915039e-01
-8.485799431800842285e-01
9.390571713447570801e-01
8.934299945831298828e-01
-1.434381008148193359e-01
7.368890643119812012e-01
-8.761065602302551270e-01
2.285167574882507324e-01
9.748717546463012695e-01
7.264668941497802734e-01
2.764462530612945557e-01
-2.516885995864868164e-01
3.849211335182189941e-01
2.762560546398162842e-01
5.225731134414672852e-01
-2.889198064804077148e-01
3.773751556873321533e-01
-3.632178008556365967e-01
-7.259178161621093750e-01
8.402960300445556641e-01
7.671145200729370117e-01
9.539040327072143555e-01
-8.185795545578002930e-01
4.218423664569854736e-01
6.972424387931823730e-01
-6.901859641075134277e-01
7.621735930442810059e-01
-3.737320005893707275e-01
7.509021162986755371e-01
8.109837770462036133e-01
-3.423913121223449707e-01
1.688963472843170166e-01
-1.243581399321556091e-01
-4.352390170097351074e-01
9.042717814445495605e-01
9.512239098548889160e-01
-1.708460599184036255e-01
5.098787546157836914e-01
-9.147463366389274597e-03
8.312477469444274902e-01
2.682805061340332031e-04
-7.088789343833923340e-01
9.712978601455688477e-01
9.503592252731323242e-01
-9.561544656753540039e-01
4.586210101842880249e-02
7.198891043663024902e-01
-7.723814845085144043e-01
3.028659820556640625e-01
3.031084835529327393e-01
9.652785062789916992e-01
-7.324016094207763672e-01
-5.856848955154418945e-01
9.921997189521789551e-01
7.809881567955017090e-01
7.829489707946777344e-01
9.700285792350769043e-01
-2.213118225336074829e-01
7.183456420898437500e-01
5.044417455792427063e-03
-9.427278041839599609e-01
5.423275232315063477e-01
6.318079829216003418e-01
-6.045413017272949219e-01
2.377110272645950317e-01
4.365519583225250244e-01
7.208784818649291992e-01
-9.608473777770996094e-01
9.641699790954589844e-01
7.813811302185058594e-01
3.706212043762207031e-01
-4.239484295248985291e-02
7.887247800827026367e-01
-6.261221170425415039e-01
-6.031481623649597168e-01
9.654984474182128906e-01
8.126627802848815918e-01
-4.673651456832885742e-01
1.246921569108963013e-01
-1.361873000860214233e-02
-1.073013469576835632e-01
7.873566150665283203e-01
-3.674747347831726074e-01
5.344871878623962402e-01
9.756128191947937012e-01
-5.265270546078681946e-02
5.922697782516479492e-01
2.232681959867477417e-03
7.200130224227905273e-01
-6.018113493919372559e-01
9.302449226379394531e-01
-6.542625427246093750e-01
9.004654288291931152e-01
-4.140729606151580811e-01
-2.410564273595809937e-01
8.566372990608215332e-01
-8.145087361335754395e-01
9.666881561279296875e-01
9.542636275291442871e-01
-4.694253206253051758e-01
3.042238950729370117e-01
4.664168953895568848e-01
-1.657678782939910889e-01
9.112300276756286621e-01
7.295702099800109863e-01
-3.765220344066619873e-01
1.683346927165985107e-01
-7.286732196807861328e-01
8.934030532836914062e-01
8.127842545509338379e-01
3.370598852634429932e-01
-6.381204128265380859e-01
-8.527707308530807495e-02
-5.997389554977416992e-02
8.874291777610778809e-01
9.922813177108764648e-01
-3.465999662876129150e-01
6.392373442649841309e-01
-3.341722069308161736e-03
4.050060808658599854e-01
-1.097019091248512268e-01
6.401953101158142090e-01
-1.232024729251861572e-01
-3.626715242862701416e-01
7.193273901939392090e-01
-3.274090886116027832e-01
-5.340740829706192017e-02
9.932847619056701660e-01
8.080375790596008301e-01
-7.393983602523803711e-01
-9.419994354248046875e-01
9.312631487846374512e-01
7.712918519973754883e-01
5.392983555793762207e-01
6.997550129890441895e-01
-5.838568806648254395e-01
7.804233431816101074e-01
-4.462369978427886963e-01
9.374418258666992188e-01
4.898137748241424561e-01
-6.891947984695434570e-01
6.126239299774169922e-01
-6.348268389701843262e-01
9.645610451698303223e-01
9.678228497505187988e-01
6.402397155761718750e-01
-9.740920662879943848e-01
7.446910142898559570e-01
-5.409933924674987793e-01
7.029413580894470215e-01
-6.182373166084289551e-01
9.490493685007095337e-02
8.091151118278503418e-01
9.375689029693603516e-01
-5.846382379531860352e-01
-7.059618234634399414e-01
6.602361798286437988e-01
9.841929674148559570e-01
9.632473587989807129e-01
-4.755249619483947754e-01
-7.532764077186584473e-01
8.595024347305297852e-01
9.464965462684631348e-01
8.562381863594055176e-01
-1.639038771390914917e-01
-7.712628245353698730e-01
3.089872896671295166e-01
9.346892237663269043e-01
-8.336231112480163574e-01
7.241464853286743164e-01
3.459027707576751709e-01
5.565502643585205078e-01
-8.087064623832702637e-01
9.217061996459960938e-01
-6.208360791206359863e-01
9.829978942871093750e-01
9.740571379661560059e-01
-9.595105648040771484e-01
9.764821529388427734e-01
-4.774274230003356934e-01
-4.770892113447189331e-02
9.957179427146911621e-01
9.221274256706237793e-01
-8.449010848999023438e-01
6.435048580169677734e-02
7.893361449241638184e-01
9.544653296470642090e-01
-5.964083671569824219e-01
-8.253155350685119629e-01
9.943808317184448242e-01
8.119094371795654297e-01
-9.324864149093627930e-01
-6.526052951812744141e-01
7.878525853157043457e-01
9.637624025344848633e-01
9.988834857940673828e-01
5.363675951957702637e-01
-9.413030743598937988e-01
-1.034213751554489136e-01
8.528994917869567871e-01
-2.585179805755615234e-01
9.361057281494140625e-01
4.416631162166595459e-01
-9.814565181732177734e-01
2.038093358278274536e-01
9.730622172355651855e-01
3.042241558432579041e-02
7.480790019035339355e-01
5.758284926414489746e-01
-8.312779068946838379e-01
-5.533869266510009766e-01
9.974388480186462402e-01
9.596374630928039551e-01
8.886177092790603638e-02
3.977117240428924561e-01
8.640893697738647461e-01
-9.205677509307861328e-01
8.168721795082092285e-01
-2.625617682933807373e-01
8.116386830806732178e-02
5.626147985458374023e-01
8.739839792251586914e-01
-2.433182448148727417e-01
-7.921156287193298340e-01
7.774839401245117188e-01
-2.876195609569549561e-01
8.419657945632934570e-01
6.846023201942443848e-01
-5.688204169273376465e-01
5.348441600799560547e-01
-5.312125682830810547e-01
-1.620028614997863770e-01
5.767846107482910156e-01
9.784493446350097656e-01
2.195708639919757843e-02
6.733145713806152344e-01
-3.905918002128601074e-01
-6.834638714790344238e-01
9.649560451507568359e-01
9.758518934249877930e-01
1.067542433738708496e-01
-6.992390155792236328e-01
9.269667267799377441e-01
7.334550619125366211e-01
6.264539435505867004e-03
-2.379816472530364990e-01
5.490527674555778503e-02
9.813178181648254395e-01
-5.527336522936820984e-02
8.785344362258911133e-01
-1.039059981703758240e-01
-6.064870953559875488e-01
3.142169117927551270e-01
-7.002380490303039551e-01
8.030850291252136230e-01
-3.090824186801910400e-01
9.933872222900390625e-01
1.988441050052642822e-01
6.728668808937072754e-01
2.751394212245941162e-01
-3.656594157218933105e-01
2.028051316738128662e-01
6.610806584358215332e-01
-8.354633450508117676e-01
9.672074317932128906e-01
8.698274493217468262e-01
-1.829446107149124146e-01
8.313154578208923340e-01
-5.790622234344482422e-01
5.684862136840820312e-01
8.458482623100280762e-01
-4.875484108924865723e-01
-2.086287289857864380e-01
9.650968909263610840e-01
4.253255724906921387e-01
-5.638808608055114746e-01
-6.960160732269287109e-01
6.943843364715576172e-01
8.140778541564941406e-01
5.072481036186218262e-01
-4.936967790126800537e-01
-7.901087403297424316e-01
9.879365563392639160e-01
9.868318438529968262e-01
-2.095535583794116974e-02
-1.290795505046844482e-01
3.872189819812774658e-01
9.433305859565734863e-01
7.908960580825805664e-01
8.568146824836730957e-01
-9.812081456184387207e-01
-3.852815628051757812e-01
1.717656254768371582e-01
7.577739953994750977e-01
-2.850644588470458984e-01
4.986501336097717285e-01
7.386349439620971680e-01
-9.975935816764831543e-01
2.824508547782897949e-01
9.364358186721801758e-01
-8.957659602165222168e-01
9.192596673965454102e-01
7.582799792289733887e-01
-5.745897293090820312e-01
9.492129087448120117e-01
4.396268427371978760e-01
-1.314105689525604248e-01
-7.801580429077148438e-01
9.065057635307312012e-01
7.997444272041320801e-01
-2.131697088479995728e-01
-4.880229011178016663e-02
7.496511340141296387e-01
8.408666253089904785e-01
-1.201392859220504761e-01
-5.276863574981689453e-01
-2.627138793468475342e-01
9.120244979858398438e-01
-3.306319117546081543e-01
6.915450692176818848e-01
9.657682180404663086e-01
-8.355989456176757812e-01
6.779411435127258301e-01
-3.994503319263458252e-01
8.478295207023620605e-01
1.855171471834182739e-01
9.268550872802734375e-01
-5.738083720207214355e-01
-1.725228317081928253e-02
1.196519732475280762e-01
9.365418553352355957e-01
7.014703154563903809e-01
-8.213336467742919922e-01
7.570233941078186035e-01
2.731607556343078613e-01
3.214631676673889160e-01
-5.511372685432434082e-01
9.314362406730651855e-01
8.664421439170837402e-01
2.142927348613739014e-01
-9.406971931457519531e-01
6.047878861427307129e-01
-6.039479970932006836e-01
4.730389118194580078e-01
2.241969704627990723e-01
-6.869997382164001465e-01
9.943023920059204102e-01
6.896579265594482422e-01
5.137180685997009277e-01
-2.555264532566070557e-01
1.858386695384979248e-01
-6.963865756988525391e-01
9.890002012252807617e-01
9.942393898963928223e-01
8.911864161491394043e-01
-4.469966888427734375e-01
-6.639448553323745728e-02
-8.559237718582153320e-01
9.959169030189514160e-01
3.955971300601959229e-01
8.366183638572692871e-01
8.563953042030334473e-01
-9.997372031211853027e-01
-3.194030523300170898e-01
8.638659715652465820e-01
-9.662755727767944336e-01
6.349128484725952148e-01
8.791363239288330078e-01
7.011665701866149902e-01
-2.240453511476516724e-01
7.696844935417175293e-01
4.498415291309356689e-01
-7.289775609970092773e-01
9.718976616859436035e-01
3.580633699893951416e-01
-8.393204212188720703e-01
-6.157194375991821289e-01
9.900246858596801758e-01
6.166029572486877441e-01
-6.366871595382690430e-01
9.131463170051574707e-01
8.815008401870727539e-01
6.263473033905029297e-01
-6.118031740188598633e-01
2.075400203466415405e-01
-5.248647332191467285e-01
9.864658713340759277e-01
6.566144227981567383e-01
-1.982589364051818848e-01
2.818671166896820068e-01
6.589809656143188477e-01
-8.655431270599365234e-01
9.569931626319885254e-01
-4.008609354496002197e-01
9.349045753479003906e-01
8.345245718955993652e-01
-8.219716548919677734e-01
2.150584310293197632e-01
4.221561923623085022e-02
6.855127811431884766e-01
-8.614268302917480469e-01
9.949288368225097656e-01
9.898802638053894043e-01
-3.438226878643035889e-01
7.169424891471862793e-01
-3.074325025081634521e-01
6.245622038841247559e-02
9.448314309120178223e-01
7.198414802551269531e-01
-8.830760121345520020e-01
-7.392960786819458008e-01
9.554850459098815918e-01
9.245291948318481445e-01
-5.380591154098510742e-01
6.832787394523620605e-01
3.139658570289611816e-01
7.472931742668151855e-01
-9.948650598526000977e-01
7.472741007804870605e-01
-2.171480804681777954e-01
6.667643785476684570e-01
7.809816300868988037e-02
-4.858048558235168457e-01
8.991150259971618652e-01
-2.171420007944107056e-01
-2.056961059570312500e-01
9.836584925651550293e-01
8.143275380134582520e-01
3.590717613697052002e-01
6.048938632011413574e-01
-2.731269299983978271e-01
-5.980086326599121094e-01
9.097580909729003906e-01
-4.868490695953369141e-01
5.605624914169311523e-01
9.920669794082641602e-01
-3.290042579174041748e-01
-3.769971728324890137e-01
4.565016627311706543e-01
9.243088960647583008e-01
8.286024630069732666e-02
4.743752777576446533e-01
-9.173665642738342285e-01
8.424084782600402832e-01
6.512697935104370117e-01
4.739443361759185791e-01
-7.450116872787475586e-01
6.858807206153869629e-01
-4.736263453960418701e-01
3.200964331626892090e-01
-7.365164756774902344e-01
9.937490224838256836e-01
7.026736140251159668e-01
9.628686904907226562e-01
-7.721304893493652344e-01
7.747321724891662598e-01
-7.993770241737365723e-01
4.899977445602416992e-01
9.683657288551330566e-01
-7.174186706542968750e-01
9.689770340919494629e-01
1.859782785177230835e-01
8.861666321754455566e-01
2.498255670070648193e-01
-2.108942717313766479e-01
-5.501823425292968750e-01
9.917532205581665039e-01
-4.718531966209411621e-01
-6.697331070899963379e-01
6.632798910140991211e-01
9.890757799148559570e-01
9.669755697250366211e-01
-2.072728797793388367e-02
-5.235289931297302246e-01
9.082502126693725586e-01
9.369351714849472046e-02
-1.080426126718521118e-01
-7.898325920104980469e-01
9.848921298980712891e-01
7.377930879592895508e-01
9.549301862716674805e-01
-9.530747532844543457e-01
-5.181911587715148926e-01
9.169079661369323730e-01
6.709581017494201660e-01
5.929754376411437988e-01
4.111863076686859131e-01
-9.172183871269226074e-01
6.620293259620666504e-01
1.582170277833938599e-01
9.794580340385437012e-01
-9.392571449279785156e-01
8.636612296104431152e-01
-9.452337622642517090e-01
7.811644673347473145e-01
3.725357651710510254e-01
9.671858549118041992e-01
3.915232717990875244e-01
-9.637565612792968750e-01
7.266817092895507812e-01
6.258497238159179688e-01
8.868196010589599609e-01
-9.402283430099487305e-01
8.192278742790222168e-01
-9.191571474075317383e-01
9.410209059715270996e-01
9.440318942070007324e-01
1.160115003585815430e-01
-9.490304589271545410e-01
-2.255993187427520752e-01
8.223440647125244141e-01
2.956382036209106445e-01
8.266159296035766602e-01
-2.364301383495330811e-01
7.541003823280334473e-01
6.037169098854064941e-01
-9.867852926254272461e-01
7.496713399887084961e-01
5.683364868164062500e-01
-8.616834282875061035e-01
4.424409568309783936e-01
4.233214259147644043e-01
5.872305631637573242e-01
-7.049541473388671875e-01
5.951474905014038086e-01
-8.512159585952758789e-01
9.926654100418090820e-01
4.582954645156860352e-01
9.413335323333740234e-01
6.847187876701354980e-01
4.451628327369689941e-01
-9.056284427642822266e-01
2.843662165105342865e-02
9.347600340843200684e-01
-7.316083312034606934e-01
5.617253780364990234e-01
9.880629181861877441e-01
7.925245910882949829e-02
-5.482237339019775391e-01
8.161119818687438965e-01
-4.867247343063354492e-01
-5.816925168037414551e-01
9.990865588188171387e-01
9.968412518501281738e-01
7.021268606185913086e-01
4.843111038208007812e-01
-7.494902014732360840e-01
6.690436601638793945e-01
6.287107467651367188e-01
-9.666590094566345215e-01
5.208039283752441406e-01
-7.583126425743103027e-01
9.650917649269104004e-01
8.242937922477722168e-01
-3.789176940917968750e-01
4.878025650978088379e-01
4.616987705230712891e-01
8.617238402366638184e-01
-8.372966647148132324e-01
-5.399572849273681641e-01
9.776957035064697266e-01
8.235747814178466797e-01
-8.856567144393920898e-01
-4.875477552413940430e-01
9.954255819320678711e-01
9.677134156227111816e-01
6.589629054069519043e-01
-9.131699800491333008e-01
5.921210050582885742e-01
2.976396977901458740e-01
5.427327752113342285e-01
-6.265178322792053223e-02
6.254784464836120605e-01
8.698474168777465820e-01
-1.773091033101081848e-02
-3.064172565937042236e-01
-3.501756489276885986e-01
6.841230988502502441e-01
7.682211399078369141e-01
-6.023774743080139160e-01
9.207080006599426270e-01
-9.208963513374328613e-01
8.113723397254943848e-01
2.071808129549026489e-01
-3.094222545623779297e-01
8.990502953529357910e-01
8.344144821166992188e-01
-9.539040923118591309e-01
9.382659196853637695e-01
5.266532301902770996e-01
-3.713158667087554932e-01
-9.185208678245544434e-01
9.550886750221252441e-01
-4.389012753963470459e-01
9.903750419616699219e-01
-5.572954416275024414e-01
7.551386356353759766e-01
8.521789312362670898e-01
9.180481433868408203e-01
4.042703807353973389e-01
-9.637611508369445801e-01
6.074427068233489990e-02
9.370765686035156250e-01
8.965214714407920837e-03
-9.447406530380249023e-01
9.888691306114196777e-01
8.274586200714111328e-01
-3.429794609546661377e-01
7.080786228179931641e-01
-1.892164796590805054e-01
-4.698836207389831543e-01
2.790110409259796143e-01
9.836172461509704590e-01
9.211099147796630859e-01
-3.911704123020172119e-01
1.861664205789566040e-01
-7.404769659042358398e-01
9.784101843833923340e-01
3.073209226131439209e-01
3.267651796340942383e-01
2.577841281890869141e-01
-9.881851673126220703e-01
3.779907822608947754e-01
9.301164150238037109e-01
9.966186881065368652e-01
-1.437911540269851685e-01
-6.795207262039184570e-01
6.998859047889709473e-01
9.305583834648132324e-01
7.229124903678894043e-01
-8.341239094734191895e-01
5.009165778756141663e-02
5.178302526473999023e-01
7.800691127777099609e-01
-8.826026916503906250e-01
6.562793999910354614e-02
9.901362657546997070e-01
-5.899841785430908203e-01
2.066814303398132324e-01
4.443015158176422119e-01
2.342031598091125488e-01
9.920616149902343750e-01
7.536939382553100586e-01
-8.762708902359008789e-01
-3.126726150512695312e-01
9.950813055038452148e-01
-1.895188242197036743e-01
5.311636328697204590e-01
8.957898020744323730e-01
-5.811434388160705566e-01
1.641246378421783447e-01
-4.257523715496063232e-01
8.284851312637329102e-01
4.383560419082641602e-01
-2.589536309242248535e-01
4.602907001972198486e-01
9.307272434234619141e-01
7.300664782524108887e-01
-8.515123724937438965e-01
-9.602764844894409180e-01
9.117849469184875488e-01
9.749187231063842773e-01
8.806933164596557617e-01
2.705974318087100983e-02
-3.026629388332366943e-01
-8.555763363838195801e-01
9.464937448501586914e-01
7.797833681106567383e-01
6.696774810552597046e-02
2.140133231878280640e-01
-9.624713659286499023e-01
9.532996416091918945e-01
5.188836455345153809e-01
6.914331912994384766e-01
-4.508354067802429199e-01
-6.678628325462341309e-01
9.919340014457702637e-01
-5.611066818237304688e-01
9.924170970916748047e-01
9.802149534225463867e-01
-4.611227214336395264e-01
1.195813342928886414e-02
7.067732214927673340e-01
8.311676979064941406e-01
4.558540582656860352e-01
-7.765467762947082520e-01
8.112969398498535156e-01
-6.920260190963745117e-01
3.159300088882446289e-01
6.995817422866821289e-01
-7.015497684478759766e-01
8.276120424270629883e-01
1.556815952062606812e-01
4.966091215610504150e-01
-2.415478676557540894e-01
5.315966606140136719e-01
4.623154699802398682e-01
-6.269270181655883789e-01
8.269755244255065918e-01
3.424892723560333252e-01
1.226625144481658936e-01
5.635282993316650391e-01
-7.658975720405578613e-01
5.706353187561035156e-01
5.226575732231140137e-01
1.068843603134155273e-01
-5.880444049835205078e-01
9.660341739654541016e-01
9.617907404899597168e-01
-2.679225206375122070e-01
-8.859390020370483398e-01
9.576929211616516113e-01
6.072761416435241699e-01
5.979194045066833496e-01
-7.811567187309265137e-01
3.120431005954742432e-01
9.648121595382690430e-01
-4.115208089351654053e-01
-1.540199294686317444e-02
9.817600846290588379e-01
8.333129882812500000e-01
-7.842495441436767578e-01
8.162977695465087891e-01
2.243389748036861420e-02
-4.812361001968383789e-01
3.112824261188507080e-01
6.822858452796936035e-01
2.638159990310668945e-01
-8.216987252235412598e-01
9.645749330520629883e-01
-2.350353449583053589e-02
9.609245061874389648e-01
-7.937154769897460938e-01
3.786074519157409668e-01
-2.536040842533111572e-01
8.866605758666992188e-01
5.599544048309326172e-01
8.272635936737060547e-01
3.550758585333824158e-02
-8.278260827064514160e-01
8.548219203948974609e-01
7.721746563911437988e-01
-8.161590695381164551e-01
8.252922892570495605e-01
-7.279605269432067871e-01
4.729363620281219482e-01
7.516059875488281250e-01
5.292676687240600586e-01
-6.779531240463256836e-01
9.548537731170654297e-01
5.094157457351684570e-01
-9.300341606140136719e-01
6.063737720251083374e-02
9.115273356437683105e-01
9.754825830459594727e-01
-6.200807094573974609e-01
3.269673585891723633e-01
8.763503432273864746e-01
-5.542706847190856934e-01
6.513319015502929688e-01
-3.054704964160919189e-01
4.427753090858459473e-01
2.444255352020263672e-01
9.651898145675659180e-01
-2.827641069889068604e-01
-8.481324315071105957e-01
7.949785590171813965e-01
-5.958586335182189941e-01
9.295682907104492188e-01
9.616530537605285645e-01
-4.786110818386077881e-01
7.280693650245666504e-01
-5.966856479644775391e-01
9.899060726165771484e-01
-4.052456319332122803e-01
9.338904023170471191e-01
2.811765372753143311e-01
-5.899103283882141113e-01
9.332376122474670410e-01
6.323036551475524902e-01
-7.796735763549804688e-01
7.966384291648864746e-01
8.871932625770568848e-01
8.200767040252685547e-01
-9.878635406494140625e-01
3.749510049819946289e-01
-7.577500939369201660e-01
9.282692670822143555e-01
6.655451655387878418e-02
5.135619640350341797e-01
-4.120818078517913818e-01
7.958480119705200195e-01
-1.733495295047760010e-01
-5.002560019493103027e-01
7.017681002616882324e-01
1.467495113611221313e-01
7.711623907089233398e-01
2.854403555393218994e-01
-3.886230587959289551e-01
7.916868329048156738e-01
7.829328775405883789e-01
-2.933598160743713379e-01
-2.986047863960266113e-01
8.105590939521789551e-01
-2.585841715335845947e-01
6.461327672004699707e-01
8.110702782869338989e-02
-1.435639411211013794e-01
7.279757261276245117e-01
8.064582347869873047e-01
-8.489850163459777832e-01
-5.230681300163269043e-01
9.867481589317321777e-01
7.995253205299377441e-01
8.662602305412292480e-01
-6.027200818061828613e-01
-3.151134252548217773e-01
6.624280214309692383e-01
2.600259482860565186e-01
1.895322203636169434e-01
-1.225256100296974182e-01
5.923218727111816406e-01
9.190084040164947510e-02
-1.495188921689987183e-01
9.289330840110778809e-01
2.731958031654357910e-01
-8.954289555549621582e-01
9.823811650276184082e-01
-4.786628782749176025e-01
9.882644414901733398e-01
8.926221728324890137e-01
-7.133755087852478027e-01
-3.309978246688842773e-01
9.412975907325744629e-01
9.698665738105773926e-01
2.649150490760803223e-01
-1.011118441820144653e-01
-5.699113607406616211e-01
9.218001365661621094e-01
6.439810395240783691e-01
-9.585043191909790039e-01
8.717843294143676758e-01
-7.640190124511718750e-01
9.885817170143127441e-01
2.915470600128173828e-01
-4.819357395172119141e-01
9.034062623977661133e-01
1.138273179531097412e-01
-7.584195137023925781e-01
9.716148376464843750e-01
-3.841524124145507812e-01
8.571285605430603027e-01
6.736366152763366699e-01
1.576625704765319824e-01
7.982953190803527832e-01
-1.010347381234169006e-01
-8.303967714309692383e-01
7.673537135124206543e-01
8.605857491493225098e-01
9.491149187088012695e-01
-9.983404278755187988e-01
2.254611402750015259e-01
-1.089715436100959778e-01
9.836574792861938477e-01
-9.179464578628540039e-01
8.801867961883544922e-01
-3.099950850009918213e-01
9.521008729934692383e-01
-9.676662683486938477e-01
4.886827468872070312e-01
7.889291048049926758e-01
8.749282956123352051e-01
2.038854062557220459e-01
-9.854894280433654785e-01
8.697577714920043945e-01
1.400876939296722412e-01
4.787047803401947021e-01
7.604338526725769043e-01
-6.132803559303283691e-01
9.245569705963134766e-01
-4.992005527019500732e-01
9.658352732658386230e-01
8.551128953695297241e-02
-9.935663342475891113e-01
3.241289854049682617e-01
9.835079312324523926e-01
4.112748503684997559e-01
5.459212064743041992e-01
4.895522594451904297e-01
-7.906073927879333496e-01
-4.800089895725250244e-01
9.888833165168762207e-01
3.240502178668975830e-01
7.748128771781921387e-01
2.901158034801483154e-01
-7.214090824127197266e-01
-3.802304863929748535e-01
8.580653071403503418e-01
3.937937915325164795e-01
5.349957942962646484e-01
8.338235616683959961e-01
-1.614089310169219971e-01
-8.810614347457885742e-01
9.358792304992675781e-01
-6.758562326431274414e-01
-2.118663862347602844e-02
9.933643341064453125e-01
9.287734031677246094e-01
-7.714237570762634277e-01
8.874622583389282227e-01
-1.956590861082077026e-01
2.661532759666442871e-01
9.936503767967224121e-01
7.645733952522277832e-01
-8.439882397651672363e-01
9.704792499542236328e-01
-3.949632048606872559e-01
-4.114247560501098633e-01
9.773497581481933594e-01
4.095353782176971436e-01
-1.018063127994537354e-01
-8.921106457710266113e-01
9.801638722419738770e-01
8.965427875518798828e-01
3.505006432533264160e-01
-9.713011980056762695e-01
9.089123606681823730e-01
3.360300362110137939e-01
8.861461877822875977e-01
-9.101355671882629395e-01
9.631560444831848145e-01
-9.449709653854370117e-01
7.692915797233581543e-01
7.795499563217163086e-01
6.104629486799240112e-02
-9.735101461410522461e-01
9.774494171142578125e-01
8.415898680686950684e-01
-5.617902278900146484e-01
-8.165757358074188232e-02
9.916712641716003418e-01
-3.997664749622344971e-01
6.449757218360900879e-01
9.885882735252380371e-01
-9.490617513656616211e-01
9.790495038032531738e-01
8.486487269401550293e-01
-6.210950016975402832e-01
3.857547044754028320e-01
-1.200150419026613235e-02
7.445505261421203613e-01
3.253862261772155762e-01
-2.867586314678192139e-01
5.402056574821472168e-01
-6.785216927528381348e-01
9.431286454200744629e-01
-5.843520164489746094e-01
7.821466922760009766e-01
-6.714617460966110229e-02
7.266948223114013672e-01
7.319036722183227539e-01
7.514303922653198242e-01
-9.755416512489318848e-01
-5.703150033950805664e-01
9.648323059082031250e-01
-8.405441045761108398e-01
2.979064583778381348e-01
9.827058911323547363e-01
4.216601848602294922e-01
-5.408540964126586914e-01
8.105296492576599121e-01
9.854453802108764648e-01
2.310533225536346436e-01
-3.732299208641052246e-01
5.324428677558898926e-01
2.787140905857086182e-01
3.596895635128021240e-01
-6.269569396972656250e-01
1.438854336738586426e-01
3.409354090690612793e-01
-2.286026179790496826e-01
9.703760743141174316e-01
5.802047848701477051e-01
-4.548852443695068359e-01
4.370889067649841309e-02
8.841690421104431152e-01
9.392051696777343750e-01
-2.418198436498641968e-01
6.608154177665710449e-01
-5.925082564353942871e-01
-6.000652313232421875e-01
9.515582919120788574e-01
3.994364738464355469e-01
4.312206804752349854e-01
8.296591043472290039e-02
5.696813464164733887e-01
-2.332483977079391479e-01
-8.429262042045593262e-01
-3.266762197017669678e-01
9.963569045066833496e-01
3.446128666400909424e-01
9.757146239280700684e-01
6.536031961441040039e-01
3.751875162124633789e-01
-1.121688708662986755e-01
2.403993308544158936e-01
-2.661677300930023193e-01
-3.444171547889709473e-01
9.632036089897155762e-01
8.709546923637390137e-01
-8.330374956130981445e-01
3.493120893836021423e-02
8.869620561599731445e-01
-2.303255647420883179e-01
9.237266778945922852e-01
-2.959071993827819824e-01
3.399872481822967529e-01
9.298005700111389160e-01
-8.742930889129638672e-01
6.821898818016052246e-01
-4.488345384597778320e-01
6.510613560676574707e-01
-5.866074562072753906e-01
9.569985866546630859e-01
-2.014760076999664307e-01
5.308008790016174316e-01
-5.982447266578674316e-01
9.869174361228942871e-01
9.698112607002258301e-01
9.705773591995239258e-01
-8.443267345428466797e-01
6.738000512123107910e-01
-7.190124988555908203e-01
8.414869904518127441e-01
5.017206072807312012e-01
3.618314266204833984e-01
-3.883932232856750488e-01
-1.643533408641815186e-01
-3.007770478725433350e-01
7.873251438140869141e-01
1.805246174335479736e-01
6.108155846595764160e-01
1.723240911960601807e-01
8.474609255790710449e-01
8.782510757446289062e-01
-9.477548599243164062e-01
-6.355665922164916992e-01
9.967882633209228516e-01
2.061155587434768677e-01
7.089052200317382812e-01
-5.411922931671142578e-01
-6.102368608117103577e-02
6.295377612113952637e-01
5.058181285858154297e-01
3.751611113548278809e-01
-2.653963565826416016e-01
-2.144775986671447754e-01
9.315665364265441895e-01
-9.011486172676086426e-02
5.573087930679321289e-01
-2.100719511508941650e-01
9.956823587417602539e-01
8.226312994956970215e-01
-9.051099419593811035e-01
-8.512846827507019043e-01
9.812186956405639648e-01
9.422218203544616699e-01
7.912626862525939941e-01
-8.416639566421508789e-01
7.375328540802001953e-01
8.584489673376083374e-02
-8.053452968597412109e-01
8.304542899131774902e-01
2.967990934848785400e-01
-6.305989623069763184e-01
9.622646570205688477e-01
9.884817004203796387e-01
-4.339409470558166504e-01
7.666401267051696777e-01
1.308195199817419052e-02
3.829916119575500488e-01
-3.691897094249725342e-01
7.980055361986160278e-02
9.408494234085083008e-01
6.140093207359313965e-01
4.174052923917770386e-02
-5.940601229667663574e-01
-5.525836348533630371e-01
9.874253869056701660e-01
8.423957228660583496e-01
7.256851196289062500e-01
-6.571391224861145020e-01
-9.345123171806335449e-01
9.741575717926025391e-01
6.904948949813842773e-01
8.698964715003967285e-01
1.039982885122299194e-01
-8.105008602142333984e-01
7.999468445777893066e-01
-7.287736535072326660e-01
9.314541220664978027e-01
1.525660008192062378e-01
8.094052672386169434e-01
-3.246275186538696289e-01
-8.146761101670563221e-04
9.283886551856994629e-01
6.064383387565612793e-01
-9.888543486595153809e-01
9.512199163436889648e-01
-2.243974357843399048e-01
7.311539649963378906e-01
-1.231079101562500000e-01
8.119586706161499023e-01
-9.073994755744934082e-01
-1.674979031085968018e-01
9.823008775711059570e-01
2.484829127788543701e-01
6.057973504066467285e-01
-3.745068907737731934e-01
4.685094654560089111e-01
-3.654831945896148682e-01
9.971004128456115723e-01
9.782666563987731934e-01
3.103750348091125488e-01
-3.892617672681808472e-02
-6.737920045852661133e-01
6.228579282760620117e-01
-5.864254832267761230e-01
6.027856096625328064e-02
9.903072118759155273e-01
7.445401549339294434e-01
2.021654546260833740e-01
-6.385849714279174805e-01
7.162951231002807617e-01
5.429380536079406738e-01
1.088006943464279175e-01
-9.384586811065673828e-01
9.838080406188964844e-01
9.680751562118530273e-01
4.773376286029815674e-01
-6.907484531402587891e-01
3.605876863002777100e-01
-4.481532573699951172e-01
5.710067152976989746e-01
-8.200349807739257812e-01
9.730398058891296387e-01
7.359686493873596191e-01
-6.884672492742538452e-02
8.788611292839050293e-01
-6.683647632598876953e-01
8.233223557472229004e-01
3.135348260402679443e-01
1.270024031400680542e-01
8.256869316101074219e-01
3.526584804058074951e-01
-6.794149279594421387e-01
6.297428607940673828e-01
-6.656554937362670898e-01
6.809949129819869995e-02
-5.147616267204284668e-01
9.574758410453796387e-01
9.460631608963012695e-01
-7.102475166320800781e-01
9.809964299201965332e-01
9.823692440986633301e-01
-9.052617549896240234e-01
9.157363772392272949e-01
5.510225892066955566e-01
7.628987431526184082e-01
-6.452115774154663086e-01
6.910215020179748535e-01
1.726134568452835083e-01
1.972746104001998901e-01
-3.747192919254302979e-01
8.152957558631896973e-01
-5.893107056617736816e-01
-3.365928232669830322e-01
9.957386255264282227e-01
4.587866365909576416e-02
-2.364377528429031372e-01
-4.548198878765106201e-01
9.449424147605895996e-01
7.638615369796752930e-01
-3.843909502029418945e-01
8.950269818305969238e-01
8.781148195266723633e-01
-7.511177659034729004e-01
6.885480284690856934e-01
-3.456434607505798340e-01
8.118773698806762695e-01
8.169758319854736328e-01
-4.645103514194488525e-01
1.626103371381759644e-01
-3.488354012370109558e-02
6.802539229393005371e-01
-3.171601891517639160e-02
8.620717525482177734e-01
5.208977460861206055e-01
6.861304640769958496e-01
-9.855984449386596680e-01
6.746461987495422363e-01
-3.105344772338867188e-01
-2.446143925189971924e-01
9.634398818016052246e-01
2.455970495939254761e-01
-9.835955500602722168e-01
-2.344808280467987061e-01
9.523000121116638184e-01
-7.080586552619934082e-01
7.617402076721191406e-01
9.917026758193969727e-01
-6.209039688110351562e-01
9.473249316215515137e-01
9.851543307304382324e-01
-9.584732651710510254e-01
9.235289692878723145e-01
-5.910772681236267090e-01
9.770187139511108398e-01
9.188737273216247559e-01
1.356771029531955719e-02
3.993641138076782227e-01
3.423296809196472168e-01
2.596061527729034424e-01
1.044716984033584595e-01
-9.639492034912109375e-01
-4.503751993179321289e-01
9.272146224975585938e-01
4.576475024223327637e-01
7.218244075775146484e-01
5.778092741966247559e-01
1.502061169594526291e-02
-6.713835000991821289e-01
4.386189579963684082e-01
-2.220015674829483032e-01
1.322457939386367798e-01
9.889920353889465332e-01
7.117101550102233887e-01
3.389328718185424805e-01
-8.533794283866882324e-01
6.500005125999450684e-01
6.595470905303955078e-01
9.319508075714111328e-01
-1.555447727441787720e-01
-5.620445609092712402e-01
9.788933992385864258e-01
-1.541038155555725098e-01
5.236051678657531738e-01
-7.255634665489196777e-01
9.658651351928710938e-01
-9.303714036941528320e-01
7.536790370941162109e-01
7.502667903900146484e-01
-5.509282350540161133e-01
7.042353749275207520e-01
3.852322697639465332e-01
-6.718615293502807617e-01
8.304990530014038086e-01
-2.687154114246368408e-01
3.653047680854797363e-01
9.608528017997741699e-01
8.130477666854858398e-01
-8.725771307945251465e-01
7.795667052268981934e-01
-2.473347932100296021e-01
-4.763002991676330566e-01
9.308167099952697754e-01
-7.830483317375183105e-01
8.419963717460632324e-01
6.833763718605041504e-01
3.778230845928192139e-01
-6.349835991859436035e-01
9.325729608535766602e-01
9.245895147323608398e-01
-4.446246623992919922e-01
9.651901125907897949e-01
-7.015558481216430664e-01
9.765669107437133789e-01
-7.640536129474639893e-02
8.004109263420104980e-01
-9.930198788642883301e-01
-4.968625009059906006e-01
9.730774760246276855e-01
8.541497588157653809e-01
-2.581335790455341339e-02
6.366410255432128906e-01
-9.156521558761596680e-01
9.682413935661315918e-01
-6.996315121650695801e-01
9.185624122619628906e-01
-6.372226476669311523e-01
9.867920875549316406e-01
5.669535398483276367e-01
4.391102194786071777e-01
2.451446354389190674e-01
9.660788774490356445e-01
2.079003900289535522e-01
-9.832755923271179199e-01
6.759951710700988770e-01
-5.534931421279907227e-01
6.954367160797119141e-01
-8.496775627136230469e-01
9.565353393554687500e-01
-5.986331105232238770e-01
9.825659394264221191e-01
6.648922562599182129e-01
9.356231093406677246e-01
-7.475186139345169067e-02
-8.422548770904541016e-01
9.715540409088134766e-01
7.457560896873474121e-01
-2.221166193485260010e-01
-8.405444025993347168e-01
3.857456445693969727e-01
9.027561545372009277e-01
6.140044927597045898e-01
6.412925124168395996e-01
-9.457935690879821777e-01
1.761790961027145386e-01
8.313041925430297852e-01
7.794328927993774414e-01
-4.567686617374420166e-01
7.537831664085388184e-01
-9.649150371551513672e-01
6.943859457969665527e-01
-5.670915246009826660e-01
7.958434820175170898e-01
7.771119475364685059e-01
-5.126999020576477051e-01
6.675586104393005371e-01
7.894942760467529297e-01
-3.383535444736480713e-01
9.639430642127990723e-01
6.910276412963867188e-01
-9.861083626747131348e-01
-2.415028214454650879e-01
9.864479303359985352e-01
-6.495339870452880859e-01
9.465501904487609863e-01
-2.457502037286758423e-01
-7.376352548599243164e-01
9.375207424163818359e-01
7.840616106986999512e-01
9.785358905792236328e-01
7.471004966646432877e-03
7.623759508132934570e-01
-7.367175221443176270e-01
-3.506734967231750488e-01
7.821290493011474609e-01
-6.561183333396911621e-01
8.997717499732971191e-01
-1.660917699337005615e-01
9.855953454971313477e-01
6.490474343299865723e-01
5.099301338195800781e-01
-1.914147436618804932e-01
5.039582401514053345e-02
8.595615029335021973e-01
-3.656092584133148193e-01
-9.531624317169189453e-01
9.770631790161132812e-01
-3.111392557621002197e-01
5.236628651618957520e-01
8.126782178878784180e-01
-5.238539576530456543e-01
6.408101320266723633e-01
4.669145643711090088e-01
-6.536515951156616211e-01
6.944089531898498535e-01
1.204039007425308228e-01
8.963410854339599609e-01
-7.605148553848266602e-01
7.985193729400634766e-01
-9.116220474243164062e-01
9.830121397972106934e-01
9.706519246101379395e-01
5.683354139328002930e-01
-6.661422848701477051e-01
4.418417811393737793e-01
-8.139643669128417969e-01
9.164821505546569824e-01
6.786601543426513672e-01
2.128177732229232788e-01
9.125843048095703125e-01
-7.677746415138244629e-01
-1.258907765150070190e-01
9.941493272781372070e-01
1.237430572509765625e-01
3.924550414085388184e-01
-3.809745907783508301e-01
4.199592769145965576e-01
-6.253886222839355469e-01
7.440174221992492676e-01
2.100834250450134277e-01
9.418650865554809570e-01
8.862521648406982422e-01
6.417186465114355087e-03
-5.978509411215782166e-02
-9.387680292129516602e-01
4.362277984619140625e-01
9.406157135963439941e-01
-9.013656973838806152e-01
5.022914409637451172e-01
5.256081223487854004e-01
2.753759324550628662e-01
-3.669914305210113525e-01
9.743484258651733398e-01
5.195981264114379883e-01
5.630995035171508789e-01
-8.596699833869934082e-01
4.241398274898529053e-01
7.677339911460876465e-01
8.194155097007751465e-01
-5.727244615554809570e-01
3.844829201698303223e-01
-1.628566086292266846e-01
8.816832304000854492e-01
-8.141328692436218262e-01
8.745105266571044922e-01
-7.779181599617004395e-01
5.728951692581176758e-01
3.947902023792266846e-01
6.166810989379882812e-01
-7.726441621780395508e-01
8.336278200149536133e-01
9.529362916946411133e-01
7.210785746574401855e-01
-6.702457070350646973e-01
4.663901627063751221e-01
2.626005411148071289e-01
-8.420063853263854980e-01
9.255486130714416504e-01
-7.590629458427429199e-01
9.937846660614013672e-01
9.723849892616271973e-01
-8.813486099243164062e-01
5.176062583923339844e-01
1.435591876506805420e-01
7.740281224250793457e-01
2.160540968179702759e-01
-1.029908307828009129e-03
7.007243037223815918e-01
-6.276671886444091797e-01
4.878628253936767578e-01
-3.360567688941955566e-01
8.558574914932250977e-01
7.961267232894897461e-01
-7.814469337463378906e-01
-4.708007574081420898e-01
9.938686490058898926e-01
-8.175666928291320801e-01
9.488747119903564453e-01
9.955806136131286621e-01
4.380114078521728516e-01
-8.338294029235839844e-01
9.034473299980163574e-01
3.829953372478485107e-01
7.582994103431701660e-01
-8.001981973648071289e-01
5.102201104164123535e-01
8.505514860153198242e-01
9.752884507179260254e-01
-9.419388771057128906e-01
4.357318878173828125e-01
-9.613969326019287109e-01
-1.215604767203330994e-01
9.819157719612121582e-01
8.251525759696960449e-01
-4.338158667087554932e-01
9.012565612792968750e-01
-6.931980848312377930e-01
5.409576892852783203e-01
6.789498925209045410e-01
4.464875161647796631e-01
-7.573894262313842773e-01
9.579685330390930176e-01
-7.208539843559265137e-01
9.911086559295654297e-01
-2.760986387729644775e-01
6.289209127426147461e-01
9.038582444190979004e-01
-5.182191729545593262e-01
9.597741961479187012e-01
4.940965175628662109e-01
-7.109148502349853516e-01
2.186898738145828247e-01
6.650160551071166992e-01
-7.738784551620483398e-01
9.747163653373718262e-01
7.275388836860656738e-01
-1.118164360523223877e-01
-9.480471014976501465e-01
2.976894974708557129e-01
9.752824306488037109e-01
4.460909590125083923e-02
-6.166715025901794434e-01
9.975476861000061035e-01
-1.511796414852142334e-01
9.182079434394836426e-01
9.463469386100769043e-01
-1.014606580138206482e-01
-2.746545076370239258e-01
-7.823297977447509766e-01
9.553667902946472168e-01
-1.919933594763278961e-02
9.637771248817443848e-01
3.158402442932128906e-01
-9.265832901000976562e-01
7.590923309326171875e-01
-6.813530325889587402e-01
9.752612709999084473e-01
8.160061389207839966e-02
9.933257102966308594e-01
1.050982773303985596e-01
5.118678212165832520e-01
7.094006538391113281e-01
6.990052014589309692e-02
-3.166746199131011963e-01
8.148130029439926147e-02
9.142544269561767578e-01
-9.679008722305297852e-01
4.844342768192291260e-01
9.275835752487182617e-01
-8.751528859138488770e-01
8.909969329833984375e-01
5.507674813270568848e-01
-7.441739439964294434e-01
-7.270224690437316895e-01
9.523217678070068359e-01
3.699543178081512451e-01
7.964354157447814941e-01
1.986771076917648315e-02
-3.235025405883789062e-01
7.401919364929199219e-01
9.953774809837341309e-01
-9.261367321014404297e-01
-4.080188572406768799e-01
9.970460534095764160e-01
2.147261351346969604e-01
6.495140790939331055e-01
8.156934380531311035e-01
-8.874383568763732910e-01
9.688069224357604980e-01
6.455215215682983398e-01
-4.375084936618804932e-01
9.078463912010192871e-01
5.907655358314514160e-01
4.367835223674774170e-01
-9.826862812042236328e-01
6.177346780896186829e-02
-4.285377562046051025e-01
9.563386440277099609e-01
4.189104959368705750e-02
-8.434537649154663086e-01
8.861177563667297363e-01
1.756084263324737549e-01
9.462828040122985840e-01
9.278090000152587891e-01
2.383603602647781372e-01
-9.627421498298645020e-01
7.823093533515930176e-01
-5.303662419319152832e-01
9.596795439720153809e-01
-2.088855504989624023e-01
6.691973805427551270e-01
1.530126035213470459e-01
6.055296659469604492e-01
-8.146976828575134277e-01
2.940527163445949554e-03
7.848116159439086914e-01
2.473612874746322632e-01
7.017376422882080078e-01
-1.121564731001853943e-01
-3.228268027305603027e-01
3.228709846735000610e-02
9.007754921913146973e-01
8.218032121658325195e-01
-5.257310867309570312e-01
4.377357959747314453e-01
7.362709641456604004e-01
-8.950998187065124512e-01
8.978288620710372925e-02
9.184193015098571777e-01
2.460906058549880981e-01
-3.419627249240875244e-01
9.958962202072143555e-01
-3.769414424896240234e-01
2.613048553466796875e-01
1.682504266500473022e-02
7.418547272682189941e-01
1.003089100122451782e-01
1.104299277067184448e-01
8.087744712829589844e-01
4.283509850502014160e-01
-4.739355742931365967e-01
5.254685282707214355e-01
1.011112928390502930e-01
7.717714905738830566e-01
6.742292642593383789e-01
-9.696410894393920898e-01
6.998251676559448242e-01
-2.210175544023513794e-01
-6.357542872428894043e-01
9.767823815345764160e-01
9.348497390747070312e-01
-8.482423424720764160e-01
7.518928050994873047e-01
-4.408570826053619385e-01
9.632812142372131348e-01
-1.089039444923400879e-01
5.139390826225280762e-01
4.539648294448852539e-01
2.857901453971862793e-01
-3.085244297981262207e-01
9.239637851715087891e-01
5.745216012001037598e-01
2.056209295988082886e-01
-5.387111902236938477e-01
-8.748959749937057495e-02
-4.363548159599304199e-01
9.857259988784790039e-01
4.187341928482055664e-01
2.903879284858703613e-01
4.844360947608947754e-01
2.270160019397735596e-01
-3.862169086933135986e-01
5.385375022888183594e-02
-6.092356443405151367e-01
8.986983299255371094e-01
7.650474905967712402e-01
7.520211935043334961e-01
8.742986321449279785e-01
-7.364050745964050293e-01
3.761271759867668152e-02
6.414214968681335449e-01
2.536623179912567139e-01
-7.416319847106933594e-01
9.177446365356445312e-01
8.489569425582885742e-01
-4.969181120395660400e-01
7.303476333618164062e-01
-9.183393716812133789e-01
9.355257153511047363e-01
9.638035297393798828e-02
4.459408223628997803e-01
8.702889084815979004e-01
-8.251343369483947754e-01
5.488615036010742188e-01
-9.834238290786743164e-01
9.697238206863403320e-01
6.637356877326965332e-01
-9.416884183883666992e-01
9.865155816078186035e-01
2.489642798900604248e-01
4.265949428081512451e-01
1.189888566732406616e-01
9.887447357177734375e-01
8.428307771682739258e-01
-9.175437688827514648e-01
8.317595720291137695e-01
-8.410951495170593262e-01
9.144310951232910156e-01
-1.268562525510787964e-01
5.603038668632507324e-01
7.823977470397949219e-01
-9.908433556556701660e-01
-4.954892694950103760e-01
9.931696057319641113e-01
7.944008111953735352e-01
8.978343009948730469e-01
-8.853161334991455078e-01
-3.587957918643951416e-01
4.550733268260955811e-01
9.055166840553283691e-01
9.089791178703308105e-01
-8.428627848625183105e-01
7.979226112365722656e-01
-8.317556381225585938e-01
9.638896584510803223e-01
1.196552217006683350e-01
7.961726784706115723e-01
-6.368742585182189941e-01
-2.330707311630249023e-01
9.950994253158569336e-01
9.564921855926513672e-01
8.584063649177551270e-01
5.359050631523132324e-01
-4.936302602291107178e-01
-1.999402940273284912e-01
4.880607724189758301e-01
3.491724729537963867e-01
-6.580065488815307617e-01
-2.580459415912628174e-01
6.219036579132080078e-01
-5.511841177940368652e-01
8.871484398841857910e-01
1.651294380426406860e-01
4.440300539135932922e-02
3.673993647098541260e-01
4.010165929794311523e-01
8.162241578102111816e-01
-4.249635636806488037e-01
-6.440486311912536621e-01
9.724966883659362793e-01
-2.407734245061874390e-01
9.198407530784606934e-01
5.928567647933959961e-01
8.222795128822326660e-01
7.704470157623291016e-01
4.092705249786376953e-01
-7.325223684310913086e-01
7.388043999671936035e-01
-7.672972083091735840e-01
-7.077431678771972656e-02
5.764045715332031250e-01
5.794758200645446777e-01
-5.138986110687255859e-01
5.008848309516906738e-01
-2.153167575597763062e-01
-7.189536094665527344e-01
9.947726726531982422e-01
-3.509963154792785645e-01
9.936995506286621094e-01
8.993676900863647461e-01
3.072544932365417480e-01
-7.756251692771911621e-01
-3.959697782993316650e-01
9.934781193733215332e-01
8.893799185752868652e-01
-8.253571987152099609e-01
9.574456214904785156e-01
9.491555690765380859e-01
4.555508196353912354e-01
-4.175451770424842834e-02
-2.524983584880828857e-01
7.770524621009826660e-01
2.891762927174568176e-02
-8.237000703811645508e-01
7.198249101638793945e-01
-2.481788210570812225e-02
9.044761061668395996e-01
9.665601253509521484e-01
-7.917551994323730469e-01
7.795401811599731445e-01
1.801484227180480957e-01
-5.638439059257507324e-01
-4.218439757823944092e-02
6.202268004417419434e-01
5.145971775054931641e-01
-1.761092096567153931e-01
2.450968325138092041e-01
9.686849266290664673e-02
3.740016222000122070e-01
-1.831165105104446411e-01
3.479161560535430908e-01
8.835704922676086426e-01
-3.480059206485748291e-01
4.997320175170898438e-01
9.072651863098144531e-01
-1.779849380254745483e-01
7.218999862670898438e-01
9.607622027397155762e-01
-7.343106269836425781e-01
-6.285681575536727905e-02
5.179127454757690430e-01
-8.930451869964599609e-01
9.572007656097412109e-01
-9.591206908226013184e-01
5.927682518959045410e-01
-3.505598008632659912e-01
9.700496196746826172e-01
6.316277980804443359e-01
1.537292450666427612e-01
7.151216268539428711e-01
6.071782708168029785e-01
-6.042001843452453613e-01
5.317866802215576172e-01
-7.656356096267700195e-01
2.391132898628711700e-02
9.801931381225585938e-01
6.361794471740722656e-01
5.444429516792297363e-01
-5.873292684555053711e-01
7.415692806243896484e-01
-1.975058950483798981e-02
-3.798440694808959961e-01
9.933357834815979004e-01
8.103272914886474609e-01
