9.642084836959838867e-01
8.443754166364669800e-02
-8.878738284111022949e-01
-7.635644078254699707e-01
9.704469442367553711e-01
-7.651014924049377441e-01
9.482886791229248047e-01
2.251066416501998901e-01
-9.195289015769958496e-01
9.290037751197814941e-01
9.673572182655334473e-01
6.289812326431274414e-01
-5.203320384025573730e-01
3.465164452791213989e-02
-7.077011466026306152e-01
6.458562016487121582e-01
-9.550296664237976074e-01
9.306076765060424805e-01
3.854098916053771973e-01
-9.980373382568359375e-01
-8.841503858566284180e-01
8.933417797088623047e-01
-9.855757951736450195e-01
9.875291585922241211e-01
6.211315393447875977e-01
9.921100735664367676e-01
9.631944298744201660e-01
-9.273110628128051758e-01
-9.453251361846923828e-01
8.409641981124877930e-01
-9.113419055938720703e-01
9.654972553253173828e-01
9.668917059898376465e-01
-9.519075155258178711e-01
-2.215297073125839233e-01
-8.702654838562011719e-01
-7.466182112693786621e-01
-5.411446690559387207e-01
9.547948241233825684e-01
9.561291933059692383e-01
9.682949185371398926e-01
2.347009927034378052e-01
-4.245625436305999756e-01
-6.570522785186767578e-01
-3.273128867149353027e-01
9.965868592262268066e-01
9.159616827964782715e-01
9.590815305709838867e-01
-6.980839967727661133e-01
9.867029190063476562e-01
3.770186007022857666e-01
-3.797897994518280029e-01
-8.794851899147033691e-01
-4.472684860229492188e-02
-2.983256876468658447e-01
2.478394955396652222e-01
5.856209993362426758e-01
-6.844451427459716797e-01
-7.401872277259826660e-01
-9.875375032424926758e-01
3.072499930858612061e-01
9.101248383522033691e-01
9.532273411750793457e-01
2.051912695169448853e-01
-8.996895551681518555e-01
8.492065072059631348e-01
8.273014426231384277e-01
-6.116547584533691406e-01
-3.152397871017456055e-01
9.256365299224853516e-01
6.894042342901229858e-02
4.937065243721008301e-01
5.960547327995300293e-01
-3.430443108081817627e-01
-9.976121783256530762e-01
-5.864683389663696289e-01
9.274665117263793945e-01
7.653285861015319824e-01
-4.590044617652893066e-01
3.006379902362823486e-01
-9.412784576416015625e-01
-9.172933697700500488e-01
7.126905918121337891e-01
9.779915809631347656e-01
7.661535143852233887e-01
7.083536982536315918e-01
3.401449024677276611e-01
-8.260968923568725586e-01
-9.982286691665649414e-01
-5.285040140151977539e-01
6.283924579620361328e-01
9.350959062576293945e-01
-9.308149814605712891e-01
-7.492432594299316406e-01
-5.320484638214111328e-01
9.878460764884948730e-01
7.348589301109313965e-01
8.856879472732543945e-01
9.912127256393432617e-01
-9.899913072586059570e-01
-2.399480938911437988e-01
-8.215522766113281250e-01
9.594022631645202637e-01
9.972363114356994629e-01
5.780543684959411621e-01
-8.169722557067871094e-01
-9.760860204696655273e-01
2.983681559562683105e-01
4.799080491065979004e-01
7.301555275917053223e-01
2.537296414375305176e-01
-3.470906317234039307e-01
-7.164101600646972656e-01
-6.312952637672424316e-01
8.600143194198608398e-01
9.829362630844116211e-01
-9.665802121162414551e-01
-8.233605623245239258e-01
7.460603713989257812e-01
6.533165574073791504e-01
-3.729779720306396484e-01
-6.392377614974975586e-01
9.506765604019165039e-01
9.638720154762268066e-01
4.911557137966156006e-01
-8.138629198074340820e-01
8.733212202787399292e-02
1.351565867662429810e-01
-5.494153499603271484e-01
9.640998840332031250e-01
9.896511435508728027e-01
-9.802290201187133789e-01
-2.490603327751159668e-01
-6.094504892826080322e-02
-9.317943453788757324e-01
7.147244215011596680e-01
9.583042860031127930e-01
8.958785533905029297e-01
-8.771701455116271973e-01
-8.112289309501647949e-01
-1.076086834073066711e-01
2.032034546136856079e-01
9.965252876281738281e-01
5.875961184501647949e-01
2.415853440761566162e-01
-4.399315416812896729e-01
7.722979784011840820e-01
5.688940286636352539e-01
9.765084385871887207e-01
6.450592875480651855e-01
1.511099785566329956e-01
9.450643658638000488e-01
9.114413261413574219e-01
-2.906250357627868652e-01
9.575031995773315430e-01
3.026981353759765625e-01
2.283757477998733521e-01
-9.931082725524902344e-01
-9.966716170310974121e-01
-9.921126961708068848e-01
-9.970134496688842773e-01
-9.148985743522644043e-01
-7.450138926506042480e-01
-6.563126444816589355e-01
-7.023657560348510742e-01
3.160341829061508179e-02
4.892430305480957031e-01
-8.593817949295043945e-01
-1.649052500724792480e-01
-3.602499961853027344e-01
-6.426266431808471680e-01
1.449784189462661743e-01
-8.339599370956420898e-01
-2.627296932041645050e-02
-3.097587227821350098e-01
8.251330256462097168e-01
-2.539852559566497803e-01
-4.359696805477142334e-01
6.176855564117431641e-01
-7.550622820854187012e-01
-8.243280053138732910e-01
3.265307247638702393e-01
4.867320060729980469e-01
6.565490365028381348e-01
-3.823977708816528320e-02
9.551481008529663086e-01
9.701862931251525879e-01
4.267346858978271484e-01
-7.997343540191650391e-01
9.882691502571105957e-01
9.688286185264587402e-01
9.076431393623352051e-01
6.320072412490844727e-01
-2.588225603103637695e-01
-9.015757441520690918e-01
6.751355528831481934e-01
-9.725152850151062012e-01
-2.500357329845428467e-01
9.502316117286682129e-01
-7.721795439720153809e-01
4.902113974094390869e-01
-9.514446854591369629e-01
7.872716188430786133e-01
-4.819524660706520081e-02
-9.174029231071472168e-01
3.749794363975524902e-01
9.891252517700195312e-01
5.009919404983520508e-01
-8.043636381626129150e-02
-1.480090022087097168e-01
9.143584370613098145e-01
-9.502105712890625000e-01
9.008798003196716309e-01
8.710289597511291504e-01
-9.461576938629150391e-01
-7.194766402244567871e-01
-5.451412796974182129e-01
-3.868519887328147888e-02
9.989936351776123047e-01
-2.750895321369171143e-01
9.420043826103210449e-01
-4.330740869045257568e-01
8.522061109542846680e-01
-9.336128234863281250e-01
9.486523866653442383e-01
9.199392795562744141e-01
-5.850487947463989258e-01
-8.419131040573120117e-01
-1.387657672166824341e-01
8.621633052825927734e-01
-3.472601771354675293e-01
5.829782485961914062e-01
8.230412602424621582e-01
-8.961526155471801758e-01
-9.641256928443908691e-01
1.031295210123062134e-01
-7.247647643089294434e-01
9.384324550628662109e-01
-6.620521545410156250e-01
9.545829296112060547e-01
8.732306957244873047e-01
-2.886256575584411621e-01
-8.219836950302124023e-01
1.026085615158081055e-01
9.682583808898925781e-01
-2.553431093692779541e-01
9.935919642448425293e-01
8.084294795989990234e-01
8.319004774093627930e-01
6.753515601158142090e-01
-9.979385733604431152e-01
-8.548703193664550781e-01
-7.681922316551208496e-01
-9.220027923583984375e-01
6.576647162437438965e-01
-3.082717657089233398e-01
9.961968660354614258e-01
-8.052748441696166992e-01
-9.225446581840515137e-01
9.337280392646789551e-01
-1.444025188684463501e-01
9.769556522369384766e-01
9.026289582252502441e-01
-6.636269092559814453e-01
6.299605965614318848e-01
-9.326949119567871094e-01
9.214331507682800293e-01
5.590909719467163086e-01
-8.475994467735290527e-01
-8.698351383209228516e-01
9.250428080558776855e-01
-4.251111745834350586e-01
8.608427643775939941e-02
9.825650453567504883e-01
6.025326251983642578e-01
-9.744377732276916504e-01
8.800938129425048828e-01
-3.266031146049499512e-01
-9.859065413475036621e-01
8.053433299064636230e-01
-1.303935945034027100e-01
8.246693015098571777e-01
-1.151074096560478210e-01
2.649699747562408447e-01
-9.981622695922851562e-01
-1.630685776472091675e-01
9.994832873344421387e-01
9.954982399940490723e-01
1.062737032771110535e-01
-6.180257797241210938e-01
-9.639301300048828125e-01
1.533253788948059082e-01
7.681270837783813477e-01
7.373775839805603027e-01
-8.421450257301330566e-01
4.296426773071289062e-01
3.000327646732330322e-01
-4.523740410804748535e-01
2.558973133563995361e-01
3.431274592876434326e-01
9.063638448715209961e-01
-2.314772158861160278e-01
3.389971256256103516e-01
-8.096740245819091797e-01
-8.036020398139953613e-02
4.665912315249443054e-02
9.917855262756347656e-01
-6.977840662002563477e-01
1.762287616729736328e-01
-9.601702690124511719e-01
9.368785023689270020e-01
8.828448057174682617e-01
-4.542024433612823486e-01
-7.952377200126647949e-01
-6.279544234275817871e-01
3.262374922633171082e-02
9.930835366249084473e-01
9.578235745429992676e-01
7.176363468170166016e-01
-3.149679601192474365e-01
-9.309509992599487305e-01
-8.565276861190795898e-01
8.480975627899169922e-01
9.938654303550720215e-01
9.449308514595031738e-01
5.850701928138732910e-01
-9.913306236267089844e-01
-7.480341196060180664e-01
-9.744303822517395020e-01
9.967477917671203613e-01
3.888726830482482910e-01
2.771391868591308594e-01
6.454626917839050293e-01
8.678030371665954590e-01
-6.340180039405822754e-01
-5.414333939552307129e-01
-9.893943071365356445e-01
-1.169279888272285461e-01
7.357704043388366699e-01
3.934573233127593994e-01
-2.476374506950378418e-01
8.134702444076538086e-01
-9.714454412460327148e-01
-6.927407979965209961e-01
9.952157139778137207e-01
-2.119872719049453735e-01
9.960467219352722168e-01
9.974432587623596191e-01
8.796095252037048340e-01
-9.744312763214111328e-01
-9.720551371574401855e-01
9.791210889816284180e-01
7.061821818351745605e-01
1.387325227260589600e-01
-9.856879115104675293e-01
-9.860445857048034668e-01
-4.042418301105499268e-01
-7.321212291717529297e-01
9.836749434471130371e-01
9.786473512649536133e-01
9.787502288818359375e-01
-8.805887699127197266e-01
9.621973633766174316e-01
-5.585117340087890625e-01
8.312032222747802734e-01
6.892777085304260254e-01
-1.805993914604187012e-01
-4.558435380458831787e-01
-9.476295113563537598e-01
7.616004943847656250e-01
-6.114139556884765625e-01
-5.020976662635803223e-01
2.553680539131164551e-01
-8.701405525207519531e-01
3.001570999622344971e-01
9.809488654136657715e-01
3.012015223503112793e-01
-6.789721250534057617e-01
9.998148679733276367e-01
9.824033379554748535e-01
7.797697186470031738e-01
9.977830052375793457e-01
-5.047053098678588867e-01
-9.725784659385681152e-01
-8.390190601348876953e-01
-1.436557322740554810e-01
8.333656787872314453e-01
5.809928774833679199e-01
-9.803689122200012207e-01
-8.737292885780334473e-01
-9.732208847999572754e-01
9.688382744789123535e-01
-2.269440889358520508e-01
9.348740577697753906e-01
9.537979960441589355e-01
2.063104957342147827e-01
-7.400095462799072266e-01
2.424747943878173828e-01
-5.274124071002006531e-02
8.246510624885559082e-01
9.805909395217895508e-01
2.987619936466217041e-01
-8.382539153099060059e-01
-9.878492951393127441e-01
-3.287257254123687744e-01
-1.651934832334518433e-01
9.977269172668457031e-01
-4.941155314445495605e-01
5.642133355140686035e-01
-9.420116543769836426e-01
-4.929620325565338135e-01
9.093243479728698730e-01
9.884639978408813477e-01
7.033321857452392578e-01
-5.707992911338806152e-01
-7.024242281913757324e-01
-2.555370032787322998e-01
9.225143194198608398e-01
8.442994356155395508e-01
6.109389066696166992e-01
6.668856143951416016e-01
-9.120162129402160645e-01
-9.680885076522827148e-01
1.845090240240097046e-01
6.312602162361145020e-01
7.386984229087829590e-01
7.444272935390472412e-02
-9.114742875099182129e-01
-3.836381062865257263e-02
-9.489309787750244141e-01
-9.406268000602722168e-01
9.178050756454467773e-01
9.960192441940307617e-01
9.756323099136352539e-01
5.522888302803039551e-01
-6.000022292137145996e-01
9.630824327468872070e-01
4.505731165409088135e-01
-9.987300038337707520e-01
-7.627577185630798340e-01
8.424009680747985840e-01
-5.180756449699401855e-01
6.521489024162292480e-01
6.623905301094055176e-01
-9.590215086936950684e-01
-7.348932623863220215e-01
-9.876456260681152344e-01
-9.432010650634765625e-01
9.969342947006225586e-01
9.938606619834899902e-01
9.892886877059936523e-01
7.190080285072326660e-01
8.046287894248962402e-01
-7.199788689613342285e-01
-8.983504176139831543e-01
7.710353732109069824e-01
8.662045001983642578e-01
9.859723448753356934e-01
9.743559956550598145e-01
-9.858812689781188965e-01
-8.926267623901367188e-01
-9.951784610748291016e-01
-3.933944702148437500e-01
8.867940306663513184e-01
9.355288147926330566e-01
-9.284608364105224609e-01
6.721543669700622559e-01
6.050779819488525391e-01
-9.801579117774963379e-01
-2.517281174659729004e-01
-4.842761456966400146e-01
8.283548355102539062e-01
8.904852271080017090e-01
-9.451162219047546387e-01
3.666999936103820801e-02
7.719395756721496582e-01
-8.442545533180236816e-01
5.242811441421508789e-01
-1.610294915735721588e-02
8.770444989204406738e-01
-3.010805137455463409e-02
-9.180402159690856934e-01
9.779875278472900391e-01
6.322072744369506836e-01
4.164052307605743408e-01
-9.937269091606140137e-01
-9.723491668701171875e-01
8.674919009208679199e-01
8.534326553344726562e-01
9.355285763740539551e-01
-9.396647810935974121e-01
-9.014770388603210449e-01
-9.446988254785537720e-02
9.152199029922485352e-01
6.653524041175842285e-01
4.480718970298767090e-01
-4.985580146312713623e-01
-4.712485671043395996e-01
-8.545385599136352539e-01
9.916757345199584961e-01
9.969962239265441895e-01
8.561350107192993164e-01
-9.990274310111999512e-01
-9.815152883529663086e-01
-8.418647050857543945e-01
9.238065481185913086e-01
8.900232315063476562e-01
9.489774703979492188e-01
6.635118126869201660e-01
-1.120844706892967224e-01
-9.727162122726440430e-01
4.376783072948455811e-01
-9.927509427070617676e-01
-5.889107584953308105e-01
9.278851747512817383e-01
6.308723688125610352e-01
-4.985855519771575928e-01
3.914846107363700867e-02
-5.847010016441345215e-01
5.858539938926696777e-01
-5.269311666488647461e-01
-1.650761961936950684e-01
-6.580861210823059082e-01
9.982793331146240234e-01
9.958953261375427246e-01
9.538311362266540527e-01
9.603391289710998535e-01
3.995017707347869873e-01
-8.824282288551330566e-01
-3.545245826244354248e-01
-5.087068080902099609e-01
-5.457324385643005371e-01
-6.732203960418701172e-01
4.701671600341796875e-01
9.429160952568054199e-01
9.737320542335510254e-01
-9.020358920097351074e-01
-7.833938002586364746e-01
-1.787441372871398926e-01
9.064993858337402344e-01
-1.667122244834899902e-01
9.223211407661437988e-01
4.482864737510681152e-01
9.374436140060424805e-01
-8.889293670654296875e-01
-8.558867573738098145e-01
-9.936763644218444824e-01
9.497762918472290039e-01
9.802945256233215332e-01
-2.118969857692718506e-01
8.155211210250854492e-01
-9.899911284446716309e-01
1.096700802445411682e-01
9.883400201797485352e-01
-5.096192359924316406e-01
-6.959761977195739746e-01
-1.280307769775390625e-01
8.314326405525207520e-01
8.931349515914916992e-01
-3.135870099067687988e-01
-9.945585131645202637e-01
-3.596393764019012451e-01
8.019781671464443207e-03
9.925474524497985840e-01
9.830341935157775879e-01
-7.770725339651107788e-02
-9.826552271842956543e-01
-6.220523118972778320e-01
9.225062131881713867e-01
9.817500710487365723e-01
9.404831528663635254e-01
4.718097746372222900e-01
-9.979441761970520020e-01
1.284640431404113770e-01
-2.426534146070480347e-01
-7.476095557212829590e-01
7.383209466934204102e-01
-8.205673098564147949e-01
9.137772321701049805e-01
-5.433144569396972656e-01
3.135329484939575195e-01
-9.794774651527404785e-01
-8.356447815895080566e-01
9.448844790458679199e-01
2.734228670597076416e-01
5.413040518760681152e-01
9.836324453353881836e-01
8.436025977134704590e-01
-1.231090500950813293e-01
7.487018704414367676e-01
6.675172597169876099e-02
-9.282097220420837402e-01
-8.799296021461486816e-01
9.746090173721313477e-01
9.787766337394714355e-01
-9.866091609001159668e-01
-1.137989014387130737e-01
-4.025717973709106445e-01
-9.718609452247619629e-01
-7.349039912223815918e-01
9.893680810928344727e-01
9.795290231704711914e-01
9.822293519973754883e-01
7.291198372840881348e-01
-4.983318746089935303e-01
-5.864100456237792969e-01
-7.172402143478393555e-01
7.127836346626281738e-01
9.962189793586730957e-01
3.119092285633087158e-01
-8.116635680198669434e-01
-3.821516036987304688e-01
5.822356939315795898e-01
2.270606160163879395e-02
-8.517735004425048828e-01
8.908103704452514648e-01
9.583994150161743164e-01
-8.654359579086303711e-01
7.138884067535400391e-01
-9.946824908256530762e-01
8.849793076515197754e-01
-8.196423202753067017e-02
-7.706871628761291504e-01
9.921605587005615234e-01
-7.210892438888549805e-01
2.740859687328338623e-01
7.190954089164733887e-01
6.864578723907470703e-01
7.149257063865661621e-01
-1.088418662548065186e-01
-6.953094601631164551e-01
8.244787901639938354e-02
-5.012739896774291992e-01
4.262482225894927979e-01
-8.168832063674926758e-01
4.482463300228118896e-01
-8.530071377754211426e-01
7.155880331993103027e-01
-2.916029989719390869e-01
9.191070795059204102e-01
7.556633949279785156e-01
-9.781751632690429688e-01
9.728098511695861816e-01
-7.457307577133178711e-01
-1.068178340792655945e-01
9.318358302116394043e-01
5.026945471763610840e-02
-2.411290630698204041e-02
5.649552941322326660e-01
1.381423473358154297e-01
4.366549253463745117e-01
1.422373503446578979e-01
-9.258872866630554199e-01
-9.799016714096069336e-01
-2.572549283504486084e-01
-6.355356574058532715e-01
9.880850315093994141e-01
8.364005088806152344e-01
1.358177065849304199e-01
-9.797915816307067871e-01
2.798387110233306885e-01
6.037035584449768066e-01
9.505028128623962402e-01
3.891213834285736084e-01
-1.366937458515167236e-01
4.224587380886077881e-01
-9.307354092597961426e-01
-4.953500032424926758e-01
-6.460936665534973145e-01
9.811303019523620605e-01
9.343789219856262207e-01
-9.539758563041687012e-01
1.351580470800399780e-01
6.974504590034484863e-01
9.003335237503051758e-01
-9.990288019180297852e-01
-1.658077836036682129e-01
9.032302498817443848e-01
6.196614503860473633e-01
2.572559118270874023e-01
-8.062213659286499023e-01
-2.321958355605602264e-02
-8.137594461441040039e-01
-9.742276668548583984e-01
9.316389560699462891e-01
9.747682213783264160e-01
2.983921170234680176e-01
-2.727493047714233398e-01
4.493592381477355957e-01
-9.329743385314941406e-01
1.623679250478744507e-01
1.328095346689224243e-01
-5.158340930938720703e-01
-5.519615858793258667e-02
9.703328609466552734e-01
9.085109829902648926e-01
2.410685271024703979e-01
-8.462211489677429199e-01
-7.287219166755676270e-01
9.839069247245788574e-01
9.977515339851379395e-01
9.271435737609863281e-01
6.224610209465026855e-01
-9.486398100852966309e-01
1.622153073549270630e-02
-9.111457467079162598e-01
5.747097730636596680e-01
-2.872681021690368652e-01
-1.043313816189765930e-01
-8.342713117599487305e-01
9.411680102348327637e-01
5.392769575119018555e-01
-8.732554912567138672e-01
-8.424844145774841309e-01
2.996806204319000244e-01
1.472574472427368164e-01
8.227228522300720215e-01
9.467994570732116699e-01
5.644216537475585938e-01
6.103697419166564941e-01
-8.797956109046936035e-01
-9.529438614845275879e-01
2.917197942733764648e-01
-4.280041158199310303e-01
8.904578685760498047e-01
8.439366221427917480e-01
-9.245542287826538086e-01
-8.024963140487670898e-01
-1.032004728913307190e-01
-1.326034665107727051e-01
9.628174304962158203e-01
9.890141487121582031e-01
-1.683455258607864380e-01
1.098960191011428833e-01
7.835739850997924805e-02
8.402322530746459961e-01
9.287151694297790527e-01
-9.800146222114562988e-01
-9.778953790664672852e-01
-7.797517776489257812e-01
9.178862571716308594e-01
7.410764098167419434e-01
-6.829709410667419434e-01
-9.644530415534973145e-01
-5.043649673461914062e-01
3.942788839340209961e-01
9.985655546188354492e-01
2.338799983263015747e-01
9.884176850318908691e-01
-2.091311365365982056e-01
-8.406800776720046997e-02
5.543432831764221191e-01
-1.731961965560913086e-01
1.949542611837387085e-01
7.606300711631774902e-01
-9.379298239946365356e-02
4.862131476402282715e-01
-5.331317782402038574e-01
-9.907471537590026855e-01
-7.209241390228271484e-02
2.681057453155517578e-01
5.844523906707763672e-01
2.249421477317810059e-01
-7.468963861465454102e-01
-9.710837602615356445e-01
1.271055340766906738e-01
-5.377973914146423340e-01
8.501821756362915039e-01
9.996527433395385742e-01
9.212263822555541992e-01
3.741709589958190918e-01
-5.945904254913330078e-01
-8.995833396911621094e-01
9.450547099113464355e-01
9.822753667831420898e-01
9.452717900276184082e-01
-9.128273129463195801e-01
-6.167986392974853516e-01
2.450511455535888672e-01
-6.591557264328002930e-01
8.546727299690246582e-01
2.157247364521026611e-01
-4.201960861682891846e-01
4.702694714069366455e-01
1.712312251329421997e-01
-9.909110665321350098e-01
9.228481650352478027e-01
-2.704312801361083984e-01
2.627851665019989014e-01
-2.003049403429031372e-01
9.691525101661682129e-01
-9.980440735816955566e-01
-9.971724748611450195e-01
9.588295817375183105e-01
9.736253619194030762e-01
6.763507127761840820e-01
-5.202253460884094238e-01
6.150403022766113281e-01
-7.039033174514770508e-01
6.207810640335083008e-01
-4.889155030250549316e-01
-5.924388170242309570e-01
9.291064143180847168e-01
-6.416173279285430908e-02
9.884552955627441406e-01
8.300461173057556152e-01
-9.905923604965209961e-01
-9.624152183532714844e-01
4.690249264240264893e-02
8.412722349166870117e-01
3.589292466640472412e-01
7.653753757476806641e-01
-6.840429902076721191e-01
-9.285594224929809570e-01
-8.387920260429382324e-01
9.750114679336547852e-01
6.756105422973632812e-01
-5.192394256591796875e-01
-2.032058387994766235e-01
9.853037595748901367e-01
-2.604347169399261475e-01
9.335007667541503906e-01
-3.900085091590881348e-01
-9.122481346130371094e-01
4.002335965633392334e-01
9.998006820678710938e-01
9.827650189399719238e-01
-5.977680683135986328e-01
-8.366796970367431641e-01
-8.286375403404235840e-01
7.668494582176208496e-01
5.317134857177734375e-01
-3.119857311248779297e-01
7.420725375413894653e-02
9.991104006767272949e-01
5.829399228096008301e-01
4.295873045921325684e-01
-7.718816995620727539e-01
6.245769858360290527e-01
-2.524856925010681152e-01
-8.812034726142883301e-01
3.809934854507446289e-01
9.941155910491943359e-01
7.887752056121826172e-01
-5.129712224006652832e-01
-9.997471570968627930e-01
-9.753552675247192383e-01
-6.139252185821533203e-01
7.002997398376464844e-01
7.578574419021606445e-01
9.256517291069030762e-01
1.661728471517562866e-01
3.446181118488311768e-01
-2.790773212909698486e-01
-8.066199421882629395e-01
9.414651393890380859e-01
7.234204411506652832e-01
-8.887911438941955566e-01
-8.878037929534912109e-01
9.853178262710571289e-01
-4.904508888721466064e-01
6.801120042800903320e-01
6.777361035346984863e-01
8.522563576698303223e-01
-9.990753531455993652e-01
-6.837106347084045410e-01
1.136546283960342407e-01
-4.571342170238494873e-01
9.894558787345886230e-01
9.909704923629760742e-01
-3.933197855949401855e-01
-9.848215579986572266e-01
1.697715818881988525e-01
7.105965614318847656e-01
7.321881651878356934e-01
8.098030090332031250e-01
-2.214985340833663940e-01
-9.801571369171142578e-01
-9.528875350952148438e-01
7.697442173957824707e-01
9.913749694824218750e-01
-9.885390996932983398e-01
-4.390217363834381104e-02
-8.928210139274597168e-01
9.094609022140502930e-01
3.128286600112915039e-01
-3.011246621608734131e-01
9.872666001319885254e-01
-9.190668910741806030e-02
9.593070745468139648e-01
-5.813719630241394043e-01
-8.739420771598815918e-01
8.903107643127441406e-01
9.763863682746887207e-01
7.141824960708618164e-01
-8.989887237548828125e-01
-9.795660376548767090e-01
-8.871461153030395508e-01
9.216254353523254395e-01
9.708928465843200684e-01
2.988200783729553223e-01
7.546505928039550781e-01
-9.760425090789794922e-01
-6.264720559120178223e-01
4.722905531525611877e-02
1.314510107040405273e-01
8.158351182937622070e-01
9.966744780540466309e-01
-5.396618247032165527e-01
-2.850451171398162842e-01
-7.399432063102722168e-01
9.225956201553344727e-01
1.758966743946075439e-01
-9.801967144012451172e-01
8.383330106735229492e-01
8.847914338111877441e-01
-8.601248860359191895e-01
3.101595640182495117e-01
4.833875894546508789e-01
-9.128651618957519531e-01
8.559134602546691895e-01
9.126007556915283203e-01
4.842489063739776611e-01
-1.373895704746246338e-01
-9.771192073822021484e-01
-9.651635885238647461e-01
4.141170382499694824e-01
9.961766004562377930e-01
-2.863341867923736572e-01
5.309669971466064453e-01
-8.643581271171569824e-01
6.838011145591735840e-01
-9.041875600814819336e-01
9.129183292388916016e-01
5.044886469841003418e-01
8.119565248489379883e-01
-9.861636161804199219e-02
8.813519477844238281e-01
-9.834132194519042969e-01
-9.800423383712768555e-01
8.077109456062316895e-01
-7.377941608428955078e-01
-6.640079617500305176e-01
5.430930256843566895e-01
9.638714194297790527e-01
5.627323985099792480e-01
9.405422955751419067e-02
-9.775034189224243164e-01
-9.354299306869506836e-01
1.806911379098892212e-01
9.337845444679260254e-01
8.697292804718017578e-01
7.847225069999694824e-01
-6.541555523872375488e-01
-8.915116190910339355e-01
-8.401193618774414062e-01
8.925559520721435547e-01
9.832508563995361328e-01
2.545751333236694336e-01
8.874366283416748047e-01
-8.921301960945129395e-01
-9.967331290245056152e-01
7.367329597473144531e-01
8.111518025398254395e-01
-7.005230784416198730e-01
7.977343201637268066e-01
6.410578638315200806e-02
-7.674764394760131836e-01
-8.844332695007324219e-01
9.868710041046142578e-01
-4.921508133411407471e-01
5.482743978500366211e-01
6.389127969741821289e-01
-1.255762279033660889e-01
2.686058878898620605e-01
7.973178625106811523e-01
9.244446158409118652e-01
-9.614607095718383789e-01
-8.929823040962219238e-01
-2.557182908058166504e-01
9.855145812034606934e-01
9.307340383529663086e-01
-4.801277220249176025e-01
-9.340040087699890137e-01
-9.989567399024963379e-01
-2.586682438850402832e-01
9.996617436408996582e-01
9.670554399490356445e-01
9.750581383705139160e-01
4.936435818672180176e-01
-9.615640044212341309e-01
6.381223201751708984e-01
-8.559831380844116211e-01
-2.297247052192687988e-01
9.853432774543762207e-01
9.980952143669128418e-01
9.389299154281616211e-01
-9.305840730667114258e-01
-9.838570356369018555e-01
-6.146706342697143555e-01
-9.140568971633911133e-01
9.283224344253540039e-01
9.563769102096557617e-01
-1.484995037317276001e-01
-3.071099817752838135e-01
-3.716177642345428467e-01
1.225930601358413696e-01
9.772224426269531250e-01
1.579713672399520874e-01
1.749205142259597778e-01
4.400619864463806152e-01
7.453838586807250977e-01
-9.363701194524765015e-02
-4.689771831035614014e-01
-5.540524125099182129e-01
9.547107219696044922e-01
-9.854134321212768555e-01
5.823240876197814941e-01
-2.258645147085189819e-01
2.245322912931442261e-01
-9.639247655868530273e-01
-2.653099596500396729e-01
9.799785614013671875e-01
9.835097193717956543e-01
-3.417181968688964844e-01
1.904065161943435669e-02
-1.831335276365280151e-01
-1.917464435100555420e-01
3.309781849384307861e-01
9.643702507019042969e-01
-1.501590386033058167e-02
3.501237332820892334e-01
-8.088776469230651855e-01
8.790168762207031250e-01
5.661740303039550781e-01
-7.583788633346557617e-01
1.818432509899139404e-01
-9.022908806800842285e-01
-1.478720009326934814e-01
5.842725634574890137e-01
3.299014270305633545e-01
-1.990977078676223755e-01
9.443307518959045410e-01
-5.534793734550476074e-01
-8.958648443222045898e-01
-6.537098884582519531e-01
9.996176362037658691e-01
9.968381524085998535e-01
9.980704784393310547e-01
5.497946143150329590e-01
-7.845292240381240845e-02
-8.910362720489501953e-01
-1.538636684417724609e-01
-9.910272955894470215e-01
9.581518173217773438e-01
8.945093154907226562e-01
-9.283302426338195801e-01
2.603152021765708923e-02
-2.109737992286682129e-01
3.576788306236267090e-01
7.769585847854614258e-01
9.073883295059204102e-01
-8.402217626571655273e-01
9.780359864234924316e-01
-9.734691977500915527e-01
4.952332675457000732e-01
2.612919732928276062e-02
-9.396106600761413574e-01
-2.319797873497009277e-01
-4.224683940410614014e-01
6.657727360725402832e-01
-3.511317968368530273e-01
9.263603687286376953e-01
9.597918391227722168e-01
-9.369089007377624512e-01
5.701283216476440430e-01
6.072233319282531738e-01
9.686653614044189453e-01
-9.836530685424804688e-01
-3.146610856056213379e-01
-6.054894924163818359e-01
3.531319499015808105e-01
9.610058665275573730e-01
-9.842473268508911133e-01
-8.259971737861633301e-01
5.421656370162963867e-01
-6.891826987266540527e-01
9.939436316490173340e-01
9.790167808532714844e-01
-9.206586480140686035e-01
9.205065369606018066e-01
5.271687507629394531e-01
6.918355226516723633e-01
9.126726388931274414e-01
-5.682598352432250977e-01
-9.893448352813720703e-01
3.793055415153503418e-01
-1.025433316826820374e-01
-9.745160937309265137e-01
9.609119296073913574e-01
-9.236819744110107422e-01
-5.375369191169738770e-01
-6.248791217803955078e-01
9.982772469520568848e-01
-4.917954280972480774e-02
9.340355992317199707e-01
2.998661100864410400e-01
-3.976339474320411682e-02
9.797080755233764648e-01
-6.773922443389892578e-01
8.270267844200134277e-01
3.332148790359497070e-01
6.580691933631896973e-01
-8.556153774261474609e-01
-9.370951056480407715e-01
8.605360388755798340e-01
-9.934397339820861816e-01
7.550325393676757812e-01
-9.891459941864013672e-01
1.623643189668655396e-01
-9.531654715538024902e-01
8.837247490882873535e-01
9.530845284461975098e-01
7.723500728607177734e-01
-7.491340041160583496e-01
-1.174765452742576599e-02
4.327870607376098633e-01
5.219044685363769531e-01
-5.422793030738830566e-01
7.663738727569580078e-01
-5.413718223571777344e-01
-6.030019521713256836e-01
5.151128172874450684e-01
6.664907336235046387e-01
-7.925001978874206543e-01
9.900881648063659668e-01
-7.565465569496154785e-01
9.443900585174560547e-01
7.346299290657043457e-01
4.786765873432159424e-01
-9.764410257339477539e-01
-6.015741825103759766e-01
5.001170635223388672e-01
8.834713697433471680e-01
7.332309484481811523e-01
-9.082959294319152832e-01
-8.321135044097900391e-01
-9.707855582237243652e-01
2.662208676338195801e-01
8.423241376876831055e-01
9.437813758850097656e-01
7.833392620086669922e-01
-9.511306881904602051e-01
-9.995556473731994629e-01
2.394832111895084381e-02
-2.675616443157196045e-01
9.183081388473510742e-01
9.829756021499633789e-01
9.941870570182800293e-01
-5.794651508331298828e-01
-9.654130339622497559e-01
6.769735217094421387e-01
-7.538121938705444336e-01
9.915665388107299805e-01
9.207611680030822754e-01
-4.518407285213470459e-01
-7.060933709144592285e-01
6.279093623161315918e-01
-9.862725138664245605e-01
6.957598924636840820e-01
2.592926919460296631e-01
4.657475948333740234e-01
-1.772785782814025879e-01
9.077702164649963379e-01
-8.365425467491149902e-01
9.764951467514038086e-01
-5.241920351982116699e-01
5.248485803604125977e-01
-7.579343318939208984e-01
6.198126673698425293e-01
-8.950533270835876465e-01
7.436237335205078125e-01
8.774360418319702148e-01
-1.594728678464889526e-01
-9.505881071090698242e-01
7.431558370590209961e-01
-7.507444024085998535e-01
9.601915478706359863e-01
-3.197435438632965088e-01
9.765412211418151855e-01
-4.654525220394134521e-01
7.785302996635437012e-01
-4.669421017169952393e-01
1.576823890209197998e-01
-6.391459107398986816e-01
-4.588238894939422607e-01
-9.401240944862365723e-01
8.199250102043151855e-01
9.586382508277893066e-01
8.921756744384765625e-01
-2.901782393455505371e-01
-9.653739333152770996e-01
-4.200389683246612549e-01
9.641711115837097168e-01
9.193097352981567383e-01
9.932470321655273438e-01
-9.549729824066162109e-01
-8.494212627410888672e-01
-7.277875542640686035e-01
9.911676049232482910e-01
9.921048879623413086e-01
9.351946711540222168e-01
-9.793083667755126953e-01
7.474879920482635498e-02
1.469140797853469849e-01
4.147427529096603394e-02
8.781930208206176758e-01
5.056574344635009766e-01
-4.135425090789794922e-01
-9.135843515396118164e-01
-7.737388014793395996e-01
-2.896664738655090332e-01
9.903231859207153320e-01
7.614926695823669434e-01
-8.657189607620239258e-01
-2.153409458696842194e-02
-1.445764862000942230e-02
3.786156177520751953e-01
2.289913445711135864e-01
7.471491098403930664e-01
6.383141875267028809e-01
-8.034242391586303711e-01
-7.126409411430358887e-01
9.756785631179809570e-01
8.179308176040649414e-01
-5.980182439088821411e-02
-9.326298832893371582e-01
-6.580181717872619629e-01
6.199305653572082520e-01
9.091442227363586426e-01
-9.852328896522521973e-01
6.318210959434509277e-01
9.419306516647338867e-01
-7.793158292770385742e-01
4.336960986256599426e-02
6.426941156387329102e-01
-5.899316668510437012e-01
7.278800606727600098e-01
7.183824777603149414e-01
-9.729627966880798340e-01
-7.867481112480163574e-01
2.878086566925048828e-01
5.813717246055603027e-01
9.608093500137329102e-01
-9.942305088043212891e-01
7.224447727203369141e-01
-9.958705902099609375e-01
-7.397546432912349701e-03
9.091063141822814941e-01
9.768509864807128906e-01
6.232371330261230469e-01
-7.409009933471679688e-01
-9.968608617782592773e-01
8.216068148612976074e-01
9.924093484878540039e-01
5.708969831466674805e-01
-9.996805191040039062e-01
-7.327411174774169922e-01
-9.869398176670074463e-02
3.675547242164611816e-01
8.653090000152587891e-01
-7.658000588417053223e-01
-6.136683225631713867e-01
9.657834172248840332e-01
-7.663729786872863770e-01
9.521840214729309082e-01
-8.591877222061157227e-01
9.329882860183715820e-01
8.274554610252380371e-01
4.622091650962829590e-01
-3.280703425407409668e-01
3.875459358096122742e-02
4.339407086372375488e-01
-9.901326298713684082e-01
6.926985383033752441e-01
-3.414013087749481201e-01
-3.157832920551300049e-01
8.478794097900390625e-01
-8.857415914535522461e-01
-9.730800986289978027e-01
-4.284289479255676270e-01
9.985687136650085449e-01
9.990283846855163574e-01
9.991032481193542480e-01
7.254604101181030273e-01
6.929945349693298340e-01
-1.362915039062500000e-01
-3.999957144260406494e-01
-9.755960106849670410e-01
-8.919402360916137695e-01
9.854561090469360352e-01
7.895676493644714355e-01
-8.028231263160705566e-01
-5.251206159591674805e-01
-9.781706333160400391e-01
8.868170380592346191e-01
2.617301046848297119e-01
-1.440242379903793335e-01
9.853888154029846191e-01
7.807542681694030762e-01
5.284840464591979980e-01
-9.271461367607116699e-01
-9.594358801841735840e-01
9.871088862419128418e-01
-5.006843805313110352e-02
-6.869663596153259277e-01
9.315694570541381836e-01
-6.516392827033996582e-01
1.382638327777385712e-02
2.603806257247924805e-01
2.618300914764404297e-01
2.154301255941390991e-01
8.372925519943237305e-01
8.775750994682312012e-01
-9.779394268989562988e-01
8.805545568466186523e-01
-8.870554566383361816e-01
7.175209522247314453e-01
-7.638171315193176270e-01
-7.056888341903686523e-01
9.271156787872314453e-01
-9.443275928497314453e-01
1.682633161544799805e-01
7.492508888244628906e-01
8.986167311668395996e-01
-9.264600276947021484e-01
-2.950790226459503174e-01
8.897337317466735840e-01
7.010557055473327637e-01
-1.918871551752090454e-01
6.728870272636413574e-01
-9.806818962097167969e-01
-9.905794262886047363e-01
2.354143559932708740e-01
9.606583714485168457e-01
6.679481267929077148e-01
-7.399635016918182373e-02
-4.998822212219238281e-01
-7.591251730918884277e-01
-7.239192128181457520e-01
7.926628589630126953e-01
9.729427099227905273e-01
9.939734339714050293e-01
-5.178656578063964844e-01
-5.783944129943847656e-01
9.044819474220275879e-01
3.571541011333465576e-01
3.531534969806671143e-01
-2.154171466827392578e-01
8.235212415456771851e-02
-8.362783789634704590e-01
9.983254075050354004e-01
3.145540058612823486e-01
-2.585286041721701622e-03
1.329604238271713257e-01
-8.487235903739929199e-01
-9.723839759826660156e-01
4.903583228588104248e-01
9.118845462799072266e-01
7.282165288925170898e-01
-5.566105842590332031e-01
-6.702159643173217773e-01
-5.475102663040161133e-01
5.577406883239746094e-01
9.983575940132141113e-01
8.605159521102905273e-01
9.989235997200012207e-01
-8.898845314979553223e-01
-2.417974472045898438e-01
-5.348641872406005859e-01
-5.925053954124450684e-01
4.819445013999938965e-01
9.926099777221679688e-01
-6.682657599449157715e-01
-9.664778113365173340e-01
8.856172561645507812e-01
2.980797886848449707e-01
8.756815791130065918e-01
-2.529248893260955811e-01
-4.793177843093872070e-01
7.764773964881896973e-01
-6.583174467086791992e-01
-2.150817774236202240e-02
6.557286977767944336e-01
2.642176449298858643e-01
8.445165753364562988e-01
-2.765209078788757324e-01
-5.692916512489318848e-01
-9.482409358024597168e-01
7.157619595527648926e-01
9.923161864280700684e-01
8.854169249534606934e-01
-9.925815463066101074e-01
6.337882876396179199e-01
-9.869040250778198242e-01
-8.237071037292480469e-01
2.613652944564819336e-01
9.957600235939025879e-01
5.206342339515686035e-01
-9.454091787338256836e-01
-1.059477590024471283e-02
2.301185391843318939e-02
9.418191909790039062e-01
-6.748294234275817871e-01
-4.643996059894561768e-01
7.102376818656921387e-01
9.946830868721008301e-01
9.743045568466186523e-01
-3.103936016559600830e-01
7.642745375633239746e-01
-9.605838060379028320e-01
-4.697217941284179688e-01
9.417877793312072754e-01
7.206422090530395508e-01
-8.810719847679138184e-01
4.784664213657379150e-01
-9.943471550941467285e-01
-9.852316975593566895e-01
6.843719482421875000e-01
-7.967514395713806152e-01
2.380982339382171631e-01
5.532804727554321289e-01
6.558731198310852051e-01
3.384750783443450928e-01
-8.428045511245727539e-01
4.831436276435852051e-01
4.025544822216033936e-01
5.272428989410400391e-01
4.302402138710021973e-01
3.547076284885406494e-01
9.037347435951232910e-01
-7.236712146550416946e-03
-9.376801252365112305e-01
-2.849652171134948730e-01
-9.256052970886230469e-01
-6.369416117668151855e-01
7.595427632331848145e-01
8.561736941337585449e-01
4.880101084709167480e-01
-7.909275293350219727e-01
-3.478748798370361328e-01
8.182485103607177734e-01
2.585008740425109863e-01
6.185525655746459961e-01
1.424728799611330032e-02
-9.969355463981628418e-01
-9.244696497917175293e-01
9.838078618049621582e-01
8.550786375999450684e-01
-6.664206981658935547e-01
9.079302102327346802e-02
9.637988209724426270e-01
4.041799902915954590e-01
-8.750804066658020020e-01
-1.391100883483886719e-01
9.546561241149902344e-01
-5.816868543624877930e-01
-7.286671996116638184e-01
-7.134508490562438965e-01
9.989410638809204102e-01
9.837532639503479004e-01
-7.948804497718811035e-01
7.585892081260681152e-01
-7.966860532760620117e-01
9.762713909149169922e-01
6.932172924280166626e-02
2.457970008254051208e-02
9.450457692146301270e-01
5.740566253662109375e-01
-1.884900182485580444e-01
-9.662972688674926758e-01
4.727081954479217529e-02
-8.049500584602355957e-01
6.315568089485168457e-01
7.814094424247741699e-01
7.057994008064270020e-01
-8.945983648300170898e-01
-8.954577445983886719e-01
6.120820045471191406e-01
6.535698473453521729e-02
-6.854721903800964355e-01
7.851994037628173828e-01
8.685631155967712402e-01
-2.727329730987548828e-01
-8.429535627365112305e-01
3.709907531738281250e-01
5.227642655372619629e-01
-6.157800555229187012e-01
6.470171809196472168e-01
9.774527549743652344e-01
8.776155114173889160e-01
-9.322784543037414551e-01
-9.686057567596435547e-01
9.844790697097778320e-01
-9.430240988731384277e-01
9.855033159255981445e-01
9.476057291030883789e-01
-5.695407390594482422e-01
-9.839969277381896973e-01
-9.961970448493957520e-01
5.520715117454528809e-01
9.715818762779235840e-01
-3.244005143642425537e-01
9.987046122550964355e-01
-3.823787346482276917e-02
-9.383189082145690918e-01
9.334483146667480469e-01
8.897028565406799316e-01
-3.578647673130035400e-01
-3.243758976459503174e-01
9.908491373062133789e-01
2.337048649787902832e-01
-7.366837859153747559e-01
-3.152351081371307373e-01
5.723553895950317383e-01
-9.765570759773254395e-01
9.228923916816711426e-01
-5.685179233551025391e-01
9.863705039024353027e-01
9.413757324218750000e-01
-9.954723119735717773e-01
9.455730319023132324e-01
-9.884617924690246582e-01
-9.904862046241760254e-01
9.803254008293151855e-01
8.236812353134155273e-01
-9.024280905723571777e-01
-6.834870576858520508e-01
4.855657517910003662e-01
9.869976043701171875e-01
-7.161874771118164062e-01
4.835914969444274902e-01
8.714675307273864746e-01
1.775351762771606445e-01
-9.220644831657409668e-01
6.203563809394836426e-01
-6.469511985778808594e-01
7.603598833084106445e-01
9.954485893249511719e-01
-9.453108310699462891e-01
5.221488475799560547e-01
-8.002480864524841309e-01
1.438496857881546021e-01
9.436089396476745605e-01
-5.756974220275878906e-01
8.763709068298339844e-01
7.463316321372985840e-01
-9.589083790779113770e-01
-9.327232241630554199e-01
8.965253233909606934e-01
9.760940074920654297e-01
-8.418174982070922852e-01
-9.153938293457031250e-01
6.804944276809692383e-01
-2.355022281408309937e-01
-6.396986842155456543e-01
9.415194988250732422e-01
-6.040926575660705566e-01
9.756488204002380371e-01
9.944926500320434570e-01
9.936833381652832031e-01
-7.926430106163024902e-01
7.236102223396301270e-01
-9.650712609291076660e-01
3.258632123470306396e-01
-7.108174562454223633e-01
-3.743998408317565918e-01
5.764249563217163086e-01
-7.961055636405944824e-02
-4.445136487483978271e-01
-6.444068551063537598e-01
9.900271892547607422e-01
9.897944927215576172e-01
-7.025107741355895996e-01
8.886616230010986328e-01
-5.188871622085571289e-01
2.182478010654449463e-01
9.425345659255981445e-01
5.933184921741485596e-02
-9.629538655281066895e-01
-1.407576203346252441e-01
9.688465595245361328e-01
-6.812503337860107422e-01
9.269657135009765625e-01
-9.635527729988098145e-01
9.414482712745666504e-01
-6.247494816780090332e-01
-4.290110170841217041e-01
-1.489019095897674561e-01
9.679550528526306152e-01
9.690693616867065430e-01
-2.566255331039428711e-01
8.321650624275207520e-01
-9.543026089668273926e-01
-7.550978064537048340e-01
8.153399229049682617e-01
2.218763381242752075e-01
-4.541739523410797119e-01
9.983366727828979492e-01
1.674970835447311401e-01
-8.643432855606079102e-01
-3.681291043758392334e-01
8.637828379869461060e-02
9.894345402717590332e-01
-9.686724543571472168e-01
8.538810014724731445e-01
4.051209986209869385e-01
8.617491126060485840e-01
1.204059496521949768e-01
-5.569548606872558594e-01
-9.675158262252807617e-01
5.169378519058227539e-01
4.501292109489440918e-01
-4.291356503963470459e-01
9.342710971832275391e-01
-7.792908549308776855e-01
-7.532799839973449707e-01
9.710478186607360840e-01
7.514239102602005005e-02
-8.465460687875747681e-02
9.907603859901428223e-01
-4.330157935619354248e-01
4.785710871219635010e-01
1.376076191663742065e-01
-4.929543137550354004e-01
-2.620989978313446045e-01
3.626946806907653809e-01
9.265246987342834473e-01
-7.223436832427978516e-01
2.827083468437194824e-01
2.122616022825241089e-01
-6.147161126136779785e-02
7.289219647645950317e-02
4.335718750953674316e-01
-6.552640795707702637e-01
5.639245510101318359e-01
7.595952153205871582e-01
-4.334688186645507812e-01
-4.415018260478973389e-01
5.611839890480041504e-01
-8.508691191673278809e-01
8.530241847038269043e-01
9.255205988883972168e-01
-9.887482523918151855e-01
-3.264116346836090088e-01
-7.947579026222229004e-01
7.335373759269714355e-02
8.376235961914062500e-01
9.585624933242797852e-01
-8.760029077529907227e-01
3.864520788192749023e-01
6.818059831857681274e-02
9.608106613159179688e-01
6.795852184295654297e-01
4.152760505676269531e-01
2.066907882690429688e-01
-5.666443705558776855e-01
-8.670601248741149902e-01
-8.781768679618835449e-01
6.891510486602783203e-01
6.952784061431884766e-01
5.983981490135192871e-01
-9.990527629852294922e-01
-5.375851392745971680e-01
8.126523494720458984e-01
5.497723221778869629e-01
7.771003842353820801e-01
-5.400310158729553223e-01
-1.119273230433464050e-01
-2.288832366466522217e-01
-6.685225963592529297e-01
8.242420554161071777e-01
7.387154102325439453e-01
-9.672063589096069336e-01
-7.110908031463623047e-01
2.030349969863891602e-01
-6.956771016120910645e-01
9.932371377944946289e-01
9.840061664581298828e-01
9.934780001640319824e-01
-5.780292749404907227e-01
-9.846820235252380371e-01
8.811007738113403320e-01
9.485698938369750977e-01
8.895716071128845215e-01
-6.490106582641601562e-01
-4.950195550918579102e-01
-8.435267806053161621e-01
9.551284313201904297e-01
-3.093090951442718506e-01
6.231029033660888672e-01
-8.942919969558715820e-01
6.116877794265747070e-01
-9.728133082389831543e-01
-1.108368579298257828e-02
9.962177872657775879e-01
9.210680127143859863e-01
-9.385344386100769043e-01
-9.736477136611938477e-01
9.295865893363952637e-01
9.951629042625427246e-01
3.473706245422363281e-01
-9.426690936088562012e-01
9.485213160514831543e-01
-5.372671484947204590e-01
5.699906945228576660e-01
-3.636231124401092529e-01
-6.280367970466613770e-01
9.201839566230773926e-01
9.956598877906799316e-01
-5.419765114784240723e-01
-3.878446221351623535e-01
-8.561707735061645508e-01
7.709916234016418457e-01
-6.884211301803588867e-01
9.988521933555603027e-01
9.525128006935119629e-01
6.906041875481605530e-03
-8.139455318450927734e-01
8.269675076007843018e-02
8.357753604650497437e-02
9.737390875816345215e-01
8.222736716270446777e-01
9.543003439903259277e-01
-9.830859303474426270e-01
-9.330961108207702637e-01
-8.823758363723754883e-01
9.804944396018981934e-01
-5.727768540382385254e-01
-4.699490070343017578e-01
-2.078681588172912598e-01
-7.351396083831787109e-01
9.981125593185424805e-01
6.712911128997802734e-01
9.102514982223510742e-01
-9.513795375823974609e-01
4.671289920806884766e-01
6.516655087471008301e-01
-3.002694109454751015e-03
-4.343053996562957764e-01
6.937267780303955078e-01
3.060365915298461914e-01
3.880725204944610596e-01
6.508409380912780762e-01
-8.024929165840148926e-01
-9.687079787254333496e-01
-5.467191338539123535e-01
8.656769394874572754e-01
6.533710956573486328e-01
9.777346849441528320e-01
-9.961914420127868652e-01
-9.939804673194885254e-01
-5.796147584915161133e-01
4.217498004436492920e-01
9.768025279045104980e-01
9.694998264312744141e-01
-4.958929717540740967e-01
-9.918788075447082520e-01
-1.513942331075668335e-01
-9.845606684684753418e-01
9.889391064643859863e-01
9.962447285652160645e-01
5.407737493515014648e-01
9.797597527503967285e-01
3.187644779682159424e-01
8.937165737152099609e-01
2.501936852931976318e-01
-9.105905294418334961e-01
-9.989543557167053223e-01
6.029000878334045410e-01
-9.188781380653381348e-01
-8.172361254692077637e-01
-1.255468428134918213e-01
9.943321943283081055e-01
-8.505623936653137207e-01
7.030512094497680664e-01
-3.612639904022216797e-01
8.236643671989440918e-01
-9.309787154197692871e-01
9.933227896690368652e-01
9.962093234062194824e-01
-5.846538543701171875e-01
5.106151700019836426e-01
7.374809980392456055e-01
-6.688790321350097656e-01
-3.258403763175010681e-02
9.211625456809997559e-01
-8.445896506309509277e-01
5.882186889648437500e-01
7.587940096855163574e-01
-9.773359298706054688e-01
-9.314055442810058594e-01
-9.906696677207946777e-01
7.186673283576965332e-01
9.489198923110961914e-01
7.974590063095092773e-01
-7.383080124855041504e-01
-6.554527878761291504e-01
2.502290606498718262e-01
9.736574888229370117e-01
7.540192604064941406e-01
-4.886493384838104248e-01
6.379251480102539062e-01
-8.050350546836853027e-01
9.680817723274230957e-01
-1.869100183248519897e-01
3.273936510086059570e-01
-8.671431541442871094e-01
-9.759325385093688965e-01
6.330374479293823242e-01
9.921710491180419922e-01
9.253687858581542969e-01
3.627556562423706055e-01
-5.978163480758666992e-01
-9.970617294311523438e-01
-1.656247079372406006e-01
-7.497634887695312500e-01
9.404707551002502441e-01
9.946680665016174316e-01
8.506162166595458984e-01
-2.604786157608032227e-01
-6.570430994033813477e-01
4.277425408363342285e-01
-9.193903803825378418e-01
9.622683525085449219e-01
2.731261849403381348e-01
9.261355400085449219e-01
8.123141527175903320e-01
-9.958751797676086426e-01
-9.876234531402587891e-01
-9.511927962303161621e-01
6.743568181991577148e-01
3.855304121971130371e-01
-8.083813190460205078e-01
1.409899592399597168e-01
9.463549852371215820e-01
9.729127287864685059e-01
-9.875005483627319336e-02
-6.173841357231140137e-01
-9.593043327331542969e-01
8.571972846984863281e-01
8.519610166549682617e-01
7.587760090827941895e-01
-8.076226711273193359e-01
-7.348940968513488770e-01
9.037764370441436768e-02
6.673787236213684082e-01
8.156903982162475586e-01
8.776501417160034180e-01
-1.817632466554641724e-01
-9.550628066062927246e-01
-2.303642928600311279e-01
5.390869379043579102e-01
3.419359326362609863e-01
-9.360445737838745117e-01
-1.178817823529243469e-01
3.392814099788665771e-01
6.882517337799072266e-01
-5.567823648452758789e-01
-6.764991879463195801e-01
9.395049512386322021e-02
9.875660538673400879e-01
-2.711578309535980225e-01
-5.282415822148323059e-02
8.323006629943847656e-01
7.178395390510559082e-01
8.968033790588378906e-01
-2.504084408283233643e-01
-9.915208816528320312e-01
-9.445739388465881348e-01
7.752434611320495605e-01
9.094354510307312012e-01
-2.013963758945465088e-01
-9.889369010925292969e-01
-7.981263995170593262e-01
-3.451406061649322510e-01
2.973728775978088379e-01
9.749692678451538086e-01
9.274087548255920410e-01
6.845688223838806152e-01
5.261760577559471130e-02
6.199012994766235352e-01
6.431581974029541016e-01
-9.823414087295532227e-01
-7.933993339538574219e-01
5.868248939514160156e-01
8.796134591102600098e-01
-9.249780774116516113e-01
-7.847086787223815918e-01
-6.733363270759582520e-01
9.834198951721191406e-01
3.400810360908508301e-01
-4.022417664527893066e-01
8.380532860755920410e-01
-9.654140472412109375e-01
-2.751120924949645996e-02
9.874057769775390625e-01
2.479588538408279419e-01
9.051732420921325684e-01
-8.317627906799316406e-01
3.699122369289398193e-01
-4.546169340610504150e-01
9.729553461074829102e-01
8.044683933258056641e-01
-7.742125391960144043e-01
-7.825269699096679688e-01
-1.790388226509094238e-01
1.049390062689781189e-01
8.494186401367187500e-01
5.764657258987426758e-01
-9.738919138908386230e-01
1.826575547456741333e-01
-2.230808585882186890e-01
-7.039952278137207031e-01
9.969940185546875000e-01
4.176003932952880859e-01
1.533474475145339966e-01
9.289034008979797363e-01
-7.384744882583618164e-01
6.756954789161682129e-01
6.075233817100524902e-01
-6.779502034187316895e-01
-8.676211237907409668e-01
5.594008564949035645e-01
7.730229496955871582e-01
-6.926425099372863770e-01
-8.729752898216247559e-01
-6.157921552658081055e-01
8.160969614982604980e-01
8.133040666580200195e-01
4.115274250507354736e-01
3.478814065456390381e-01
-8.943321108818054199e-01
7.878962755203247070e-01
-6.554728746414184570e-02
-3.065170049667358398e-01
7.195599079132080078e-01
-3.576849400997161865e-01
7.536736130714416504e-01
7.467848658561706543e-01
-8.764514327049255371e-01
-7.065471410751342773e-01
8.023692369461059570e-01
-7.483578920364379883e-01
1.709005832672119141e-01
9.880504012107849121e-01
-7.580878734588623047e-01
-2.884601950645446777e-01
6.494729518890380859e-01
-4.613367915153503418e-01
3.039956092834472656e-01
9.269102215766906738e-01
6.694540381431579590e-01
9.418864846229553223e-01
-6.287955045700073242e-01
-9.795066118240356445e-01
1.717414893209934235e-02
6.982063055038452148e-01
-2.586705684661865234e-01
1.891260296106338501e-01
-9.792047739028930664e-01
-7.996585965156555176e-01
8.181096911430358887e-01
-4.210806190967559814e-01
-1.584775298833847046e-01
9.678017497062683105e-01
-1.591977104544639587e-02
9.990432262420654297e-01
7.341610789299011230e-01
6.147478222846984863e-01
9.156952500343322754e-01
-4.372831881046295166e-01
-9.950684905052185059e-01
-9.234842658042907715e-01
-6.585650444030761719e-01
-8.680120110511779785e-01
3.495703637599945068e-01
9.975388050079345703e-01
-6.117192506790161133e-01
-5.238216370344161987e-02
7.433634400367736816e-01
9.668827652931213379e-01
-8.476430773735046387e-01
9.782481789588928223e-01
6.505413055419921875e-01
-2.145012021064758301e-01
-3.591816723346710205e-01
-1.717801392078399658e-01
8.851237297058105469e-01
-6.050057411193847656e-01
-6.491645574569702148e-01
8.818409442901611328e-01
6.327580809593200684e-01
-9.793139100074768066e-01
-9.705893993377685547e-01
8.057742118835449219e-01
5.326516628265380859e-01
9.902485013008117676e-01
4.376182556152343750e-01
-9.929522871971130371e-01
-2.698914408683776855e-01
3.437139391899108887e-01
4.309899210929870605e-01
9.928773045539855957e-01
1.247919276356697083e-01
-9.207479953765869141e-01
-9.876843094825744629e-01
-6.587034463882446289e-01
8.106355071067810059e-01
9.828907251358032227e-01
9.993640780448913574e-01
-3.348304629325866699e-01
-8.571524024009704590e-01
1.449038386344909668e-01
5.147746205329895020e-01
3.492201864719390869e-01
-6.100732684135437012e-01
-7.853906750679016113e-01
5.318986177444458008e-01
9.975987076759338379e-01
9.973065257072448730e-01
3.470200300216674805e-01
7.751330137252807617e-01
-9.923846125602722168e-01
-9.772198200225830078e-01
-3.777425587177276611e-01
9.677082896232604980e-01
9.187723398208618164e-01
-8.347511291503906250e-01
-9.688217043876647949e-01
-7.251312732696533203e-01
3.430049717426300049e-01
1.304766833782196045e-01
5.065016150474548340e-01
9.631295800209045410e-01
9.347980618476867676e-01
7.666740417480468750e-01
-1.181547529995441437e-02
