9.958619475364685059e-01
9.962279796600341797e-01
9.965563416481018066e-01
9.968942999839782715e-01
9.970201849937438965e-01
9.969123601913452148e-01
9.971627593040466309e-01
-9.943227767944335938e-01
-9.959620237350463867e-01
-8.742178678512573242e-01
5.627661943435668945e-01
9.491968154907226562e-01
9.749954342842102051e-01
9.952680468559265137e-01
9.957173466682434082e-01
9.954000115394592285e-01
9.948864579200744629e-01
9.941805005073547363e-01
9.939614534378051758e-01
9.945963621139526367e-01
9.946702718734741211e-01
9.950138926506042480e-01
9.956569075584411621e-01
9.961253404617309570e-01
9.964944720268249512e-01
9.966712594032287598e-01
9.968323707580566406e-01
9.970564246177673340e-01
9.971803426742553711e-01
-9.944549202919006348e-01
-9.957377314567565918e-01
-8.773769736289978027e-01
5.755175352096557617e-01
9.486757516860961914e-01
9.743262529373168945e-01
9.954055547714233398e-01
9.956219196319580078e-01
9.952504634857177734e-01
9.948732256889343262e-01
9.942380189895629883e-01
9.941643476486206055e-01
9.938200116157531738e-01
9.945300221443176270e-01
9.950916171073913574e-01
9.957019686698913574e-01
9.960156679153442383e-01
9.964122772216796875e-01
9.966802000999450684e-01
9.968532919883728027e-01
9.970642924308776855e-01
9.970384836196899414e-01
-9.944136738777160645e-01
-9.958878755569458008e-01
-8.714327216148376465e-01
5.879532694816589355e-01
9.505036473274230957e-01
9.757667779922485352e-01
9.953014850616455078e-01
9.957648515701293945e-01
9.953373670578002930e-01
9.950063228607177734e-01
9.941377639770507812e-01
9.941476583480834961e-01
9.941573143005371094e-01
9.948104023933410645e-01
9.951291680335998535e-01
9.955585002899169922e-01
9.961986541748046875e-01
9.965441226959228516e-01
9.966717362403869629e-01
9.967262148857116699e-01
9.970752000808715820e-01
9.971970319747924805e-01
-9.947063326835632324e-01
-9.959246516227722168e-01
-8.647075891494750977e-01
5.539670586585998535e-01
9.484329819679260254e-01
9.755051732063293457e-01
9.952804446220397949e-01
9.956947565078735352e-01
9.954299926757812500e-01
9.948321580886840820e-01
9.938527345657348633e-01
9.936621189117431641e-01
9.939413070678710938e-01
9.944052696228027344e-01
9.949668049812316895e-01
9.956602454185485840e-01
9.962226152420043945e-01
9.962496757507324219e-01
9.967706203460693359e-01
9.969075918197631836e-01
9.969870448112487793e-01
9.970952272415161133e-01
-9.940541982650756836e-01
-9.959404468536376953e-01
-8.673955202102661133e-01
5.863516330718994141e-01
9.501549601554870605e-01
9.757177233695983887e-01
9.952395558357238770e-01
9.956008195877075195e-01
9.951205849647521973e-01
9.947503209114074707e-01
9.944112896919250488e-01
9.939460754394531250e-01
9.942266941070556641e-01
9.943850636482238770e-01
9.952480196952819824e-01
9.955515861511230469e-01
9.960706233978271484e-01
9.964706301689147949e-01
9.967789053916931152e-01
9.968295097351074219e-01
9.971926808357238770e-01
9.971403479576110840e-01
-9.945762157440185547e-01
-9.958586692810058594e-01
-8.669263124465942383e-01
5.785511732101440430e-01
9.471734762191772461e-01
9.757815599441528320e-01
9.950228333473205566e-01
9.956046342849731445e-01
9.954823255538940430e-01
9.948247075080871582e-01
9.947056174278259277e-01
9.942212700843811035e-01
9.940550923347473145e-01
9.944937825202941895e-01
9.953383803367614746e-01
9.957293272018432617e-01
9.960947632789611816e-01
9.966889619827270508e-01
9.966638684272766113e-01
9.970354437828063965e-01
9.971393942832946777e-01
9.971824288368225098e-01
-9.942946434020996094e-01
-9.958414435386657715e-01
-8.742695450782775879e-01
5.808390378952026367e-01
9.477788805961608887e-01
9.760900139808654785e-01
9.951597452163696289e-01
9.954434633255004883e-01
9.953215122222900391e-01
9.948548674583435059e-01
9.944326281547546387e-01
9.940492510795593262e-01
9.939364790916442871e-01
9.944575428962707520e-01
9.951684474945068359e-01
9.955008029937744141e-01
9.959007501602172852e-01
9.964895248413085938e-01
9.967197179794311523e-01
9.968743920326232910e-01
9.971714615821838379e-01
9.971386790275573730e-01
-9.945148229598999023e-01
-9.958971738815307617e-01
-8.759519457817077637e-01
5.805318355560302734e-01
9.509882330894470215e-01
9.757752418518066406e-01
9.953231215476989746e-01
9.956199526786804199e-01
9.952468276023864746e-01
9.947570562362670898e-01
9.945955872535705566e-01
9.941532611846923828e-01
9.940956234931945801e-01
9.944133758544921875e-01
9.950981140136718750e-01
9.955191612243652344e-01
9.959824681282043457e-01
9.965155124664306641e-01
9.965673089027404785e-01
9.969584345817565918e-01
9.970505833625793457e-01
9.971270561218261719e-01
-9.944109916687011719e-01
-9.958606958389282227e-01
-8.713798522949218750e-01
5.802521109580993652e-01
9.462885856628417969e-01
9.758849143981933594e-01
9.952315092086791992e-01
9.955606460571289062e-01
9.951723814010620117e-01
9.950773715972900391e-01
9.941327571868896484e-01
9.939137697219848633e-01
9.940897226333618164e-01
9.944927096366882324e-01
9.949586987495422363e-01
9.956369400024414062e-01
9.960919022560119629e-01
9.963216781616210938e-01
9.968354701995849609e-01
9.970589876174926758e-01
9.971810579299926758e-01
9.971179366111755371e-01
-9.946548938751220703e-01
-9.957739114761352539e-01
-8.759290575981140137e-01
5.796514749526977539e-01
9.484808444976806641e-01
9.746601581573486328e-01
9.952438473701477051e-01
9.957568645477294922e-01
9.953235983848571777e-01
9.946099519729614258e-01
9.944019913673400879e-01
9.940244555473327637e-01
9.942471981048583984e-01
9.944204092025756836e-01
9.951205849647521973e-01
9.956983923912048340e-01
9.960990548133850098e-01
9.962586164474487305e-01
9.968383908271789551e-01
9.969789385795593262e-01
9.971711039543151855e-01
9.969133138656616211e-01
-9.943276047706604004e-01
-9.959126710891723633e-01
-8.751491904258728027e-01
5.792183876037597656e-01
9.504227638244628906e-01
9.754929542541503906e-01
9.951220750808715820e-01
9.956355094909667969e-01
9.951685667037963867e-01
9.946641325950622559e-01
9.943814277648925781e-01
9.939625859260559082e-01
9.942761659622192383e-01
9.943823814392089844e-01
9.948892593383789062e-01
9.955831170082092285e-01
9.960278868675231934e-01
9.965077638626098633e-01
9.967475533485412598e-01
9.969665408134460449e-01
9.970240592956542969e-01
9.970985651016235352e-01
-9.946172833442687988e-01
-9.956722855567932129e-01
-8.716493844985961914e-01
5.616381764411926270e-01
9.487805366516113281e-01
9.752039909362792969e-01
9.953099489212036133e-01
9.955711364746093750e-01
9.953184723854064941e-01
9.946085214614868164e-01
9.942114949226379395e-01
9.941043257713317871e-01
9.939516186714172363e-01
9.944717884063720703e-01
9.949390292167663574e-01
9.955330491065979004e-01
9.960294365882873535e-01
9.963451623916625977e-01
9.969378709793090820e-01
9.969748258590698242e-01
9.970762133598327637e-01
9.969043135643005371e-01
-9.945743083953857422e-01
-9.957905411720275879e-01
-8.710209131240844727e-01
5.685731768608093262e-01
9.486706256866455078e-01
9.757871627807617188e-01
9.951131343841552734e-01
9.957076311111450195e-01
9.954190850257873535e-01
9.949119091033935547e-01
9.943183660507202148e-01
9.939384460449218750e-01
9.940919876098632812e-01
9.946911931037902832e-01
9.947968721389770508e-01
9.954698681831359863e-01
9.960928559303283691e-01
9.967299699783325195e-01
9.967608451843261719e-01
9.969784021377563477e-01
9.971148371696472168e-01
9.971617460250854492e-01
-9.943596124649047852e-01
-9.959040880203247070e-01
-8.704437017440795898e-01
5.772821903228759766e-01
9.506827592849731445e-01
9.757209420204162598e-01
9.952210783958435059e-01
9.955725669860839844e-01
9.950534701347351074e-01
9.948223233222961426e-01
9.942818880081176758e-01
9.939259886741638184e-01
9.938737750053405762e-01
9.946259260177612305e-01
9.949972033500671387e-01
9.956588745117187500e-01
9.960082769393920898e-01
9.964314103126525879e-01
9.965986013412475586e-01
9.970016479492187500e-01
9.971289038658142090e-01
9.970712661743164062e-01
-9.946135282516479492e-01
-9.955669045448303223e-01
-8.749027252197265625e-01
5.666764378547668457e-01
9.486712813377380371e-01
9.751552343368530273e-01
9.949917197227478027e-01
9.955531954765319824e-01
9.952870011329650879e-01
9.949185848236083984e-01
9.944476485252380371e-01
9.939662218093872070e-01
9.941353201866149902e-01
9.944229722023010254e-01
9.949470758438110352e-01
9.955972433090209961e-01
9.960041046142578125e-01
9.965392947196960449e-01
9.968349933624267578e-01
9.968461394309997559e-01
9.971414208412170410e-01
9.971707463264465332e-01
-9.943699836730957031e-01
-9.959267973899841309e-01
-8.674006462097167969e-01
5.750319957733154297e-01
9.481056332588195801e-01
9.754497408866882324e-01
9.950910210609436035e-01
9.957813024520874023e-01
9.954014420509338379e-01
9.946890473365783691e-01
9.941099882125854492e-01
9.938347339630126953e-01
9.940413832664489746e-01
9.945850968360900879e-01
9.950256943702697754e-01
9.954802393913269043e-01
9.959772229194641113e-01
9.964587688446044922e-01
9.968990087509155273e-01
9.968937039375305176e-01
9.968930482864379883e-01
9.971434473991394043e-01
-9.945517182350158691e-01
-9.960288405418395996e-01
-8.741703033447265625e-01
5.738145112991333008e-01
9.489707350730895996e-01
9.763747453689575195e-01
9.951491355895996094e-01
9.955424666404724121e-01
9.953725934028625488e-01
9.947562813758850098e-01
9.943507313728332520e-01
9.938656091690063477e-01
9.941782355308532715e-01
9.945579171180725098e-01
9.948288798332214355e-01
9.955019950866699219e-01
9.960821270942687988e-01
9.966421127319335938e-01
9.966472983360290527e-01
9.970565438270568848e-01
9.969851970672607422e-01
9.970448613166809082e-01
-9.945172667503356934e-01
-9.957349300384521484e-01
-8.796605467796325684e-01
5.734161138534545898e-01
9.474838972091674805e-01
9.759610295295715332e-01
9.953303933143615723e-01
9.956514239311218262e-01
9.951022863388061523e-01
9.950724244117736816e-01
9.943203330039978027e-01
9.940782189369201660e-01
9.943971633911132812e-01
9.945169687271118164e-01
9.951931238174438477e-01
9.956999421119689941e-01
9.958970546722412109e-01
9.964271783828735352e-01
9.967474341392517090e-01
9.970067739486694336e-01
9.970237016677856445e-01
9.970144033432006836e-01
-9.944598674774169922e-01
-9.958522915840148926e-01
-8.672769665718078613e-01
5.738721489906311035e-01
9.502998590469360352e-01
9.746270775794982910e-01
9.950627088546752930e-01
9.956168532371520996e-01
9.955182671546936035e-01
9.947881698608398438e-01
9.944331645965576172e-01
9.941922426223754883e-01
9.940556287765502930e-01
9.943502545356750488e-01
9.949398040771484375e-01
9.956181049346923828e-01
9.959511756896972656e-01
9.963633418083190918e-01
9.967410564422607422e-01
9.967803359031677246e-01
9.969789981842041016e-01
9.970964193344116211e-01
-9.945814609527587891e-01
-9.958593845367431641e-01
-8.720453977584838867e-01
5.651782751083374023e-01
9.474345445632934570e-01
9.754089713096618652e-01
9.951999783515930176e-01
9.956444501876831055e-01
9.952073693275451660e-01
9.948893189430236816e-01
9.940655231475830078e-01
9.942032098770141602e-01
9.938578009605407715e-01
9.943670630455017090e-01
9.950595498085021973e-01
9.955346584320068359e-01
9.961177110671997070e-01
9.964317679405212402e-01
9.967598915100097656e-01
9.969296455383300781e-01
9.969177842140197754e-01
9.971851706504821777e-01
-9.946175813674926758e-01
-9.959347844123840332e-01
-8.776376247406005859e-01
5.883127450942993164e-01
9.501213431358337402e-01
9.751015901565551758e-01
9.951435923576354980e-01
9.956974983215332031e-01
9.952974319458007812e-01
9.948036074638366699e-01
9.941545724868774414e-01
9.941353797912597656e-01
9.942019581794738770e-01
9.940906167030334473e-01
9.950695633888244629e-01
9.954017400741577148e-01
9.961597323417663574e-01
9.964113235473632812e-01
9.967314004898071289e-01
9.969044327735900879e-01
9.969503879547119141e-01
9.971160888671875000e-01
-9.944301843643188477e-01
-9.958897233009338379e-01
-8.704147338867187500e-01
5.635889768600463867e-01
9.479290843009948730e-01
9.739476442337036133e-01
9.952424764633178711e-01
9.958463311195373535e-01
9.952015876770019531e-01
9.947806000709533691e-01
9.940854310989379883e-01
9.938258528709411621e-01
9.941312074661254883e-01
9.944719672203063965e-01
9.949259757995605469e-01
9.954575300216674805e-01
9.961584806442260742e-01
9.964578747749328613e-01
9.965816140174865723e-01
9.968668818473815918e-01
9.971497654914855957e-01
9.970589876174926758e-01
-9.945717453956604004e-01
-9.957422018051147461e-01
-8.748462200164794922e-01
5.606422424316406250e-01
9.488593339920043945e-01
9.750090837478637695e-01
9.952899217605590820e-01
9.954148530960083008e-01
9.953724741935729980e-01
9.950259327888488770e-01
9.943439960479736328e-01
9.938579201698303223e-01
9.943787455558776855e-01
9.944256544113159180e-01
9.949179291725158691e-01
9.955283999443054199e-01
9.960051774978637695e-01
9.964178204536437988e-01
9.967622756958007812e-01
9.967564940452575684e-01
9.968979954719543457e-01
9.970980286598205566e-01
-9.944959282875061035e-01
-9.956872463226318359e-01
-8.724482655525207520e-01
5.648805499076843262e-01
9.483736157417297363e-01
9.744024276733398438e-01
9.952146410942077637e-01
9.955905675888061523e-01
9.954680204391479492e-01
9.947065114974975586e-01
9.944065809249877930e-01
9.939825534820556641e-01
9.942236542701721191e-01
9.943950772285461426e-01
9.949845671653747559e-01
9.953891634941101074e-01
9.960551857948303223e-01
9.961833357810974121e-01
9.966784119606018066e-01
9.969580173492431641e-01
9.971293807029724121e-01
9.970625638961791992e-01
-9.942817687988281250e-01
-9.957172870635986328e-01
-8.680312037467956543e-01
5.598879456520080566e-01
9.509769678115844727e-01
9.751340150833129883e-01
9.949199557304382324e-01
9.955712556838989258e-01
9.953863024711608887e-01
9.948641657829284668e-01
9.943378567695617676e-01
9.937925934791564941e-01
9.940230846405029297e-01
9.942488670349121094e-01
9.950295090675354004e-01
9.956042766571044922e-01
9.960651397705078125e-01
9.962771534919738770e-01
9.967449903488159180e-01
9.968109726905822754e-01
9.970710277557373047e-01
9.971462488174438477e-01
-9.945139884948730469e-01
-9.957950711250305176e-01
-8.715187907218933105e-01
5.725817084312438965e-01
9.485253095626831055e-01
9.755008816719055176e-01
9.952881336212158203e-01
9.954431056976318359e-01
9.955247640609741211e-01
9.949309825897216797e-01
9.943970441818237305e-01
9.943239092826843262e-01
9.941663742065429688e-01
9.942540526390075684e-01
9.948260188102722168e-01
9.956923127174377441e-01
9.958878755569458008e-01
9.965630769729614258e-01
9.967899918556213379e-01
9.968310594558715820e-01
9.970383048057556152e-01
9.971510767936706543e-01
-9.945272803306579590e-01
-9.958409667015075684e-01
-8.733584880828857422e-01
5.714583992958068848e-01
9.478175640106201172e-01
9.748987555503845215e-01
9.951635003089904785e-01
9.957226514816284180e-01
9.951226711273193359e-01
9.948304891586303711e-01
9.940954446792602539e-01
9.943277239799499512e-01
9.941574335098266602e-01
9.946259260177612305e-01
9.951325058937072754e-01
9.956015348434448242e-01
9.958865642547607422e-01
9.965009093284606934e-01
9.968786239624023438e-01
9.969093799591064453e-01
9.970223903656005859e-01
9.970085024833679199e-01
-9.944767951965332031e-01
-9.957841038703918457e-01
-8.708115816116333008e-01
5.707957148551940918e-01
9.456795454025268555e-01
9.736088514328002930e-01
9.954304695129394531e-01
9.956328868865966797e-01
9.955260753631591797e-01
9.946184158325195312e-01
9.944612383842468262e-01
9.941255450248718262e-01
9.941490292549133301e-01
9.945603013038635254e-01
9.951248168945312500e-01
9.957744479179382324e-01
9.961656332015991211e-01
9.965738654136657715e-01
9.967675209045410156e-01
9.968078136444091797e-01
9.972156882286071777e-01
9.972649812698364258e-01
-9.943991303443908691e-01
-9.959062337875366211e-01
-8.762834668159484863e-01
5.661980509757995605e-01
9.469695687294006348e-01
9.750250577926635742e-01
9.953026175498962402e-01
9.955919981002807617e-01
9.954501390457153320e-01
9.946792721748352051e-01
9.945997595787048340e-01
9.938425421714782715e-01
9.941055178642272949e-01
9.944699406623840332e-01
9.952555894851684570e-01
9.955730438232421875e-01
9.960591793060302734e-01
9.963594079017639160e-01
9.967507719993591309e-01
9.968252182006835938e-01
9.970863461494445801e-01
9.971654415130615234e-01
-9.944069981575012207e-01
-9.957755208015441895e-01
-8.758169412612915039e-01
5.671620368957519531e-01
9.493173360824584961e-01
9.745815396308898926e-01
9.951518177986145020e-01
9.956504106521606445e-01
9.952507019042968750e-01
9.945533871650695801e-01
9.943477511405944824e-01
9.939658641815185547e-01
9.939376711845397949e-01
9.943999648094177246e-01
9.946817159652709961e-01
9.954550862312316895e-01
9.959330558776855469e-01
9.966025352478027344e-01
9.968420267105102539e-01
9.970188140869140625e-01
9.970201253890991211e-01
9.971275925636291504e-01
-9.942466020584106445e-01
-9.959152936935424805e-01
-8.760530948638916016e-01
5.654181838035583496e-01
9.478585720062255859e-01
9.744175076484680176e-01
9.951666593551635742e-01
9.955740571022033691e-01
9.953016638755798340e-01
9.948537349700927734e-01
9.942699670791625977e-01
9.940441250801086426e-01
9.938088059425354004e-01
9.941644072532653809e-01
9.952072501182556152e-01
9.955633878707885742e-01
9.961088895797729492e-01
9.965564012527465820e-01
9.965722560882568359e-01
9.969988465309143066e-01
9.970073699951171875e-01
9.971777200698852539e-01
-9.946820139884948730e-01
-9.959190487861633301e-01
-8.732253909111022949e-01
5.713421702384948730e-01
9.489554166793823242e-01
9.753382205963134766e-01
9.952480196952819824e-01
9.956857562065124512e-01
9.952642917633056641e-01
9.947580695152282715e-01
9.944738745689392090e-01
9.942961931228637695e-01
9.940932989120483398e-01
9.945455193519592285e-01
9.948784112930297852e-01
9.957149028778076172e-01
9.958601593971252441e-01
9.965765476226806641e-01
9.966481328010559082e-01
9.968652129173278809e-01
9.970939159393310547e-01
9.972029328346252441e-01
-9.944360852241516113e-01
-9.958403110504150391e-01
-8.710584044456481934e-01
5.670334696769714355e-01
9.456366896629333496e-01
9.754889607429504395e-01
9.952012300491333008e-01
9.953498244285583496e-01
9.955378174781799316e-01
9.949391484260559082e-01
9.940966367721557617e-01
9.940550923347473145e-01
9.940639138221740723e-01
9.944657683372497559e-01
9.949707388877868652e-01
9.955371618270874023e-01
9.960662722587585449e-01
9.964470267295837402e-01
9.967761635780334473e-01
9.967989325523376465e-01
9.969716668128967285e-01
9.970839619636535645e-01
-9.942217469215393066e-01
-9.958719015121459961e-01
-8.748868107795715332e-01
5.610899925231933594e-01
9.475641846656799316e-01
9.755074381828308105e-01
9.949572086334228516e-01
9.956889152526855469e-01
9.953537583351135254e-01
9.949540495872497559e-01
9.942843317985534668e-01
9.942755103111267090e-01
9.939434528350830078e-01
9.944107532501220703e-01
9.947228431701660156e-01
9.956082701683044434e-01
9.959294795989990234e-01
9.964607357978820801e-01
9.967325329780578613e-01
9.968404173851013184e-01
9.971389770507812500e-01
9.970530867576599121e-01
-9.948144555091857910e-01
-9.958290457725524902e-01
-8.783081173896789551e-01
5.645479559898376465e-01
9.467107653617858887e-01
9.750494956970214844e-01
9.951203465461730957e-01
9.956688284873962402e-01
9.953973293304443359e-01
9.948381185531616211e-01
9.942150712013244629e-01
9.939588904380798340e-01
9.939842224121093750e-01
9.945943355560302734e-01
9.951587915420532227e-01
9.956721067428588867e-01
9.959625005722045898e-01
9.965583682060241699e-01
9.968163967132568359e-01
9.969962239265441895e-01
9.972125291824340820e-01
9.972750544548034668e-01
-9.946460723876953125e-01
-9.955626726150512695e-01
-8.757663369178771973e-01
5.669639110565185547e-01
9.474318027496337891e-01
9.744783043861389160e-01
9.952976703643798828e-01
9.953699707984924316e-01
9.951875209808349609e-01
9.948489665985107422e-01
9.941100478172302246e-01
9.940354228019714355e-01
9.939171671867370605e-01
9.939827322959899902e-01
9.946939349174499512e-01
9.955568313598632812e-01
9.960513710975646973e-01
9.964765906333923340e-01
9.967626929283142090e-01
9.970340132713317871e-01
9.970988035202026367e-01
9.969928860664367676e-01
-9.944251775741577148e-01
-9.957160949707031250e-01
-8.742214441299438477e-01
5.658909678459167480e-01
9.495075345039367676e-01
9.751718044281005859e-01
9.953588843345642090e-01
9.956443905830383301e-01
9.951673746109008789e-01
9.947165846824645996e-01
9.941971898078918457e-01
9.943251609802246094e-01
9.938110709190368652e-01
9.944674968719482422e-01
9.950792193412780762e-01
9.954733848571777344e-01
9.961428642272949219e-01
9.966651797294616699e-01
9.968630075454711914e-01
9.970951080322265625e-01
9.970689415931701660e-01
9.971761703491210938e-01
-9.945457577705383301e-01
-9.959599971771240234e-01
-8.740549087524414062e-01
5.632452368736267090e-01
9.464223384857177734e-01
9.741596579551696777e-01
9.951061606407165527e-01
9.955280423164367676e-01
9.954938888549804688e-01
9.948393106460571289e-01
9.941807389259338379e-01
9.938724637031555176e-01
9.939717054367065430e-01
9.943904280662536621e-01
9.951632618904113770e-01
9.955328106880187988e-01
9.963213801383972168e-01
9.963303804397583008e-01
9.968382716178894043e-01
9.967870712280273438e-01
9.970006942749023438e-01
9.972662925720214844e-01
-9.943722486495971680e-01
-9.959293603897094727e-01
-8.711137175559997559e-01
5.738756060600280762e-01
9.493460655212402344e-01
9.746450781822204590e-01
9.950985908508300781e-01
9.955222010612487793e-01
9.954040050506591797e-01
9.945970177650451660e-01
9.942435026168823242e-01
9.942323565483093262e-01
9.940581321716308594e-01
9.945017099380493164e-01
9.951515793800354004e-01
9.956244230270385742e-01
9.960633516311645508e-01
9.965035319328308105e-01
9.965536594390869141e-01
9.969308972358703613e-01
9.969861507415771484e-01
9.970149397850036621e-01
-9.943270683288574219e-01
-9.959554076194763184e-01
-8.699069023132324219e-01
5.721766352653503418e-01
9.461873173713684082e-01
9.752203822135925293e-01
9.951357245445251465e-01
9.957443475723266602e-01
9.951004385948181152e-01
9.948670864105224609e-01
9.942196607589721680e-01
9.942548274993896484e-01
9.939093589782714844e-01
9.942996501922607422e-01
9.950288534164428711e-01
9.958435893058776855e-01
9.961252808570861816e-01
9.964217543601989746e-01
9.966072440147399902e-01
9.969715476036071777e-01
9.970550537109375000e-01
9.970366358757019043e-01
-9.945957660675048828e-01
-9.957992434501647949e-01
-8.733062744140625000e-01
5.673843026161193848e-01
9.471920132637023926e-01
9.746450185775756836e-01
9.952653646469116211e-01
9.956473708152770996e-01
9.952962398529052734e-01
9.948296546936035156e-01
9.946598410606384277e-01
9.937835931777954102e-01
9.940057992935180664e-01
9.945065975189208984e-01
9.952535033226013184e-01
9.956369400024414062e-01
9.961346387863159180e-01
9.963886141777038574e-01
9.967256784439086914e-01
9.966971874237060547e-01
9.970040321350097656e-01
9.971593618392944336e-01
-9.945544600486755371e-01
-9.957284927368164062e-01
-8.693217635154724121e-01
5.742568969726562500e-01
9.470825195312500000e-01
9.742347598075866699e-01
9.951742291450500488e-01
9.955474138259887695e-01
9.952285885810852051e-01
9.949322342872619629e-01
9.940426945686340332e-01
9.942114949226379395e-01
9.938654303550720215e-01
9.946269392967224121e-01
9.949716925621032715e-01
9.954972267150878906e-01
9.960381388664245605e-01
9.963738918304443359e-01
9.967190623283386230e-01
9.968928694725036621e-01
9.970971941947937012e-01
9.970918297767639160e-01
-9.943599700927734375e-01
-9.958492517471313477e-01
-8.718608617782592773e-01
5.783979296684265137e-01
9.478441476821899414e-01
9.744954705238342285e-01
9.950227141380310059e-01
9.957788586616516113e-01
9.954234957695007324e-01
9.948209524154663086e-01
9.944203495979309082e-01
9.938945770263671875e-01
9.944180846214294434e-01
9.946314096450805664e-01
9.950966238975524902e-01
9.955857992172241211e-01
9.960671663284301758e-01
9.965620040893554688e-01
9.967206716537475586e-01
9.970383644104003906e-01
9.969356060028076172e-01
9.972212910652160645e-01
-9.945406317710876465e-01
-9.958772659301757812e-01
-8.608911633491516113e-01
5.722274184226989746e-01
9.473164677619934082e-01
9.744215011596679688e-01
9.950877428054809570e-01
9.954145550727844238e-01
9.952714443206787109e-01
9.947547912597656250e-01
9.940716028213500977e-01
9.939689040184020996e-01
9.938584566116333008e-01
9.943216443061828613e-01
9.950273633003234863e-01
9.955344796180725098e-01
9.959561824798583984e-01
9.963780641555786133e-01
9.966942071914672852e-01
9.970117807388305664e-01
9.970657229423522949e-01
9.971386194229125977e-01
-9.944115877151489258e-01
-9.957722425460815430e-01
-8.752905130386352539e-01
5.698598623275756836e-01
9.476949572563171387e-01
9.752715229988098145e-01
9.952417612075805664e-01
9.955211281776428223e-01
9.952021241188049316e-01
9.945465922355651855e-01
9.940810203552246094e-01
9.940240383148193359e-01
9.938632845878601074e-01
9.947129487991333008e-01
9.952253699302673340e-01
9.957805275917053223e-01
9.961055517196655273e-01
9.965253472328186035e-01
9.966606497764587402e-01
9.968747496604919434e-01
9.970230460166931152e-01
9.971542954444885254e-01
-9.946348667144775391e-01
-9.957932829856872559e-01
-8.787980675697326660e-01
5.622353553771972656e-01
9.476135969161987305e-01
9.737023711204528809e-01
9.952204227447509766e-01
9.958429932594299316e-01
9.953452944755554199e-01
9.946415424346923828e-01
9.943692684173583984e-01
9.936248660087585449e-01
9.940677285194396973e-01
9.944593310356140137e-01
9.949694871902465820e-01
9.955164790153503418e-01
9.960321784019470215e-01
9.963184595108032227e-01
9.968383312225341797e-01
9.967893362045288086e-01
9.970694780349731445e-01
9.970688223838806152e-01
-9.946265220642089844e-01
-9.958822727203369141e-01
-8.765479922294616699e-01
5.559048652648925781e-01
9.467883706092834473e-01
9.745750427246093750e-01
9.953686594963073730e-01
9.957100749015808105e-01
9.952818751335144043e-01
9.947441816329956055e-01
9.942409396171569824e-01
9.938998818397521973e-01
9.940181970596313477e-01
9.945412874221801758e-01
9.946647286415100098e-01
9.953911900520324707e-01
9.961556792259216309e-01
9.963738918304443359e-01
9.967183470726013184e-01
9.968874454498291016e-01
9.971856474876403809e-01
9.970299005508422852e-01
-9.943388104438781738e-01
-9.958686232566833496e-01
-8.705957531929016113e-01
5.633610486984252930e-01
9.468945264816284180e-01
9.743649959564208984e-01
9.952000975608825684e-01
9.957014322280883789e-01
9.955419898033142090e-01
9.948229193687438965e-01
9.943515658378601074e-01
9.940662980079650879e-01
9.942210912704467773e-01
9.944744110107421875e-01
9.950776100158691406e-01
9.956290125846862793e-01
9.958238005638122559e-01
9.964628219604492188e-01
9.967760443687438965e-01
9.968796968460083008e-01
9.969770312309265137e-01
9.971593022346496582e-01
-9.944322705268859863e-01
-9.960495233535766602e-01
-8.763130903244018555e-01
5.512507557868957520e-01
9.463838338851928711e-01
9.749736785888671875e-01
9.950722455978393555e-01
9.956027865409851074e-01
9.952573180198669434e-01
9.945420026779174805e-01
9.943664669990539551e-01
9.941338896751403809e-01
9.941920042037963867e-01
9.944517612457275391e-01
9.950783848762512207e-01
9.956578016281127930e-01
9.961282014846801758e-01
9.965939521789550781e-01
9.966773986816406250e-01
9.969582557678222656e-01
9.970501065254211426e-01
9.970470070838928223e-01
-9.944677948951721191e-01
-9.958659410476684570e-01
-8.751298785209655762e-01
5.723848938941955566e-01
9.483106732368469238e-01
9.742946028709411621e-01
9.949895739555358887e-01
9.956019520759582520e-01
9.952558875083923340e-01
9.947922825813293457e-01
9.939717054367065430e-01
9.937910437583923340e-01
9.940432310104370117e-01
9.941440820693969727e-01
9.952170252799987793e-01
9.957914352416992188e-01
9.962923526763916016e-01
9.963934421539306641e-01
9.967754483222961426e-01
9.968143701553344727e-01
9.970712661743164062e-01
9.971333742141723633e-01
-9.943366050720214844e-01
-9.957516789436340332e-01
-8.800369501113891602e-01
5.502188801765441895e-01
9.494046568870544434e-01
9.748837351799011230e-01
9.951701164245605469e-01
9.954642057418823242e-01
9.952971935272216797e-01
9.948320388793945312e-01
9.944570064544677734e-01
9.939233064651489258e-01
9.940528273582458496e-01
9.945864081382751465e-01
9.950100183486938477e-01
9.954985380172729492e-01
9.960522055625915527e-01
9.965946078300476074e-01
9.967392086982727051e-01
9.969739913940429688e-01
9.969706535339355469e-01
9.971227645874023438e-01
-9.945108890533447266e-01
-9.957922697067260742e-01
-8.739534616470336914e-01
5.567919015884399414e-01
9.484509825706481934e-01
9.747815728187561035e-01
9.952179789543151855e-01
9.957411289215087891e-01
9.953022599220275879e-01
9.947059750556945801e-01
9.941939115524291992e-01
9.940047860145568848e-01
9.938030838966369629e-01
9.944574832916259766e-01
9.952346086502075195e-01
9.955827593803405762e-01
9.960248470306396484e-01
9.962955713272094727e-01
9.967357516288757324e-01
9.969168901443481445e-01
9.971657991409301758e-01
9.972923994064331055e-01
-9.946105480194091797e-01
-9.959182739257812500e-01
-8.713856339454650879e-01
5.699517130851745605e-01
9.476751685142517090e-01
9.752866029739379883e-01
9.951689243316650391e-01
9.957798719406127930e-01
9.953582882881164551e-01
9.947845339775085449e-01
9.942600131034851074e-01
9.939334392547607422e-01
9.942209720611572266e-01
9.943934082984924316e-01
9.950221180915832520e-01
9.954148530960083008e-01
9.961567521095275879e-01
9.963020682334899902e-01
9.966814517974853516e-01
9.971016049385070801e-01
9.969870448112487793e-01
9.971687793731689453e-01
-9.943907856941223145e-01
-9.960700273513793945e-01
-8.685751557350158691e-01
5.639173984527587891e-01
9.496786594390869141e-01
9.754331111907958984e-01
9.952083826065063477e-01
9.952818751335144043e-01
9.954122304916381836e-01
9.944736957550048828e-01
9.944193959236145020e-01
9.938904643058776855e-01
9.943012595176696777e-01
9.944537281990051270e-01
9.950882792472839355e-01
9.957198500633239746e-01
9.962065815925598145e-01
9.962553977966308594e-01
9.966734647750854492e-01
9.970295429229736328e-01
9.971235394477844238e-01
9.970435500144958496e-01
-9.943531751632690430e-01
-9.959430098533630371e-01
-8.699485063552856445e-01
5.518473982810974121e-01
9.476522207260131836e-01
9.756850004196166992e-01
9.952155947685241699e-01
9.957346320152282715e-01
9.953745603561401367e-01
9.948871731758117676e-01
9.939392209053039551e-01
9.940446615219116211e-01
9.940746426582336426e-01
9.944316148757934570e-01
9.949858784675598145e-01
9.956850409507751465e-01
9.962179660797119141e-01
9.963800907135009766e-01
9.967332482337951660e-01
9.968515038490295410e-01
9.968715906143188477e-01
9.972031116485595703e-01
-9.943079352378845215e-01
-9.957281947135925293e-01
-8.748782873153686523e-01
5.560123920440673828e-01
9.491801261901855469e-01
9.744315147399902344e-01
9.950768947601318359e-01
9.954323768615722656e-01
9.953098893165588379e-01
9.946044087409973145e-01
9.944676160812377930e-01
9.939594864845275879e-01
9.938817024230957031e-01
9.944261312484741211e-01
9.950590133666992188e-01
9.957067370414733887e-01
9.960387349128723145e-01
9.965151548385620117e-01
9.967674016952514648e-01
9.969391226768493652e-01
9.970550537109375000e-01
9.969817996025085449e-01
-9.947661161422729492e-01
-9.957311749458312988e-01
-8.706535696983337402e-01
5.633682012557983398e-01
9.479736089706420898e-01
9.743254780769348145e-01
9.952609539031982422e-01
9.954850077629089355e-01
9.952092170715332031e-01
9.948518872261047363e-01
9.943942427635192871e-01
9.939315319061279297e-01
9.937781095504760742e-01
9.944776296615600586e-01
9.947469830513000488e-01
9.956650733947753906e-01
9.960696697235107422e-01
9.965939521789550781e-01
9.966913461685180664e-01
9.968469738960266113e-01
9.971958994865417480e-01
9.970143437385559082e-01
-9.945888519287109375e-01
-9.958922266960144043e-01
-8.829732537269592285e-01
5.645580887794494629e-01
9.483053088188171387e-01
9.749457836151123047e-01
9.952778816223144531e-01
9.956045746803283691e-01
9.948924779891967773e-01
9.947859048843383789e-01
9.944816827774047852e-01
9.939960241317749023e-01
9.937323331832885742e-01
9.947052001953125000e-01
9.949570894241333008e-01
9.956306815147399902e-01
9.962139129638671875e-01
9.962846636772155762e-01
9.967666268348693848e-01
9.968925714492797852e-01
9.969065189361572266e-01
9.970383644104003906e-01
-9.942923188209533691e-01
-9.959774613380432129e-01
-8.721009492874145508e-01
5.663248896598815918e-01
9.492644071578979492e-01
9.750087261199951172e-01
9.951465129852294922e-01
9.955471158027648926e-01
9.951615333557128906e-01
9.945333003997802734e-01
9.941471815109252930e-01
9.940413236618041992e-01
9.939556121826171875e-01
9.945218563079833984e-01
9.951904416084289551e-01
9.953344464302062988e-01
9.958465695381164551e-01
9.964315295219421387e-01
9.966262578964233398e-01
9.970359206199645996e-01
9.971560835838317871e-01
9.970507621765136719e-01
-9.947106838226318359e-01
-9.959998130798339844e-01
-8.759347200393676758e-01
5.644617080688476562e-01
9.478470087051391602e-01
9.744668602943420410e-01
9.950215816497802734e-01
9.957709908485412598e-01
9.952245354652404785e-01
9.947323799133300781e-01
9.941747188568115234e-01
9.939881563186645508e-01
9.938167929649353027e-01
9.945212006568908691e-01
9.949676394462585449e-01
9.955210685729980469e-01
9.960891604423522949e-01
9.962984323501586914e-01
9.967678189277648926e-01
9.968435168266296387e-01
9.970208406448364258e-01
9.970155954360961914e-01
-9.945849776268005371e-01
-9.956527948379516602e-01
-8.756723999977111816e-01
5.579345226287841797e-01
9.475038051605224609e-01
9.746183753013610840e-01
9.951998591423034668e-01
9.955247044563293457e-01
9.951643943786621094e-01
9.948952794075012207e-01
9.941226840019226074e-01
9.935947656631469727e-01
9.940309524536132812e-01
9.943699836730957031e-01
9.948167800903320312e-01
9.955850839614868164e-01
9.960031509399414062e-01
9.964459538459777832e-01
9.967898130416870117e-01
9.969713687896728516e-01
9.969608187675476074e-01
9.971411824226379395e-01
-9.945260286331176758e-01
-9.957957863807678223e-01
-8.750943541526794434e-01
5.804648995399475098e-01
9.461843967437744141e-01
9.746975302696228027e-01
9.953637719154357910e-01
9.957747459411621094e-01
9.953576922416687012e-01
9.948331117630004883e-01
9.943408966064453125e-01
9.939807653427124023e-01
9.939936399459838867e-01
9.943222999572753906e-01
9.950277209281921387e-01
9.955122470855712891e-01
9.958067536354064941e-01
9.964020252227783203e-01
9.967988729476928711e-01
9.970834255218505859e-01
9.971101880073547363e-01
9.970574975013732910e-01
-9.945995211601257324e-01
-9.957846403121948242e-01
-8.730691671371459961e-01
5.583334565162658691e-01
9.477584958076477051e-01
9.751044511795043945e-01
9.950834512710571289e-01
9.955057501792907715e-01
9.952936768531799316e-01
9.948236942291259766e-01
9.941313266754150391e-01
9.939417243003845215e-01
9.940904974937438965e-01
9.945106506347656250e-01
9.948842525482177734e-01
9.955659508705139160e-01
9.961177706718444824e-01
9.964858293533325195e-01
9.966727495193481445e-01
9.967411756515502930e-01
9.969460964202880859e-01
9.971862435340881348e-01
-9.945326447486877441e-01
-9.955492019653320312e-01
-8.783820271492004395e-01
5.536236166954040527e-01
9.463138580322265625e-01
9.746956825256347656e-01
9.951500296592712402e-01
9.954489469528198242e-01
9.954810142517089844e-01
9.946686029434204102e-01
9.943054914474487305e-01
9.941702485084533691e-01
9.939262270927429199e-01
9.945954084396362305e-01
9.950233101844787598e-01
9.956434965133666992e-01
9.960027933120727539e-01
9.964316487312316895e-01
9.966540336608886719e-01
9.968908429145812988e-01
9.970646500587463379e-01
9.970949292182922363e-01
-9.944721460342407227e-01
-9.958805441856384277e-01
-8.777187466621398926e-01
5.601627826690673828e-01
9.463277459144592285e-01
9.741436839103698730e-01
9.951567053794860840e-01
9.955452084541320801e-01
9.950785040855407715e-01
9.947497248649597168e-01
9.943931698799133301e-01
9.938623905181884766e-01
9.938952922821044922e-01
9.943197965621948242e-01
9.951974749565124512e-01
9.955251216888427734e-01
9.959489703178405762e-01
9.965187311172485352e-01
9.965047240257263184e-01
9.968803524971008301e-01
9.969843626022338867e-01
9.971683621406555176e-01
-9.945950508117675781e-01
-9.959480762481689453e-01
-8.707274198532104492e-01
5.755810141563415527e-01
9.459511041641235352e-01
9.742710590362548828e-01
9.952608346939086914e-01
9.954327344894409180e-01
9.953361749649047852e-01
9.945610761642456055e-01
9.941657185554504395e-01
9.939624667167663574e-01
9.938075542449951172e-01
9.944312572479248047e-01
9.950076341629028320e-01
9.954937100410461426e-01
9.962243437767028809e-01
9.962612986564636230e-01
9.966098070144653320e-01
9.969058632850646973e-01
9.969948530197143555e-01
9.970872998237609863e-01
-9.946289062500000000e-01
-9.960316419601440430e-01
-8.791630268096923828e-01
5.616572499275207520e-01
9.489310979843139648e-01
9.744386076927185059e-01
9.950366616249084473e-01
9.954623579978942871e-01
9.953277111053466797e-01
9.947500824928283691e-01
9.941875338554382324e-01
9.941863417625427246e-01
9.941205978393554688e-01
9.943558573722839355e-01
9.950215816497802734e-01
9.956235885620117188e-01
9.959706664085388184e-01
9.964963197708129883e-01
9.969115853309631348e-01
9.970357418060302734e-01
9.971610903739929199e-01
9.971098899841308594e-01
-9.948195815086364746e-01
-9.958164691925048828e-01
-8.788952827453613281e-01
5.787527561187744141e-01
9.476843476295471191e-01
9.749823808670043945e-01
9.950698614120483398e-01
9.955669641494750977e-01
9.953846931457519531e-01
9.946335554122924805e-01
9.941994547843933105e-01
9.938960671424865723e-01
9.943087100982666016e-01
9.943939447402954102e-01
9.949654340744018555e-01
9.955245852470397949e-01
9.962712526321411133e-01
9.965144395828247070e-01
9.967494010925292969e-01
9.970351457595825195e-01
9.971628785133361816e-01
9.970857501029968262e-01
-9.947351813316345215e-01
-9.955449700355529785e-01
-8.704957962036132812e-01
5.605896115303039551e-01
9.477144479751586914e-01
9.751356244087219238e-01
9.951267242431640625e-01
9.958882331848144531e-01
9.952348470687866211e-01
9.947713017463684082e-01
9.945915341377258301e-01
9.942596554756164551e-01
9.941663742065429688e-01
9.945295453071594238e-01
9.951846003532409668e-01
9.956141114234924316e-01
9.960097074508666992e-01
9.964717030525207520e-01
9.968454241752624512e-01
9.969868063926696777e-01
9.969488382339477539e-01
9.971445798873901367e-01
-9.946283102035522461e-01
-9.957626461982727051e-01
-8.705535531044006348e-01
5.553925633430480957e-01
9.468995928764343262e-01
9.755876064300537109e-01
9.951252937316894531e-01
9.956896901130676270e-01
9.952895045280456543e-01
9.948412775993347168e-01
9.938427805900573730e-01
9.935321807861328125e-01
9.942243695259094238e-01
9.944932460784912109e-01
9.951191544532775879e-01
9.955185055732727051e-01
9.960983395576477051e-01
9.963879585266113281e-01
9.966944456100463867e-01
9.969208836555480957e-01
9.969409704208374023e-01
9.971220493316650391e-01
-9.946193695068359375e-01
-9.959011673927307129e-01
-8.703519105911254883e-01
5.622512698173522949e-01
9.478210806846618652e-01
9.750812649726867676e-01
9.951309561729431152e-01
9.953578710556030273e-01
9.951297640800476074e-01
9.948059916496276855e-01
9.941813349723815918e-01
9.939447641372680664e-01
9.941456317901611328e-01
9.945422410964965820e-01
9.948782920837402344e-01
9.955049753189086914e-01
9.958930611610412598e-01
9.963113069534301758e-01
9.966712594032287598e-01
9.969667196273803711e-01
9.969466328620910645e-01
9.970961213111877441e-01
-9.945139288902282715e-01
-9.959361553192138672e-01
-8.759311437606811523e-01
5.519862771034240723e-01
9.485546946525573730e-01
9.738267660140991211e-01
9.953742027282714844e-01
9.957303404808044434e-01
9.953140616416931152e-01
9.949104785919189453e-01
9.942774772644042969e-01
9.940180182456970215e-01
9.938390254974365234e-01
9.943369030952453613e-01
9.948684573173522949e-01
9.954236745834350586e-01
9.959549307823181152e-01
9.964992403984069824e-01
9.966137409210205078e-01
9.968052506446838379e-01
9.969632625579833984e-01
9.972437620162963867e-01
-9.945596456527709961e-01
-9.960376024246215820e-01
-8.768875002861022949e-01
5.521204471588134766e-01
9.467251896858215332e-01
9.745537042617797852e-01
9.951122403144836426e-01
9.955531954765319824e-01
9.952588081359863281e-01
9.947371482849121094e-01
9.941471815109252930e-01
9.938404560089111328e-01
9.942372441291809082e-01
9.946224093437194824e-01
9.949529767036437988e-01
9.955689907073974609e-01
9.961078166961669922e-01
9.963885545730590820e-01
9.966325163841247559e-01
9.969310760498046875e-01
9.968582391738891602e-01
9.970735311508178711e-01
-9.946824312210083008e-01
-9.959368705749511719e-01
-8.711337447166442871e-01
5.483165383338928223e-01
9.461898207664489746e-01
9.748139977455139160e-01
9.948036074638366699e-01
9.956799149513244629e-01
9.950327873229980469e-01
9.947597980499267578e-01
9.941390752792358398e-01
9.937676191329956055e-01
9.939572215080261230e-01
9.944473505020141602e-01
9.950640797615051270e-01
9.955731630325317383e-01
9.962005019187927246e-01
9.964531064033508301e-01
9.967411160469055176e-01
9.968338012695312500e-01
9.968745112419128418e-01
9.971167445182800293e-01
-9.947119951248168945e-01
-9.956588745117187500e-01
-8.786720633506774902e-01
5.550801157951354980e-01
9.482243061065673828e-01
9.753761291503906250e-01
9.951475858688354492e-01
9.955820441246032715e-01
9.952799081802368164e-01
9.948702454566955566e-01
9.945734143257141113e-01
9.938496947288513184e-01
9.939523935317993164e-01
9.947658181190490723e-01
9.948423504829406738e-01
9.957389235496520996e-01
9.959242939949035645e-01
9.966081380844116211e-01
9.969590902328491211e-01
9.969337582588195801e-01
9.970463514328002930e-01
9.970553517341613770e-01
-9.947431683540344238e-01
-9.957496523857116699e-01
-8.746974468231201172e-01
5.602296590805053711e-01
9.491346478462219238e-01
9.739412665367126465e-01
9.951527118682861328e-01
9.957934617996215820e-01
9.952554702758789062e-01
9.947681427001953125e-01
9.940122961997985840e-01
9.939051270484924316e-01
9.940295219421386719e-01
9.943596124649047852e-01
9.948720932006835938e-01
9.955525994300842285e-01
9.960209727287292480e-01
9.965001344680786133e-01
9.966193437576293945e-01
9.968979954719543457e-01
9.969675540924072266e-01
9.970514774322509766e-01
-9.944866299629211426e-01
-9.959548115730285645e-01
-8.797064423561096191e-01
5.504832267761230469e-01
9.473432898521423340e-01
9.742538332939147949e-01
9.953310489654541016e-01
9.955812692642211914e-01
9.952479004859924316e-01
9.947023391723632812e-01
9.944658875465393066e-01
9.940904378890991211e-01
9.940344691276550293e-01
9.940306544303894043e-01
9.949801564216613770e-01
9.956220388412475586e-01
9.962520599365234375e-01
9.964622259140014648e-01
9.967729449272155762e-01
9.969019293785095215e-01
9.970723986625671387e-01
9.970113635063171387e-01
-9.944171309471130371e-01
-9.958598017692565918e-01
-8.742823600769042969e-01
5.607258081436157227e-01
9.478973150253295898e-01
9.755184054374694824e-01
9.953013062477111816e-01
9.952785372734069824e-01
9.953964948654174805e-01
9.947800040245056152e-01
9.939842224121093750e-01
9.937053918838500977e-01
9.942088723182678223e-01
9.946318268775939941e-01
9.950819611549377441e-01
9.955132007598876953e-01
9.960075616836547852e-01
9.964905381202697754e-01
9.968196153640747070e-01
9.968854784965515137e-01
9.968872070312500000e-01
9.971147775650024414e-01
-9.944858551025390625e-01
-9.957280755043029785e-01
-8.733845353126525879e-01
5.518135428428649902e-01
9.477030038833618164e-01
9.737571477890014648e-01
9.950768947601318359e-01
9.952683448791503906e-01
9.951435327529907227e-01
9.947313070297241211e-01
9.943143725395202637e-01
9.941722750663757324e-01
9.939064979553222656e-01
9.945214390754699707e-01
9.949991106986999512e-01
9.954307079315185547e-01
9.960219264030456543e-01
9.962317943572998047e-01
9.966375827789306641e-01
9.969344735145568848e-01
9.968491792678833008e-01
9.971779584884643555e-01
-9.945558905601501465e-01
-9.959158897399902344e-01
-8.723239898681640625e-01
5.623839497566223145e-01
9.460419416427612305e-01
9.756896495819091797e-01
9.950681328773498535e-01
9.954379796981811523e-01
9.952946305274963379e-01
9.945086240768432617e-01
9.942175149917602539e-01
9.939330816268920898e-01
9.939391613006591797e-01
9.942736029624938965e-01
9.948130846023559570e-01
9.955947399139404297e-01
9.961505532264709473e-01
9.964927434921264648e-01
9.967758655548095703e-01
9.969147443771362305e-01
9.972560405731201172e-01
9.971441626548767090e-01
-9.942361712455749512e-01
-9.956213831901550293e-01
-8.697057366371154785e-01
5.668588876724243164e-01
9.476193189620971680e-01
9.762415885925292969e-01
9.952152371406555176e-01
9.955937862396240234e-01
9.953495860099792480e-01
9.946781992912292480e-01
9.941235184669494629e-01
9.939478635787963867e-01
9.939045310020446777e-01
9.946035742759704590e-01
9.949446320533752441e-01
9.954297542572021484e-01
9.959552288055419922e-01
9.965142011642456055e-01
9.967353940010070801e-01
9.967919588088989258e-01
9.971296787261962891e-01
9.971631169319152832e-01
-9.946021437644958496e-01
-9.957668185234069824e-01
-8.717110157012939453e-01
5.517865419387817383e-01
9.501622915267944336e-01
9.747335910797119141e-01
9.950075745582580566e-01
9.955447316169738770e-01
9.950829744338989258e-01
9.948814511299133301e-01
9.943596124649047852e-01
9.938488602638244629e-01
9.937684535980224609e-01
9.942391514778137207e-01
9.949259757995605469e-01
9.952157735824584961e-01
9.960534572601318359e-01
9.964535236358642578e-01
9.966545701026916504e-01
9.969412684440612793e-01
9.969970583915710449e-01
9.972158074378967285e-01
-9.946017265319824219e-01
-9.958410263061523438e-01
-8.747619986534118652e-01
5.621446967124938965e-01
9.450955986976623535e-01
9.746611118316650391e-01
9.952740073204040527e-01
9.954715371131896973e-01
9.951731562614440918e-01
9.945665001869201660e-01
9.942466020584106445e-01
9.940307736396789551e-01
9.939513206481933594e-01
9.942921996116638184e-01
9.946810007095336914e-01
9.955433607101440430e-01
9.961156249046325684e-01
9.963667392730712891e-01
9.967260956764221191e-01
9.969517588615417480e-01
9.972043633460998535e-01
9.971218109130859375e-01
-9.947419762611389160e-01
-9.958031177520751953e-01
-8.727131485939025879e-01
5.797012448310852051e-01
9.486712813377380371e-01
9.752404093742370605e-01
9.951291084289550781e-01
9.954851865768432617e-01
9.953883886337280273e-01
9.947693347930908203e-01
9.938848614692687988e-01
9.938312172889709473e-01
9.941153526306152344e-01
9.943603873252868652e-01
9.950261116027832031e-01
9.957202672958374023e-01
9.960376024246215820e-01
9.963932037353515625e-01
9.966543316841125488e-01
9.970578551292419434e-01
9.969087839126586914e-01
9.971396327018737793e-01
-9.947699904441833496e-01
-9.958306550979614258e-01
-8.726394772529602051e-01
5.580651760101318359e-01
9.465005397796630859e-01
9.735182523727416992e-01
9.952952861785888672e-01
9.955836534500122070e-01
9.953052997589111328e-01
9.946566820144653320e-01
9.943050742149353027e-01
9.936666488647460938e-01
9.939176440238952637e-01
9.944268465042114258e-01
9.947697520256042480e-01
9.956119656562805176e-01
9.960535168647766113e-01
9.965088963508605957e-01
9.966798424720764160e-01
9.969391226768493652e-01
9.971411824226379395e-01
9.971688389778137207e-01
-9.945845603942871094e-01
-9.958422780036926270e-01
-8.730739951133728027e-01
5.620803833007812500e-01
9.461262226104736328e-01
9.744639992713928223e-01
9.951636195182800293e-01
9.954990744590759277e-01
9.954258799552917480e-01
9.945711493492126465e-01
9.943813085556030273e-01
9.940558075904846191e-01
9.937244653701782227e-01
9.944437146186828613e-01
9.947068095207214355e-01
9.954791665077209473e-01
9.960328340530395508e-01
9.963480830192565918e-01
9.966471791267395020e-01
9.970403909683227539e-01
9.969933032989501953e-01
9.970795512199401855e-01
-9.944925904273986816e-01
-9.957250356674194336e-01
-8.749206066131591797e-01
5.616397261619567871e-01
9.470589756965637207e-01
9.749967455863952637e-01
9.952735304832458496e-01
9.958688020706176758e-01
9.954698681831359863e-01
9.950324296951293945e-01
9.942224621772766113e-01
9.938666820526123047e-01
9.939913749694824219e-01
9.945363402366638184e-01
9.947784543037414551e-01
9.954398274421691895e-01
9.960617423057556152e-01
9.965899586677551270e-01
9.967837929725646973e-01
9.967812895774841309e-01
9.970293641090393066e-01
9.971593618392944336e-01
-9.945225715637207031e-01
-9.958915114402770996e-01
-8.696173429489135742e-01
5.534771084785461426e-01
9.448851943016052246e-01
9.742627143859863281e-01
9.949918389320373535e-01
9.956195950508117676e-01
9.951443076133728027e-01
9.947282075881958008e-01
9.941320419311523438e-01
9.938430190086364746e-01
9.940134286880493164e-01
9.942324757575988770e-01
9.948698878288269043e-01
9.958084225654602051e-01
9.961097240447998047e-01
9.962995648384094238e-01
9.968678355216979980e-01
9.970695376396179199e-01
9.971083402633666992e-01
9.971227049827575684e-01
-9.944530725479125977e-01
-9.958486557006835938e-01
-8.765210509300231934e-01
5.620003938674926758e-01
9.484433531761169434e-01
9.734898805618286133e-01
9.952052235603332520e-01
9.956310391426086426e-01
9.950292110443115234e-01
9.947202801704406738e-01
9.941569566726684570e-01
9.937105178833007812e-01
9.943075180053710938e-01
9.946776628494262695e-01
9.950844645500183105e-01
9.957066774368286133e-01
9.960590004920959473e-01
9.965544939041137695e-01
9.968847036361694336e-01
9.970128536224365234e-01
9.971373677253723145e-01
9.970076680183410645e-01
-9.946380853652954102e-01
-9.958552718162536621e-01
-8.773685693740844727e-01
5.579510927200317383e-01
9.475286006927490234e-01
9.751039147377014160e-01
9.951278567314147949e-01
9.953888654708862305e-01
9.954389929771423340e-01
9.947248697280883789e-01
9.939745068550109863e-01
9.936558604240417480e-01
9.942213296890258789e-01
9.942818880081176758e-01
9.950326681137084961e-01
9.956662058830261230e-01
9.960864782333374023e-01
9.965558052062988281e-01
9.967728257179260254e-01
9.968314766883850098e-01
9.969993829727172852e-01
9.971084594726562500e-01
-9.946474432945251465e-01
-9.958616495132446289e-01
-8.727805614471435547e-01
5.575002431869506836e-01
9.468123912811279297e-01
9.737396836280822754e-01
9.951844811439514160e-01
9.957020878791809082e-01
9.953215718269348145e-01
9.947946071624755859e-01
9.942988753318786621e-01
9.939589500427246094e-01
9.938385486602783203e-01
9.945518374443054199e-01
9.948180913925170898e-01
9.953715801239013672e-01
9.960486292839050293e-01
9.964566826820373535e-01
9.966355562210083008e-01
9.968006610870361328e-01
9.969587922096252441e-01
9.970990419387817383e-01
-9.946044683456420898e-01
-9.958673715591430664e-01
-8.720347881317138672e-01
5.483049154281616211e-01
9.470239877700805664e-01
9.729889035224914551e-01
9.954760670661926270e-01
9.953637123107910156e-01
9.952962398529052734e-01
9.948568940162658691e-01
9.940615892410278320e-01
9.934472441673278809e-01
9.939580559730529785e-01
9.942861199378967285e-01
9.950231909751892090e-01
9.954051971435546875e-01
9.960787892341613770e-01
9.963972568511962891e-01
9.968070387840270996e-01
9.969762563705444336e-01
9.970239400863647461e-01
9.972245097160339355e-01
-9.946259856224060059e-01
-9.957658052444458008e-01
-8.715824484825134277e-01
5.437573194503784180e-01
9.469016790390014648e-01
9.732452034950256348e-01
9.951315522193908691e-01
9.953835010528564453e-01
9.950848817825317383e-01
9.947352409362792969e-01
9.942027330398559570e-01
9.942255616188049316e-01
9.941969513893127441e-01
9.940398931503295898e-01
9.948940873146057129e-01
9.953292608261108398e-01
9.960528016090393066e-01
