7.916993647813796997e-02
-6.002093553543090820e-01
-2.000377625226974487e-01
-1.567474156618118286e-01
-4.451141059398651123e-01
-3.660899102687835693e-01
-3.817653954029083252e-01
-3.472829759120941162e-01
-3.519873023033142090e-01
-2.929755747318267822e-01
-3.071212172508239746e-01
-3.461262881755828857e-01
-2.428833693265914917e-01
-3.081319630146026611e-01
-2.043823152780532837e-01
-2.470036000013351440e-01
-2.180676609277725220e-01
-5.555145815014839172e-02
9.985523223876953125e-01
2.236242592334747314e-01
3.778178989887237549e-01
-3.747079521417617798e-02
-9.919912219047546387e-01
-2.265421897172927856e-01
-3.558370769023895264e-01
-3.325213789939880371e-01
-4.292479753494262695e-01
-2.710830271244049072e-01
-3.123613297939300537e-01
-3.031064569950103760e-01
-3.134865760803222656e-01
-3.220038414001464844e-01
-2.796312272548675537e-01
-3.196455538272857666e-01
-2.612140476703643799e-01
-2.398387193679809570e-01
-1.731081753969192505e-01
6.290826201438903809e-01
9.992871284484863281e-01
9.050426632165908813e-02
-9.580730199813842773e-01
-9.582760334014892578e-01
-1.946051418781280518e-01
2.322457283735275269e-01
9.992295503616333008e-01
3.892875462770462036e-02
-9.955341219902038574e-01
-9.993395209312438965e-01
-1.539507359266281128e-01
1.023248117417097092e-02
9.979309439659118652e-01
2.356035448610782623e-02
-9.975363016128540039e-01
-9.992835521697998047e-01
-2.127620726823806763e-01
-2.562204301357269287e-01
-3.103021979331970215e-01
-2.302086204290390015e-01
-3.175920844078063965e-01
-2.251029461622238159e-01
-2.222034633159637451e-01
-1.719773411750793457e-01
5.698050260543823242e-01
4.207622706890106201e-01
2.587494552135467529e-01
2.354791015386581421e-01
-1.735413563437759876e-03
-8.823737502098083496e-01
-2.237008363008499146e-01
-2.868051826953887939e-01
-2.975095808506011963e-01
-3.287203311920166016e-01
-2.844689190387725830e-01
-2.932800352573394775e-01
-3.512807786464691162e-01
-2.879955768585205078e-01
-2.803477346897125244e-01
-2.808179259300231934e-01
-2.499056160449981689e-01
-1.538986265659332275e-01
9.220803380012512207e-01
1.516732871532440186e-01
2.505731582641601562e-01
3.225957602262496948e-02
-9.124613404273986816e-01
-1.859222203493118286e-01
-3.294762670993804932e-01
-2.562541663646697998e-01
-3.535506725311279297e-01
-3.099298775196075439e-01
-2.568735778331756592e-01
-3.026755750179290771e-01
-2.629294097423553467e-01
-2.969728410243988037e-01
-3.014759421348571777e-01
-1.969671249389648438e-01
1.492266803979873657e-01
9.994275569915771484e-01
1.514454483985900879e-01
-1.152334362268447876e-02
-9.910542368888854980e-01
-1.570421904325485229e-01
-2.991640865802764893e-01
-2.416990101337432861e-01
-2.750692665576934814e-01
-2.852980792522430420e-01
-2.884368598461151123e-01
-3.349234759807586670e-01
-2.358854860067367554e-01
-1.953419595956802368e-01
-5.576303601264953613e-02
9.982761740684509277e-01
6.403381377458572388e-02
-8.593249320983886719e-01
-3.436937332153320312e-01
-2.881238460540771484e-01
-2.372735291719436646e-01
-2.740376889705657959e-01
-3.192037940025329590e-01
-2.836146652698516846e-01
-3.087618350982666016e-01
-2.262126654386520386e-01
-1.752285957336425781e-01
5.276875495910644531e-01
8.733166456222534180e-01
8.744490146636962891e-02
-2.792663872241973877e-01
-6.624640226364135742e-01
-3.984861075878143311e-01
-2.278045564889907837e-01
-3.415176272392272949e-01
-2.691964805126190186e-01
-2.956121265888214111e-01
-3.104029893875122070e-01
-3.379442691802978516e-01
-3.721201419830322266e-01
-3.351052105426788330e-01
-2.581423223018646240e-01
-1.627653539180755615e-01
9.758210182189941406e-01
9.978869557380676270e-01
1.120379418134689331e-01
-9.636833667755126953e-01
-9.990755915641784668e-01
-2.845709919929504395e-01
-2.208674550056457520e-01
1.675112694501876831e-01
9.989431500434875488e-01
-8.168435096740722656e-02
-9.988552927970886230e-01
-9.991278052330017090e-01
-2.305162101984024048e-01
-1.874485611915588379e-01
6.435774564743041992e-01
5.080468654632568359e-01
1.262399256229400635e-01
-7.785517573356628418e-01
-9.938200712203979492e-01
-2.051433771848678589e-01
-3.418591618537902832e-02
9.990624189376831055e-01
1.368987839668989182e-02
-2.741143107414245605e-01
-9.989511370658874512e-01
-1.820668280124664307e-01
-2.671993970870971680e-01
-2.500212192535400391e-01
-2.270272821187973022e-01
-1.561820954084396362e-01
5.831502676010131836e-01
1.268622726202011108e-01
7.707073688507080078e-01
9.396147727966308594e-02
-8.928838968276977539e-01
-9.989531040191650391e-01
-2.290088087320327759e-01
-2.288835942745208740e-01
6.458582729101181030e-02
9.992401003837585449e-01
-6.002367660403251648e-02
-9.958190917968750000e-01
-9.955404996871948242e-01
-2.104716598987579346e-01
7.780253887176513672e-02
9.993678331375122070e-01
-1.281628012657165527e-02
-9.955013394355773926e-01
-6.218979358673095703e-01
-3.322772681713104248e-01
-2.274064719676971436e-01
1.737733036279678345e-01
9.994368553161621094e-01
1.018577143549919128e-01
2.646976336836814880e-02
-8.177838921546936035e-01
-3.247051835060119629e-01
-2.584665715694427490e-01
-2.170522809028625488e-01
-1.827113032341003418e-01
2.610291838645935059e-01
9.988315105438232422e-01
1.248369365930557251e-02
-9.969462752342224121e-01
-9.993442893028259277e-01
-2.319458574056625366e-01
-2.676084041595458984e-01
-1.880720406770706177e-01
5.087258815765380859e-01
9.954088926315307617e-01
-1.024495065212249756e-01
-9.990525245666503906e-01
-9.992424249649047852e-01
-2.496234476566314697e-01
-1.707723736763000488e-01
6.169511675834655762e-01
4.412649869918823242e-01
7.057882845401763916e-02
-9.629994034767150879e-01
-9.100080132484436035e-01
-2.231004387140274048e-01
2.609843909740447998e-01
9.993686676025390625e-01
-3.317758068442344666e-02
-9.939564466476440430e-01
-2.652983069419860840e-01
-2.933892607688903809e-01
-2.480392158031463623e-01
-6.821104139089584351e-02
9.988087415695190430e-01
5.520373582839965820e-02
-1.300529241561889648e-01
-9.834930300712585449e-01
-1.886513531208038330e-01
-1.650266945362091064e-01
6.498184800148010254e-01
5.721362829208374023e-01
9.078992158174514771e-02
-9.873000979423522949e-01
-9.992789030075073242e-01
-2.080329060554504395e-01
-2.408287376165390015e-01
-2.195918858051300049e-01
-7.339595258235931396e-02
9.979901313781738281e-01
-2.571346424520015717e-02
-9.290429353713989258e-01
-9.637301564216613770e-01
-2.722999453544616699e-01
-5.818111449480056763e-02
9.992934465408325195e-01
1.107833012938499451e-01
-4.931075125932693481e-02
-9.892701506614685059e-01
-2.120665162801742554e-01
-1.128817498683929443e-01
9.977847337722778320e-01
4.897677525877952576e-02
-4.269410371780395508e-01
-4.807318747043609619e-01
-3.063944280147552490e-01
-2.999012470245361328e-01
-2.700395584106445312e-01
-2.307587414979934692e-01
-1.856421679258346558e-01
3.938125371932983398e-01
1.835844665765762329e-01
1.020355448126792908e-01
1.071286424994468689e-01
-4.681400954723358154e-02
-9.953175783157348633e-01
-1.945353150367736816e-01
-2.098038345575332642e-01
-1.683612614870071411e-01
3.239248394966125488e-01
9.970679879188537598e-01
2.047949470579624176e-02
-9.967610239982604980e-01
-9.993346929550170898e-01
-3.122363686561584473e-01
-2.863076329231262207e-01
-2.398337125778198242e-01
8.576486259698867798e-02
9.994035959243774414e-01
-5.539910122752189636e-02
-9.676321148872375488e-01
-8.266893625259399414e-01
-2.288399636745452881e-01
2.035547196865081787e-01
9.994487166404724121e-01
1.876094490289688110e-01
5.545095354318618774e-02
-7.316346168518066406e-01
-7.698082327842712402e-01
-2.266078889369964600e-01
-1.918379589915275574e-02
9.994748234748840332e-01
-9.037856012582778931e-02
-9.200683236122131348e-01
-5.597881078720092773e-01
-2.174617350101470947e-01
-4.989480227231979370e-02
9.989689588546752930e-01
3.610184043645858765e-02
-3.399621844291687012e-01
-8.455187678337097168e-01
-2.086762189865112305e-01
-2.572349905967712402e-01
-2.038752138614654541e-01
5.228558182716369629e-01
9.981828927993774414e-01
1.553034130483865738e-02
-9.960967898368835449e-01
-9.992724657058715820e-01
-2.100124955177307129e-01
-2.364674359560012817e-01
-9.981559962034225464e-02
9.987636208534240723e-01
-1.194671988487243652e-01
-9.987499117851257324e-01
-8.929817676544189453e-01
-2.763692438602447510e-01
3.847477957606315613e-02
9.995493888854980469e-01
1.465951949357986450e-01
1.126832142472267151e-01
9.419706650078296661e-03
-9.084925651550292969e-01
-3.583840429782867432e-01
-2.602415084838867188e-01
-1.154685858637094498e-03
9.994358420372009277e-01
2.745048142969608307e-02
-8.730518221855163574e-01
-8.049365282058715820e-01
-3.188008069992065430e-01
-2.234419733285903931e-01
8.357025384902954102e-01
9.965200424194335938e-01
3.723900020122528076e-02
-9.866650700569152832e-01
-9.992417693138122559e-01
-2.341328263282775879e-01
-2.583056390285491943e-01
4.263621289283037186e-03
9.994451403617858887e-01
-1.490720957517623901e-01
-9.983481764793395996e-01
-8.780218362808227539e-01
-3.063128292560577393e-01
-2.892916090786457062e-02
9.995415210723876953e-01
9.880817532539367676e-01
6.989850103855133057e-02
-9.852213859558105469e-01
-9.992190599441528320e-01
-2.330354303121566772e-01
-1.893187761306762695e-01
5.998920798301696777e-01
8.193273097276687622e-02
1.334670186042785645e-01
-6.076695397496223450e-02
-9.982551336288452148e-01
-7.432511448860168457e-01
-2.720960378646850586e-01
1.287367492914199829e-01
9.994430541992187500e-01
6.960785388946533203e-01
7.874285429716110229e-02
-9.766541123390197754e-01
-9.991794824600219727e-01
-2.854377329349517822e-01
-2.509185373783111572e-01
2.279114872217178345e-01
9.993229508399963379e-01
-3.694502264261245728e-02
-9.945120215415954590e-01
-9.780361056327819824e-01
-2.987052202224731445e-01
6.064511835575103760e-03
9.994932413101196289e-01
9.086023569107055664e-01
9.454075247049331665e-02
-7.821450829505920410e-01
-9.992212653160095215e-01
-1.997636407613754272e-01
-7.606236636638641357e-02
9.974385499954223633e-01
-7.203567028045654297e-02
-8.190046548843383789e-01
-9.986492395401000977e-01
-3.458139002323150635e-01
-1.491591632366180420e-01
9.964282512664794922e-01
9.227576851844787598e-01
6.236541643738746643e-02
-9.795277118682861328e-01
-9.991736412048339844e-01
-3.235033154487609863e-01
-1.570825129747390747e-01
9.909886121749877930e-01
-1.072791963815689087e-01
8.134959638118743896e-02
-2.189723998308181763e-01
-9.779344797134399414e-01
-3.309702873229980469e-01
-2.009973675012588501e-01
9.738833308219909668e-01
8.298239707946777344e-01
7.708133012056350708e-02
-9.188989996910095215e-01
-9.992762207984924316e-01
-1.966306865215301514e-01
-7.345917075872421265e-02
9.981589913368225098e-01
-1.289032548666000366e-01
-9.813967347145080566e-01
-8.968883156776428223e-01
-2.219356000423431396e-01
4.379556477069854736e-01
9.993985295295715332e-01
4.075843468308448792e-02
-5.016843080520629883e-01
-6.803302764892578125e-01
-2.494020909070968628e-01
-2.334188371896743774e-01
5.439307689666748047e-01
3.938082158565521240e-01
8.142910897731781006e-02
1.089862063527107239e-01
-4.030873626470565796e-02
-9.949333667755126953e-01
-2.913427650928497314e-01
-3.329604268074035645e-01
-3.012107014656066895e-01
-2.234560549259185791e-01
6.535349488258361816e-01
9.965047836303710938e-01
-1.903626173734664917e-01
-9.993186593055725098e-01
-9.992284178733825684e-01
-2.753029167652130127e-01
-3.167145848274230957e-01
-2.614245414733886719e-01
2.776067256927490234e-01
9.993552565574645996e-01
-1.951701752841472626e-02
-9.747231006622314453e-01
-4.449101090431213379e-01
-2.944140136241912842e-01
-2.906739152967929840e-02
9.995189905166625977e-01
1.513845771551132202e-01
1.202198565006256104e-01
6.089190766215324402e-02
-3.501576185226440430e-01
-9.950349926948547363e-01
-2.126012295484542847e-01
-2.292423695325851440e-01
6.356846541166305542e-02
9.993900656700134277e-01
-8.938807994127273560e-02
-9.980184435844421387e-01
-9.971814155578613281e-01
-2.542869448661804199e-01
-3.429852053523063660e-02
9.995423555374145508e-01
1.373349130153656006e-01
1.279241442680358887e-01
-3.731786739081144333e-03
-9.850254654884338379e-01
-8.428320288658142090e-01
-2.407390475273132324e-01
4.757545292377471924e-01
9.992150068283081055e-01
-2.098097093403339386e-02
-9.903175234794616699e-01
-9.867619872093200684e-01
-2.867756187915802002e-01
5.072102695703506470e-02
9.995363354682922363e-01
1.319983601570129395e-01
1.254971623420715332e-01
6.221885234117507935e-02
-3.877857029438018799e-01
-9.362151026725769043e-01
-3.129249811172485352e-01
-2.332171946763992310e-01
6.981283426284790039e-01
9.956281185150146484e-01
-1.109145209193229675e-01
-9.985649585723876953e-01
-9.992477297782897949e-01
-2.605633139610290527e-01
-1.393372118473052979e-01
9.930334687232971191e-01
-5.800632387399673462e-02
-9.318758249282836914e-01
-5.380051732063293457e-01
-3.057534694671630859e-01
-1.115797609090805054e-01
9.988348484039306641e-01
2.801318764686584473e-01
1.594092547893524170e-01
1.449241936206817627e-01
1.035605557262897491e-02
-9.062271714210510254e-01
-9.206921458244323730e-01
-3.196184337139129639e-01
1.589796040207147598e-03
9.995277523994445801e-01
6.952366232872009277e-01
-1.165898963809013367e-01
-9.990732073783874512e-01
-9.992360472679138184e-01
-2.838064730167388916e-01
-1.603450030088424683e-01
9.549956917762756348e-01
-5.818305909633636475e-02
-9.235707521438598633e-01
-7.844226956367492676e-01
-2.644918859004974365e-01
8.713449537754058838e-02
9.995206594467163086e-01
9.988692998886108398e-01
1.123310625553131104e-01
-1.896377801895141602e-01
-9.992912411689758301e-01
-9.988040924072265625e-01
-3.046429455280303955e-01
-1.026745587587356567e-01
9.985535740852355957e-01
-1.892209984362125397e-02
4.467676579952239990e-01
-1.658315509557723999e-01
-9.991788268089294434e-01
-9.986468553543090820e-01
-2.846660912036895752e-01
5.842027440667152405e-02
9.994989633560180664e-01
-5.485162138938903809e-02
-7.526313662528991699e-01
-3.576550781726837158e-01
-2.667902410030364990e-01
-1.389155387878417969e-01
9.988362789154052734e-01
2.495539784431457520e-01
2.687942981719970703e-01
5.284955352544784546e-02
-1.657086610794067383e-01
-9.988831877708435059e-01
-2.434601485729217529e-01
-2.711370587348937988e-01
-2.764155864715576172e-01
-1.317361593246459961e-01
9.988078474998474121e-01
1.186828478239476681e-03
-1.528200507164001465e-01
-9.991493225097656250e-01
-2.441539913415908813e-01
-3.386885821819305420e-01
-2.796969115734100342e-01
-1.197579279541969299e-01
9.992385506629943848e-01
2.132683619856834412e-02
-4.297334253787994385e-01
-7.602055072784423828e-01
-3.187099099159240723e-01
-2.263177633285522461e-01
9.271579980850219727e-01
1.848079264163970947e-01
1.942959427833557129e-01
1.424571871757507324e-01
1.267742644995450974e-02
-9.847281575202941895e-01
-2.537661790847778320e-01
-3.480461239814758301e-01
-2.356855571269989014e-01
-1.031496822834014893e-01
9.990016818046569824e-01
-5.503764376044273376e-02
-8.767023086547851562e-01
-9.986771941184997559e-01
-3.135714232921600342e-01
-2.031915783882141113e-01
9.743874669075012207e-01
9.202021956443786621e-01
6.417609751224517822e-02
-8.875539302825927734e-01
-9.992576241493225098e-01
-2.787437140941619873e-01
-1.324741095304489136e-01
9.980528950691223145e-01
7.118880748748779297e-02
9.085603058338165283e-02
-1.185861751437187195e-01
-9.988364577293395996e-01
-4.645136296749114990e-01
-3.135864734649658203e-01
1.237973663955926895e-02
9.995043873786926270e-01
8.572961091995239258e-01
-1.010174956172704697e-02
-9.904874563217163086e-01
-9.992770552635192871e-01
-3.308507204055786133e-01
-1.457944810390472412e-01
9.975516796112060547e-01
-9.935792535543441772e-02
3.219492733478546143e-01
7.192982733249664307e-02
-9.232123494148254395e-01
-9.982601404190063477e-01
-3.396748602390289307e-01
-8.818960748612880707e-03
9.994758367538452148e-01
5.257556438446044922e-01
-1.405339688062667847e-01
-9.986006617546081543e-01
-8.930571675300598145e-01
-2.997497022151947021e-01
1.478708833456039429e-01
9.994843602180480957e-01
9.249048233032226562e-01
4.376585409045219421e-02
-8.033632040023803711e-01
-9.991258382797241211e-01
-2.812964022159576416e-01
-1.001864746212959290e-01
9.988824129104614258e-01
-3.839763626456260681e-02
1.002804413437843323e-01
-1.092468947172164917e-01
-9.989612698554992676e-01
-9.970300793647766113e-01
-2.681206464767456055e-01
3.705495297908782959e-01
9.994875192642211914e-01
-2.659938111901283264e-02
2.393072545528411865e-01
1.726747453212738037e-01
-5.149058066308498383e-03
-9.971318840980529785e-01
-9.989478588104248047e-01
-2.943827509880065918e-01
-1.761123305186629295e-03
9.994255304336547852e-01
4.326676577329635620e-02
1.980036944150924683e-01
-3.968783095479011536e-02
-9.979408383369445801e-01
-9.950191378593444824e-01
-3.211435675621032715e-01
1.027259826660156250e-01
9.994524121284484863e-01
6.866385340690612793e-01
8.450330048799514771e-02
-5.600587725639343262e-01
-9.992468357086181641e-01
-4.383086562156677246e-01
-2.777296900749206543e-01
5.975996851921081543e-01
9.994244575500488281e-01
5.781783536076545715e-02
-5.069414973258972168e-01
-9.992422461509704590e-01
-8.401598930358886719e-01
-3.129091262817382812e-01
2.479835003614425659e-01
9.995046854019165039e-01
4.061647355556488037e-01
1.608295887708663940e-01
1.874883472919464111e-02
-9.889490604400634766e-01
-9.982856512069702148e-01
-3.560130596160888672e-01
-7.314671576023101807e-02
9.992034435272216797e-01
4.921965897083282471e-01
-8.297313004732131958e-02
-9.959592819213867188e-01
-9.828044772148132324e-01
-2.724612355232238770e-01
3.921328186988830566e-01
9.994850158691406250e-01
7.920685410499572754e-02
1.838747560977935791e-01
1.483186632394790649e-01
5.736159533262252808e-02
-9.241542220115661621e-01
-9.988551735877990723e-01
-3.049387633800506592e-01
-3.825558349490165710e-02
9.994116425514221191e-01
6.678394228219985962e-02
1.104541793465614319e-01
1.047453656792640686e-01
-9.162304997444152832e-01
-9.992520213127136230e-01
-3.562504649162292480e-01
-1.281931549310684204e-01
9.985678791999816895e-01
7.192959636449813843e-02
2.192791402339935303e-01
2.002332061529159546e-01
9.613402187824249268e-02
-6.041793823242187500e-01
-9.986846446990966797e-01
-2.712234854698181152e-01
6.213880330324172974e-02
9.995105862617492676e-01
-6.406330317258834839e-02
-1.002783235162496567e-02
-9.785669445991516113e-01
-9.562622308731079102e-01
-1.830920279026031494e-01
9.926170706748962402e-01
8.049880266189575195e-01
5.480562895536422729e-02
-3.879372477531433105e-01
-9.992328286170959473e-01
-8.224545121192932129e-01
-2.488525658845901489e-01
9.458085894584655762e-01
9.993427991867065430e-01
-1.685964912176132202e-01
-9.984528422355651855e-01
-9.962620139122009277e-01
-3.137211799621582031e-01
1.394832227379083633e-02
9.995329976081848145e-01
9.916765093803405762e-01
7.840102910995483398e-02
-1.191104203462600708e-01
-9.989070296287536621e-01
-9.992474317550659180e-01
-3.119897544384002686e-01
-5.910526961088180542e-02
9.993649125099182129e-01
2.841257117688655853e-02
1.530028134584426880e-01
6.084891036152839661e-02
-9.349529743194580078e-01
-9.974857568740844727e-01
-3.496123850345611572e-01
5.228740349411964417e-02
9.995114207267761230e-01
3.447197377681732178e-01
9.997385740280151367e-02
1.566855460405349731e-01
6.412425637245178223e-02
-9.033899903297424316e-01
-9.983432888984680176e-01
-3.649026751518249512e-01
-1.031640991568565369e-01
9.991110563278198242e-01
6.209043860435485840e-01
-1.632989197969436646e-01
-9.988846182823181152e-01
-9.975920915603637695e-01
-3.166945874691009521e-01
1.083868518471717834e-01
9.995512366294860840e-01
1.692722886800765991e-01
2.105648368597030640e-01
1.561562120914459229e-01
7.389394938945770264e-02
-4.912016987800598145e-01
-9.983968734741210938e-01
-3.448008000850677490e-01
-1.801039874553680420e-01
9.948747158050537109e-01
7.584757357835769653e-02
1.872190535068511963e-01
7.350640743970870972e-02
-9.171158671379089355e-01
-9.992331862449645996e-01
-3.761304020881652832e-01
-8.997431397438049316e-02
9.992144107818603516e-01
1.340482980012893677e-01
1.953266412019729614e-01
2.643481492996215820e-01
1.149981319904327393e-01
-5.591517686843872070e-01
-9.992114305496215820e-01
-2.622393965721130371e-01
-1.336515098810195923e-01
9.968122243881225586e-01
-7.055230438709259033e-02
-1.470644120126962662e-02
-9.700815677642822266e-01
-9.768239259719848633e-01
-3.205594718456268311e-01
2.410366386175155640e-01
9.995413422584533691e-01
9.865022897720336914e-01
1.094896122813224792e-01
-2.034054696559906006e-01
-9.992731213569641113e-01
-9.989920854568481445e-01
-3.078351616859436035e-01
6.752438843250274658e-02
9.995069503784179688e-01
6.002838257700204849e-03
2.975840270519256592e-01
1.598346680402755737e-01
-1.006594002246856689e-01
-9.988530278205871582e-01
-9.987154603004455566e-01
-3.345370292663574219e-01
-1.649796962738037109e-02
9.995021820068359375e-01
3.430281877517700195e-01
-1.017634049057960510e-01
-9.970990419387817383e-01
-7.873881459236145020e-01
-2.967503666877746582e-01
4.684340655803680420e-01
9.996346831321716309e-01
1.339417397975921631e-01
9.162487089633941650e-02
1.709342151880264282e-01
1.477386504411697388e-01
9.391834586858749390e-02
-4.831540882587432861e-01
-9.994056820869445801e-01
-3.254718780517578125e-01
-3.068186938762664795e-01
-1.431002020835876465e-01
9.931517243385314941e-01
3.298534452915191650e-02
6.769851595163345337e-02
5.451042205095291138e-02
-9.898083806037902832e-01
-9.993014335632324219e-01
-2.635695338249206543e-01
1.123370528221130371e-01
9.995862841606140137e-01
-5.525481700897216797e-02
-9.155911803245544434e-01
-8.750283122062683105e-01
-3.227499127388000488e-01
9.403109550476074219e-02
9.994913339614868164e-01
3.120771944522857666e-01
2.597341835498809814e-01
1.919558495283126831e-01
2.910489737987518311e-01
1.353633850812911987e-01
1.476719528436660767e-01
1.802572458982467651e-01
1.918150298297405243e-02
-9.903140068054199219e-01
-9.921674132347106934e-01
-3.533378243446350098e-01
-3.360901176929473877e-01
-2.233439981937408447e-01
4.671995639801025391e-01
9.983729720115661621e-01
-3.904966637492179871e-02
-8.372197151184082031e-01
-9.993878006935119629e-01
-3.469619452953338623e-01
-1.815454661846160889e-01
9.931048750877380371e-01
8.187774568796157837e-02
1.897983700037002563e-01
2.102430015802383423e-01
1.822981983423233032e-01
8.482920005917549133e-03
-9.948821663856506348e-01
-9.990986585617065430e-01
-2.492150366306304932e-01
6.142467260360717773e-01
9.993958473205566406e-01
-8.876221626996994019e-02
-8.109565377235412598e-01
-9.992122650146484375e-01
-3.003349006175994873e-01
4.640056565403938293e-02
9.995324015617370605e-01
2.467291615903377533e-02
2.296674549579620361e-01
1.595919281244277954e-01
2.006366997957229614e-01
9.747786074876785278e-02
-9.948860853910446167e-02
-9.985160827636718750e-01
-2.802128195762634277e-01
-3.126482069492340088e-01
-8.347786962985992432e-02
9.990716576576232910e-01
2.668656222522258759e-02
6.882113963365554810e-02
-8.196738958358764648e-01
-9.992687702178955078e-01
-3.428198397159576416e-01
-9.489654749631881714e-02
9.990653991699218750e-01
5.383599549531936646e-02
2.052635699510574341e-01
1.153347119688987732e-01
8.874023705720901489e-02
-1.913149952888488770e-01
-9.990231990814208984e-01
-3.281849920749664307e-01
-2.958672940731048584e-01
3.103491961956024170e-01
9.995088577270507812e-01
-4.009716585278511047e-02
-9.495506286621093750e-01
-9.957185387611389160e-01
-3.122074902057647705e-01
1.943228393793106079e-01
9.995283484458923340e-01
6.858740448951721191e-01
6.218790262937545776e-02
-1.509899972006678581e-03
-9.690930843353271484e-01
-9.980787634849548340e-01
-3.265869915485382080e-01
1.005219370126724243e-01
9.995714426040649414e-01
1.313504874706268311e-01
1.429084222763776779e-02
8.188201487064361572e-02
-3.866160511970520020e-01
-9.989470839500427246e-01
-3.257119059562683105e-01
-1.122271940112113953e-01
9.990072250366210938e-01
-6.493512541055679321e-02
1.313240528106689453e-01
1.978618055582046509e-01
1.427634358406066895e-01
1.011135950684547424e-01
-3.316168487071990967e-01
-9.993608593940734863e-01
-2.983140647411346436e-01
-3.071844577789306641e-01
-7.642299681901931763e-02
9.990288019180297852e-01
-3.554002195596694946e-02
6.802821159362792969e-02
-8.047960400581359863e-01
-9.991065859794616699e-01
-3.368063867092132568e-01
-5.188722163438796997e-02
9.994311332702636719e-01
1.786406189203262329e-01
1.556143760681152344e-01
1.945518553256988525e-01
7.441941648721694946e-02
-5.274032056331634521e-02
-9.939303994178771973e-01
-3.442180454730987549e-01
-2.663597166538238525e-01
6.664240360260009766e-01
7.285771965980529785e-01
-1.779222786426544189e-01
-9.985328316688537598e-01
-9.987581372261047363e-01
-2.888633310794830322e-01
4.084774255752563477e-01
9.995824694633483887e-01
5.726495012640953064e-02
2.439678758382797241e-01
1.249406263232231140e-01
1.239852085709571838e-01
-1.007897406816482544e-01
-9.988303184509277344e-01
-3.075900375843048096e-01
-3.019231557846069336e-01
-2.054628729820251465e-01
9.071032404899597168e-01
-8.744978904724121094e-02
-1.761357784271240234e-01
-9.986020326614379883e-01
-9.781644344329833984e-01
-3.272861242294311523e-01
4.952199459075927734e-01
9.995095729827880859e-01
5.642920732498168945e-01
1.487277895212173462e-01
1.654453575611114502e-01
1.073232218623161316e-01
-4.567305743694305420e-01
-9.993979930877685547e-01
-3.817226290702819824e-01
-2.526109516620635986e-01
6.872667074203491211e-01
4.450868070125579834e-02
1.847715377807617188e-01
1.876060478389263153e-02
-9.519101381301879883e-01
-9.976026415824890137e-01
-3.386934697628021240e-01
1.813569515943527222e-01
9.995439052581787109e-01
5.687459111213684082e-01
9.201924502849578857e-02
1.946610063314437866e-01
1.794954240322113037e-01
6.087249144911766052e-02
-9.484524726867675781e-01
-9.993461370468139648e-01
-3.635939657688140869e-01
-1.582835614681243896e-01
9.977069497108459473e-01
-3.856729250401258469e-03
1.384060382843017578e-01
1.467224806547164917e-01
1.406475156545639038e-01
-6.090931296348571777e-01
-9.993229508399963379e-01
-3.292981982231140137e-01
-1.352470517158508301e-01
9.982458949089050293e-01
-6.385827809572219849e-02
-3.252695128321647644e-02
-7.670976519584655762e-01
-8.552145957946777344e-01
-3.293076753616333008e-01
1.947547793388366699e-01
9.994625449180603027e-01
9.983009696006774902e-01
7.639854401350021362e-02
1.816956251859664917e-01
1.681102067232131958e-01
3.582277521491050720e-02
-9.860500693321228027e-01
-9.993954896926879883e-01
-2.978214919567108154e-01
-4.571798071265220642e-02
9.992950558662414551e-01
-1.045655831694602966e-01
-3.218561112880706787e-01
-9.993427991867065430e-01
-9.860024452209472656e-01
-2.908941507339477539e-01
9.023386836051940918e-01
9.993740320205688477e-01
1.811514422297477722e-02
2.165737003087997437e-01
2.142538577318191528e-01
8.693641424179077148e-02
-8.223705887794494629e-01
-9.993560314178466797e-01
-3.169932663440704346e-01
5.384595692157745361e-02
9.995027780532836914e-01
-7.387813180685043335e-02
1.226873174309730530e-01
1.992083489894866943e-01
1.889368891716003418e-01
2.425918728113174438e-02
-9.883037805557250977e-01
-9.993738532066345215e-01
-3.061918020248413086e-01
4.980506375432014465e-02
9.995315074920654297e-01
3.761108964681625366e-02
1.354745775461196899e-01
6.823243200778961182e-02
-8.982126712799072266e-01
-9.989753961563110352e-01
-3.487632572650909424e-01
1.695684194564819336e-01
9.995370507240295410e-01
1.097390130162239075e-01
1.915014833211898804e-01
1.985273063182830811e-01
1.743124872446060181e-01
1.885372400283813477e-01
1.405397802591323853e-01
4.602438211441040039e-02
-8.488435745239257812e-01
-7.008832693099975586e-01
-3.772272169589996338e-01
-3.298096954822540283e-01
-3.374803066253662109e-02
9.993616342544555664e-01
5.132747069001197815e-02
1.280334293842315674e-01
9.407211840152740479e-02
-9.161804318428039551e-01
-9.994095563888549805e-01
-3.573754131793975830e-01
-4.564757272601127625e-02
9.994356036186218262e-01
9.378766268491744995e-02
2.050472199916839600e-01
2.276832759380340576e-01
1.455042213201522827e-01
1.065374240279197693e-01
-2.226942479610443115e-01
-9.991984963417053223e-01
-3.536963462829589844e-01
-2.794464528560638428e-01
2.021249830722808838e-01
9.995529651641845703e-01
-1.587375104427337646e-01
-9.980505704879760742e-01
-9.988965988159179688e-01
-3.460663557052612305e-01
9.180790185928344727e-02
9.995905756950378418e-01
7.385560870170593262e-01
3.145489469170570374e-02
1.333157420158386230e-01
2.045740038156509399e-01
1.434131115674972534e-01
1.060418114066123962e-01
-3.587468564510345459e-01
-9.993249773979187012e-01
-3.972893655300140381e-01
-3.454730808734893799e-01
-2.797864377498626709e-01
1.967022716999053955e-01
9.988486170768737793e-01
1.160466577857732773e-03
7.450497895479202271e-02
-9.298077225685119629e-01
-9.994880557060241699e-01
-3.972814977169036865e-01
-1.945847719907760620e-01
9.975060224533081055e-01
1.216095909476280212e-01
1.653963774442672729e-01
1.756303459405899048e-01
2.258111983537673950e-01
1.667664498090744019e-01
1.933521181344985962e-01
1.019776389002799988e-01
5.233398987911641598e-04
-9.714338779449462891e-01
-5.129087567329406738e-01
-4.473603367805480957e-01
-3.497044742107391357e-01
4.685388877987861633e-02
9.995696544647216797e-01
8.803595602512359619e-02
-4.262628406286239624e-02
-5.161688327789306641e-01
-9.992185235023498535e-01
-3.669064044952392578e-01
-8.552280068397521973e-02
9.994235038757324219e-01
1.123295202851295471e-01
1.467190533876419067e-01
1.351874619722366333e-01
1.868302673101425171e-01
1.888278573751449585e-01
1.153316050767898560e-01
1.405424326658248901e-01
1.913472861051559448e-01
1.049211844801902771e-01
-6.958110928535461426e-01
-9.993759393692016602e-01
-9.854553937911987305e-01
-4.045965373516082764e-01
-1.421110928058624268e-01
9.969368577003479004e-01
1.226496845483779907e-01
6.065517663955688477e-01
-7.861547172069549561e-02
-9.921933412551879883e-01
-9.992740154266357422e-01
-3.741638958454132080e-01
7.690369337797164917e-02
9.995585680007934570e-01
2.567500472068786621e-01
1.335630863904953003e-01
1.810269653797149658e-01
1.916161924600601196e-01
1.964623034000396729e-01
1.268073618412017822e-01
1.176032945513725281e-01
1.156936660408973694e-01
4.854477010667324066e-03
-9.857631325721740723e-01
-9.967372417449951172e-01
-3.984742760658264160e-01
-3.264263868331909180e-01
5.355275794863700867e-02
9.994615316390991211e-01
1.246020272374153137e-01
1.368379145860671997e-01
3.797791898250579834e-02
8.371252566576004028e-02
-8.534684181213378906e-01
-9.994272589683532715e-01
-4.029396772384643555e-01
-9.175593405961990356e-02
9.993194937705993652e-01
7.565859705209732056e-02
5.635199546813964844e-01
8.662308752536773682e-02
4.902592673897743225e-02
-4.056333303451538086e-01
-9.992190599441528320e-01
-3.228490948677062988e-01
-2.148848399519920349e-02
9.994460940361022949e-01
1.725656911730766296e-02
4.400173574686050415e-02
1.627020537853240967e-01
1.928599923849105835e-01
2.014155685901641846e-01
8.819460123777389526e-02
-4.508129060268402100e-01
-9.994056820869445801e-01
-4.490607082843780518e-01
-3.496843874454498291e-01
-1.080569475889205933e-01
9.987042546272277832e-01
1.919982582330703735e-02
1.000305563211441040e-01
1.180722117424011230e-01
-2.765841186046600342e-01
-9.993074536323547363e-01
-3.852323293685913086e-01
-2.206030189990997314e-01
9.922034144401550293e-01
5.744445323944091797e-02
6.755530834197998047e-02
1.776218265295028687e-01
2.281018346548080444e-01
2.082803696393966675e-01
1.608668714761734009e-01
4.688960686326026917e-02
-9.118881225585937500e-01
-8.062778115272521973e-01
-4.259209930896759033e-01
-3.081387877464294434e-01
3.224323391914367676e-01
9.992044568061828613e-01
9.674841910600662231e-02
4.830740019679069519e-02
6.454983353614807129e-02
-9.499138593673706055e-01
-9.993631243705749512e-01
-4.306097328662872314e-01
-5.705644935369491577e-02
9.994263052940368652e-01
6.489250808954238892e-02
5.592980980873107910e-01
8.077426999807357788e-02
-1.581727177836000919e-03
-9.148945212364196777e-01
-9.926542043685913086e-01
-3.757745921611785889e-01
3.957980871200561523e-01
9.994525313377380371e-01
2.064398378133773804e-01
1.593558639287948608e-01
2.169398069381713867e-01
2.468617856502532959e-01
9.909352660179138184e-02
-1.677562147378921509e-01
-9.991046190261840820e-01
-3.692854344844818115e-01
-3.624745011329650879e-01
-2.039784789085388184e-01
9.733121991157531738e-01
-1.112696081399917603e-01
-2.574998140335083008e-01
-9.991306662559509277e-01
-9.906034469604492188e-01
-2.543514370918273926e-01
9.943965077400207520e-01
9.994726181030273438e-01
-3.929699584841728210e-02
-2.524673044681549072e-01
-9.988842606544494629e-01
-4.411910474300384521e-01
-1.386243551969528198e-01
9.993260502815246582e-01
9.996138215065002441e-01
3.836804628372192383e-02
1.933813244104385376e-01
9.065444767475128174e-02
1.851778849959373474e-02
-9.398119449615478516e-01
-9.993625283241271973e-01
-3.424456417560577393e-01
1.290852949023246765e-02
9.994908571243286133e-01
-1.902151107788085938e-02
8.768689632415771484e-02
8.180718868970870972e-02
1.258621551096439362e-02
-9.958295226097106934e-01
-9.993948936462402344e-01
-4.149923324584960938e-01
1.853341422975063324e-02
9.994714260101318359e-01
4.336175695061683655e-02
2.122417986392974854e-01
2.489143460988998413e-01
2.746558487415313721e-01
1.891097277402877808e-01
1.537269502878189087e-01
9.432642161846160889e-02
-3.365357816219329834e-01
-9.993685483932495117e-01
-7.009988427162170410e-01
-3.284926414489746094e-01
-1.062746741808950901e-03
9.994816780090332031e-01
7.734902668744325638e-03
1.475297510623931885e-01
3.767858818173408508e-02
-9.575432538986206055e-01
-9.992489218711853027e-01
-3.306286633014678955e-01
4.561353623867034912e-01
9.995509386062622070e-01
-4.463555663824081421e-02
1.105521768331527710e-01
2.544896006584167480e-01
2.478843182325363159e-01
2.253161072731018066e-01
1.767925024032592773e-01
1.070863753557205200e-01
-1.427075266838073730e-01
-9.991840124130249023e-01
-9.851019978523254395e-01
-4.142269194126129150e-01
-2.302190959453582764e-01
9.644143581390380859e-01
5.516069009900093079e-02
2.065541595220565796e-01
1.507929116487503052e-01
1.557321250438690186e-01
-6.640677154064178467e-02
-9.981901049613952637e-01
-9.994118809700012207e-01
-3.566623330116271973e-01
2.494855374097824097e-01
9.994582533836364746e-01
1.081172227859497070e-01
3.400307595729827881e-01
7.252280414104461670e-02
1.849332600831985474e-01
2.424761652946472168e-01
1.044048741459846497e-01
3.499959362670779228e-03
-9.468212127685546875e-01
-6.085267066955566406e-01
-3.547981083393096924e-01
-1.146312877535820007e-01
9.983749389648437500e-01
-3.082025051116943359e-02
4.422065243124961853e-02
8.283007144927978516e-02
-8.299186229705810547e-01
-9.993799924850463867e-01
-4.092645943164825439e-01
-2.278571017086505890e-02
9.995000958442687988e-01
4.504938423633575439e-02
1.997550576925277710e-01
2.089170366525650024e-01
2.381183356046676636e-01
2.516744732856750488e-01
1.701034456491470337e-01
1.875766217708587646e-01
6.671635806560516357e-02
-3.428214788436889648e-01
-9.993596673011779785e-01
-7.109772562980651855e-01
-3.941344022750854492e-01
-1.515343934297561646e-01
9.978408217430114746e-01
2.331837546080350876e-03
2.611428499221801758e-01
8.185192942619323730e-02
9.180540591478347778e-02
-4.584282934665679932e-01
-9.994899630546569824e-01
-3.129353225231170654e-01
1.573981367982923985e-03
9.994694590568542480e-01
-7.182412594556808472e-02
1.472864300012588501e-01
2.669263184070587158e-01
1.894211471080780029e-01
1.973781138658523560e-01
1.545197963714599609e-01
1.168519258499145508e-01
-1.940962225198745728e-01
-9.992883801460266113e-01
-9.863054156303405762e-01
-4.214057028293609619e-01
-1.963456869125366211e-01
9.940636157989501953e-01
4.990744218230247498e-02
2.105702161788940430e-01
9.422124922275543213e-02
1.451692581176757812e-01
-3.175493795424699783e-03
-9.871365427970886230e-01
-9.989480376243591309e-01
-3.967915773391723633e-01
2.423735857009887695e-01
9.995993375778198242e-01
4.936069548130035400e-01
1.826529651880264282e-01
2.457489967346191406e-01
2.453162819147109985e-01
2.262921929359436035e-01
1.943211257457733154e-01
1.000822409987449646e-01
-5.021034479141235352e-01
-9.994145035743713379e-01
-9.852411150932312012e-01
-4.418693184852600098e-01
-1.048260033130645752e-01
9.987752437591552734e-01
5.940311588346958160e-03
1.622054725885391235e-01
3.132736310362815857e-02
9.479378908872604370e-02
1.436726301908493042e-01
-9.191319346427917480e-02
-9.984946846961975098e-01
-3.326035141944885254e-01
-3.429984748363494873e-01
1.437928825616836548e-01
9.995272755622863770e-01
-2.998112328350543976e-02
-2.443773858249187469e-02
-6.379933953285217285e-01
-9.975405931472778320e-01
-2.820568382740020752e-01
9.387619495391845703e-01
9.994395375251770020e-01
4.039450362324714661e-02
2.494391649961471558e-01
1.818704754114151001e-01
1.701793968677520752e-01
1.711206585168838501e-01
1.387225687503814697e-01
-2.402751445770263672e-01
-9.992517828941345215e-01
-9.981393814086914062e-01
-5.461648702621459961e-01
-2.294234633445739746e-01
9.438990354537963867e-01
-7.405968848615884781e-03
1.356361359357833862e-01
1.049106419086456299e-01
1.552961170673370361e-01
1.113148629665374756e-01
1.502059400081634521e-01
-9.626919031143188477e-02
-9.986227154731750488e-01
-4.610431790351867676e-01
-2.616173923015594482e-01
5.522637963294982910e-01
9.995396137237548828e-01
-2.410273253917694092e-01
-9.990195631980895996e-01
-9.993500113487243652e-01
-3.468358516693115234e-01
3.410062789916992188e-01
9.995163679122924805e-01
5.832777917385101318e-02
1.903863549232482910e-01
1.977559775114059448e-01
2.479771673679351807e-01
1.960033476352691650e-01
1.740708053112030029e-01
2.644453048706054688e-01
9.256413578987121582e-02
6.851572543382644653e-02
-1.617248058319091797e-01
-9.988722205162048340e-01
-9.974821805953979492e-01
-4.558953046798706055e-01
-2.224696278572082520e-01
9.776054024696350098e-01
1.089316532015800476e-01
1.520902663469314575e-01
1.258871704339981079e-01
9.711159020662307739e-02
8.208788931369781494e-02
-8.128291368484497070e-01
-9.994038939476013184e-01
-3.737822771072387695e-01
9.361901879310607910e-02
9.995555877685546875e-01
3.638795390725135803e-02
2.368090748786926270e-01
2.190009206533432007e-01
1.933639049530029297e-01
2.578137218952178955e-01
1.174891889095306396e-01
7.933215796947479248e-02
-1.378322690725326538e-01
-9.989179968833923340e-01
-7.319713830947875977e-01
-4.088279306888580322e-01
-1.726283729076385498e-01
9.980075955390930176e-01
3.326239809393882751e-02
1.093939021229743958e-01
1.557495445013046265e-01
1.418777257204055786e-01
1.081126630306243896e-01
-3.197037801146507263e-02
-9.900649189949035645e-01
-3.702782988548278809e-01
-2.844174206256866455e-01
6.052424907684326172e-01
9.995256662368774414e-01
-2.062941044569015503e-01
-9.987601041793823242e-01
-9.994097352027893066e-01
-3.622610270977020264e-01
1.997378095984458923e-02
9.994851350784301758e-01
9.994499683380126953e-01
5.473215132951736450e-02
6.699025630950927734e-02
-5.293761193752288818e-02
-9.919297099113464355e-01
-9.992645978927612305e-01
-3.638047873973846436e-01
6.979091763496398926e-01
9.994730353355407715e-01
-1.034729704260826111e-01
1.426544487476348877e-01
2.047785222530364990e-01
1.851286590099334717e-01
2.095120847225189209e-01
1.128458082675933838e-01
-1.895609647035598755e-01
-9.991417527198791504e-01
-9.458864331245422363e-01
-4.718110263347625732e-01
-1.101091057062149048e-01
9.988838434219360352e-01
3.686240315437316895e-02
1.079871356487274170e-01
1.128885149955749512e-01
1.369672119617462158e-01
4.165703803300857544e-02
-8.740462660789489746e-01
-9.993349313735961914e-01
-3.486019968986511230e-01
4.003433287143707275e-01
9.994096755981445312e-01
2.789129316806793213e-02
2.224746197462081909e-01
1.970015615224838257e-01
2.543291449546813965e-01
1.297228634357452393e-01
1.462283879518508911e-01
1.623352319002151489e-01
6.764946132898330688e-02
-7.691662907600402832e-01
-9.994015693664550781e-01
-9.199545383453369141e-01
-3.738996982574462891e-01
1.165430545806884766e-01
9.994928836822509766e-01
7.065328955650329590e-02
1.658667027950286865e-01
1.362152844667434692e-01
2.248017489910125732e-01
8.563122898340225220e-02
-5.619042515754699707e-01
-9.993878602981567383e-01
-3.775635957717895508e-01
-4.251030460000038147e-02
9.994486570358276367e-01
-9.656389243900775909e-03
1.824767142534255981e-01
1.839622557163238525e-01
2.165955007076263428e-01
1.610036492347717285e-01
1.384066492319107056e-01
1.600854694843292236e-01
1.839113533496856689e-01
9.003474563360214233e-02
-4.637369215488433838e-01
-9.993168115615844727e-01
-9.985022544860839844e-01
-3.925662338733673096e-01
9.204217232763767242e-03
9.995058774948120117e-01
-1.679769018664956093e-03
1.324684172868728638e-01
1.523242741823196411e-01
1.766798794269561768e-01
9.769015759229660034e-02
-5.565977096557617188e-01
-9.993577003479003906e-01
-3.911053538322448730e-01
-4.966937378048896790e-02
9.994733333587646484e-01
-5.269229412078857422e-02
1.802409589290618896e-01
1.605643332004547119e-01
2.736733555793762207e-01
2.046414315700531006e-01
1.639706492424011230e-01
1.451848745346069336e-01
1.694612503051757812e-01
1.437390893697738647e-01
5.629052594304084778e-02
-7.551241517066955566e-01
-9.994116425514221191e-01
-9.856202006340026855e-01
-4.093072414398193359e-01
3.177466616034507751e-02
9.995345473289489746e-01
1.225167289376258850e-01
3.467988073825836182e-01
1.831028312444686890e-01
2.070588916540145874e-01
-1.945676282048225403e-02
-9.928063154220581055e-01
-9.994444251060485840e-01
-4.231758415699005127e-01
1.730223745107650757e-01
9.995319247245788574e-01
5.376919358968734741e-02
4.155349433422088623e-01
-9.995358586311340332e-01
-9.995356202125549316e-01
-9.996479153633117676e-01
-9.996110200881958008e-01
-9.996389746665954590e-01
-9.996420741081237793e-01
-9.995335936546325684e-01
-9.995956420898437500e-01
-9.995881319046020508e-01
-9.995065927505493164e-01
-9.992491602897644043e-01
-2.346714958548545837e-02
-2.425343915820121765e-02
-9.149099886417388916e-02
-1.921305619180202484e-02
2.710577249526977539e-01
9.991040229797363281e-01
9.992372393608093262e-01
9.993503689765930176e-01
9.993725419044494629e-01
9.993052482604980469e-01
9.992136359214782715e-01
9.992278814315795898e-01
9.990623593330383301e-01
9.987708330154418945e-01
9.988835453987121582e-01
5.239038169384002686e-02
-9.995862841606140137e-01
-9.995321035385131836e-01
-9.993906617164611816e-01
-9.993875026702880859e-01
-9.994472265243530273e-01
-9.993245601654052734e-01
-6.269159913063049316e-01
1.644836552441120148e-02
1.185048446059226990e-01
9.988592267036437988e-01
9.989733099937438965e-01
9.984822273254394531e-01
5.399065092206001282e-02
-9.994911551475524902e-01
-9.994224309921264648e-01
-9.944844245910644531e-01
-2.221347093582153320e-01
-1.871406435966491699e-01
-7.516436278820037842e-02
9.865887165069580078e-01
9.988890886306762695e-01
6.261499971151351929e-02
-9.984421133995056152e-01
-9.993362426757812500e-01
-3.241501450538635254e-01
-2.372480183839797974e-01
-2.326311320066452026e-01
-3.062459528446197510e-01
-2.869509756565093994e-01
-2.618398889899253845e-02
9.991179704666137695e-01
1.930271387100219727e-01
2.717577815055847168e-01
1.675320863723754883e-01
-3.298546373844146729e-01
-9.887933731079101562e-01
-1.747443228960037231e-01
-2.459186911582946777e-01
-3.124086856842041016e-01
-2.589267194271087646e-01
-2.603877484798431396e-01
-2.450373023748397827e-01
-2.186251431703567505e-01
3.656267374753952026e-02
9.992800951004028320e-01
2.819619178771972656e-01
1.631318125873804092e-03
-9.978335499763488770e-01
-2.707038521766662598e-01
-4.337417781352996826e-01
-3.198545277118682861e-01
-3.798803985118865967e-01
-3.022808432579040527e-01
-3.247857987880706787e-01
-2.791562080383300781e-01
-2.332827448844909668e-01
-1.006646528840065002e-01
9.959977865219116211e-01
9.988903403282165527e-01
-2.720747143030166626e-02
-9.989428520202636719e-01
-9.993457794189453125e-01
-5.390755534172058105e-01
-2.356219440698623657e-01
-2.436774671077728271e-01
-2.831226587295532227e-01
-2.999532520771026611e-01
-1.987794190645217896e-01
1.794863641262054443e-01
9.991673231124877930e-01
9.989202022552490234e-01
-9.559979289770126343e-02
-9.993649721145629883e-01
-9.993272423744201660e-01
-9.890530705451965332e-01
-1.029337644577026367e-01
-4.476874321699142456e-02
9.982659816741943359e-01
9.949042201042175293e-01
-1.080585345625877380e-01
-9.994539022445678711e-01
-9.993757009506225586e-01
-9.976928830146789551e-01
-1.988984197378158569e-01
-1.617951691150665283e-01
4.607442915439605713e-01
9.989949464797973633e-01
7.387095689773559570e-01
-8.110345900058746338e-02
-9.993696808815002441e-01
-9.993414878845214844e-01
-9.960225224494934082e-01
-1.763013303279876709e-01
-1.797487139701843262e-01
2.509196698665618896e-01
9.990935921669006348e-01
9.985717535018920898e-01
9.008333086967468262e-02
-9.976379275321960449e-01
-9.992970824241638184e-01
-9.981095194816589355e-01
-2.659885287284851074e-01
-2.077226340770721436e-01
-1.808487772941589355e-01
1.987094730138778687e-01
9.991495609283447266e-01
9.987627267837524414e-01
-7.060131430625915527e-02
-9.992915987968444824e-01
-9.992001652717590332e-01
-7.001513242721557617e-01
-1.085000634193420410e-01
-3.782222792506217957e-02
9.985820055007934570e-01
9.975348711013793945e-01
-1.262870281934738159e-01
-9.994765520095825195e-01
-9.994101524353027344e-01
-9.946712255477905273e-01
-2.057286351919174194e-01
-9.297600388526916504e-02
9.930241107940673828e-01
9.989001750946044922e-01
1.333799660205841064e-01
-9.958548545837402344e-01
-9.994242191314697266e-01
-9.856088757514953613e-01
-9.654413163661956787e-02
-3.844024240970611572e-02
9.986339211463928223e-01
9.978989362716674805e-01
-2.170000784099102020e-02
-9.992392063140869141e-01
-9.994164705276489258e-01
-6.803069114685058594e-01
-8.344969153404235840e-02
1.130485981702804565e-01
9.990996718406677246e-01
8.834394216537475586e-01
-6.626801937818527222e-02
-9.994188547134399414e-01
-9.993445873260498047e-01
-9.975152611732482910e-01
-1.943279802799224854e-01
-1.087443977594375610e-01
9.932785630226135254e-01
9.971082210540771484e-01
3.079190477728843689e-02
-9.986144304275512695e-01
-9.992883801460266113e-01
-9.392114877700805664e-01
-1.681607216596603394e-01
-8.982643485069274902e-02
9.978663921356201172e-01
9.988461732864379883e-01
-9.234975278377532959e-02
-9.993141889572143555e-01
-9.993873834609985352e-01
-1.360093057155609131e-01
-2.462915331125259399e-01
-4.224007725715637207e-01
-2.126615345478057861e-01
-7.941532880067825317e-02
9.984948039054870605e-01
9.989395141601562500e-01
9.799931431189179420e-04
-9.982839226722717285e-01
-9.993365406990051270e-01
-2.303206771612167358e-01
-2.895097732543945312e-01
-3.801144957542419434e-01
-2.864449024200439453e-01
-2.505613863468170166e-01
-1.296717375516891479e-01
9.860663414001464844e-01
9.990131258964538574e-01
-1.182354688644409180e-01
-9.993484020233154297e-01
-9.992333054542541504e-01
-4.279856979846954346e-01
-2.460349947214126587e-01
-1.865642368793487549e-01
-2.039108276367187500e-01
-1.836269050836563110e-01
-7.335304468870162964e-02
9.968597888946533203e-01
1.649926602840423584e-01
-1.873976737260818481e-01
-9.994305968284606934e-01
-7.010437250137329102e-01
-2.155036628246307373e-01
-2.758895158767700195e-01
-3.324542939662933350e-01
-2.771566808223724365e-01
-3.250009417533874512e-01
-2.177059501409530640e-01
3.826215267181396484e-01
9.991205930709838867e-01
2.321628481149673462e-01
-7.235901802778244019e-02
-9.990860223770141602e-01
-6.436280608177185059e-01
-1.948671191930770874e-01
-3.510027229785919189e-01
-3.188661336898803711e-01
-2.840477824211120605e-01
-3.087677061557769775e-01
-2.949466109275817871e-01
-2.912923097610473633e-01
-2.809796631336212158e-01
-2.381120324134826660e-01
-8.613936603069305420e-02
9.988214373588562012e-01
2.092139571905136108e-01
-6.701954174786806107e-03
-9.860295057296752930e-01
-1.726329177618026733e-01
-3.594901561737060547e-01
-3.186939358711242676e-01
-3.560476601123809814e-01
-2.955780327320098877e-01
-3.493355512619018555e-01
-3.682317733764648438e-01
-2.972668707370758057e-01
-3.550886809825897217e-01
-2.387357801198959351e-01
-1.053650979883968830e-03
9.993107318878173828e-01
2.253813594579696655e-01
3.962813615798950195e-01
-4.452460259199142456e-02
-9.983645081520080566e-01
-8.593907952308654785e-01
-1.691557317972183228e-01
-3.384566307067871094e-01
-3.268123269081115723e-01
-3.404311239719390869e-01
-3.206830620765686035e-01
-3.093349337577819824e-01
-2.563899159431457520e-01
-2.657793164253234863e-01
-2.815167307853698730e-01
-1.769343316555023193e-01
7.716990709304809570e-01
9.992387294769287109e-01
1.720779202878475189e-02
-9.962136745452880859e-01
-9.991897344589233398e-01
-1.647693067789077759e-01
-1.102904528379440308e-01
8.683500289916992188e-01
7.185925543308258057e-02
-9.459676146507263184e-01
-9.987253546714782715e-01
-8.601552844047546387e-01
-1.249157488346099854e-01
6.187095642089843750e-01
9.990871548652648926e-01
5.075076818466186523e-01
-3.468030132353305817e-03
-9.989203214645385742e-01
-9.993327856063842773e-01
-9.934777617454528809e-01
-1.373043358325958252e-01
-2.903592772781848907e-02
9.980969429016113281e-01
6.227752566337585449e-01
-8.400139957666397095e-02
-9.993402957916259766e-01
-9.993135333061218262e-01
-6.582627892494201660e-01
-1.753511428833007812e-01
-2.278073281049728394e-01
-2.476911693811416626e-01
-3.491312861442565918e-01
-2.716179192066192627e-01
-2.160969525575637817e-01
3.279429674148559570e-01
9.993099570274353027e-01
2.663113474845886230e-01
4.474440962076187134e-02
-7.557388544082641602e-01
-2.900951206684112549e-01
-2.969045042991638184e-01
-3.128285706043243408e-01
-3.544242084026336670e-01
-2.778945267200469971e-01
-3.170612156391143799e-01
-2.670443356037139893e-01
-3.096514940261840820e-01
-3.347322344779968262e-01
-3.007822334766387939e-01
-2.287996411323547363e-01
-2.030051201581954956e-01
-6.442897766828536987e-02
9.974871277809143066e-01
2.304762750864028931e-01
1.508495062589645386e-01
-7.602925878018140793e-03
-9.891260862350463867e-01
-8.765318393707275391e-01
-2.641668915748596191e-01
-3.225563764572143555e-01
-3.289076685905456543e-01
-3.447781801223754883e-01
-2.423322945833206177e-01
-3.031100630760192871e-01
-3.568005561828613281e-01
-2.655143439769744873e-01
-2.148715406656265259e-01
-5.757656693458557129e-02
9.989500045776367188e-01
9.991262555122375488e-01
-3.202193230390548706e-02
-9.985784888267517090e-01
-9.993010759353637695e-01
-1.549236476421356201e-01
-1.777840554714202881e-01
-1.144987791776657104e-01
2.879928611218929291e-02
9.958683252334594727e-01
-5.002516321837902069e-03
-9.985793232917785645e-01
-9.992626905441284180e-01
-9.823518395423889160e-01
-1.420738697052001953e-01
-2.918773591518402100e-01
-3.021165430545806885e-01
-2.711976468563079834e-01
-2.313068807125091553e-01
-1.479583829641342163e-01
9.445196390151977539e-01
9.991793632507324219e-01
7.122780382633209229e-02
-9.937420487403869629e-01
-9.988893866539001465e-01
-1.200031414628028870e-01
9.076211452484130859e-01
8.352275192737579346e-02
-5.899419188499450684e-01
-8.336493372917175293e-01
-6.038751602172851562e-01
-2.492585033178329468e-01
-3.361164629459381104e-01
-3.011505007743835449e-01
-2.341545522212982178e-01
-2.237015068531036377e-01
-1.199579760432243347e-01
9.892486929893493652e-01
9.990270137786865234e-01
8.164582401514053345e-02
-9.937609434127807617e-01
-9.991953372955322266e-01
-1.825730651617050171e-01
-1.271674185991287231e-01
4.573585391044616699e-01
1.449618488550186157e-01
-7.371323108673095703e-01
-9.982616305351257324e-01
-9.874953031539916992e-01
-1.561520844697952271e-01
-1.852220296859741211e-01
-2.537733614444732666e-01
-2.968260049819946289e-01
-2.972721159458160400e-01
-2.509912550449371338e-01
1.271468121558427811e-02
9.994383454322814941e-01
3.376644849777221680e-01
1.228651404380798340e-01
6.132421493530273438e-01
1.415778696537017822e-02
-9.892351627349853516e-01
-6.106797456741333008e-01
-3.289954364299774170e-01
-2.662796378135681152e-01
-3.694211244583129883e-01
-4.090262949466705322e-01
-2.765941917896270752e-01
-3.126131892204284668e-01
-3.298996388912200928e-01
-3.208380341529846191e-01
-2.895694673061370850e-01
-3.070207238197326660e-01
-2.841743826866149902e-01
-3.155061006546020508e-01
-2.293690443038940430e-01
-8.584910631179809570e-02
9.984505176544189453e-01
9.992079734802246094e-01
