-1.203227713704109192e-01
1.467057317495346069e-02
1.522346287965774536e-01
-3.579858243465423584e-01
-2.943558394908905029e-01
-2.506329119205474854e-01
-2.495124787092208862e-01
-2.485395669937133789e-01
-2.341600805521011353e-01
-2.396319657564163208e-01
-2.311521917581558228e-01
-2.330821156501770020e-01
-2.281465530395507812e-01
-2.341825067996978760e-01
-2.214213311672210693e-01
-2.219233214855194092e-01
-2.161810845136642456e-01
-2.225418239831924438e-01
-2.176455259323120117e-01
-2.179057300090789795e-01
-2.224048525094985962e-01
-2.073286473751068115e-01
-2.196349054574966431e-01
-2.205051779747009277e-01
-2.168461531400680542e-01
-2.172619700431823730e-01
-2.108747065067291260e-01
-2.272999882698059082e-01
-2.203452587127685547e-01
-2.214349806308746338e-01
-2.188876569271087646e-01
-2.274891436100006104e-01
-2.265878766775131226e-01
-2.272117733955383301e-01
-2.445303946733474731e-01
-2.523082792758941650e-01
-3.163304626941680908e-01
-3.664660155773162842e-01
-4.084332883358001709e-01
-4.140729308128356934e-01
-4.400213658809661865e-01
-4.858940243721008301e-01
-5.208252072334289551e-01
-5.059564113616943359e-01
-3.446609377861022949e-01
1.873494684696197510e-02
1.038615405559539795e-01
1.270228475332260132e-01
1.688186526298522949e-01
1.637247800827026367e-01
8.334928750991821289e-02
5.099982954561710358e-03
-2.074876986443996429e-02
-3.688852861523628235e-02
-3.290680423378944397e-02
-5.023183673620223999e-02
-4.586591571569442749e-02
-5.148036405444145203e-02
-4.346467182040214539e-02
-3.558717295527458191e-02
-4.321755096316337585e-02
-4.481268301606178284e-02
-4.122933372855186462e-02
-3.885341808199882507e-02
-4.270545020699501038e-02
-3.658381849527359009e-02
-3.737453371286392212e-02
-3.278010338544845581e-02
-3.363236039876937866e-02
-3.239448741078376770e-02
-2.329056710004806519e-02
-5.840521771460771561e-03
-1.078598294407129288e-02
8.711602538824081421e-03
3.337588161230087280e-02
6.050669029355049133e-02
6.787022948265075684e-02
8.829877525568008423e-02
1.060197949409484863e-01
1.269297301769256592e-01
1.308004409074783325e-01
1.406494826078414917e-01
1.513520181179046631e-01
1.520510315895080566e-01
1.600050330162048340e-01
1.632513105869293213e-01
1.767179369926452637e-01
1.711049228906631470e-01
1.730873733758926392e-01
1.833411902189254761e-01
1.896446347236633301e-01
1.883646249771118164e-01
1.947396844625473022e-01
1.879547983407974243e-01
1.901296824216842651e-01
1.884352862834930420e-01
1.829657405614852905e-01
1.924338042736053467e-01
1.977217048406600952e-01
1.945864558219909668e-01
1.933988332748413086e-01
2.034166157245635986e-01
2.006874829530715942e-01
2.006264477968215942e-01
2.073277682065963745e-01
2.079126387834548950e-01
2.063820064067840576e-01
2.143212407827377319e-01
2.106210440397262573e-01
2.136357873678207397e-01
2.190161347389221191e-01
2.099919319152832031e-01
2.207637578248977661e-01
2.182210981845855713e-01
2.189764380455017090e-01
2.307213246822357178e-01
2.254060506820678711e-01
2.285521328449249268e-01
2.209023982286453247e-01
2.222942858934402466e-01
2.215057909488677979e-01
2.206661403179168701e-01
2.186587452888488770e-01
2.234225422143936157e-01
2.258411943912506104e-01
2.109652459621429443e-01
2.157833576202392578e-01
2.159328460693359375e-01
2.078950256109237671e-01
2.144677937030792236e-01
2.154155075550079346e-01
2.126332968473434448e-01
2.091957181692123413e-01
2.109374552965164185e-01
2.031721323728561401e-01
2.075619250535964966e-01
2.080965787172317505e-01
2.091147303581237793e-01
2.066530436277389526e-01
2.110939472913742065e-01
2.012277096509933472e-01
1.997361481189727783e-01
2.047903686761856079e-01
1.890690624713897705e-01
1.980402618646621704e-01
2.027455717325210571e-01
1.957501173019409180e-01
2.059380561113357544e-01
1.986272186040878296e-01
1.895244121551513672e-01
1.917505264282226562e-01
1.984285414218902588e-01
1.905978173017501831e-01
1.979122161865234375e-01
1.913615614175796509e-01
1.920196264982223511e-01
1.853048950433731079e-01
1.909120380878448486e-01
1.920688003301620483e-01
1.867723464965820312e-01
1.918423473834991455e-01
1.944539844989776611e-01
1.904202550649642944e-01
1.827394962310791016e-01
1.856980174779891968e-01
1.932979375123977661e-01
1.878724992275238037e-01
1.918794065713882446e-01
1.888892054557800293e-01
1.863422542810440063e-01
1.871837824583053589e-01
1.799833029508590698e-01
1.850955188274383545e-01
1.838258504867553711e-01
1.820216327905654907e-01
1.838620156049728394e-01
1.806264966726303101e-01
1.793974637985229492e-01
1.867511123418807983e-01
1.878379583358764648e-01
1.825651973485946655e-01
1.874606460332870483e-01
1.855551451444625854e-01
1.768844276666641235e-01
1.730730086565017700e-01
1.758309900760650635e-01
1.921438574790954590e-01
1.755079030990600586e-01
1.760510355234146118e-01
1.788940578699111938e-01
1.773539781570434570e-01
1.758628487586975098e-01
1.771034300327301025e-01
1.858364492654800415e-01
1.821809858083724976e-01
1.750488877296447754e-01
1.721720993518829346e-01
1.757810711860656738e-01
1.743332892656326294e-01
1.839218288660049438e-01
1.838029026985168457e-01
1.777684092521667480e-01
1.816135346889495850e-01
1.788376718759536743e-01
1.825655698776245117e-01
1.853293478488922119e-01
1.756797432899475098e-01
1.829346269369125366e-01
1.855448782444000244e-01
1.720205992460250854e-01
1.878874897956848145e-01
1.784167736768722534e-01
1.797298192977905273e-01
1.779054552316665649e-01
1.832311749458312988e-01
1.872350424528121948e-01
1.812315732240676880e-01
1.778396815061569214e-01
1.781748384237289429e-01
1.808737963438034058e-01
1.786076575517654419e-01
1.779056638479232788e-01
1.708015650510787964e-01
1.789557188749313354e-01
1.763523221015930176e-01
1.861640512943267822e-01
1.744160056114196777e-01
1.777657717466354370e-01
1.876642704010009766e-01
1.806169003248214722e-01
1.802577078342437744e-01
1.870904266834259033e-01
1.855540126562118530e-01
1.815754324197769165e-01
1.821950227022171021e-01
1.752192229032516479e-01
1.831851899623870850e-01
1.783634424209594727e-01
1.861778646707534790e-01
1.834322959184646606e-01
1.868150383234024048e-01
1.804687231779098511e-01
1.843500137329101562e-01
1.806038022041320801e-01
1.834312975406646729e-01
1.823597550392150879e-01
1.805799156427383423e-01
1.825418025255203247e-01
1.873542517423629761e-01
1.796098500490188599e-01
1.812732070684432983e-01
1.833956241607666016e-01
1.842051744461059570e-01
1.861243546009063721e-01
1.845286190509796143e-01
1.859953850507736206e-01
1.860650628805160522e-01
1.846404969692230225e-01
1.919120103120803833e-01
1.883530616760253906e-01
1.841503679752349854e-01
1.805096119642257690e-01
1.830220371484756470e-01
1.794646680355072021e-01
1.859939694404602051e-01
1.802304387092590332e-01
1.866427809000015259e-01
1.931776106357574463e-01
1.816696077585220337e-01
1.843344718217849731e-01
1.833961457014083862e-01
1.916215866804122925e-01
1.868897974491119385e-01
1.840625405311584473e-01
1.823147833347320557e-01
1.864502429962158203e-01
1.936172246932983398e-01
1.875342279672622681e-01
1.798014640808105469e-01
1.879818439483642578e-01
1.881807595491409302e-01
1.841241866350173950e-01
1.817159950733184814e-01
1.915170699357986450e-01
1.904282718896865845e-01
1.822457760572433472e-01
1.897882223129272461e-01
1.874210387468338013e-01
1.871502250432968140e-01
1.886531859636306763e-01
1.852783560752868652e-01
1.803301274776458740e-01
1.759554594755172729e-01
1.832311600446701050e-01
1.872628629207611084e-01
1.900572329759597778e-01
1.893703192472457886e-01
1.864206939935684204e-01
1.885370910167694092e-01
1.913774907588958740e-01
1.804287135601043701e-01
1.892888695001602173e-01
1.858693212270736694e-01
1.907542049884796143e-01
1.847935616970062256e-01
1.886336058378219604e-01
1.876880973577499390e-01
1.883729547262191772e-01
1.954961717128753662e-01
1.879832148551940918e-01
1.779546439647674561e-01
1.894775182008743286e-01
1.748864352703094482e-01
1.994851082563400269e-01
1.877851933240890503e-01
1.859183162450790405e-01
1.900964230298995972e-01
1.853309720754623413e-01
1.844369918107986450e-01
1.916195899248123169e-01
1.856282651424407959e-01
1.949618607759475708e-01
1.912267655134201050e-01
1.900379061698913574e-01
1.866074651479721069e-01
1.895073503255844116e-01
1.879606842994689941e-01
1.923612803220748901e-01
1.846705675125122070e-01
1.913926005363464355e-01
1.892310380935668945e-01
1.980859190225601196e-01
1.943664699792861938e-01
1.906409710645675659e-01
1.950173079967498779e-01
1.941754370927810669e-01
1.854577511548995972e-01
1.935893744230270386e-01
1.834230571985244751e-01
1.928458660840988159e-01
1.873581707477569580e-01
1.929054707288742065e-01
1.904842555522918701e-01
1.888379156589508057e-01
1.921352744102478027e-01
1.902384459972381592e-01
1.846889853477478027e-01
1.937517374753952026e-01
1.844986081123352051e-01
1.828756183385848999e-01
1.871268004179000854e-01
1.882528215646743774e-01
1.938917189836502075e-01
1.899667084217071533e-01
1.952861994504928589e-01
1.892851740121841431e-01
1.921538561582565308e-01
1.902727782726287842e-01
1.931342333555221558e-01
1.921375393867492676e-01
1.909950226545333862e-01
1.893104463815689087e-01
1.872663795948028564e-01
1.970694810152053833e-01
1.864782571792602539e-01
1.991294473409652710e-01
1.870255619287490845e-01
1.901916414499282837e-01
1.904137879610061646e-01
1.970743089914321899e-01
1.937269866466522217e-01
1.969474405050277710e-01
1.914504617452621460e-01
1.966712921857833862e-01
1.954054534435272217e-01
1.883855313062667847e-01
1.907673627138137817e-01
1.944050788879394531e-01
1.908334642648696899e-01
2.006386220455169678e-01
1.959334015846252441e-01
1.884306222200393677e-01
1.967569589614868164e-01
1.923402994871139526e-01
1.927875280380249023e-01
1.990603655576705933e-01
1.941542923450469971e-01
1.874308288097381592e-01
1.916636824607849121e-01
2.047206610441207886e-01
1.921576857566833496e-01
1.904917508363723755e-01
2.007892876863479614e-01
1.967803239822387695e-01
2.023297697305679321e-01
1.989112049341201782e-01
1.831909269094467163e-01
1.908155530691146851e-01
1.965607553720474243e-01
1.903213560581207275e-01
2.004058510065078735e-01
1.965449303388595581e-01
2.078798264265060425e-01
1.951812803745269775e-01
1.898953318595886230e-01
1.960150748491287231e-01
1.963596343994140625e-01
1.920550167560577393e-01
1.893260180950164795e-01
1.987305730581283569e-01
1.988677084445953369e-01
1.992962360382080078e-01
1.972627639770507812e-01
1.910069137811660767e-01
1.971442252397537231e-01
1.975736916065216064e-01
2.018001824617385864e-01
1.973558217287063599e-01
1.939745098352432251e-01
2.042828053236007690e-01
2.014270871877670288e-01
1.963290572166442871e-01
1.980866640806198120e-01
1.980173587799072266e-01
1.959043741226196289e-01
1.952328532934188843e-01
1.979206055402755737e-01
2.001289874315261841e-01
1.963831037282943726e-01
1.971562206745147705e-01
1.995152831077575684e-01
2.032101452350616455e-01
2.016306966543197632e-01
1.950964927673339844e-01
2.056135237216949463e-01
1.980342715978622437e-01
1.976454406976699829e-01
1.987839639186859131e-01
2.044968903064727783e-01
2.013778090476989746e-01
2.018546611070632935e-01
2.054691612720489502e-01
2.036141157150268555e-01
2.014115154743194580e-01
1.995696127414703369e-01
1.997364461421966553e-01
1.998011618852615356e-01
2.015867680311203003e-01
2.040210515260696411e-01
1.999127268791198730e-01
1.955838799476623535e-01
2.045015245676040649e-01
2.021178454160690308e-01
1.972161829471588135e-01
2.030672729015350342e-01
2.034414112567901611e-01
2.040920853614807129e-01
1.963025629520416260e-01
2.095998525619506836e-01
2.056872248649597168e-01
2.021799683570861816e-01
2.070378214120864868e-01
2.028566747903823853e-01
2.060482352972030640e-01
2.062266618013381958e-01
2.080993503332138062e-01
2.109695374965667725e-01
2.148794233798980713e-01
2.067272365093231201e-01
1.971554458141326904e-01
1.988267749547958374e-01
2.060579359531402588e-01
2.060614824295043945e-01
2.066972553730010986e-01
2.082529067993164062e-01
2.141012549400329590e-01
2.170678079128265381e-01
1.977168768644332886e-01
2.120881825685501099e-01
2.009786218404769897e-01
2.136985510587692261e-01
2.058740556240081787e-01
2.093690633773803711e-01
2.035497128963470459e-01
2.066759169101715088e-01
2.144137918949127197e-01
2.093919813632965088e-01
2.094978541135787964e-01
2.121931612491607666e-01
2.126555889844894409e-01
2.090062201023101807e-01
2.135947346687316895e-01
2.119732797145843506e-01
2.109869271516799927e-01
2.089767307043075562e-01
2.074800729751586914e-01
2.143675982952117920e-01
2.105749547481536865e-01
2.145474851131439209e-01
2.186981737613677979e-01
2.171285897493362427e-01
2.119125872850418091e-01
2.150171548128128052e-01
2.153026014566421509e-01
2.210788279771804810e-01
2.157591283321380615e-01
2.179276496171951294e-01
2.197518646717071533e-01
2.129419147968292236e-01
2.151419818401336670e-01
2.199861258268356323e-01
2.182273119688034058e-01
2.215818017721176147e-01
2.181971669197082520e-01
2.229325324296951294e-01
2.277276664972305298e-01
2.210900187492370605e-01
2.199703305959701538e-01
2.189304381608963013e-01
2.166641503572463989e-01
2.220875918865203857e-01
2.278639525175094604e-01
2.216084003448486328e-01
2.242549061775207520e-01
2.274951636791229248e-01
2.249996215105056763e-01
2.328034341335296631e-01
2.222474515438079834e-01
2.258383035659790039e-01
2.316006869077682495e-01
2.254176884889602661e-01
2.249009758234024048e-01
2.337400913238525391e-01
2.345935106277465820e-01
2.345213294029235840e-01
2.362823188304901123e-01
2.250871062278747559e-01
2.343592196702957153e-01
2.362680137157440186e-01
2.381669133901596069e-01
2.427189797163009644e-01
2.360160499811172485e-01
2.342601269483566284e-01
2.333652377128601074e-01
2.478920668363571167e-01
2.449288815259933472e-01
2.373604774475097656e-01
2.407985478639602661e-01
2.418382167816162109e-01
2.476743012666702271e-01
2.420352399349212646e-01
2.438598871231079102e-01
2.496461421251296997e-01
2.502608299255371094e-01
2.511032819747924805e-01
2.468741834163665771e-01
2.505260109901428223e-01
2.575820982456207275e-01
2.506497800350189209e-01
2.598114311695098877e-01
2.605167627334594727e-01
2.576726675033569336e-01
2.584418356418609619e-01
2.646352350711822510e-01
2.628182172775268555e-01
2.598289251327514648e-01
2.611100077629089355e-01
2.605759203433990479e-01
2.716187834739685059e-01
2.659516334533691406e-01
2.659780979156494141e-01
2.677470743656158447e-01
2.650294899940490723e-01
2.661968767642974854e-01
2.676154375076293945e-01
2.688342630863189697e-01
2.688758373260498047e-01
2.786554992198944092e-01
2.789835333824157715e-01
2.710163891315460205e-01
2.754479944705963135e-01
2.783486545085906982e-01
2.753138542175292969e-01
2.731341123580932617e-01
2.805345058441162109e-01
2.759836614131927490e-01
2.749847769737243652e-01
2.810871005058288574e-01
2.729737758636474609e-01
2.824585437774658203e-01
2.781581580638885498e-01
2.692190110683441162e-01
2.746921181678771973e-01
2.760901749134063721e-01
2.728062570095062256e-01
2.691762149333953857e-01
2.714964449405670166e-01
2.605368196964263916e-01
2.671342790126800537e-01
2.666764557361602783e-01
2.677323222160339355e-01
2.654604911804199219e-01
2.606380283832550049e-01
2.689297497272491455e-01
2.651611268520355225e-01
2.634824216365814209e-01
2.695610225200653076e-01
2.615050673484802246e-01
2.611764371395111084e-01
2.567391395568847656e-01
2.659220397472381592e-01
2.583822906017303467e-01
2.560521066188812256e-01
2.628694176673889160e-01
2.626258730888366699e-01
2.600964009761810303e-01
2.612621188163757324e-01
2.568767964839935303e-01
2.583558559417724609e-01
2.524079680442810059e-01
2.625921070575714111e-01
2.674185335636138916e-01
2.646242380142211914e-01
2.629125118255615234e-01
2.681518793106079102e-01
2.768123447895050049e-01
2.693608105182647705e-01
2.767948508262634277e-01
2.738606333732604980e-01
2.772029340267181396e-01
2.826015651226043701e-01
2.775220572948455811e-01
2.691507637500762939e-01
2.763368487358093262e-01
2.826010882854461670e-01
2.800330519676208496e-01
2.810913324356079102e-01
2.790340185165405273e-01
2.841691672801971436e-01
2.871200144290924072e-01
2.772346138954162598e-01
2.805225849151611328e-01
2.931732833385467529e-01
2.863557934761047363e-01
2.854561805725097656e-01
2.905790805816650391e-01
2.839052081108093262e-01
2.752090990543365479e-01
2.828040421009063721e-01
2.864193022251129150e-01
2.779236435890197754e-01
2.823448777198791504e-01
2.866591215133666992e-01
2.848775386810302734e-01
2.797041237354278564e-01
2.820428311824798584e-01
2.829082906246185303e-01
2.764236032962799072e-01
2.787261307239532471e-01
2.788345813751220703e-01
2.800092399120330811e-01
2.847510278224945068e-01
2.852975428104400635e-01
2.743235826492309570e-01
2.820872068405151367e-01
2.722945809364318848e-01
2.804946303367614746e-01
2.862305939197540283e-01
2.751345932483673096e-01
2.824135124683380127e-01
2.824609577655792236e-01
2.826053500175476074e-01
2.821478545665740967e-01
2.801942527294158936e-01
2.826963067054748535e-01
2.719392180442810059e-01
2.806952595710754395e-01
2.778892815113067627e-01
2.757309079170227051e-01
2.768316268920898438e-01
2.797974348068237305e-01
2.691585123538970947e-01
2.804294526576995850e-01
2.732113599777221680e-01
2.750908732414245605e-01
2.739045023918151855e-01
2.760614156723022461e-01
2.626334130764007568e-01
2.746150493621826172e-01
2.732510864734649658e-01
2.746778130531311035e-01
2.709357738494873047e-01
2.733870446681976318e-01
2.696679532527923584e-01
2.738000154495239258e-01
2.661511003971099854e-01
2.753518819808959961e-01
2.729522883892059326e-01
2.742417156696319580e-01
2.723407149314880371e-01
2.739909887313842773e-01
2.750834226608276367e-01
2.698597311973571777e-01
2.705130577087402344e-01
2.727760374546051025e-01
2.663305401802062988e-01
2.710753679275512695e-01
2.729013860225677490e-01
2.760180830955505371e-01
2.742443680763244629e-01
2.831116616725921631e-01
2.832909226417541504e-01
2.766244113445281982e-01
2.774848341941833496e-01
2.779431343078613281e-01
2.817418575286865234e-01
2.858029305934906006e-01
2.797497510910034180e-01
2.842917442321777344e-01
2.894352674484252930e-01
2.846928238868713379e-01
2.838999927043914795e-01
2.918910980224609375e-01
2.860578596591949463e-01
2.836965620517730713e-01
2.863828241825103760e-01
2.844918668270111084e-01
2.905623912811279297e-01
2.891827225685119629e-01
2.881545126438140869e-01
2.902323305606842041e-01
2.874145507812500000e-01
2.908454835414886475e-01
2.864214181900024414e-01
2.806817591190338135e-01
2.872596383094787598e-01
2.932970523834228516e-01
2.873677611351013184e-01
2.904848456382751465e-01
2.880290746688842773e-01
2.841088473796844482e-01
2.980613112449645996e-01
2.831378579139709473e-01
2.904809415340423584e-01
2.881437838077545166e-01
2.821371257305145264e-01
2.901782393455505371e-01
2.915208041667938232e-01
2.922044694423675537e-01
2.889702022075653076e-01
2.815130650997161865e-01
2.874918282032012939e-01
2.813045084476470947e-01
2.806337773799896240e-01
2.879699766635894775e-01
2.801732718944549561e-01
2.789021134376525879e-01
2.879722714424133301e-01
2.833973169326782227e-01
2.860327064990997314e-01
2.744335532188415527e-01
2.877367734909057617e-01
2.857898771762847900e-01
2.855600714683532715e-01
2.853870093822479248e-01
2.795056402683258057e-01
2.728962898254394531e-01
2.781293690204620361e-01
2.843328714370727539e-01
2.710508108139038086e-01
2.825510501861572266e-01
2.776424586772918701e-01
2.846978902816772461e-01
2.792387306690216064e-01
2.803239524364471436e-01
2.854698896408081055e-01
2.752285301685333252e-01
2.827545106410980225e-01
2.823729217052459717e-01
2.824482917785644531e-01
2.720111608505249023e-01
2.724917829036712646e-01
2.806632518768310547e-01
2.857001125812530518e-01
2.841781973838806152e-01
2.872939705848693848e-01
2.848960757255554199e-01
2.799450457096099854e-01
2.826490700244903564e-01
2.853995859622955322e-01
2.875322997570037842e-01
2.844089865684509277e-01
2.817470431327819824e-01
2.811274528503417969e-01
2.844980061054229736e-01
2.861320972442626953e-01
2.760576307773590088e-01
2.903992533683776855e-01
2.835794389247894287e-01
2.893719673156738281e-01
2.857235670089721680e-01
2.908093929290771484e-01
2.886951863765716553e-01
2.908072769641876221e-01
2.936931848526000977e-01
2.903682291507720947e-01
2.902663052082061768e-01
2.928611040115356445e-01
2.920475602149963379e-01
2.951208055019378662e-01
2.926925718784332275e-01
2.909886240959167480e-01
2.876302599906921387e-01
2.906153500080108643e-01
2.918504774570465088e-01
2.956269681453704834e-01
2.822200953960418701e-01
2.961073815822601318e-01
2.878625988960266113e-01
2.931120991706848145e-01
2.954324185848236084e-01
2.930746078491210938e-01
2.951553165912628174e-01
2.931019961833953857e-01
2.772818505764007568e-01
2.933573126792907715e-01
2.818404734134674072e-01
2.919330894947052002e-01
2.893112003803253174e-01
2.841066718101501465e-01
2.971563637256622314e-01
2.831290960311889648e-01
2.908018827438354492e-01
2.873530685901641846e-01
2.888646423816680908e-01
2.938133776187896729e-01
2.924761176109313965e-01
2.908630073070526123e-01
2.928782105445861816e-01
2.862954437732696533e-01
2.834588885307312012e-01
2.919505834579467773e-01
2.899791300296783447e-01
2.886639535427093506e-01
2.902030944824218750e-01
2.887766063213348389e-01
2.882437705993652344e-01
2.958477735519409180e-01
2.900444269180297852e-01
2.893906831741333008e-01
2.952309250831604004e-01
2.885634899139404297e-01
2.894378304481506348e-01
2.924718558788299561e-01
2.899655103683471680e-01
2.862460315227508545e-01
2.901780903339385986e-01
2.848799228668212891e-01
2.996208667755126953e-01
2.853253185749053955e-01
2.859393060207366943e-01
2.933724820613861084e-01
2.936054170131683350e-01
2.872182726860046387e-01
2.956511974334716797e-01
2.909492254257202148e-01
2.866689562797546387e-01
2.970149219036102295e-01
2.901259660720825195e-01
2.970322370529174805e-01
2.907032966613769531e-01
2.867687344551086426e-01
2.874853014945983887e-01
2.897642254829406738e-01
2.896169126033782959e-01
2.887159883975982666e-01
2.875797152519226074e-01
2.903288006782531738e-01
2.944049239158630371e-01
2.927328050136566162e-01
2.923013269901275635e-01
2.820482850074768066e-01
2.946205139160156250e-01
2.906144261360168457e-01
2.936733663082122803e-01
2.916190028190612793e-01
2.849056124687194824e-01
2.893196940422058105e-01
2.927955090999603271e-01
2.891983389854431152e-01
2.915737628936767578e-01
2.979139983654022217e-01
2.939347028732299805e-01
3.001916706562042236e-01
2.928958833217620850e-01
2.964423000812530518e-01
2.910161614418029785e-01
2.979256510734558105e-01
2.938879430294036865e-01
2.854065597057342529e-01
2.988676726818084717e-01
2.922131121158599854e-01
2.927544116973876953e-01
2.934570312500000000e-01
2.948990166187286377e-01
2.948536276817321777e-01
2.910932898521423340e-01
2.910537421703338623e-01
2.915299534797668457e-01
2.983675301074981689e-01
2.949235439300537109e-01
2.834656536579132080e-01
2.938416004180908203e-01
2.954573035240173340e-01
2.952249646186828613e-01
2.982481420040130615e-01
2.998424768447875977e-01
2.987599670886993408e-01
2.939094007015228271e-01
2.918235659599304199e-01
2.936099171638488770e-01
2.933866679668426514e-01
2.972031235694885254e-01
2.947255969047546387e-01
2.868080139160156250e-01
2.974033951759338379e-01
2.963298857212066650e-01
2.982160747051239014e-01
2.900138199329376221e-01
2.969127893447875977e-01
2.921419441699981689e-01
2.964043915271759033e-01
2.917727231979370117e-01
2.939875721931457520e-01
2.902048528194427490e-01
2.926899492740631104e-01
2.969308197498321533e-01
2.984903156757354736e-01
2.920714020729064941e-01
2.934390604496002197e-01
2.959720194339752197e-01
2.950775921344757080e-01
2.883080244064331055e-01
3.040243983268737793e-01
2.919266223907470703e-01
2.951445281505584717e-01
2.937878668308258057e-01
2.923026084899902344e-01
2.874234914779663086e-01
2.971991896629333496e-01
2.925168871879577637e-01
2.942914664745330811e-01
2.934311628341674805e-01
2.933886647224426270e-01
2.976559996604919434e-01
2.859620749950408936e-01
2.911527156829833984e-01
2.958002984523773193e-01
2.909369170665740967e-01
2.965654134750366211e-01
3.031031787395477295e-01
3.007683753967285156e-01
2.882316410541534424e-01
2.988080382347106934e-01
2.983279228210449219e-01
2.911175191402435303e-01
2.949428856372833252e-01
2.914968430995941162e-01
2.968951165676116943e-01
2.975610792636871338e-01
2.995704114437103271e-01
3.000629246234893799e-01
2.996606528759002686e-01
2.987982928752899170e-01
2.940869033336639404e-01
2.972778677940368652e-01
2.889008522033691406e-01
2.953611314296722412e-01
2.973248362541198730e-01
2.987203001976013184e-01
3.013262450695037842e-01
3.018950521945953369e-01
3.002079427242279053e-01
3.069745004177093506e-01
3.000682592391967773e-01
2.916290760040283203e-01
3.006704449653625488e-01
2.947658896446228027e-01
2.990916967391967773e-01
2.985911965370178223e-01
2.916947901248931885e-01
3.013855814933776855e-01
2.967379391193389893e-01
3.001798689365386963e-01
2.983127236366271973e-01
2.929587364196777344e-01
3.051687479019165039e-01
2.978177070617675781e-01
2.995276749134063721e-01
2.983286082744598389e-01
2.994034290313720703e-01
2.991798818111419678e-01
3.024309277534484863e-01
3.013137876987457275e-01
3.034982979297637939e-01
2.976056039333343506e-01
2.979761660099029541e-01
2.931287586688995361e-01
3.010648488998413086e-01
2.974692583084106445e-01
2.960923314094543457e-01
2.989631593227386475e-01
2.953754365444183350e-01
3.021760284900665283e-01
3.030845820903778076e-01
2.973712086677551270e-01
3.010487854480743408e-01
3.083367347717285156e-01
2.999025285243988037e-01
3.059937655925750732e-01
2.977389097213745117e-01
2.955814003944396973e-01
3.000628054141998291e-01
3.027203381061553955e-01
3.041673898696899414e-01
2.957212924957275391e-01
2.994252443313598633e-01
2.960177361965179443e-01
3.021269440650939941e-01
2.980671226978302002e-01
3.022962510585784912e-01
3.101516366004943848e-01
2.993170022964477539e-01
2.996428608894348145e-01
3.023062646389007568e-01
3.019711971282958984e-01
2.948726415634155273e-01
2.982050478458404541e-01
2.983444631099700928e-01
2.975616455078125000e-01
3.000185489654541016e-01
2.981275320053100586e-01
3.004279732704162598e-01
2.934641242027282715e-01
3.014932870864868164e-01
2.976806461811065674e-01
2.936532199382781982e-01
3.034427762031555176e-01
2.995831072330474854e-01
3.006612062454223633e-01
3.043099045753479004e-01
3.001192212104797363e-01
2.958632409572601318e-01
3.023628592491149902e-01
3.007899522781372070e-01
3.056850135326385498e-01
3.026442825794219971e-01
3.050408661365509033e-01
3.018060028553009033e-01
3.001304268836975098e-01
3.012028932571411133e-01
3.034735321998596191e-01
3.027703762054443359e-01
3.047395646572113037e-01
3.103651404380798340e-01
2.999024093151092529e-01
3.009727299213409424e-01
2.987973988056182861e-01
2.995873093605041504e-01
3.015569448471069336e-01
3.090160489082336426e-01
3.085385560989379883e-01
3.007473051548004150e-01
3.024622797966003418e-01
2.975712716579437256e-01
3.029144108295440674e-01
3.047804832458496094e-01
3.052675127983093262e-01
3.097580373287200928e-01
3.037241399288177490e-01
3.044035434722900391e-01
2.959250509738922119e-01
2.997718751430511475e-01
3.012572824954986572e-01
3.055240809917449951e-01
2.998566329479217529e-01
3.048325777053833008e-01
2.973938584327697754e-01
3.019947707653045654e-01
3.013058602809906006e-01
3.002662360668182373e-01
3.066108822822570801e-01
2.989020645618438721e-01
3.005940318107604980e-01
3.018601238727569580e-01
3.057260811328887939e-01
3.006376624107360840e-01
2.982056736946105957e-01
2.957887649536132812e-01
3.094798922538757324e-01
3.143641352653503418e-01
3.007923066616058350e-01
3.115662932395935059e-01
3.137433826923370361e-01
3.071308434009552002e-01
3.026781976222991943e-01
3.072330057621002197e-01
2.997682988643646240e-01
3.038643002510070801e-01
3.085158765316009521e-01
3.043106198310852051e-01
3.071688413619995117e-01
3.071292638778686523e-01
3.074838221073150635e-01
3.076029121875762939e-01
2.985106706619262695e-01
3.011903166770935059e-01
3.082328438758850098e-01
3.005524277687072754e-01
2.991594076156616211e-01
3.105749487876892090e-01
3.052701652050018311e-01
3.053333461284637451e-01
3.066610693931579590e-01
3.030795454978942871e-01
2.977620661258697510e-01
3.019773364067077637e-01
3.065398633480072021e-01
3.044375181198120117e-01
3.040814697742462158e-01
3.028922975063323975e-01
3.125763833522796631e-01
3.073705732822418213e-01
3.012467324733734131e-01
3.031948506832122803e-01
3.014627397060394287e-01
2.976228892803192139e-01
3.085034787654876709e-01
3.058511912822723389e-01
3.035624027252197266e-01
3.048598468303680420e-01
3.083910942077636719e-01
3.027716875076293945e-01
3.005731403827667236e-01
3.109991550445556641e-01
3.079173266887664795e-01
3.021093606948852539e-01
3.056577444076538086e-01
3.043877184391021729e-01
3.024944067001342773e-01
3.049351871013641357e-01
3.095923662185668945e-01
3.056927621364593506e-01
3.074314296245574951e-01
3.091458380222320557e-01
3.000357151031494141e-01
3.067248165607452393e-01
3.097752630710601807e-01
3.103537559509277344e-01
3.029775917530059814e-01
3.023431301116943359e-01
3.027371168136596680e-01
3.104063868522644043e-01
3.053129017353057861e-01
3.135331869125366211e-01
3.034351170063018799e-01
3.141254782676696777e-01
3.109127581119537354e-01
3.086955845355987549e-01
3.023476600646972656e-01
3.082058429718017578e-01
3.038438260555267334e-01
3.014325499534606934e-01
3.011227846145629883e-01
3.096334040164947510e-01
3.018971681594848633e-01
3.133697509765625000e-01
3.064807057380676270e-01
3.083730340003967285e-01
3.060587346553802490e-01
3.124107122421264648e-01
3.078745305538177490e-01
3.170447647571563721e-01
3.017607927322387695e-01
3.015006482601165771e-01
3.028377592563629150e-01
3.045327067375183105e-01
3.091154098510742188e-01
3.036751151084899902e-01
3.001043200492858887e-01
3.051013946533203125e-01
2.995117604732513428e-01
3.072668015956878662e-01
3.020583689212799072e-01
3.060370683670043945e-01
3.083657324314117432e-01
3.144847154617309570e-01
3.152364492416381836e-01
3.073334991931915283e-01
3.118631839752197266e-01
3.114709556102752686e-01
3.045982122421264648e-01
3.063308596611022949e-01
3.116982877254486084e-01
3.040647804737091064e-01
3.025140464305877686e-01
3.079602122306823730e-01
3.121278285980224609e-01
3.064948916435241699e-01
3.062708377838134766e-01
3.079656064510345459e-01
3.025732338428497314e-01
3.117176294326782227e-01
3.044413924217224121e-01
3.067475855350494385e-01
3.075381815433502197e-01
3.050486445426940918e-01
3.098186850547790527e-01
3.079363107681274414e-01
3.076177537441253662e-01
3.104071617126464844e-01
3.163716495037078857e-01
3.074680268764495850e-01
3.051641583442687988e-01
3.065031468868255615e-01
3.102380037307739258e-01
3.127039372920989990e-01
3.043351769447326660e-01
3.112314045429229736e-01
3.170917928218841553e-01
3.082071244716644287e-01
3.109675645828247070e-01
3.105964362621307373e-01
3.036726117134094238e-01
3.097508251667022705e-01
3.134644329547882080e-01
3.070104122161865234e-01
3.005208075046539307e-01
3.146314918994903564e-01
3.146792948246002197e-01
3.104179203510284424e-01
3.095510900020599365e-01
3.059567511081695557e-01
3.082656264305114746e-01
3.143365383148193359e-01
3.099810481071472168e-01
3.137311935424804688e-01
3.108872473239898682e-01
3.050309717655181885e-01
3.146534562110900879e-01
3.110587298870086670e-01
3.029825389385223389e-01
3.114496469497680664e-01
3.058905005455017090e-01
3.081104159355163574e-01
3.078738749027252197e-01
3.085032999515533447e-01
3.079755008220672607e-01
3.141380846500396729e-01
3.084653019905090332e-01
3.159689009189605713e-01
3.129200637340545654e-01
3.087457418441772461e-01
3.126007616519927979e-01
3.120021522045135498e-01
3.106280863285064697e-01
3.040407299995422363e-01
3.094104528427124023e-01
3.125185966491699219e-01
3.117831051349639893e-01
3.121569156646728516e-01
3.107446134090423584e-01
3.112074732780456543e-01
3.128477036952972412e-01
3.156160414218902588e-01
3.030471503734588623e-01
3.053985536098480225e-01
3.127032518386840820e-01
3.063891828060150146e-01
3.080694675445556641e-01
3.123189806938171387e-01
3.148220479488372803e-01
3.125803470611572266e-01
3.030316829681396484e-01
3.093907535076141357e-01
3.107863962650299072e-01
3.180108666419982910e-01
3.043538630008697510e-01
3.152327537536621094e-01
3.031418025493621826e-01
3.148781955242156982e-01
3.109866082668304443e-01
3.084876835346221924e-01
3.091300129890441895e-01
3.068578243255615234e-01
3.080711662769317627e-01
3.111225664615631104e-01
3.134635090827941895e-01
3.094566166400909424e-01
3.091439902782440186e-01
3.096579909324645996e-01
3.181642889976501465e-01
3.170638680458068848e-01
3.109236657619476318e-01
3.135013878345489502e-01
3.106272220611572266e-01
3.148549497127532959e-01
3.130055665969848633e-01
3.097339272499084473e-01
3.146758079528808594e-01
3.133654892444610596e-01
3.143771290779113770e-01
3.122115731239318848e-01
3.140266537666320801e-01
3.054543435573577881e-01
3.041845262050628662e-01
3.129991590976715088e-01
3.143665194511413574e-01
3.089782595634460449e-01
3.099063038825988770e-01
3.108858764171600342e-01
3.150076568126678467e-01
3.080302178859710693e-01
3.128989636898040771e-01
3.142318427562713623e-01
3.118290305137634277e-01
3.067092597484588623e-01
3.066920936107635498e-01
3.086456060409545898e-01
3.181833624839782715e-01
3.088245093822479248e-01
3.147324025630950928e-01
3.122307956218719482e-01
3.140381872653961182e-01
3.112164437770843506e-01
3.151229023933410645e-01
3.141146004199981689e-01
3.112529814243316650e-01
3.086766302585601807e-01
3.073897659778594971e-01
3.149481713771820068e-01
3.085253536701202393e-01
3.125631809234619141e-01
3.152581155300140381e-01
3.090824484825134277e-01
3.151635527610778809e-01
3.105328381061553955e-01
3.129210174083709717e-01
3.131287992000579834e-01
3.150301873683929443e-01
3.146149814128875732e-01
3.161133527755737305e-01
3.152643144130706787e-01
3.091945052146911621e-01
3.156331479549407959e-01
3.130996227264404297e-01
3.107932806015014648e-01
3.140130341053009033e-01
3.079120218753814697e-01
3.111712038516998291e-01
3.132516145706176758e-01
3.113388717174530029e-01
3.177350163459777832e-01
3.198315203189849854e-01
3.133670389652252197e-01
3.228325247764587402e-01
3.119401037693023682e-01
3.112024962902069092e-01
3.171188831329345703e-01
3.184987306594848633e-01
3.092715740203857422e-01
3.055982887744903564e-01
3.160831034183502197e-01
3.175920248031616211e-01
3.130889236927032471e-01
3.072322010993957520e-01
3.185368478298187256e-01
3.081227838993072510e-01
3.184956014156341553e-01
3.167142570018768311e-01
3.095065653324127197e-01
3.147037923336029053e-01
3.163819313049316406e-01
3.205850720405578613e-01
3.141802549362182617e-01
3.039247095584869385e-01
3.092241585254669189e-01
3.170136213302612305e-01
3.134782910346984863e-01
3.126829266548156738e-01
3.160530328750610352e-01
3.103198707103729248e-01
3.099831938743591309e-01
3.107586503028869629e-01
3.185684680938720703e-01
3.115191459655761719e-01
3.088226318359375000e-01
3.160339891910552979e-01
3.196976184844970703e-01
3.193680942058563232e-01
3.178714215755462646e-01
3.115368187427520752e-01
3.191490769386291504e-01
3.185608685016632080e-01
3.128735423088073730e-01
3.124696910381317139e-01
3.156922161579132080e-01
3.214837312698364258e-01
3.182410895824432373e-01
3.143832981586456299e-01
3.154455125331878662e-01
3.168592453002929688e-01
3.115907311439514160e-01
3.102665543556213379e-01
3.131179213523864746e-01
3.173876106739044189e-01
3.149784505367279053e-01
3.082379996776580811e-01
3.197921812534332275e-01
3.169063627719879150e-01
3.195056915283203125e-01
3.146925866603851318e-01
3.143442571163177490e-01
3.114931881427764893e-01
3.157061934471130371e-01
3.102796673774719238e-01
3.170128464698791504e-01
3.167132735252380371e-01
3.189036250114440918e-01
3.145117759704589844e-01
3.082956075668334961e-01
3.102256655693054199e-01
3.183944523334503174e-01
3.070131242275238037e-01
3.069531321525573730e-01
3.144743740558624268e-01
3.168991506099700928e-01
3.149948716163635254e-01
3.212954103946685791e-01
3.163296282291412354e-01
3.162326812744140625e-01
3.167484402656555176e-01
3.148996233940124512e-01
3.171657025814056396e-01
3.208251297473907471e-01
3.141586184501647949e-01
3.141546845436096191e-01
3.212440907955169678e-01
3.091616630554199219e-01
3.150965273380279541e-01
3.215479254722595215e-01
3.135949671268463135e-01
3.138151168823242188e-01
3.135097324848175049e-01
3.159416913986206055e-01
3.109388351440429688e-01
3.155591487884521484e-01
3.117784559726715088e-01
3.192248940467834473e-01
3.163971900939941406e-01
3.144295215606689453e-01
3.226930499076843262e-01
3.110964596271514893e-01
3.192974925041198730e-01
3.137663304805755615e-01
3.169654309749603271e-01
3.185342252254486084e-01
3.186258375644683838e-01
3.181173205375671387e-01
3.156073093414306641e-01
3.103646934032440186e-01
3.187727630138397217e-01
3.230054080486297607e-01
3.190309107303619385e-01
3.123276531696319580e-01
3.150036931037902832e-01
3.149038553237915039e-01
3.090111017227172852e-01
3.191738128662109375e-01
3.117664754390716553e-01
3.161174356937408447e-01
3.131686747074127197e-01
3.209219872951507568e-01
3.102646172046661377e-01
3.180907666683197021e-01
3.211749196052551270e-01
3.126191198825836182e-01
3.126479685306549072e-01
3.199305534362792969e-01
3.164938092231750488e-01
3.154100477695465088e-01
3.190650641918182373e-01
3.060957789421081543e-01
3.201411366462707520e-01
3.188806176185607910e-01
3.190032541751861572e-01
3.142490088939666748e-01
3.162783980369567871e-01
3.198627233505249023e-01
3.179437816143035889e-01
3.153272867202758789e-01
3.192403316497802734e-01
3.206700980663299561e-01
3.189860582351684570e-01
3.167421817779541016e-01
3.143342435359954834e-01
3.238972127437591553e-01
3.212883770465850830e-01
3.139611482620239258e-01
3.156640231609344482e-01
3.158142566680908203e-01
3.143007159233093262e-01
3.227647542953491211e-01
3.136909902095794678e-01
3.153592348098754883e-01
3.222057223320007324e-01
3.205218613147735596e-01
3.149401545524597168e-01
3.247118294239044189e-01
3.154196143150329590e-01
3.178097307682037354e-01
3.200402557849884033e-01
3.192657828330993652e-01
3.149971067905426025e-01
3.246924579143524170e-01
3.145398199558258057e-01
3.225390017032623291e-01
3.177520334720611572e-01
3.140303790569305420e-01
3.151370584964752197e-01
3.240152895450592041e-01
3.215623497962951660e-01
3.124479949474334717e-01
3.178921937942504883e-01
3.130845129489898682e-01
3.205527663230895996e-01
3.233493864536285400e-01
3.166332542896270752e-01
3.126235604286193848e-01
3.205253481864929199e-01
3.141130805015563965e-01
3.108367025852203369e-01
3.250805437564849854e-01
3.189012706279754639e-01
3.264095485210418701e-01
3.200572133064270020e-01
3.164626061916351318e-01
3.211031556129455566e-01
3.193612694740295410e-01
3.106680810451507568e-01
3.167090415954589844e-01
3.175817131996154785e-01
3.143394589424133301e-01
3.153365254402160645e-01
3.181499242782592773e-01
3.228491246700286865e-01
3.157508671283721924e-01
3.140447139739990234e-01
3.142400979995727539e-01
3.168229758739471436e-01
3.221277892589569092e-01
3.264971077442169189e-01
3.205720186233520508e-01
3.177420198917388916e-01
3.197886347770690918e-01
3.223724067211151123e-01
3.208056092262268066e-01
3.132156133651733398e-01
3.208905756473541260e-01
3.149045705795288086e-01
3.269983232021331787e-01
3.186249136924743652e-01
3.187023103237152100e-01
3.175701498985290527e-01
3.122715950012207031e-01
3.159565925598144531e-01
3.152806758880615234e-01
3.245244026184082031e-01
3.193552196025848389e-01
3.255741596221923828e-01
3.101833760738372803e-01
3.195822238922119141e-01
3.187777698040008545e-01
3.249514698982238770e-01
3.176383376121520996e-01
3.268697559833526611e-01
3.127723932266235352e-01
3.201420009136199951e-01
3.191666901111602783e-01
3.209516108036041260e-01
3.240442276000976562e-01
3.182323873043060303e-01
3.191230595111846924e-01
3.203614354133605957e-01
3.222938776016235352e-01
3.208701908588409424e-01
3.227854371070861816e-01
3.173861801624298096e-01
3.184641897678375244e-01
3.215692937374114990e-01
3.213597536087036133e-01
3.223705887794494629e-01
3.249532878398895264e-01
3.236907124519348145e-01
3.213843703269958496e-01
3.209120631217956543e-01
3.179013133049011230e-01
3.221586346626281738e-01
3.160229623317718506e-01
3.173441290855407715e-01
3.174092471599578857e-01
3.249092698097229004e-01
3.206358551979064941e-01
3.216428160667419434e-01
3.149734735488891602e-01
3.131724596023559570e-01
3.261253237724304199e-01
3.182721734046936035e-01
3.215281367301940918e-01
3.181753754615783691e-01
3.189011812210083008e-01
3.269370496273040771e-01
3.208248317241668701e-01
3.198161721229553223e-01
3.123975396156311035e-01
3.250516951084136963e-01
3.144665956497192383e-01
3.210910260677337646e-01
3.255847692489624023e-01
3.257946074008941650e-01
3.120038807392120361e-01
3.268424272537231445e-01
3.256938457489013672e-01
3.239061236381530762e-01
3.254031836986541748e-01
3.204936683177947998e-01
3.209896683692932129e-01
3.210271000862121582e-01
3.221031725406646729e-01
3.274004757404327393e-01
3.178037106990814209e-01
3.198285102844238281e-01
3.200564682483673096e-01
3.192857801914215088e-01
3.117395341396331787e-01
3.152722418308258057e-01
3.187286257743835449e-01
3.168103992938995361e-01
3.247887492179870605e-01
3.231518864631652832e-01
3.195277750492095947e-01
3.209680020809173584e-01
3.277424871921539307e-01
3.212963938713073730e-01
3.242728412151336670e-01
3.183537721633911133e-01
3.230159580707550049e-01
3.231558501720428467e-01
3.206240832805633545e-01
3.250097334384918213e-01
3.273518681526184082e-01
3.192483484745025635e-01
3.209595084190368652e-01
3.268277645111083984e-01
3.245051503181457520e-01
3.181028664112091064e-01
3.271324634552001953e-01
3.204990625381469727e-01
3.165403306484222412e-01
3.235308825969696045e-01
3.189792931079864502e-01
3.189389705657958984e-01
3.262117505073547363e-01
3.107303977012634277e-01
3.209735453128814697e-01
3.240152299404144287e-01
3.240142464637756348e-01
3.229295313358306885e-01
3.208887577056884766e-01
3.170327842235565186e-01
3.239056766033172607e-01
3.337371051311492920e-01
3.233325481414794922e-01
3.220629692077636719e-01
3.231077492237091064e-01
3.180007040500640869e-01
3.191440701484680176e-01
3.210440278053283691e-01
3.194652795791625977e-01
3.354253768920898438e-01
3.243073225021362305e-01
3.179520070552825928e-01
3.249281346797943115e-01
3.227351605892181396e-01
3.238944411277770996e-01
3.204156458377838135e-01
3.201122283935546875e-01
3.229227960109710693e-01
3.240411877632141113e-01
3.158688545227050781e-01
3.136491477489471436e-01
3.270413279533386230e-01
3.214685618877410889e-01
3.279494941234588623e-01
3.210208415985107422e-01
3.270901441574096680e-01
3.233088552951812744e-01
3.181786239147186279e-01
3.207614123821258545e-01
3.236353993415832520e-01
3.222279548645019531e-01
3.196435570716857910e-01
3.258299529552459717e-01
3.232304751873016357e-01
3.254691660404205322e-01
3.265786767005920410e-01
3.307729959487915039e-01
3.182803988456726074e-01
3.196626901626586914e-01
3.358297348022460938e-01
3.254705965518951416e-01
3.217019140720367432e-01
3.223591744899749756e-01
3.188642859458923340e-01
3.231691122055053711e-01
3.219648003578186035e-01
3.235358297824859619e-01
3.261801898479461670e-01
3.206803798675537109e-01
3.266032338142395020e-01
3.357583582401275635e-01
3.231385052204132080e-01
3.234047293663024902e-01
3.223616480827331543e-01
3.240257203578948975e-01
3.257055282592773438e-01
3.213367164134979248e-01
3.209713697433471680e-01
3.233695924282073975e-01
3.218806684017181396e-01
3.197038471698760986e-01
3.278048336505889893e-01
3.257159590721130371e-01
3.325224816799163818e-01
3.264153599739074707e-01
3.236006200313568115e-01
3.221107423305511475e-01
3.215016722679138184e-01
3.297041654586791992e-01
3.187389671802520752e-01
3.226760923862457275e-01
3.228080868721008301e-01
3.179485499858856201e-01
3.233505487442016602e-01
3.265346884727478027e-01
3.223118185997009277e-01
3.270587027072906494e-01
3.271502554416656494e-01
3.244172036647796631e-01
3.229199349880218506e-01
3.253367245197296143e-01
3.238573670387268066e-01
3.266364932060241699e-01
3.195669054985046387e-01
3.169184327125549316e-01
3.179663419723510742e-01
3.326817750930786133e-01
3.191013634204864502e-01
3.222229480743408203e-01
3.217234015464782715e-01
3.253233730792999268e-01
3.310133814811706543e-01
3.294056057929992676e-01
3.248457908630371094e-01
3.290913403034210205e-01
3.324043750762939453e-01
3.285706937313079834e-01
3.229598104953765869e-01
3.261409699916839600e-01
3.294458389282226562e-01
3.275010585784912109e-01
3.299984633922576904e-01
3.225353360176086426e-01
3.307768404483795166e-01
3.234152495861053467e-01
3.223094046115875244e-01
3.260529637336730957e-01
3.320994973182678223e-01
3.241218924522399902e-01
3.230934441089630127e-01
3.230969607830047607e-01
3.222090303897857666e-01
3.238485455513000488e-01
3.367367386817932129e-01
3.234134614467620850e-01
3.268337249755859375e-01
3.170784413814544678e-01
3.185940384864807129e-01
3.244591951370239258e-01
3.287602961063385010e-01
3.206157684326171875e-01
3.307125866413116455e-01
3.248955607414245605e-01
3.142545521259307861e-01
3.270149827003479004e-01
3.251851797103881836e-01
3.243380784988403320e-01
3.265659809112548828e-01
3.273862600326538086e-01
3.292481303215026855e-01
3.319589793682098389e-01
3.306984007358551025e-01
3.298108279705047607e-01
3.144400417804718018e-01
3.327435851097106934e-01
3.242014646530151367e-01
3.236589729785919189e-01
3.239241540431976318e-01
3.256877064704895020e-01
3.253678381443023682e-01
3.281499743461608887e-01
3.241198956966400146e-01
3.291467428207397461e-01
3.239741623401641846e-01
3.251968622207641602e-01
3.247390985488891602e-01
3.364723622798919678e-01
3.305541574954986572e-01
3.258965611457824707e-01
3.340244293212890625e-01
3.204193115234375000e-01
3.261836171150207520e-01
3.266328275203704834e-01
3.203926980495452881e-01
3.241584300994873047e-01
3.293461203575134277e-01
3.317677676677703857e-01
3.290974199771881104e-01
3.245849907398223877e-01
3.169220387935638428e-01
3.248707056045532227e-01
3.270231783390045166e-01
3.269641399383544922e-01
3.270253539085388184e-01
3.302188217639923096e-01
3.251406252384185791e-01
3.300633728504180908e-01
3.268046379089355469e-01
3.280968964099884033e-01
3.294541537761688232e-01
3.310803472995758057e-01
3.301392793655395508e-01
3.267212510108947754e-01
3.254288434982299805e-01
3.309421241283416748e-01
3.221341669559478760e-01
3.286358714103698730e-01
3.218917548656463623e-01
3.121440112590789795e-01
3.235127925872802734e-01
3.344277441501617432e-01
3.244178593158721924e-01
3.216202855110168457e-01
3.313628435134887695e-01
3.305470943450927734e-01
3.308829665184020996e-01
3.245790898799896240e-01
3.312490880489349365e-01
3.315141201019287109e-01
3.291478455066680908e-01
3.256672918796539307e-01
3.241152167320251465e-01
3.275340795516967773e-01
3.297300636768341064e-01
3.289743661880493164e-01
3.289988636970520020e-01
3.274959027767181396e-01
3.259491324424743652e-01
3.321019113063812256e-01
3.300706148147583008e-01
3.286679387092590332e-01
3.290323317050933838e-01
3.305800259113311768e-01
3.244712352752685547e-01
3.254541456699371338e-01
3.331606686115264893e-01
3.290364146232604980e-01
3.209125101566314697e-01
3.282720446586608887e-01
3.249769806861877441e-01
3.276894092559814453e-01
3.274481594562530518e-01
3.277283012866973877e-01
3.271209299564361572e-01
3.320808410644531250e-01
3.332246840000152588e-01
3.243248164653778076e-01
3.262236118316650391e-01
3.294559121131896973e-01
3.281327784061431885e-01
3.349023163318634033e-01
3.256937563419342041e-01
3.286343514919281006e-01
3.323605954647064209e-01
3.278918266296386719e-01
3.241769671440124512e-01
3.295843899250030518e-01
3.320779800415039062e-01
3.323101401329040527e-01
3.336870670318603516e-01
3.290439844131469727e-01
3.252174556255340576e-01
3.257565796375274658e-01
3.319827914237976074e-01
3.284460604190826416e-01
3.267644345760345459e-01
3.238924443721771240e-01
3.250922262668609619e-01
3.276788890361785889e-01
3.309561312198638916e-01
3.308978080749511719e-01
3.277147710323333740e-01
3.299434483051300049e-01
3.316363990306854248e-01
3.283134400844573975e-01
3.245637416839599609e-01
3.312125504016876221e-01
3.217217028141021729e-01
3.249852657318115234e-01
3.311077654361724854e-01
3.232312202453613281e-01
3.277905285358428955e-01
3.234538733959197998e-01
3.329903185367584229e-01
3.275977373123168945e-01
3.263144791126251221e-01
3.324053287506103516e-01
3.317432999610900879e-01
3.266937732696533203e-01
3.300102651119232178e-01
3.323198556900024414e-01
3.283380866050720215e-01
3.364908695220947266e-01
3.308446705341339111e-01
3.325733244419097900e-01
3.328594565391540527e-01
3.280498683452606201e-01
3.307226300239562988e-01
3.251498937606811523e-01
3.275481164455413818e-01
3.251126706600189209e-01
3.388450443744659424e-01
3.241315782070159912e-01
3.402946889400482178e-01
3.348620235919952393e-01
3.258735239505767822e-01
3.266667425632476807e-01
3.315579593181610107e-01
3.341736495494842529e-01
3.312546014785766602e-01
3.278402090072631836e-01
3.294925093650817871e-01
3.299319744110107422e-01
3.293830752372741699e-01
3.301992714405059814e-01
3.284924030303955078e-01
3.268586695194244385e-01
3.319007456302642822e-01
3.364913165569305420e-01
3.273324966430664062e-01
3.291611075401306152e-01
3.252951502799987793e-01
3.289555907249450684e-01
3.333137631416320801e-01
3.264045715332031250e-01
3.325770497322082520e-01
3.309307098388671875e-01
3.340285718441009521e-01
3.313701748847961426e-01
3.272665143013000488e-01
3.331125378608703613e-01
3.329732716083526611e-01
3.296337127685546875e-01
3.276217579841613770e-01
3.302694857120513916e-01
3.228419125080108643e-01
3.274445235729217529e-01
3.354533016681671143e-01
3.260686695575714111e-01
3.386281728744506836e-01
3.365172445774078369e-01
3.304406404495239258e-01
3.340512216091156006e-01
3.265447020530700684e-01
3.357911705970764160e-01
3.344298005104064941e-01
3.351929783821105957e-01
3.369393050670623779e-01
3.277325928211212158e-01
3.354589343070983887e-01
3.293147981166839600e-01
3.359774649143218994e-01
3.278828859329223633e-01
3.240928947925567627e-01
3.325972855091094971e-01
3.290764093399047852e-01
3.280713856220245361e-01
3.269114196300506592e-01
3.247870802879333496e-01
3.353770375251770020e-01
3.288788497447967529e-01
3.269449472427368164e-01
3.332014679908752441e-01
3.279891312122344971e-01
3.323954343795776367e-01
3.260062634944915771e-01
3.372056782245635986e-01
3.316936194896697998e-01
3.308184444904327393e-01
3.364891707897186279e-01
3.288482725620269775e-01
3.379397392272949219e-01
3.260334432125091553e-01
3.287746012210845947e-01
3.273594379425048828e-01
3.344993591308593750e-01
3.315992057323455811e-01
3.329660892486572266e-01
3.331712484359741211e-01
3.285220861434936523e-01
3.373074233531951904e-01
3.373106420040130615e-01
3.332202136516571045e-01
3.312083482742309570e-01
3.383890688419342041e-01
3.360393047332763672e-01
3.312171697616577148e-01
3.345068991184234619e-01
3.311290442943572998e-01
3.330559134483337402e-01
3.288950622081756592e-01
3.300966024398803711e-01
3.367224037647247314e-01
3.286714851856231689e-01
3.327097892761230469e-01
3.279062807559967041e-01
3.323422372341156006e-01
3.337946534156799316e-01
