-8.657957315444946289e-01
9.608037471771240234e-01
-5.246810913085937500e-01
8.910825848579406738e-01
5.038276910781860352e-01
3.040090799331665039e-01
3.006123602390289307e-01
8.411896824836730957e-01
7.040244936943054199e-01
4.354800581932067871e-01
8.087580800056457520e-01
7.843689918518066406e-01
6.704614162445068359e-01
-7.523071765899658203e-01
6.659585833549499512e-01
-2.228579521179199219e-01
-9.739238023757934570e-01
-4.791622161865234375e-01
-9.788456559181213379e-01
-5.441578030586242676e-01
-1.151365861296653748e-01
-5.502917170524597168e-01
-5.274292081594467163e-02
-1.981425657868385315e-02
6.577531099319458008e-01
-3.842932870611548424e-03
8.931719064712524414e-01
-1.084564700722694397e-01
2.829814553260803223e-01
8.583434224128723145e-01
-6.321133971214294434e-01
-9.199271798133850098e-01
5.139956623315811157e-02
8.002001643180847168e-01
-4.437391757965087891e-01
-5.881374478340148926e-01
-8.109437227249145508e-01
-1.017298102378845215e-01
-5.270649790763854980e-01
-3.490702807903289795e-01
8.164396286010742188e-01
-7.558572292327880859e-01
4.739308655261993408e-01
7.463344931602478027e-01
-9.446660280227661133e-01
-7.264816761016845703e-01
8.845255374908447266e-01
-6.859415173530578613e-01
-8.255538940429687500e-01
4.291186481714248657e-02
-9.952536821365356445e-01
-8.239381909370422363e-01
-7.305911779403686523e-01
-7.468757629394531250e-01
8.430989980697631836e-01
9.472165107727050781e-01
5.208387970924377441e-01
-5.663899183273315430e-01
6.032987833023071289e-01
7.751809954643249512e-01
-4.277228936553001404e-02
-6.383689641952514648e-01
-9.918377995491027832e-01
-7.052483558654785156e-01
-7.332062721252441406e-02
-2.865895926952362061e-01
4.430825412273406982e-01
-8.634424805641174316e-01
-9.224455952644348145e-01
-8.851782679557800293e-01
4.903021454811096191e-01
-4.831942021846771240e-01
-5.071831345558166504e-01
7.864434123039245605e-01
-5.583037734031677246e-01
-9.009395837783813477e-01
-1.378087848424911499e-01
-9.742010831832885742e-01
2.126784175634384155e-01
3.728889822959899902e-01
5.565990805625915527e-01
2.423769831657409668e-01
8.340928554534912109e-01
6.517944335937500000e-01
3.542422652244567871e-01
4.644738137722015381e-01
-7.077323794364929199e-01
1.286571919918060303e-01
-4.231528937816619873e-01
7.094098925590515137e-01
7.351248264312744141e-01
6.683731675148010254e-01
3.359663486480712891e-01
3.048047721385955811e-01
4.796538650989532471e-01
8.780864477157592773e-01
8.438428044319152832e-01
5.742617249488830566e-01
3.930329985450953245e-04
-1.676990687847137451e-01
-9.111839532852172852e-01
7.822499871253967285e-01
9.122829437255859375e-01
4.685867130756378174e-01
2.634482681751251221e-01
-3.018618226051330566e-01
-3.447274863719940186e-01
-1.732957065105438232e-01
-3.093106150627136230e-01
-5.925347805023193359e-01
-4.143879711627960205e-01
-7.566112875938415527e-01
-3.682226240634918213e-01
-6.207170709967613220e-02
7.071994543075561523e-01
7.533422708511352539e-01
-1.386805027723312378e-01
2.331372350454330444e-01
9.161353856325149536e-02
8.474583625793457031e-01
9.905789494514465332e-01
9.946258068084716797e-01
9.153993725776672363e-01
7.528929114341735840e-01
7.164355516433715820e-01
9.546360373497009277e-01
9.763033390045166016e-01
-3.508800566196441650e-01
1.427955329418182373e-01
7.617756724357604980e-01
9.561703801155090332e-01
-4.571779370307922363e-01
-1.124960333108901978e-01
-2.470551878213882446e-01
4.194336757063865662e-02
-9.087597727775573730e-01
-6.561750173568725586e-01
-3.421864807605743408e-01
3.341513574123382568e-01
5.593549609184265137e-01
6.365981101989746094e-01
8.663733005523681641e-01
7.625627517700195312e-01
9.938287734985351562e-01
-5.896583199501037598e-01
-8.994687199592590332e-01
-6.412850618362426758e-01
-3.443768322467803955e-01
3.313009738922119141e-01
4.068136215209960938e-01
8.646732568740844727e-01
9.775729179382324219e-01
6.433836817741394043e-01
8.487585186958312988e-01
8.947558999061584473e-01
9.121017456054687500e-01
9.073373079299926758e-01
5.600469112396240234e-01
9.010772705078125000e-01
4.894922375679016113e-01
8.704776763916015625e-01
7.820319533348083496e-01
-9.159598350524902344e-01
-3.380019068717956543e-01
5.778874754905700684e-01
7.007266879081726074e-01
-2.361261546611785889e-01
-1.429860144853591919e-01
3.884585797786712646e-01
8.783580064773559570e-01
-5.314615368843078613e-01
7.881499528884887695e-01
-1.307472884654998779e-01
7.709403038024902344e-01
9.415329098701477051e-01
9.099642634391784668e-01
8.142294883728027344e-01
3.070259690284729004e-01
9.329449534416198730e-01
3.265557885169982910e-01
9.369727373123168945e-01
-1.373382210731506348e-01
3.867669105529785156e-01
-1.555337309837341309e-01
-5.697635412216186523e-01
-7.517281174659729004e-01
-7.663131356239318848e-01
-3.663738667964935303e-01
-6.994634866714477539e-01
-2.334579527378082275e-01
9.158682078123092651e-02
9.035727977752685547e-01
5.833480954170227051e-01
-1.390969902276992798e-01
7.060915827751159668e-01
5.103931427001953125e-01
7.598302364349365234e-01
3.424843251705169678e-01
7.620228528976440430e-01
-1.441507190465927124e-01
-7.191126793622970581e-02
9.654811024665832520e-01
9.821327924728393555e-01
9.854382276535034180e-01
7.201781868934631348e-01
8.088641166687011719e-01
7.086083889007568359e-01
-4.405316412448883057e-01
-4.309726953506469727e-01
6.913909316062927246e-01
-7.267747521400451660e-01
5.702325105667114258e-01
-1.619319915771484375e-01
-4.810511469841003418e-01
-8.408806920051574707e-01
-9.425509572029113770e-01
9.410454630851745605e-01
6.907719373703002930e-01
8.190736770629882812e-01
9.750645756721496582e-01
-9.988014698028564453e-01
-9.682598710060119629e-01
3.639692366123199463e-01
7.659385204315185547e-01
9.331884384155273438e-01
-6.127606630325317383e-01
1.740890145301818848e-01
-5.003841519355773926e-01
-7.735087275505065918e-01
9.587961435317993164e-01
-1.460963189601898193e-01
5.958245992660522461e-01
-4.216716289520263672e-01
-6.728944778442382812e-01
9.171380996704101562e-01
6.050565242767333984e-01
-8.326166272163391113e-01
-9.775382280349731445e-01
-8.894690275192260742e-01
-3.939754068851470947e-01
3.527109026908874512e-01
-5.326415598392486572e-02
9.195201396942138672e-01
7.354138493537902832e-01
3.707174956798553467e-02
9.015687108039855957e-01
1.732755601406097412e-01
6.902888417243957520e-01
-4.530881047248840332e-01
6.936715841293334961e-01
-5.156071111559867859e-02
5.967158675193786621e-01
-2.608582973480224609e-01
-4.857442378997802734e-01
2.836767733097076416e-01
-1.238029543310403824e-02
2.054696679115295410e-01
-7.592150568962097168e-01
-6.708991527557373047e-01
-8.116286396980285645e-01
-3.734776377677917480e-01
3.627635836601257324e-01
-7.487321496009826660e-01
-8.532994985580444336e-01
-9.259979724884033203e-01
6.399925798177719116e-02
2.605478651821613312e-02
-8.031845688819885254e-01
-6.138651371002197266e-01
-4.702668190002441406e-01
-5.267931222915649414e-01
5.086907148361206055e-01
8.658673763275146484e-01
3.847234547138214111e-01
9.404752850532531738e-01
-9.395754933357238770e-01
-6.362936496734619141e-01
5.504253506660461426e-01
-5.943201780319213867e-01
3.592081069946289062e-01
-8.053428530693054199e-01
-7.642790079116821289e-01
8.572914004325866699e-01
3.135001957416534424e-01
4.095466434955596924e-01
9.331302046775817871e-01
-4.543390870094299316e-01
-9.288191199302673340e-01
-6.778878718614578247e-02
-4.645255506038665771e-01
2.759441360831260681e-02
-4.986002445220947266e-01
7.998840808868408203e-01
2.657752297818660736e-02
-3.918179571628570557e-01
-8.472265601158142090e-01
-6.312221884727478027e-01
-9.853168129920959473e-01
-9.914615750312805176e-01
-2.614379115402698517e-02
-7.295490801334381104e-02
8.935344219207763672e-01
9.862277507781982422e-01
9.604094028472900391e-01
-7.824220657348632812e-01
-3.520190417766571045e-01
4.892305433750152588e-01
5.855014920234680176e-01
-9.776505827903747559e-02
-5.582962036132812500e-01
5.084798485040664673e-02
-3.742902576923370361e-01
-1.537421196699142456e-01
9.279515147209167480e-01
4.205712378025054932e-01
-2.626606822013854980e-01
-6.635802984237670898e-01
-8.570352196693420410e-01
1.993800103664398193e-01
1.261051893234252930e-01
8.130028247833251953e-01
-9.781284332275390625e-01
-8.449942469596862793e-01
-5.581234693527221680e-01
-9.410205483436584473e-01
-9.662294983863830566e-01
9.734652638435363770e-01
6.868054270744323730e-01
1.880219876766204834e-01
1.575608849525451660e-01
-8.917930126190185547e-01
9.195383191108703613e-01
4.722135066986083984e-01
6.101381182670593262e-01
-3.612550795078277588e-01
-6.892536878585815430e-01
6.701650023460388184e-01
9.148936271667480469e-01
4.078648686408996582e-01
3.872288465499877930e-01
3.413500189781188965e-01
-2.332708388566970825e-01
1.513714790344238281e-01
-5.690733790397644043e-01
-1.712482273578643799e-01
7.293022871017456055e-01
-2.617843747138977051e-01
7.943716645240783691e-01
-6.541584134101867676e-01
-7.750301957130432129e-01
7.460619807243347168e-01
8.088738918304443359e-01
5.727113485336303711e-01
9.715244174003601074e-01
5.223798751831054688e-02
7.187595367431640625e-01
-8.037412166595458984e-02
-9.950948506593704224e-02
-1.286673843860626221e-01
9.821889996528625488e-01
8.820144534111022949e-01
8.711322546005249023e-01
9.362908005714416504e-01
3.702844679355621338e-01
7.994929552078247070e-01
-5.754892826080322266e-01
-6.889327764511108398e-01
-2.634702026844024658e-01
3.844644129276275635e-01
-6.527106165885925293e-01
-6.109136343002319336e-01
9.049229621887207031e-01
8.665619492530822754e-01
4.228934645652770996e-01
8.363291621208190918e-01
-5.629209876060485840e-01
-3.443578779697418213e-01
-6.939243674278259277e-01
8.732138872146606445e-01
-3.731192648410797119e-01
5.445135235786437988e-01
-7.640941739082336426e-01
-9.864022135734558105e-01
-1.379151046276092529e-01
7.757875323295593262e-01
9.856730103492736816e-01
6.971434950828552246e-01
6.563156098127365112e-02
-1.330675631761550903e-01
1.358922868967056274e-01
8.000033497810363770e-01
9.892517328262329102e-01
8.335438966751098633e-01
9.448004364967346191e-01
4.864504933357238770e-01
-6.359795331954956055e-01
9.184564352035522461e-01
6.713904738426208496e-01
2.668645083904266357e-01
-4.224409162998199463e-01
-7.312629222869873047e-01
7.951633930206298828e-01
1.168150231242179871e-01
2.573957741260528564e-01
9.196434617042541504e-01
-8.819913268089294434e-01
5.178710222244262695e-01
9.783780574798583984e-01
-6.358675658702850342e-02
9.435303211212158203e-01
9.934076070785522461e-01
9.275225996971130371e-01
7.426437139511108398e-01
8.099824786186218262e-01
8.894551992416381836e-01
9.654762148857116699e-01
5.336938500404357910e-01
7.955316454172134399e-02
1.984785199165344238e-01
5.064157843589782715e-01
-8.609199523925781250e-01
3.932428359985351562e-01
5.423364043235778809e-01
-2.529933489859104156e-02
-8.949442952871322632e-02
-8.470522165298461914e-01
-4.423490762710571289e-01
-1.931814104318618774e-02
6.147166490554809570e-01
9.533133506774902344e-01
-3.958938643336296082e-02
7.710103392601013184e-01
7.017099261283874512e-01
9.252994060516357422e-01
9.175519943237304688e-01
-1.079730242490768433e-01
9.917238950729370117e-01
3.903057575225830078e-01
9.939114451408386230e-01
6.909428834915161133e-01
8.152929544448852539e-01
1.180338785052299500e-01
9.397072196006774902e-01
8.968272209167480469e-01
9.980595111846923828e-01
9.315660595893859863e-01
3.180540800094604492e-01
3.784338235855102539e-01
2.896580100059509277e-01
8.271890878677368164e-01
-7.619646787643432617e-01
-9.110611677169799805e-01
-9.942502379417419434e-01
-6.759991049766540527e-01
-2.608491480350494385e-01
6.669821143150329590e-01
4.217143058776855469e-01
3.085965290665626526e-02
2.980691790580749512e-01
8.091658949851989746e-01
-2.901382148265838623e-01
-9.414511919021606445e-01
-8.499273657798767090e-01
1.946840733289718628e-01
-9.131196737289428711e-01
-6.848209500312805176e-01
7.464002072811126709e-02
3.104822337627410889e-01
-9.816064238548278809e-01
-6.089477539062500000e-01
-9.133510589599609375e-01
-4.161207675933837891e-01
-3.116148412227630615e-01
1.697907447814941406e-01
-6.883446574211120605e-01
3.648547530174255371e-01
1.302283108234405518e-01
-9.146597385406494141e-01
-4.813312590122222900e-01
-9.938921928405761719e-01
-6.753711700439453125e-01
8.909156918525695801e-01
-5.605248212814331055e-01
-6.751658320426940918e-01
-9.965039491653442383e-01
-6.933236718177795410e-01
6.567125916481018066e-01
-9.332610368728637695e-01
-5.359830260276794434e-01
4.194900691509246826e-01
9.786909222602844238e-01
9.307335019111633301e-01
7.181957960128784180e-01
5.053857564926147461e-01
3.024221062660217285e-01
-5.316612720489501953e-01
-2.812210321426391602e-01
-5.369181036949157715e-01
-7.645658254623413086e-01
-5.806236267089843750e-01
-9.052639603614807129e-01
2.629102170467376709e-01
-3.028583526611328125e-02
-1.604167968034744263e-01
-8.669021725654602051e-01
-2.153622955083847046e-01
-3.746651411056518555e-01
-6.118206977844238281e-01
-9.835467338562011719e-01
-3.348337709903717041e-01
-9.857718944549560547e-01
2.638471424579620361e-01
-5.734398365020751953e-01
-3.478536605834960938e-01
-5.655586719512939453e-01
7.051308155059814453e-01
5.635572075843811035e-01
-8.848029971122741699e-01
-9.961723685264587402e-01
-6.953031420707702637e-01
2.420091629028320312e-01
-8.817563652992248535e-01
2.718583941459655762e-01
8.240724205970764160e-01
-9.421672224998474121e-01
3.430883884429931641e-01
-9.187833070755004883e-01
-1.254337839782238007e-02
-7.589075248688459396e-03
4.653524458408355713e-01
-5.485434532165527344e-01
4.848597645759582520e-01
5.988347530364990234e-01
9.748438000679016113e-01
2.706507407128810883e-02
-7.540313601493835449e-01
7.053548097610473633e-01
7.340484857559204102e-01
8.882153630256652832e-01
-4.156414568424224854e-01
-4.203711450099945068e-01
-7.575909495353698730e-01
4.194947481155395508e-01
-8.319526910781860352e-01
-2.745518684387207031e-01
-3.001399338245391846e-01
-5.513425469398498535e-01
2.458593249320983887e-01
6.586915850639343262e-01
-4.468210339546203613e-01
1.272557079792022705e-01
-3.305870294570922852e-01
8.457327485084533691e-01
6.180154085159301758e-01
-6.816411763429641724e-02
-6.956265568733215332e-01
-9.806827306747436523e-01
4.174161255359649658e-01
7.172760367393493652e-01
-8.736289143562316895e-01
-2.005028128623962402e-01
-1.244943961501121521e-01
1.879212409257888794e-01
-3.322925865650177002e-01
-9.195902943611145020e-01
-9.606578946113586426e-01
-1.408305317163467407e-01
-1.482259631156921387e-01
-3.439816236495971680e-01
-8.856397271156311035e-01
-1.880897581577301025e-01
7.782530188560485840e-01
3.061663545668125153e-02
-9.502595067024230957e-01
-7.734608650207519531e-02
-9.805968999862670898e-01
-9.875080585479736328e-01
9.498687982559204102e-01
-7.975192666053771973e-01
-9.795727133750915527e-01
-3.731571733951568604e-01
-9.284448027610778809e-01
-8.239854574203491211e-01
-5.743618011474609375e-01
-7.939176559448242188e-01
-3.106759488582611084e-01
-9.966828227043151855e-01
4.671086743474006653e-02
-3.059830963611602783e-01
-9.039260745048522949e-01
-1.545961666852235794e-02
-4.134038388729095459e-01
7.648977637290954590e-02
-9.832382798194885254e-01
-6.802658438682556152e-01
-9.525746107101440430e-01
3.527872562408447266e-01
-6.023709774017333984e-01
-4.047545492649078369e-01
-1.168868020176887512e-01
-8.266616463661193848e-01
-1.905948966741561890e-01
1.691846400499343872e-01
-5.974857807159423828e-01
-7.519434690475463867e-01
5.354392528533935547e-01
-1.353300958871841431e-01
9.291111826896667480e-01
-4.976367577910423279e-02
2.511885166168212891e-01
-2.277724146842956543e-01
-9.685009121894836426e-01
-8.168973922729492188e-01
-8.811472654342651367e-01
5.239017605781555176e-01
9.339152574539184570e-01
-3.837876915931701660e-01
-6.726221442222595215e-01
-8.943775296211242676e-01
-5.562111139297485352e-01
-5.514701604843139648e-01
-9.385638833045959473e-01
-6.154662966728210449e-01
-7.725933790206909180e-01
-4.063868224620819092e-01
-9.685093760490417480e-01
-8.362590074539184570e-01
-5.270240306854248047e-01
3.879292309284210205e-01
-7.677684426307678223e-01
8.781296014785766602e-01
2.741236686706542969e-01
-7.450117468833923340e-01
4.148048162460327148e-01
4.140533506870269775e-01
5.519666671752929688e-01
-8.133169412612915039e-01
4.492729436606168747e-03
9.089848399162292480e-01
-1.473430451005697250e-02
-6.964464783668518066e-01
-2.940151989459991455e-01
-3.467916250228881836e-01
-6.591028720140457153e-02
-9.600384235382080078e-01
7.831211686134338379e-01
-8.116160631179809570e-01
-6.706641316413879395e-01
-8.827269673347473145e-01
-9.304170012474060059e-01
-9.623687863349914551e-01
-7.206665277481079102e-01
8.195609450340270996e-01
-9.276121854782104492e-01
-3.749012649059295654e-01
-3.754197657108306885e-01
-8.596740961074829102e-01
1.081166490912437439e-01
-9.294489026069641113e-01
-4.155942201614379883e-01
-9.820613265037536621e-01
-6.232227087020874023e-01
-7.132959365844726562e-01
5.201302170753479004e-01
3.540724217891693115e-01
8.155403775162994862e-04
-2.010079026222229004e-01
8.642922639846801758e-01
-1.774220168590545654e-01
-5.353189706802368164e-01
3.695673048496246338e-01
-1.085248589515686035e-01
-4.948210716247558594e-01
3.277707397937774658e-01
-2.386738657951354980e-01
-5.857225656509399414e-01
9.584278613328933716e-02
-9.719831943511962891e-01
-7.471600174903869629e-01
5.859360098838806152e-01
-7.833924293518066406e-01
-7.545894011855125427e-03
-4.088445305824279785e-01
-8.790221214294433594e-01
1.028452292084693909e-01
5.752115249633789062e-01
7.193270325660705566e-01
-7.074856162071228027e-01
-7.584623098373413086e-01
-1.094630807638168335e-01
6.953002810478210449e-01
9.454677700996398926e-01
-2.651355974376201630e-02
9.434278607368469238e-01
-7.387367486953735352e-01
-7.731714844703674316e-01
1.161094978451728821e-01
-4.247620701789855957e-01
-8.337234258651733398e-01
-7.088906764984130859e-01
-2.591314911842346191e-01
5.945881009101867676e-01
6.852816343307495117e-01
9.925612211227416992e-01
1.228313967585563660e-01
-4.111346006393432617e-01
-3.455048426985740662e-02
-9.476644396781921387e-01
-6.025669574737548828e-01
5.156058073043823242e-01
8.745303153991699219e-01
7.430499196052551270e-01
-1.004896089434623718e-01
-1.901305168867111206e-01
-7.432101368904113770e-01
8.195252418518066406e-01
2.929239869117736816e-01
-6.381651163101196289e-01
-8.386054039001464844e-01
-1.397059112787246704e-01
5.801667571067810059e-01
-4.869842231273651123e-01
-6.805472373962402344e-01
1.610339134931564331e-01
4.047640133649110794e-03
-9.911738634109497070e-01
-9.544802904129028320e-01
-8.713334202766418457e-01
-6.694287657737731934e-01
-4.548356235027313232e-01
7.054784893989562988e-01
-1.998042911291122437e-01
-6.530743837356567383e-01
-1.606651023030281067e-02
-8.246948719024658203e-01
4.936342127621173859e-03
-6.514305472373962402e-01
-5.046561360359191895e-01
-8.487073183059692383e-01
-8.644468188285827637e-01
-9.444086551666259766e-01
-4.041836559772491455e-01
2.094609141349792480e-01
8.540749549865722656e-02
-5.973884463310241699e-01
5.212767124176025391e-01
6.040488481521606445e-01
3.518544137477874756e-01
-4.289278388023376465e-01
-8.770510554313659668e-01
-9.486607313156127930e-01
6.443113088607788086e-01
9.955983757972717285e-01
-9.121575206518173218e-02
7.166724801063537598e-01
8.042882084846496582e-01
5.243259668350219727e-01
8.931566476821899414e-01
2.213726937770843506e-01
-3.062641024589538574e-01
-8.865763545036315918e-01
-2.154919505119323730e-01
-4.259347624611109495e-04
-1.549482941627502441e-01
7.585237622261047363e-01
-6.769613027572631836e-01
-9.930139183998107910e-01
5.874722003936767578e-01
-4.667033255100250244e-01
5.235620737075805664e-01
-6.369339227676391602e-01
5.279677510261535645e-01
-5.456126332283020020e-01
9.392133913934230804e-03
7.755648493766784668e-01
4.119781255722045898e-01
-8.428006768226623535e-01
-9.293944239616394043e-01
5.944423079490661621e-01
-1.474811881780624390e-01
-9.156203269958496094e-01
-2.861883342266082764e-01
-5.920127779245376587e-02
3.987934291362762451e-01
6.143479943275451660e-01
8.703531026840209961e-01
3.851449787616729736e-01
-3.389986157417297363e-01
6.520717144012451172e-01
1.568742692470550537e-01
7.364400625228881836e-01
4.193376302719116211e-01
-2.746241390705108643e-01
5.795595049858093262e-01
5.657027959823608398e-01
9.412127137184143066e-01
3.737239241600036621e-01
9.040729999542236328e-01
8.148787021636962891e-01
9.607395529747009277e-01
7.097061276435852051e-01
7.855188846588134766e-01
3.881001472473144531e-01
3.439060747623443604e-01
9.408566355705261230e-01
9.312040209770202637e-01
-7.453904151916503906e-01
5.670146942138671875e-01
8.949944972991943359e-01
-3.410208597779273987e-02
-9.775182604789733887e-01
-9.987593889236450195e-01
-8.945481181144714355e-01
-9.323954582214355469e-01
8.188005089759826660e-01
-5.425341129302978516e-01
9.358646273612976074e-01
1.973906606435775757e-01
-8.710910081863403320e-01
2.849076092243194580e-01
3.464690446853637695e-01
8.659322857856750488e-01
-4.277266860008239746e-01
-1.282652020454406738e-01
-5.375708937644958496e-01
-8.613290786743164062e-01
-9.593666195869445801e-01
-1.669995188713073730e-01
3.433009982109069824e-01
-6.311387419700622559e-01
-9.318600893020629883e-01
3.275141417980194092e-01
2.122499644756317139e-01
-3.799866139888763428e-02
-9.469605684280395508e-01
-9.217832684516906738e-01
5.743728280067443848e-01
-8.763923645019531250e-01
1.528063416481018066e-01
9.285500645637512207e-01
-2.770365476608276367e-01
-9.443282485008239746e-01
-2.986053824424743652e-01
2.094165235757827759e-02
-7.673860788345336914e-01
7.240426540374755859e-01
7.498337030410766602e-01
8.926013112068176270e-01
-7.250763177871704102e-01
-9.890963435173034668e-01
-8.427201509475708008e-01
-9.295037388801574707e-01
-6.749711632728576660e-01
-7.124722003936767578e-01
-9.657807946205139160e-01
-9.506048560142517090e-01
-6.146587729454040527e-01
7.818816304206848145e-01
-1.363189518451690674e-01
-6.819249987602233887e-01
-9.057420492172241211e-01
8.056344836950302124e-02
7.049148678779602051e-01
9.402571916580200195e-01
3.948726952075958252e-01
2.885409891605377197e-01
-7.076131105422973633e-01
-8.856712579727172852e-01
7.733287215232849121e-01
4.441840052604675293e-01
-7.734950780868530273e-01
-8.193351626396179199e-01
5.996579527854919434e-01
-8.937021493911743164e-01
-9.772657155990600586e-01
6.654548645019531250e-01
9.002239108085632324e-01
6.244748234748840332e-01
-6.025371551513671875e-01
1.300577968358993530e-01
-3.701991140842437744e-01
-8.803643584251403809e-01
5.016362667083740234e-01
-5.509517192840576172e-01
6.807552576065063477e-01
-3.185612708330154419e-02
-7.231495380401611328e-01
7.235867977142333984e-01
4.319493472576141357e-01
1.688521951436996460e-01
2.054755687713623047e-01
4.004469811916351318e-01
-8.246337175369262695e-01
-2.616406083106994629e-01
4.616337418556213379e-01
9.499967098236083984e-01
7.271499037742614746e-01
5.612252354621887207e-01
3.630795776844024658e-01
-3.216277360916137695e-01
9.182685613632202148e-01
9.598380327224731445e-01
9.113271236419677734e-01
4.990496337413787842e-01
9.274139404296875000e-01
-1.357309967279434204e-01
8.542709350585937500e-01
-6.006603837013244629e-01
9.899996519088745117e-01
9.900663495063781738e-01
6.942316293716430664e-01
-8.159357309341430664e-02
7.774078845977783203e-01
4.311105236411094666e-02
-1.828840225934982300e-01
-6.210464239120483398e-01
-9.612743258476257324e-01
-9.377063512802124023e-01
-3.188636600971221924e-01
-9.669536948204040527e-01
-6.212678551673889160e-01
7.144041657447814941e-01
4.429090023040771484e-01
6.167370676994323730e-01
9.578168392181396484e-01
4.260038733482360840e-01
-3.198718130588531494e-01
-8.816846013069152832e-01
-8.054894208908081055e-01
-4.942258894443511963e-01
2.815307676792144775e-01
8.269532322883605957e-01
7.527336478233337402e-01
4.948214888572692871e-01
-4.074459671974182129e-01
-3.948452770709991455e-01
-6.903776526451110840e-01
3.228324651718139648e-01
2.929590046405792236e-01
3.964435160160064697e-01
-3.666764199733734131e-01
-7.581588625907897949e-01
2.355897128582000732e-01
6.576564311981201172e-01
3.945481181144714355e-01
-9.199053645133972168e-01
-9.714281558990478516e-01
3.391949087381362915e-02
9.235879182815551758e-01
5.199356749653816223e-02
-5.451321229338645935e-02
-7.012735605239868164e-01
-9.725459218025207520e-01
-7.194119095802307129e-01
-9.743376970291137695e-01
-8.936675637960433960e-02
-6.337270140647888184e-01
2.398775704205036163e-02
-3.781396746635437012e-01
-5.809949040412902832e-01
-4.619882404804229736e-01
-3.717825710773468018e-01
-9.866324663162231445e-01
-9.609209895133972168e-01
-9.337837100028991699e-01
-9.655449986457824707e-01
-1.757492572069168091e-01
-2.429800778627395630e-01
-5.303076505661010742e-01
-9.217903614044189453e-01
-2.781489491462707520e-01
-7.493669390678405762e-01
-9.844352602958679199e-01
-7.587998509407043457e-01
-9.273004531860351562e-01
-4.851087033748626709e-01
-3.035966753959655762e-01
-9.417967200279235840e-01
-9.016333818435668945e-01
-6.672827005386352539e-01
-8.558638691902160645e-01
-9.850223064422607422e-01
-4.411485493183135986e-01
-4.446791112422943115e-01
-1.592643707990646362e-01
-3.679943680763244629e-01
7.137817144393920898e-01
4.588849544525146484e-01
-8.351936340332031250e-01
-8.230988383293151855e-01
-7.411280274391174316e-01
-3.405224084854125977e-01
-9.342278242111206055e-01
-9.930701851844787598e-01
4.867945909500122070e-01
6.659576296806335449e-01
-6.690365672111511230e-01
8.528145030140876770e-03
-9.092382192611694336e-01
-7.940202951431274414e-01
-9.033381938934326172e-01
2.803990244865417480e-01
-9.802069664001464844e-01
-3.139023482799530029e-01
6.830450892448425293e-01
-4.624368846416473389e-01
-8.517424464225769043e-01
-9.839889407157897949e-01
-7.943450808525085449e-01
-9.880166053771972656e-01
-8.754578232765197754e-01
-1.074507609009742737e-01
-1.346276849508285522e-01
1.268213391304016113e-01
-8.398756980895996094e-01
-7.971240282058715820e-01
-7.008601427078247070e-01
6.520619392395019531e-01
-8.995670080184936523e-01
-2.386384904384613037e-01
9.784817695617675781e-01
6.479825377464294434e-01
-5.315142124891281128e-02
-1.868258416652679443e-01
5.898837447166442871e-01
7.999032735824584961e-01
2.148573100566864014e-01
7.923993468284606934e-01
2.904108166694641113e-01
-2.930897772312164307e-01
-7.903381586074829102e-01
7.178675532341003418e-01
6.920516490936279297e-01
-3.108518719673156738e-01
8.093213438987731934e-01
3.538310900330543518e-02
-4.297386109828948975e-01
2.922852635383605957e-01
7.029367685317993164e-01
-7.320665568113327026e-02
1.663287580013275146e-01
4.044045209884643555e-01
9.440591931343078613e-01
6.868243217468261719e-02
9.384831190109252930e-01
4.461470544338226318e-01
7.946922183036804199e-01
9.578592777252197266e-01
7.435510158538818359e-01
1.071412041783332825e-01
-7.281495928764343262e-01
5.217517018318176270e-01
7.618685364723205566e-01
9.980918765068054199e-01
7.339843511581420898e-01
-7.243590056896209717e-02
5.277033522725105286e-02
3.687457442283630371e-01
-4.874372184276580811e-01
-9.436835050582885742e-01
-5.941029787063598633e-01
-8.467284440994262695e-01
7.410289049148559570e-01
-6.714717149734497070e-01
1.093004122376441956e-01
-7.896130681037902832e-01
8.228206038475036621e-01
-7.392286062240600586e-01
-1.438754945993423462e-01
-5.646519064903259277e-01
-3.122511804103851318e-01
-2.375973761081695557e-01
9.151248335838317871e-01
8.393252491950988770e-01
6.995440721511840820e-01
3.598830997943878174e-01
2.026820778846740723e-01
-6.276428103446960449e-01
-4.400414824485778809e-01
2.712393365800380707e-02
-6.945998072624206543e-01
-6.694227457046508789e-01
5.164294838905334473e-01
4.593304395675659180e-01
-9.575634598731994629e-01
9.961233139038085938e-01
6.922289729118347168e-01
7.869393229484558105e-01
-6.659293770790100098e-01
-7.690812945365905762e-01
2.504771947860717773e-01
-2.903801500797271729e-01
4.277862906455993652e-01
-3.734061717987060547e-01
-6.019899845123291016e-01
8.106014132499694824e-01
7.345083355903625488e-01
-9.378986805677413940e-02
-5.975736379623413086e-01
-9.987884163856506348e-01
-5.585735440254211426e-01
-9.825677275657653809e-01
8.707542419433593750e-01
8.847623467445373535e-01
-9.347142577171325684e-01
8.230876922607421875e-01
2.457305192947387695e-01
5.592623949050903320e-01
-4.462989866733551025e-01
-9.762865900993347168e-01
9.282537102699279785e-01
7.623200416564941406e-01
-1.935225427150726318e-01
8.038393855094909668e-01
1.459383517503738403e-01
9.063258767127990723e-01
4.304008185863494873e-01
-3.496850728988647461e-01
-9.664404988288879395e-01
-9.399589896202087402e-01
-9.613274931907653809e-01
-4.648655652999877930e-02
6.996547579765319824e-01
-4.823296368122100830e-01
1.865443587303161621e-01
2.788524031639099121e-01
4.663020074367523193e-01
-4.861095249652862549e-01
-7.375682592391967773e-01
-8.502976298332214355e-01
-3.835234642028808594e-01
-4.872749745845794678e-01
-9.250583052635192871e-01
6.512815356254577637e-01
2.754913270473480225e-01
-6.331935524940490723e-01
2.848904430866241455e-01
-9.004707932472229004e-01
-7.275276780128479004e-01
6.459442973136901855e-01
6.397789120674133301e-01
9.113017916679382324e-01
8.596082925796508789e-01
-2.396282404661178589e-01
7.581762671470642090e-01
7.415642142295837402e-01
9.929580688476562500e-01
8.290151357650756836e-01
8.968615531921386719e-02
6.801847815513610840e-01
9.052231907844543457e-01
1.366878598928451538e-01
2.197998613119125366e-01
-5.209406614303588867e-01
5.605105161666870117e-01
5.722134709358215332e-01
7.232186794281005859e-01
5.658938884735107422e-01
6.548845171928405762e-01
4.872317612171173096e-01
8.273878097534179688e-01
4.410680234432220459e-01
2.833086848258972168e-01
3.086329102516174316e-01
8.704504370689392090e-01
-2.435803264379501343e-01
-9.723864793777465820e-01
4.439538419246673584e-01
9.626020193099975586e-01
9.217810034751892090e-01
9.837231636047363281e-01
2.175126671791076660e-01
8.978275656700134277e-01
4.381950497627258301e-01
2.141614705324172974e-01
-9.472915530204772949e-01
-4.795931577682495117e-01
3.705312609672546387e-01
6.936309337615966797e-01
9.197801351547241211e-01
-9.713422656059265137e-01
6.760306954383850098e-01
-3.562462329864501953e-01
-7.645942568778991699e-01
-1.911637485027313232e-01
6.945559382438659668e-01
-8.646210432052612305e-01
7.735897898674011230e-01
-8.863789439201354980e-01
8.468719124794006348e-01
9.851125478744506836e-01
4.697400927543640137e-01
-5.574482679367065430e-01
-3.533184230327606201e-01
-2.782480120658874512e-01
6.283769756555557251e-02
-6.644242405891418457e-01
-9.964869022369384766e-01
1.675088554620742798e-01
-7.258948087692260742e-01
-8.265898823738098145e-01
3.738379478454589844e-01
-8.221238851547241211e-01
-1.023901328444480896e-01
-7.470453977584838867e-01
-9.100395441055297852e-01
-8.381127715110778809e-01
-6.397376656532287598e-01
9.833500981330871582e-01
7.703387737274169922e-01
-6.893666386604309082e-01
-7.788699865341186523e-01
-6.517624258995056152e-01
-7.285134792327880859e-01
-7.151072621345520020e-01
2.403877079486846924e-01
-8.143255114555358887e-01
-6.253769397735595703e-01
-2.961170375347137451e-01
5.813628435134887695e-01
-8.720504045486450195e-01
-9.651789665222167969e-01
-8.950130343437194824e-01
7.455632835626602173e-02
-7.738300561904907227e-01
-9.399962425231933594e-01
-8.940423727035522461e-01
1.973974257707595825e-01
7.006542086601257324e-01
4.674604237079620361e-01
-6.200157403945922852e-01
-7.970064282417297363e-01
-9.838578104972839355e-01
-9.149079918861389160e-01
-3.168342113494873047e-01
-9.220892786979675293e-01
8.070167899131774902e-01
-6.787785887718200684e-01
-9.619778990745544434e-01
4.336192607879638672e-01
-2.149207592010498047e-01
-6.562359929084777832e-01
-9.949260354042053223e-01
-1.062781140208244324e-01
-9.571434855461120605e-01
3.466807305812835693e-01
-7.120761275291442871e-01
-7.926246523857116699e-01
-9.111120104789733887e-01
-6.028106212615966797e-01
-7.278541326522827148e-01
-7.487078905105590820e-01
-9.119558334350585938e-01
-7.269010543823242188e-01
-8.441300690174102783e-02
3.720919191837310791e-01
2.052557654678821564e-03
-5.657219290733337402e-01
5.623787045478820801e-01
-4.659022092819213867e-01
-9.246354699134826660e-01
6.935402750968933105e-01
7.673109173774719238e-01
7.637014985084533691e-01
-6.630316376686096191e-01
-9.936651587486267090e-01
-9.418539404869079590e-01
-7.685170173645019531e-01
-9.541496038436889648e-01
-1.604216247797012329e-01
-6.927967071533203125e-01
-5.861381888389587402e-01
7.767865061759948730e-01
9.097157120704650879e-01
2.219570577144622803e-01
-4.776629209518432617e-01
-1.380099207162857056e-01
3.899955749511718750e-02
9.464982748031616211e-01
-7.818084955215454102e-01
-9.554232358932495117e-01
2.020108699798583984e-01
-9.338897466659545898e-01
-6.849820017814636230e-01
-6.373290419578552246e-01
-5.690508484840393066e-01
-9.328491687774658203e-01
8.071404695510864258e-01
-3.168220520019531250e-01
-5.999882221221923828e-01
9.298198223114013672e-01
2.420437932014465332e-01
-6.109392642974853516e-01
-7.196022272109985352e-01
3.628481328487396240e-01
-5.794684886932373047e-01
9.232665300369262695e-01
5.253857970237731934e-01
2.698736488819122314e-01
-7.488585114479064941e-01
-2.262037247419357300e-01
-4.523982703685760498e-01
8.916786313056945801e-01
-6.188756227493286133e-01
2.244180738925933838e-01
1.847134977579116821e-01
-7.824273705482482910e-01
7.555141448974609375e-01
-3.409311175346374512e-02
-1.663997620344161987e-01
6.348419785499572754e-01
9.858492016792297363e-01
7.881951332092285156e-01
1.479231715202331543e-01
-2.791860401630401611e-01
-3.338194191455841064e-01
-5.525388717651367188e-01
6.602329611778259277e-01
9.834116101264953613e-01
9.969441294670104980e-01
7.405834794044494629e-01
-4.414749145507812500e-01
-4.815995991230010986e-01
-3.902431130409240723e-01
-2.811939716339111328e-01
-9.731621146202087402e-01
-9.703744947910308838e-02
2.955084145069122314e-01
4.085919260978698730e-01
-3.654386699199676514e-01
-4.753685593605041504e-01
4.194239675998687744e-01
6.087983250617980957e-01
-2.245737165212631226e-01
-6.862623691558837891e-01
8.290020823478698730e-01
9.335689544677734375e-01
-7.155397534370422363e-01
-8.236187100410461426e-01
3.380774557590484619e-01
6.992840766906738281e-01
8.565509915351867676e-01
9.854795932769775391e-01
2.692867815494537354e-01
-2.315861135721206665e-01
7.787804007530212402e-01
9.801740050315856934e-01
7.663763761520385742e-01
-7.742550969123840332e-01
-2.576561272144317627e-01
7.365710735321044922e-01
8.686324954032897949e-01
-4.088903963565826416e-01
5.141142010688781738e-01
8.861212134361267090e-01
9.401153922080993652e-01
7.676187157630920410e-01
1.192840561270713806e-01
6.431962847709655762e-01
4.402833282947540283e-01
8.688701391220092773e-01
9.351079463958740234e-01
4.270282983779907227e-01
3.859635293483734131e-01
-3.224345743656158447e-01
-7.118146419525146484e-01
-7.414689064025878906e-01
3.420286178588867188e-01
5.869511961936950684e-01
7.624039053916931152e-01
6.774199008941650391e-01
-7.249218225479125977e-01
8.078773617744445801e-01
2.010120302438735962e-01
-7.496953010559082031e-01
-1.108496915549039841e-03
5.220894813537597656e-01
5.849572420120239258e-01
4.798275530338287354e-01
3.291347920894622803e-01
9.109442830085754395e-01
8.888698220252990723e-01
7.835556268692016602e-01
-5.483500957489013672e-01
9.343844056129455566e-01
7.747678756713867188e-01
9.769261479377746582e-01
7.532517910003662109e-01
-1.696448326110839844e-01
-9.833675026893615723e-01
3.753598332405090332e-01
6.945838928222656250e-01
7.398363947868347168e-01
9.566814303398132324e-01
9.158936738967895508e-01
3.497955501079559326e-01
8.767758011817932129e-01
8.718383908271789551e-01
3.121421933174133301e-01
1.174962054938077927e-02
9.547477364540100098e-01
9.953341484069824219e-01
5.131208300590515137e-01
-9.290128350257873535e-01
-5.113247632980346680e-01
-3.023849725723266602e-01
-5.546036362648010254e-01
-9.035854935646057129e-01
2.822709679603576660e-01
-4.330193102359771729e-01
-6.485640406608581543e-01
1.582166403532028198e-01
-6.056001782417297363e-01
-2.171703726053237915e-01
-9.666312932968139648e-01
-1.037210896611213684e-01
7.288230657577514648e-01
3.353176414966583252e-01
-2.365135252475738525e-01
-9.126601815223693848e-01
-8.999871015548706055e-01
2.949968576431274414e-01
-6.630659699440002441e-01
-4.347433149814605713e-01
3.597505986690521240e-01
6.857987046241760254e-01
7.221452146768569946e-02
-8.661734461784362793e-01
-3.684559166431427002e-01
5.914810895919799805e-01
-9.880772233009338379e-01
1.273068506270647049e-02
-6.294336915016174316e-01
-5.727508664131164551e-01
6.469587087631225586e-01
7.741590142250061035e-01
1.696943789720535278e-01
-6.449747085571289062e-01
-6.305512189865112305e-01
-6.084599494934082031e-01
7.699049115180969238e-01
7.697288393974304199e-01
-9.116907715797424316e-01
-2.929910421371459961e-01
-4.496548175811767578e-01
-6.133049726486206055e-02
-5.125002562999725342e-02
1.313596265390515327e-03
-8.466601371765136719e-01
-9.675325155258178711e-01
-5.974572896957397461e-01
2.027217447757720947e-01
-9.827443957328796387e-01
1.853348761796951294e-01
-9.752274751663208008e-01
-7.808253169059753418e-01
4.695516526699066162e-01
5.075122714042663574e-01
8.540589213371276855e-01
4.415490627288818359e-01
-4.378870129585266113e-01
-7.422555685043334961e-01
1.860708594322204590e-01
2.003690004348754883e-01
-1.452173292636871338e-02
-1.825349926948547363e-01
-7.006045579910278320e-01
9.208362102508544922e-01
2.004618495702743530e-01
8.710074424743652344e-01
-1.603536754846572876e-01
-9.753397107124328613e-01
-7.883207201957702637e-01
-7.810168266296386719e-01
-7.926447391510009766e-01
-9.132673144340515137e-01
-2.675316631793975830e-01
-5.553568601608276367e-01
6.629305481910705566e-01
-2.592510581016540527e-01
1.231473833322525024e-01
-8.517593741416931152e-01
2.086557596921920776e-01
8.859867453575134277e-01
-3.335668146610260010e-01
4.800939261913299561e-01
-6.775439977645874023e-01
-3.794779777526855469e-01
-4.984708130359649658e-01
3.771552145481109619e-01
-7.544004321098327637e-01
3.761274814605712891e-01
8.485604524612426758e-01
1.600436419248580933e-01
8.654117584228515625e-01
8.449541926383972168e-01
-7.245423197746276855e-01
9.708243608474731445e-01
-3.892126083374023438e-01
5.275055766105651855e-01
-7.378605604171752930e-01
4.874479472637176514e-01
3.954610228538513184e-01
7.533384561538696289e-01
9.855950474739074707e-01
-1.578800082206726074e-01
-3.349523544311523438e-01
8.530087769031524658e-02
-8.204181790351867676e-01
3.067206740379333496e-01
-1.408342868089675903e-01
-1.901930570602416992e-01
7.564119696617126465e-01
4.549316465854644775e-01
5.960698127746582031e-01
8.156447410583496094e-01
5.302945971488952637e-01
6.322584152221679688e-01
-2.526526339352130890e-02
7.630731463432312012e-01
9.245405793190002441e-01
-1.621841043233871460e-01
6.922231912612915039e-01
8.619107007980346680e-01
-7.246199250221252441e-02
-5.712425112724304199e-01
-4.220024943351745605e-01
-7.817593812942504883e-01
1.686635017395019531e-01
-4.626296460628509521e-01
-1.710735857486724854e-01
9.635180234909057617e-01
4.469485878944396973e-01
-9.614151120185852051e-01
-4.866390228271484375e-01
-3.016184568405151367e-01
-6.356351375579833984e-01
-4.730487987399101257e-02
9.411206245422363281e-01
-6.528228521347045898e-01
-6.910616159439086914e-01
-3.642024993896484375e-01
9.720708131790161133e-01
6.634055972099304199e-01
-2.376244813203811646e-01
8.138805031776428223e-01
8.475745916366577148e-01
6.861706376075744629e-01
-2.822292447090148926e-01
9.393406510353088379e-01
8.455532193183898926e-01
-4.964645802974700928e-01
4.772070646286010742e-01
9.886916875839233398e-01
7.214082479476928711e-01
2.281614989042282104e-01
8.648384213447570801e-01
8.727476596832275391e-01
9.245680570602416992e-01
7.382339835166931152e-01
-8.108372688293457031e-01
-2.639895379543304443e-01
9.821129441261291504e-01
-2.046642750501632690e-01
-9.742308259010314941e-01
9.114775657653808594e-01
5.104269385337829590e-01
4.898756444454193115e-01
-1.072081401944160461e-01
6.287947893142700195e-01
2.288614958524703979e-01
7.062063813209533691e-01
7.483940124511718750e-01
6.172280311584472656e-01
7.765524983406066895e-01
8.953732848167419434e-01
9.482092857360839844e-01
8.064362406730651855e-01
2.472433075308799744e-02
9.770857170224189758e-03
7.530175447463989258e-01
-5.879135429859161377e-02
9.357901662588119507e-02
2.219696938991546631e-01
8.061968684196472168e-01
5.493515729904174805e-01
1.540353894233703613e-01
6.420563459396362305e-01
8.507966995239257812e-01
5.511876940727233887e-01
-8.633773922920227051e-01
-5.732418894767761230e-01
-9.720289111137390137e-01
-9.818717241287231445e-01
-3.323377966880798340e-01
3.949300348758697510e-01
3.948022425174713135e-01
-9.337374567985534668e-01
-7.664806842803955078e-01
4.909364581108093262e-01
-3.318709731101989746e-01
-6.057962179183959961e-01
-2.621213197708129883e-01
9.486277699470520020e-01
-3.342896103858947754e-01
-9.419817328453063965e-01
-5.909245014190673828e-01
8.828341960906982422e-01
9.456560611724853516e-01
-6.568107008934020996e-02
-9.400166869163513184e-01
9.780228734016418457e-01
2.907519340515136719e-01
-9.150146245956420898e-01
-4.289340078830718994e-01
-8.469486236572265625e-01
-8.755553960800170898e-01
-7.457067072391510010e-02
-6.905749440193176270e-01
-9.095439910888671875e-01
-7.717220187187194824e-01
-9.514474868774414062e-01
-9.895672202110290527e-01
-6.478958725929260254e-01
5.396259427070617676e-01
-4.463253915309906006e-01
-1.741867363452911377e-01
-9.257290363311767578e-01
-9.513577818870544434e-01
-8.933826088905334473e-01
1.052874922752380371e-01
-4.261080324649810791e-01
8.447313904762268066e-01
7.148006558418273926e-01
4.391978979110717773e-01
2.119304239749908447e-02
-2.994876801967620850e-01
-8.327401876449584961e-01
6.285309046506881714e-02
-6.104831099510192871e-01
-4.568304717540740967e-01
-9.409168958663940430e-01
-6.275537610054016113e-01
6.804857850074768066e-01
8.994589447975158691e-01
-5.682491660118103027e-01
-9.938495606184005737e-02
-7.096379995346069336e-01
-2.718629837036132812e-01
-6.341009736061096191e-01
5.779722929000854492e-01
-2.358620166778564453e-01
-7.282788157463073730e-01
1.453321874141693115e-01
6.259590983390808105e-01
-9.827039241790771484e-01
5.249323248863220215e-01
4.111623167991638184e-01
-3.867422640323638916e-01
5.783623456954956055e-01
1.271221786737442017e-01
-7.148402929306030273e-01
6.885840892791748047e-01
-9.933688044548034668e-01
-4.153298959136009216e-02
-3.876403570175170898e-01
-5.423867106437683105e-01
-7.404324412345886230e-01
-1.882791817188262939e-01
-6.127253770828247070e-01
6.325870156288146973e-01
-6.797600984573364258e-01
-1.810755133628845215e-01
7.835520505905151367e-01
6.772263050079345703e-01
1.241493076086044312e-01
-7.794611454010009766e-01
-8.182877898216247559e-01
4.912126958370208740e-01
-2.864457070827484131e-01
-8.311345577239990234e-01
-8.334977179765701294e-02
5.123934149742126465e-01
7.189693860709667206e-03
-9.815480113029479980e-01
3.308764696121215820e-01
8.261877894401550293e-01
7.784106731414794922e-01
7.867629528045654297e-01
-5.219424962997436523e-01
-4.968062043190002441e-01
5.221973657608032227e-01
-1.077230498194694519e-01
-8.943205475807189941e-01
4.023333787918090820e-01
-7.858868241310119629e-01
-9.605567455291748047e-01
3.724443912506103516e-01
-3.801783025264739990e-01
-1.611898988485336304e-01
4.853563606739044189e-01
9.316243529319763184e-01
7.970954775810241699e-01
-8.126726746559143066e-02
5.857297182083129883e-01
6.903063058853149414e-01
7.783804535865783691e-01
-9.464720487594604492e-01
6.317608952522277832e-01
8.945004343986511230e-01
-8.975281119346618652e-01
-5.750106573104858398e-01
5.708628296852111816e-01
8.750175833702087402e-01
2.028757184743881226e-01
8.283539414405822754e-01
8.433021903038024902e-01
9.865220785140991211e-01
-6.879127025604248047e-01
-9.018219709396362305e-01
1.511066406965255737e-01
9.288263916969299316e-01
3.011442348361015320e-02
5.767653584480285645e-01
5.210033655166625977e-01
8.610102534294128418e-01
-1.751833781599998474e-02
9.812996387481689453e-01
9.820870757102966309e-01
-4.792826175689697266e-01
9.643844962120056152e-01
5.543152689933776855e-01
8.596475124359130859e-01
9.806484580039978027e-01
9.937883019447326660e-01
-9.597147703170776367e-01
-6.397058367729187012e-01
6.784375309944152832e-01
3.249256908893585205e-01
6.042453050613403320e-01
4.645768404006958008e-01
-5.762953162193298340e-01
4.096378386020660400e-01
-3.591556251049041748e-01
-3.720907494425773621e-02
-1.204462256282567978e-02
-9.381917715072631836e-01
3.563642501831054688e-01
6.359705328941345215e-02
7.641074061393737793e-01
9.293698668479919434e-01
3.230694830417633057e-01
-6.168552041053771973e-01
9.061245322227478027e-01
8.320034742355346680e-01
2.238216549158096313e-01
-8.426228761672973633e-01
6.145375967025756836e-01
-4.470022618770599365e-01
-4.424209892749786377e-01
-9.063439369201660156e-01
-9.473898410797119141e-01
-6.592861413955688477e-01
-9.848554134368896484e-01
8.877840638160705566e-01
-6.066867709159851074e-01
-8.090090751647949219e-01
-7.290585637092590332e-01
-9.137755036354064941e-01
4.441493153572082520e-01
-9.548008441925048828e-01
-4.922183156013488770e-01
-8.424003124237060547e-01
-3.037156462669372559e-01
9.004241824150085449e-01
3.491965234279632568e-01
5.732239484786987305e-01
-8.302688002586364746e-01
-6.323069930076599121e-01
-8.553793430328369141e-01
6.854533553123474121e-01
-7.698357701301574707e-01
-4.065914452075958252e-01
-2.057873755693435669e-01
7.060042023658752441e-01
-7.075847387313842773e-01
-2.526248693466186523e-01
3.783512413501739502e-01
7.463229894638061523e-01
7.562264800071716309e-01
-5.963637828826904297e-01
-9.480594992637634277e-01
-2.033321559429168701e-01
4.355417788028717041e-01
2.308845520019531250e-01
6.868200898170471191e-01
-5.875054597854614258e-01
-9.844131469726562500e-01
4.530675709247589111e-01
-9.897658824920654297e-01
-9.098711609840393066e-01
-9.974263310432434082e-01
5.357221886515617371e-02
-9.299221038818359375e-01
-5.664805173873901367e-01
4.700136482715606689e-01
-5.347512364387512207e-01
-2.288936078548431396e-01
-7.549797892570495605e-01
-6.783522963523864746e-01
6.056157946586608887e-01
-4.939332604408264160e-01
-4.587699174880981445e-01
-7.122161388397216797e-01
-3.476866185665130615e-01
-2.031174600124359131e-01
-2.700781822204589844e-01
-7.519401311874389648e-01
-9.809371829032897949e-01
-7.938275337219238281e-01
-9.865602254867553711e-01
-7.905413508415222168e-01
-7.473060488700866699e-01
-6.112530231475830078e-01
2.214916497468948364e-01
-4.748035371303558350e-01
-6.113324165344238281e-01
-9.202291369438171387e-01
-4.977532923221588135e-01
6.787755489349365234e-01
6.595921516418457031e-01
-2.153005450963973999e-01
6.751992702484130859e-01
-8.537392020225524902e-01
-9.137477278709411621e-01
5.507059097290039062e-01
-2.456696480512619019e-01
1.660369187593460083e-01
-2.854457199573516846e-01
-6.542049646377563477e-01
-1.936639696359634399e-01
-4.857025742530822754e-01
-5.091582536697387695e-01
4.566911160945892334e-01
-9.442747235298156738e-01
7.118501663208007812e-01
9.779774546623229980e-01
4.487103223800659180e-01
6.345127224922180176e-01
-3.068732917308807373e-01
1.322757154703140259e-01
-4.110947549343109131e-01
2.479454278945922852e-01
-6.770722270011901855e-01
4.379216134548187256e-01
-5.888098478317260742e-01
7.313527464866638184e-01
-5.364463329315185547e-01
8.683172464370727539e-01
8.465269804000854492e-01
2.399701029062271118e-01
1.631632745265960693e-01
7.814375758171081543e-01
9.229238033294677734e-01
8.867930769920349121e-01
-2.216826826333999634e-01
5.732918381690979004e-01
9.462826251983642578e-01
9.859541654586791992e-01
5.415964126586914062e-01
8.028542995452880859e-01
5.869570970535278320e-01
8.349220752716064453e-01
8.323148488998413086e-01
7.213864326477050781e-01
-6.321924328804016113e-01
-7.899447679519653320e-01
-9.576410651206970215e-01
8.372693657875061035e-01
3.975328803062438965e-01
-7.338653206825256348e-01
2.014042809605598450e-02
4.486856162548065186e-01
8.673514723777770996e-01
3.498752117156982422e-01
-9.401666522026062012e-01
4.542053937911987305e-01
8.529192209243774414e-01
3.785954415798187256e-01
8.718340396881103516e-01
-4.472295194864273071e-02
9.735098481178283691e-01
5.695774555206298828e-01
7.953755855560302734e-01
7.110309004783630371e-01
-6.723346114158630371e-01
5.656628869473934174e-03
5.258144736289978027e-01
-4.297986030578613281e-01
-9.240412116050720215e-01
6.098200678825378418e-01
-4.545748829841613770e-01
-8.842084407806396484e-01
-8.246229887008666992e-01
-6.762307286262512207e-01
-5.881509184837341309e-01
-2.662498950958251953e-01
-9.239770174026489258e-01
-8.166809082031250000e-01
-3.543708622455596924e-01
-6.775162220001220703e-01
-3.107632994651794434e-01
2.427410893142223358e-02
7.779200673103332520e-01
5.943353176116943359e-01
-5.267799496650695801e-01
-8.352664113044738770e-01
-8.599979281425476074e-01
-6.218542456626892090e-01
-2.348904311656951904e-01
2.766149342060089111e-01
-4.802788496017456055e-01
9.313400983810424805e-01
-7.882031202316284180e-01
-6.380023360252380371e-01
6.931166052818298340e-01
9.462074637413024902e-01
1.740178018808364868e-01
-9.169135689735412598e-01
-8.138977289199829102e-01
5.043969154357910156e-01
9.597108960151672363e-01
5.229486823081970215e-01
5.637414455413818359e-01
1.123183593153953552e-01
7.170294523239135742e-01
-4.246578514575958252e-01
-1.997330412268638611e-02
-3.862970471382141113e-01
-9.065657258033752441e-01
-8.640220165252685547e-01
-8.170595169067382812e-01
4.858973026275634766e-01
-7.724283337593078613e-01
8.843796253204345703e-01
-2.136253118515014648e-01
9.202834367752075195e-01
-2.662236392498016357e-01
-7.054067850112915039e-01
7.709151506423950195e-01
7.277676463127136230e-01
-5.478162169456481934e-01
-9.582931995391845703e-01
-2.556651830673217773e-02
7.282521724700927734e-01
5.873124003410339355e-01
2.608169913291931152e-01
-2.410738170146942139e-01
2.123651653528213501e-01
5.700684189796447754e-01
-6.267604231834411621e-01
2.631865143775939941e-01
-7.997775673866271973e-01
9.880068153142929077e-02
-1.958790570497512817e-01
-2.278324067592620850e-01
3.825057744979858398e-01
8.665518760681152344e-01
3.994404971599578857e-01
6.119106411933898926e-01
7.637262940406799316e-01
2.741281390190124512e-01
9.857901334762573242e-01
9.274397492408752441e-01
5.072341561317443848e-01
8.827386498451232910e-01
7.327738404273986816e-01
7.503532171249389648e-01
-6.672336906194686890e-02
-3.327244520187377930e-01
9.891441464424133301e-01
-4.257823526859283447e-01
-5.962929129600524902e-01
5.222708582878112793e-01
-8.744675666093826294e-02
-4.718293845653533936e-01
-5.858191847801208496e-01
8.572776317596435547e-01
5.009425878524780273e-01
2.001032084226608276e-01
-4.850028455257415771e-01
-6.728913187980651855e-01
5.031279921531677246e-01
9.210301637649536133e-01
-1.378950923681259155e-01
-7.391374707221984863e-01
9.665688872337341309e-01
4.010465741157531738e-01
7.889631390571594238e-01
8.576822876930236816e-01
-1.524438261985778809e-01
7.264368534088134766e-01
5.021609067916870117e-01
9.863817691802978516e-01
7.427844405174255371e-02
9.184640049934387207e-01
8.951056599617004395e-01
9.627445340156555176e-01
9.390611946582794189e-02
4.819490313529968262e-01
9.897761344909667969e-01
8.017215132713317871e-01
8.077644556760787964e-02
-2.144359610974788666e-02
6.509754657745361328e-01
7.515852451324462891e-01
8.573538064956665039e-01
4.181687533855438232e-01
8.605682849884033203e-01
9.960417151451110840e-01
9.856619834899902344e-01
7.933050394058227539e-01
7.100923061370849609e-01
-6.074125170707702637e-01
-9.521448016166687012e-01
-6.287690997123718262e-01
5.596984177827835083e-02
-1.799101531505584717e-01
-8.546253293752670288e-02
5.644488334655761719e-01
9.974520802497863770e-01
2.376364469528198242e-01
-9.634989500045776367e-01
-8.511024117469787598e-01
-9.200689196586608887e-01
-2.733392715454101562e-01
8.259032368659973145e-01
9.715143442153930664e-01
-3.890697062015533447e-01
-3.607999086380004883e-01
4.371124207973480225e-01
9.440893530845642090e-01
-4.282592535018920898e-01
7.164483666419982910e-01
9.647800326347351074e-01
-2.986452281475067139e-01
-4.771244823932647705e-01
-6.953357905149459839e-02
