-2.548195075988769531e+01
-9.850485229492187500e+01
9.991912078857421875e+01
-2.375835990905761719e+01
-8.205051422119140625e+00
1.736867332458496094e+01
3.782186508178710938e+01
-2.179934120178222656e+01
-3.552476882934570312e+01
9.087210083007812500e+01
-9.627965545654296875e+01
9.032722473144531250e+01
-9.738084411621093750e+01
-1.227677154541015625e+01
2.835568809509277344e+01
6.448872375488281250e+01
-6.221666336059570312e+01
3.941144561767578125e+01
2.672211885452270508e+00
-7.127095031738281250e+01
2.569387054443359375e+01
8.343122863769531250e+01
8.679749298095703125e+01
-4.873343276977539062e+01
-5.531952285766601562e+01
9.831932830810546875e+01
-6.606272888183593750e+01
-6.965622711181640625e+01
8.084602355957031250e+01
-1.539212417602539062e+01
3.594283294677734375e+01
3.807102203369140625e+01
-6.288937759399414062e+01
-6.712505340576171875e+01
1.393282222747802734e+01
9.153040313720703125e+01
5.331093597412109375e+01
-7.545800781250000000e+01
-2.754973411560058594e+01
-1.483385276794433594e+01
8.167747497558593750e+01
-4.708078384399414062e+01
-9.406008148193359375e+01
7.385560607910156250e+01
4.813965988159179688e+01
-6.233482360839843750e+00
-5.809889984130859375e+01
4.995420455932617188e+01
4.537535858154296875e+01
-7.560211181640625000e+01
4.921419525146484375e+01
-8.606135559082031250e+01
2.907000160217285156e+01
-8.447798156738281250e+01
6.115257263183593750e+01
7.887691497802734375e+01
2.499279022216796875e+01
9.185144042968750000e+01
-7.213727569580078125e+01
8.554827117919921875e+01
5.918459320068359375e+01
1.817443370819091797e+00
8.406230163574218750e+01
9.240675354003906250e+01
5.396818542480468750e+01
-6.441221618652343750e+01
6.058073806762695312e+01
3.327365875244140625e+00
-5.266268920898437500e+01
7.712484741210937500e+01
8.679611206054687500e+01
9.667201995849609375e+01
1.696094322204589844e+01
4.727054977416992188e+01
7.416713714599609375e+01
-9.668095397949218750e+01
7.605739593505859375e+01
-3.390472412109375000e+01
-9.710589599609375000e+01
7.526174926757812500e+01
-1.015790176391601562e+01
-1.438945865631103516e+01
5.284584045410156250e+01
-9.496928405761718750e+01
-9.110095977783203125e+00
4.816844177246093750e+01
2.155666160583496094e+01
-1.420525741577148438e+01
6.079837799072265625e+01
1.347045040130615234e+01
-4.814921188354492188e+01
5.741405487060546875e+01
-8.580176544189453125e+01
-7.945629882812500000e+01
-4.527335357666015625e+01
5.076757812500000000e+01
8.176865386962890625e+01
-6.456715393066406250e+01
-8.602335357666015625e+01
8.474909973144531250e+01
4.542314529418945312e+01
-2.154674911499023438e+01
9.842350769042968750e+01
4.349548339843750000e+01
-5.850436019897460938e+01
9.098722839355468750e+01
-5.203311920166015625e+01
2.500150489807128906e+01
2.658205032348632812e+01
5.924001312255859375e+01
8.859746551513671875e+01
6.108914184570312500e+01
-8.383289337158203125e+01
5.748318862915039062e+01
9.857408905029296875e+01
7.290209197998046875e+01
-9.194545745849609375e+00
-1.135882186889648438e+01
9.630127716064453125e+01
-6.046162414550781250e+01
3.367677688598632812e+01
1.130677509307861328e+01
6.184035110473632812e+01
9.567333984375000000e+01
-1.862061882019042969e+01
6.576016235351562500e+01
-1.311600685119628906e+01
8.288895416259765625e+01
-5.810247039794921875e+01
9.959960937500000000e+01
1.291176700592041016e+01
7.263557434082031250e+01
-5.173141479492187500e+01
7.417543792724609375e+01
5.712224006652832031e+00
3.370165634155273438e+01
-3.104580116271972656e+01
9.564664459228515625e+01
6.680696105957031250e+01
8.509416198730468750e+01
8.378914642333984375e+01
-8.048428344726562500e+01
-9.380655670166015625e+01
8.951624298095703125e+01
-9.843762207031250000e+01
2.754678153991699219e+01
-6.295232772827148438e+01
2.442044830322265625e+01
6.525806427001953125e+01
3.254658126831054688e+01
8.619979858398437500e+01
-7.575798034667968750e+01
8.015660858154296875e+01
-4.910408020019531250e+00
2.378644371032714844e+01
1.681336975097656250e+01
-5.773608016967773438e+01
7.168618774414062500e+01
-9.316966247558593750e+01
7.011226654052734375e+01
2.149871444702148438e+01
-2.608447074890136719e+01
-9.609491729736328125e+01
-5.184204483032226562e+01
-7.623497009277343750e+01
-1.427893066406250000e+01
-3.892327070236206055e+00
8.824521636962890625e+01
7.810138702392578125e+01
-7.719456481933593750e+01
-2.892815399169921875e+01
-4.361962127685546875e+01
-8.342788696289062500e+01
7.184680938720703125e+01
-9.148773956298828125e+01
-1.911330223083496094e+01
-2.518543624877929688e+01
-1.597117519378662109e+01
-8.809976959228515625e+01
-8.662284088134765625e+01
6.110744476318359375e+01
-8.178025817871093750e+01
-5.984435653686523438e+01
-8.002993011474609375e+01
-8.662813568115234375e+01
2.968947601318359375e+01
4.321513175964355469e+00
3.171182060241699219e+01
7.665512561798095703e+00
6.513419342041015625e+01
-9.796547698974609375e+01
-5.194161987304687500e+01
-8.435819244384765625e+01
-9.761867523193359375e+01
2.267661094665527344e+01
-6.629714202880859375e+01
2.854365158081054688e+01
-7.719545066356658936e-02
5.149212646484375000e+01
7.718532562255859375e+01
-8.561881256103515625e+01
-1.711717987060546875e+01
-4.149885940551757812e+01
9.052118682861328125e+01
-5.679440307617187500e+01
-9.091342926025390625e+00
-9.205118560791015625e+01
-7.397348022460937500e+01
-5.249120712280273438e+01
-8.735209655761718750e+01
9.818912506103515625e+01
4.714757919311523438e+00
-2.832846641540527344e+00
-6.890891492366790771e-02
-4.585489273071289062e+01
-8.975559234619140625e+01
6.058646392822265625e+01
6.481211853027343750e+01
-6.822332000732421875e+01
2.797130966186523438e+01
-4.577423095703125000e+01
-6.876165008544921875e+01
-1.683769607543945312e+01
-9.747191619873046875e+01
2.298650932312011719e+01
8.983763885498046875e+01
-6.038476181030273438e+01
-4.856166839599609375e+01
-8.921144866943359375e+01
-4.818009948730468750e+01
-2.040139961242675781e+01
2.930324172973632812e+01
-8.569145965576171875e+01
5.063560485839843750e+01
9.326157379150390625e+01
-3.960885620117187500e+01
1.369864463806152344e+01
-2.590671157836914062e+01
5.516972351074218750e+01
-8.184818267822265625e+01
-2.990101623535156250e+01
-3.542853116989135742e+00
-5.062108993530273438e+00
9.154844665527343750e+01
6.600499153137207031e+00
-8.566017913818359375e+01
7.971257019042968750e+01
-4.120732116699218750e+01
3.809764862060546875e+01
8.158115386962890625e+01
-8.453565979003906250e+01
-6.053794479370117188e+01
-1.751432609558105469e+01
1.347209644317626953e+01
8.338381958007812500e+01
8.706377410888671875e+01
4.783899307250976562e+01
-9.338865661621093750e+01
-3.444893360137939453e+00
-6.093362045288085938e+01
6.439342498779296875e+01
-3.972626209259033203e+00
8.214713287353515625e+01
-5.851709365844726562e+01
5.936250686645507812e+01
5.285845947265625000e+01
-9.498612213134765625e+01
8.286963653564453125e+01
6.138181686401367188e+01
2.934272050857543945e+00
-1.598441410064697266e+01
7.798037719726562500e+01
6.942420959472656250e+01
8.059741210937500000e+01
-7.157343292236328125e+01
-4.821463394165039062e+01
8.239153289794921875e+01
5.770418167114257812e+01
8.753047943115234375e+01
7.519306182861328125e+01
-8.941490936279296875e+01
6.882530212402343750e+01
3.239868164062500000e+01
-1.430439186096191406e+01
-5.727375984191894531e+00
-2.717785263061523438e+01
-2.745724916458129883e+00
9.485200500488281250e+01
-6.397125625610351562e+01
1.378561210632324219e+01
-7.893402099609375000e+01
4.662921142578125000e+01
8.213843345642089844e+00
6.689963531494140625e+01
4.755086135864257812e+01
-4.724648284912109375e+01
-8.282668304443359375e+01
-3.050498390197753906e+01
3.364660263061523438e+00
-2.956927108764648438e+01
-6.881237792968750000e+01
4.778395652770996094e+00
-4.955144500732421875e+01
-6.337230300903320312e+01
-7.179914093017578125e+01
8.424989318847656250e+01
4.342949676513671875e+01
8.229072570800781250e+01
2.042340850830078125e+01
-2.887536811828613281e+01
6.969365692138671875e+01
5.852808380126953125e+01
-8.106072998046875000e+01
-6.797753143310546875e+01
6.354147338867187500e+01
2.864095306396484375e+01
2.388170814514160156e+01
-2.061677455902099609e+00
6.349415206909179688e+01
9.359641075134277344e+00
7.287727355957031250e+01
6.959249877929687500e+01
-5.789023208618164062e+01
6.515842437744140625e+01
-5.599465179443359375e+01
-7.769243621826171875e+01
7.810410308837890625e+01
1.504284858703613281e+01
-7.013185882568359375e+01
2.030196380615234375e+01
9.652384948730468750e+01
3.440528869628906250e+01
2.345733642578125000e+00
8.212965393066406250e+01
3.238931655883789062e+01
8.647167968750000000e+01
-3.895006561279296875e+01
5.476261901855468750e+01
6.358880996704101562e+01
-3.931917572021484375e+01
8.802539825439453125e+01
9.810955810546875000e+01
5.601426315307617188e+01
6.623361968994140625e+01
-9.667234039306640625e+01
-4.578829574584960938e+01
-6.665484619140625000e+01
3.434626007080078125e+01
7.431055450439453125e+01
3.139744186401367188e+01
-1.644818484783172607e-01
-2.188158416748046875e+01
-1.981327438354492188e+01
8.967597198486328125e+01
5.762421131134033203e+00
-3.188589572906494141e+00
2.377029418945312500e+00
-1.976749610900878906e+01
2.094244766235351562e+01
-8.961048889160156250e+01
-7.090963745117187500e+01
-6.225368499755859375e+01
-5.576109313964843750e+01
-4.269218063354492188e+01
-6.683971405029296875e+01
-5.671367645263671875e+01
-4.220460510253906250e+01
-9.911705780029296875e+01
-6.337688064575195312e+01
-4.171783065795898438e+01
2.099985313415527344e+01
2.185815620422363281e+01
-7.988745880126953125e+01
-6.660045623779296875e+01
-9.244165039062500000e+01
8.940892791748046875e+01
-4.130110931396484375e+01
-2.940657806396484375e+01
-6.719262695312500000e+01
-4.712569427490234375e+01
-4.612520217895507812e+01
-7.919321441650390625e+01
7.259973144531250000e+01
-1.607226753234863281e+01
-7.489824676513671875e+01
-6.798102569580078125e+01
2.671524810791015625e+01
-3.656913375854492188e+01
-8.347038269042968750e+01
-2.439875602722167969e+01
-6.555027008056640625e+01
-6.798046112060546875e+01
-8.887370228767395020e-01
5.786851501464843750e+01
-7.835946655273437500e+01
1.930033302307128906e+01
-7.090728759765625000e+01
6.069944000244140625e+01
4.672991180419921875e+01
3.870460891723632812e+01
-3.495843887329101562e+01
6.345958709716796875e+01
-9.207258605957031250e+01
-6.087350082397460938e+01
-7.201632690429687500e+01
-3.769360351562500000e+01
-7.273925781250000000e+01
2.727186918258666992e+00
6.542013549804687500e+01
9.343745422363281250e+01
-8.383674621582031250e+01
-5.167542648315429688e+01
2.911948013305664062e+01
-8.384446716308593750e+01
2.605751419067382812e+01
-1.965407371520996094e+01
2.526191520690917969e+01
2.092531967163085938e+01
3.634791564941406250e+01
2.576083564758300781e+01
1.976210474967956543e+00
6.645495605468750000e+01
3.535181427001953125e+01
3.448832702636718750e+01
1.222154045104980469e+01
-6.299214839935302734e+00
-8.902208709716796875e+01
8.960429382324218750e+01
-8.477685546875000000e+01
2.544138145446777344e+01
8.750240325927734375e+01
-9.550637817382812500e+01
1.933643913269042969e+01
-4.434261322021484375e+01
8.986385345458984375e+01
6.243407058715820312e+01
2.229681396484375000e+01
5.940905380249023438e+01
-5.257252216339111328e+00
8.019721221923828125e+01
9.043606567382812500e+01
8.197161865234375000e+01
9.504950714111328125e+01
4.796599197387695312e+01
-9.783405303955078125e+01
-7.042296600341796875e+01
-9.525926971435546875e+01
-4.607994079589843750e+01
-6.178392028808593750e+01
-6.312429809570312500e+01
-9.320205688476562500e+01
-5.964815139770507812e+01
-4.685697937011718750e+01
-9.855085754394531250e+01
7.070172119140625000e+01
-6.193652343750000000e+01
-3.704578399658203125e+01
-5.366589355468750000e+01
9.919102478027343750e+01
-3.719296264648437500e+01
6.354705810546875000e+01
-9.906074523925781250e+01
-8.536535644531250000e+01
2.595329284667968750e+01
-9.005545043945312500e+01
-8.945093536376953125e+01
-4.321990203857421875e+01
6.681972503662109375e+01
-7.314811706542968750e+01
5.622003555297851562e+01
7.224769592285156250e+01
-7.746971130371093750e+01
8.342155456542968750e+01
3.190980911254882812e+01
-6.723336791992187500e+01
-1.802510070800781250e+01
-4.541744995117187500e+01
5.928380966186523438e+01
9.484231567382812500e+01
4.899740982055664062e+01
6.039041137695312500e+01
4.659136581420898438e+01
1.236797904968261719e+01
-6.675047302246093750e+01
9.618974304199218750e+01
-2.449619102478027344e+01
8.609182739257812500e+01
8.942048645019531250e+01
-2.947825431823730469e+01
-3.102595138549804688e+01
8.532295989990234375e+01
9.290843200683593750e+01
6.433189392089843750e+01
-8.272489929199218750e+01
3.879775238037109375e+01
-9.037779235839843750e+01
4.385900878906250000e+01
7.703511810302734375e+01
9.773265838623046875e+01
1.453277015686035156e+01
9.823516845703125000e+00
9.704772949218750000e+01
9.725926971435546875e+01
7.410659790039062500e+01
1.009155368804931641e+01
-6.625669860839843750e+01
-7.777964782714843750e+01
4.708393859863281250e+01
9.696974945068359375e+01
-8.680435943603515625e+01
6.833737182617187500e+01
-9.489885711669921875e+01
-8.520241546630859375e+01
-5.235783004760742188e+01
-6.663529968261718750e+01
-9.290763854980468750e+01
-9.319550323486328125e+01
9.601795959472656250e+01
-5.580340194702148438e+01
3.957072067260742188e+01
1.318279457092285156e+01
-2.799862670898437500e+01
-4.144689178466796875e+01
5.685634613037109375e+01
-5.677507019042968750e+01
8.248701477050781250e+01
-5.436167144775390625e+01
-7.586047363281250000e+01
-6.532606506347656250e+01
-7.479422760009765625e+01
-5.884338378906250000e+00
-2.414123344421386719e+01
-5.652014160156250000e+01
-9.333862304687500000e+01
5.889700698852539062e+01
-9.535533905029296875e+00
7.128566741943359375e+01
3.104635238647460938e+01
-2.394785881042480469e+01
7.587488555908203125e+01
-8.164604187011718750e+01
8.420417022705078125e+01
-5.309252166748046875e+01
4.715169525146484375e+01
-6.247365570068359375e+01
-9.413663482666015625e+01
1.802886772155761719e+01
2.406842041015625000e+01
-7.914260864257812500e+01
-9.677491760253906250e+01
8.723448181152343750e+01
-1.408776473999023438e+01
-6.892440795898437500e+01
-9.978188323974609375e+01
-9.756127929687500000e+01
-6.692675781250000000e+01
-8.435520172119140625e+01
-9.625660705566406250e+01
-5.136796951293945312e+01
9.326293945312500000e+01
-4.158105087280273438e+01
5.736207962036132812e+01
7.036530017852783203e+00
-4.031744766235351562e+01
3.834781265258789062e+01
6.238637542724609375e+01
-9.787094116210937500e+00
2.490524482727050781e+01
7.900489807128906250e+01
-6.877313995361328125e+01
-3.813633728027343750e+01
-8.025822448730468750e+01
-7.266802978515625000e+01
-8.294273376464843750e+01
9.398876190185546875e+01
-7.318669128417968750e+01
-2.445522308349609375e+01
7.831051635742187500e+01
4.874156951904296875e+01
-8.623336791992187500e+01
1.144905567169189453e+01
6.448690795898437500e+01
-7.568811035156250000e+01
-9.722419738769531250e+01
3.552552795410156250e+01
4.279742813110351562e+01
-9.413998413085937500e+01
-7.718976593017578125e+01
-6.938674163818359375e+01
-4.246607971191406250e+01
8.196326446533203125e+01
9.281772613525390625e+01
9.526029968261718750e+01
5.414263534545898438e+01
2.160224151611328125e+01
-7.692333221435546875e+01
3.734786224365234375e+01
-2.002105712890625000e+01
2.272377395629882812e+01
-9.584381866455078125e+01
4.011137771606445312e+01
-5.201670455932617188e+01
-3.911307144165039062e+01
4.145917892456054688e+00
-4.150225067138671875e+01
9.664725494384765625e+01
-4.963841247558593750e+01
7.074419403076171875e+01
7.869557857513427734e+00
-1.181341457366943359e+01
-2.760554313659667969e+01
9.955054473876953125e+01
-5.796644210815429688e+01
7.972181701660156250e+01
6.618125915527343750e+01
8.288049316406250000e+01
-4.508888626098632812e+01
-2.322964477539062500e+01
8.317481994628906250e+01
6.396254730224609375e+01
-8.031290435791015625e+01
6.185430145263671875e+01
1.409433650970458984e+01
5.242340469360351562e+01
-6.716841125488281250e+01
9.640204620361328125e+01
-5.389189910888671875e+01
2.290982055664062500e+01
-8.763753509521484375e+01
-2.564355659484863281e+01
-3.127264261245727539e+00
8.183660125732421875e+01
-4.300544357299804688e+01
-5.442185974121093750e+01
1.406644630432128906e+01
8.454332733154296875e+01
9.524439239501953125e+01
6.698391723632812500e+01
7.380569458007812500e+01
-7.062062072753906250e+01
8.421860504150390625e+01
-7.230155181884765625e+01
-4.272819900512695312e+01
6.270692825317382812e+01
2.065600204467773438e+01
-4.505755424499511719e+00
8.850878906250000000e+01
2.869691467285156250e+01
5.535604858398437500e+01
-9.238996887207031250e+01
-2.387165069580078125e+01
9.833840942382812500e+01
9.734497070312500000e+01
-8.291731262207031250e+01
-3.471744537353515625e+01
9.942872619628906250e+01
2.507004356384277344e+01
6.533581542968750000e+01
4.833827209472656250e+01
-6.454566192626953125e+01
-8.298292541503906250e+01
9.305031585693359375e+01
-6.930709838867187500e+01
2.087901878356933594e+01
-7.374713134765625000e+01
2.854532623291015625e+01
6.049321746826171875e+01
4.243841171264648438e+00
4.784286499023437500e+01
-8.233298492431640625e+01
4.092710494995117188e+01
9.023812103271484375e+01
8.302393913269042969e+00
8.042631530761718750e+01
7.389717578887939453e+00
8.810952758789062500e+01
4.047670745849609375e+01
8.438367462158203125e+01
-5.528012466430664062e+01
9.894520568847656250e+01
4.607158660888671875e+01
-8.284997558593750000e+01
9.085699462890625000e+01
8.905717468261718750e+01
9.783010864257812500e+01
9.931549072265625000e+01
1.363911819458007812e+01
8.338813018798828125e+01
-7.862405395507812500e+01
8.834032440185546875e+01
-6.727547454833984375e+01
-3.194768524169921875e+01
-4.470188522338867188e+01
6.285069656372070312e+01
-9.184056091308593750e+01
2.359821128845214844e+01
-9.097858428955078125e+01
-8.103707122802734375e+01
5.775674057006835938e+01
-8.565641021728515625e+01
-3.829024887084960938e+01
-1.656400203704833984e+00
-5.246027755737304688e+01
6.299927902221679688e+01
-1.414958381652832031e+01
7.780713653564453125e+01
9.280484008789062500e+01
4.026415634155273438e+01
-9.217938232421875000e+01
-7.418447875976562500e+01
1.597751045227050781e+01
-7.730239868164062500e+01
-5.925578308105468750e+01
-5.677074050903320312e+01
-9.620038604736328125e+01
-7.778536987304687500e+01
-9.413145446777343750e+01
3.186541175842285156e+01
2.087814140319824219e+01
-8.919610595703125000e+01
-2.419743728637695312e+01
9.452853393554687500e+01
2.681154823303222656e+01
8.338482666015625000e+01
-4.821197509765625000e+01
-2.035880470275878906e+01
-6.929744720458984375e+01
8.991187286376953125e+01
5.699935531616210938e+01
-1.867542648315429688e+01
-7.037995147705078125e+01
-7.105443572998046875e+01
5.721597671508789062e+01
7.391847991943359375e+01
7.153654479980468750e+01
-1.988648033142089844e+01
-6.816080474853515625e+01
2.202543258666992188e+01
7.037202453613281250e+01
-6.891494750976562500e+01
8.430007934570312500e+01
-7.150151824951171875e+01
-4.064229202270507812e+01
8.760688018798828125e+01
-1.218932151794433594e+01
-8.201666259765625000e+01
7.670661926269531250e+01
1.121557354927062988e+00
3.177348327636718750e+01
-3.820037078857421875e+01
-8.882126808166503906e+00
-8.107391357421875000e+01
-3.202224349975585938e+01
-1.132039165496826172e+01
3.722650146484375000e+01
9.457278442382812500e+01
7.542610931396484375e+01
9.318764495849609375e+01
-6.957394409179687500e+01
6.409033203125000000e+01
5.508103179931640625e+01
-5.592578125000000000e+01
8.819660186767578125e+01
4.222851943969726562e+01
-3.249565887451171875e+01
-4.959427261352539062e+01
2.635804367065429688e+01
5.960096740722656250e+01
-2.488606071472167969e+01
-8.513504028320312500e+01
4.298428726196289062e+01
3.286516189575195312e+01
-1.922895240783691406e+01
8.471738433837890625e+01
9.875188446044921875e+01
6.784201812744140625e+01
-9.023614501953125000e+01
2.701228332519531250e+01
-2.520498275756835938e+01
7.857683563232421875e+01
2.641180229187011719e+01
6.907322692871093750e+01
3.948399353027343750e+01
6.117628860473632812e+01
4.435532760620117188e+01
-6.588079071044921875e+01
9.600576782226562500e+01
2.064177894592285156e+01
4.717041015625000000e+01
1.379458427429199219e+01
8.279135894775390625e+01
9.369019317626953125e+01
-6.205949783325195312e+01
-9.103674316406250000e+01
-9.809756469726562500e+01
-4.842294692993164062e+01
-5.850851440429687500e+01
-7.029174804687500000e+01
5.953480529785156250e+01
4.619463729858398438e+01
6.055744171142578125e+00
7.593733978271484375e+01
3.628409624099731445e+00
-9.954344940185546875e+01
-9.914503479003906250e+01
1.243140888214111328e+01
4.929022979736328125e+01
-1.314656925201416016e+01
-7.339353942871093750e+01
5.765544128417968750e+01
-2.078433609008789062e+01
-2.077178955078125000e+01
8.012677001953125000e+01
4.593308925628662109e+00
-4.989918899536132812e+01
-2.352163505554199219e+01
-1.611299896240234375e+01
8.418222808837890625e+01
2.901251602172851562e+01
-7.926999568939208984e+00
-9.528565216064453125e+01
4.852914810180664062e+01
4.763917160034179688e+01
-4.010867309570312500e+01
-6.891458892822265625e+01
-6.500791072845458984e+00
4.478918838500976562e+01
-6.153239059448242188e+01
-2.036309480667114258e+00
-9.403052520751953125e+01
-8.182400512695312500e+01
-5.469942092895507812e+01
-2.290232658386230469e+01
-7.804232025146484375e+01
-2.479271650314331055e+00
-5.015402603149414062e+01
-9.142785644531250000e+01
-8.344210052490234375e+01
-9.586361694335937500e+01
-3.724600219726562500e+01
2.337365531921386719e+01
6.759940338134765625e+01
-7.393859863281250000e+01
-7.788943481445312500e+01
1.603127098083496094e+01
5.621172332763671875e+01
-3.371935606002807617e+00
5.349906539916992188e+01
-9.325617218017578125e+01
-6.021865463256835938e+01
8.750102996826171875e+01
4.829845046997070312e+01
-4.760485458374023438e+01
-7.842415618896484375e+01
-4.192223358154296875e+01
7.115638732910156250e+01
-3.677418518066406250e+01
-8.194301605224609375e+01
9.335073852539062500e+01
-4.518207931518554688e+01
2.998555946350097656e+01
-6.578765869140625000e+01
-9.986882209777832031e+00
-6.291391372680664062e+01
8.223451232910156250e+01
3.503798007965087891e+00
-1.585983943939208984e+01
8.951705932617187500e+01
9.584361267089843750e+01
6.464136600494384766e+00
6.727938079833984375e+01
-7.820236206054687500e+01
-8.110826873779296875e+01
3.337458801269531250e+01
-4.116525268554687500e+01
4.260796070098876953e+00
-9.918559074401855469e+00
6.725106048583984375e+01
7.855671691894531250e+01
8.415788650512695312e+00
5.779319763183593750e+00
7.582949161529541016e+00
-1.099736022949218750e+01
3.406932830810546875e+01
5.336924743652343750e+01
-9.687302398681640625e+01
7.917035675048828125e+01
-4.232413101196289062e+01
7.035338592529296875e+01
6.611560821533203125e+01
-9.160596466064453125e+01
6.467731475830078125e+01
8.142337036132812500e+01
3.743099212646484375e+01
9.871407318115234375e+01
-4.443017959594726562e+01
-1.864842605590820312e+01
8.243744659423828125e+01
-2.280917167663574219e+01
9.761112976074218750e+01
8.268260192871093750e+01
8.535164642333984375e+01
8.666786956787109375e+01
8.776695251464843750e+01
9.642360687255859375e+01
-3.896305847167968750e+01
-9.573796081542968750e+01
-9.099332427978515625e+01
5.382303619384765625e+01
1.835173797607421875e+01
6.044256210327148438e+01
-4.623144912719726562e+01
-4.823513031005859375e+01
8.211755371093750000e+01
6.851332092285156250e+01
5.592844009399414062e+01
1.862727737426757812e+01
-7.023728179931640625e+01
-4.485425567626953125e+01
-5.838787460327148438e+01
6.776726531982421875e+01
-8.573129272460937500e+01
-5.949716567993164062e+01
-9.174077606201171875e+01
-4.087720870971679688e+01
-7.405592346191406250e+01
8.416868591308593750e+01
1.544962501525878906e+01
-6.388829803466796875e+01
-9.040607452392578125e+01
-7.309821319580078125e+01
-9.257500457763671875e+01
7.279931640625000000e+01
-8.335686492919921875e+01
5.646491622924804688e+01
5.556697845458984375e+01
4.807293701171875000e+01
-9.778549957275390625e+01
9.108939361572265625e+01
-1.422934818267822266e+01
8.500720214843750000e+01
-8.279081726074218750e+01
1.566139411926269531e+01
-7.284831237792968750e+01
8.094323730468750000e+01
6.926446533203125000e+01
1.526390647888183594e+01
2.400585746765136719e+01
-1.383957099914550781e+01
-4.863375854492187500e+01
-6.735257720947265625e+01
-3.126463508605957031e+01
9.198312377929687500e+01
6.039841842651367188e+01
-6.282842755317687988e-01
-9.537675380706787109e-01
-8.773989105224609375e+01
-8.064031982421875000e+01
6.414340972900390625e+01
-3.317012405395507812e+01
-8.612189483642578125e+01
-1.114901924133300781e+01
7.863757324218750000e+01
7.734683227539062500e+01
1.482234287261962891e+01
-7.850095367431640625e+01
-9.262015533447265625e+01
6.531013488769531250e+01
8.954257202148437500e+01
-5.424823760986328125e+01
4.663085174560546875e+01
-2.462616539001464844e+01
8.947747039794921875e+01
6.487924194335937500e+01
3.466585159301757812e+01
8.080606079101562500e+01
1.644185638427734375e+01
-9.771406555175781250e+01
1.237765502929687500e+01
6.993218231201171875e+01
8.843891906738281250e+01
8.110306549072265625e+01
8.874250030517578125e+01
-6.030361175537109375e+01
1.890488433837890625e+01
6.554523468017578125e+01
7.979862976074218750e+01
5.099404525756835938e+01
-1.125104522705078125e+01
-7.748326110839843750e+01
-9.772205352783203125e+00
8.110339355468750000e+01
3.948465347290039062e+01
-1.490126228332519531e+01
4.445689392089843750e+01
-4.976351165771484375e+01
-7.486156463623046875e+01
-7.601624298095703125e+01
-7.296302032470703125e+01
-1.396702384948730469e+01
-1.912156867980957031e+01
8.021669769287109375e+01
2.281485557556152344e+01
2.384055328369140625e+01
-7.800537872314453125e+01
2.983536720275878906e+01
-5.629296112060546875e+01
-5.489236831665039062e+01
9.121995544433593750e+01
6.904998016357421875e+01
9.657634735107421875e+01
-2.796864509582519531e+01
9.702574920654296875e+01
-9.133373260498046875e+01
-7.892722129821777344e+00
9.277933502197265625e+01
-5.746863555908203125e+01
5.512926578521728516e-01
-9.234004974365234375e+01
-9.802296447753906250e+01
1.371727752685546875e+01
3.453330230712890625e+01
3.049440002441406250e+01
-3.129516792297363281e+01
-5.501205444335937500e+01
-9.830560302734375000e+01
9.574273681640625000e+01
-5.203657913208007812e+01
-9.539971923828125000e+01
-8.181850433349609375e+01
8.204907989501953125e+01
-6.647750854492187500e+01
9.553147888183593750e+01
-2.625732040405273438e+01
-8.345182800292968750e+01
3.995880889892578125e+01
-6.972224426269531250e+01
-2.182948112487792969e+01
9.014849853515625000e+01
7.449971771240234375e+01
-9.006588745117187500e+01
2.383308172225952148e+00
9.937667846679687500e+01
4.352958679199218750e+00
-6.872860908508300781e+00
-8.247217559814453125e+01
5.214418792724609375e+01
-7.996817016601562500e+01
-4.699312210083007812e+01
-7.976576995849609375e+01
1.230574226379394531e+01
-3.207754898071289062e+01
-4.175140762329101562e+01
4.899674606323242188e+01
-8.643406867980957031e+00
-2.928718376159667969e+01
7.714221954345703125e+01
7.780030822753906250e+01
6.503777313232421875e+01
-7.358257293701171875e+01
4.449224853515625000e+01
-9.519732666015625000e+01
8.404475402832031250e+01
-5.724160766601562500e+01
7.125292205810546875e+01
1.793928337097167969e+01
-9.265623474121093750e+01
-5.270977020263671875e+01
-1.601352310180664062e+01
5.877035140991210938e+01
-6.851560974121093750e+01
-6.609252929687500000e+01
2.524785041809082031e+01
-5.619878768920898438e+01
-9.689933013916015625e+01
9.854174804687500000e+01
6.699932098388671875e+01
1.883719444274902344e+01
8.394778442382812500e+01
2.612015342712402344e+01
7.769073486328125000e+01
-2.238658905029296875e+01
5.189157867431640625e+01
1.186148405075073242e+00
3.224310302734375000e+01
-9.248805999755859375e+01
-4.413681793212890625e+01
-9.574559020996093750e+01
-2.859228897094726562e+01
8.547978973388671875e+01
-7.583731079101562500e+01
8.403060913085937500e+01
-6.074246215820312500e+01
9.238186645507812500e+01
6.666333770751953125e+01
7.533144378662109375e+01
-9.328105926513671875e+00
-7.379019165039062500e+01
4.987729644775390625e+01
1.488647937774658203e+01
6.780556488037109375e+01
4.215330505371093750e+01
8.806480407714843750e+01
5.708048248291015625e+01
9.077453613281250000e+01
1.058461761474609375e+01
-1.391041851043701172e+01
-2.611179351806640625e+01
2.863657760620117188e+01
-7.670312500000000000e+01
1.369223403930664062e+01
6.808744812011718750e+01
3.212323379516601562e+01
7.125695037841796875e+01
4.836410522460937500e+01
5.151360702514648438e+01
-3.858920669555664062e+01
-9.699434661865234375e+01
9.844403839111328125e+01
3.946893215179443359e+00
7.891796875000000000e+01
7.310701751708984375e+01
1.615658569335937500e+01
-5.545351028442382812e+01
-9.984015655517578125e+01
-1.479723739624023438e+01
-5.032363128662109375e+01
-8.554434967041015625e+01
-6.731907844543457031e+00
3.121193408966064453e+00
-4.095619678497314453e+00
-8.430748748779296875e+01
-9.038597869873046875e+01
7.816258907318115234e+00
-7.123783874511718750e+01
-6.824808502197265625e+01
-9.211105346679687500e+01
-6.838317871093750000e+01
-9.025524902343750000e+01
-5.155693817138671875e+01
7.102787494659423828e+00
9.580464172363281250e+01
-9.068157958984375000e+01
-9.128249359130859375e+01
-9.739934539794921875e+01
1.460155582427978516e+01
-5.859836959838867188e+01
-6.888315582275390625e+01
3.876734542846679688e+01
-6.447878265380859375e+01
-9.905407714843750000e+01
1.273462772369384766e+01
-5.208219051361083984e+00
-8.223062896728515625e+01
-2.587812042236328125e+01
-5.811343765258789062e+01
-9.637896728515625000e+01
-8.144761657714843750e+01
1.859292602539062500e+01
6.077608489990234375e+01
1.711558151245117188e+01
-3.952236938476562500e+01
6.817173767089843750e+01
1.978491783142089844e+01
1.447641086578369141e+01
-5.343548583984375000e+01
4.151507186889648438e+01
-7.752860260009765625e+01
-3.823937988281250000e+01
-8.877388763427734375e+01
-9.931083679199218750e+01
-8.600108337402343750e+01
-4.403074645996093750e+01
1.035233783721923828e+01
3.807488250732421875e+01
-9.600656890869140625e+01
9.316874694824218750e+01
7.291809082031250000e+01
-1.610585021972656250e+01
-9.625438690185546875e+01
-5.933563232421875000e+01
-8.865926361083984375e+01
-7.138981628417968750e+01
-1.380920696258544922e+01
9.436843109130859375e+01
-8.572270965576171875e+01
-7.283046722412109375e+01
-6.456198883056640625e+01
-8.934098052978515625e+01
4.641741561889648438e+01
-9.812667083740234375e+01
-9.214018249511718750e+01
-9.917364501953125000e+01
-9.285707092285156250e+01
3.847062683105468750e+01
-7.406329345703125000e+01
-8.605679321289062500e+01
-6.442853546142578125e+01
-1.148247337341308594e+01
9.862625122070312500e+00
2.774344444274902344e+01
-9.382923889160156250e+01
-6.213410568237304688e+01
9.311717987060546875e+01
-8.173973846435546875e+01
-5.053403854370117188e+01
-6.896180725097656250e+01
-7.784752655029296875e+01
3.048718833923339844e+01
4.393016052246093750e+01
7.019433975219726562e-01
-7.604822540283203125e+01
-5.410483932495117188e+01
4.152950668334960938e+01
7.866838836669921875e+01
-5.853787612915039062e+01
7.776872253417968750e+01
-8.874808502197265625e+01
-9.971675872802734375e+01
9.562973022460937500e+01
-2.068787574768066406e+01
-9.529557037353515625e+01
-4.295570755004882812e+01
4.127699661254882812e+01
3.503971862792968750e+01
-1.706884765625000000e+01
2.185957717895507812e+01
-9.219616699218750000e+01
7.553321075439453125e+01
-8.412546539306640625e+01
-1.431974887847900391e+01
-1.019067287445068359e+01
2.675720787048339844e+01
-7.927720642089843750e+01
-8.465535736083984375e+01
-4.974975967407226562e+01
-3.529223632812500000e+01
-9.661470031738281250e+01
-1.881881332397460938e+01
4.148481369018554688e+01
-9.349357604980468750e+01
6.506092834472656250e+01
5.044872665405273438e+01
-4.434327316284179688e+01
8.233833312988281250e+01
6.083506774902343750e+01
-3.115851020812988281e+01
-8.337615013122558594e+00
9.413066864013671875e+01
-5.946406555175781250e+01
3.595687484741210938e+01
-2.551832199096679688e+01
-1.505068397521972656e+01
-7.537337493896484375e+01
-8.364130401611328125e+01
2.279624223709106445e+00
7.885914611816406250e+01
-9.682408142089843750e+01
3.464613723754882812e+01
6.860775756835937500e+01
7.641931915283203125e+01
9.617891693115234375e+01
5.150646591186523438e+01
-5.521313095092773438e+01
1.635946655273437500e+01
9.500766754150390625e+01
8.616397857666015625e+01
-7.615826416015625000e+01
-9.690991973876953125e+01
6.074065399169921875e+01
7.640765380859375000e+01
8.507524871826171875e+01
-3.139375114440917969e+01
-6.488387298583984375e+01
9.599581909179687500e+01
3.832812881469726562e+01
8.632635498046875000e+01
-4.961578750610351562e+01
7.410208129882812500e+01
-8.807411193847656250e+01
5.470237731933593750e+01
8.863426971435546875e+01
6.220246505737304688e+01
2.560744857788085938e+01
4.206777572631835938e+01
-4.691082000732421875e+00
-9.626626586914062500e+01
-1.673968696594238281e+01
-6.415959167480468750e+01
-8.094464111328125000e+01
2.109364509582519531e+01
8.661708831787109375e-01
-3.375911712646484375e+01
-6.154890823364257812e+01
-4.882054519653320312e+01
-9.960123443603515625e+01
-8.415343475341796875e+01
5.011222457885742188e+01
-1.458333587646484375e+01
-7.213182067871093750e+01
3.005465888977050781e+01
-3.104393768310546875e+01
5.905731964111328125e+01
-4.096747970581054688e+01
8.784738922119140625e+01
-8.893090057373046875e+01
7.531492614746093750e+01
-5.063750839233398438e+01
2.844206690788269043e-01
-8.967038726806640625e+01
-8.550936889648437500e+01
1.025907516479492188e+01
-8.070332336425781250e+01
-8.458550262451171875e+01
-9.720322418212890625e+01
-5.430395507812500000e+01
7.758759307861328125e+01
-9.778308105468750000e+01
-4.600528717041015625e+01
2.005079460144042969e+01
-4.849213790893554688e+01
-7.541782379150390625e+01
6.411673736572265625e+01
-4.882610702514648438e+01
-4.159600257873535156e+00
-9.185128021240234375e+01
3.405088806152343750e+01
-9.282752227783203125e+01
-1.060956192016601562e+01
-5.915714645385742188e+01
6.844130706787109375e+01
4.799951171875000000e+01
4.542989730834960938e+01
7.193386840820312500e+01
-5.389383316040039062e+01
5.182282257080078125e+01
-9.038703918457031250e+01
6.324492645263671875e+01
-7.934310913085937500e+01
-2.431344795227050781e+01
9.716980743408203125e+01
-7.635444641113281250e+01
-6.273338317871093750e+01
-9.477027893066406250e+01
-6.801657867431640625e+01
-6.737117004394531250e+01
-9.496813201904296875e+01
3.958916473388671875e+01
9.644689941406250000e+01
-6.749037170410156250e+01
-9.994278907775878906e+00
-7.757305145263671875e+01
-7.441026306152343750e+01
-2.676753282546997070e+00
-4.574325561523437500e+01
-3.457114219665527344e+00
-6.138201522827148438e+01
-9.891503143310546875e+01
4.124541854858398438e+01
3.903072738647460938e+01
3.100478744506835938e+01
-5.937338638305664062e+01
1.144990730285644531e+01
9.477368164062500000e+01
3.481035947799682617e+00
2.210137844085693359e+00
3.408331680297851562e+01
-6.920120239257812500e+01
-8.947262573242187500e+01
8.905922698974609375e+01
6.102269744873046875e+01
-5.163024902343750000e+00
2.872764968872070312e+01
8.435947418212890625e+01
5.693208694458007812e+01
9.494070053100585938e+00
-1.173035907745361328e+01
9.870186614990234375e+01
2.285756683349609375e+01
-9.308951568603515625e+01
9.730750274658203125e+01
5.374275588989257812e+01
-4.402157592773437500e+01
-1.878702545166015625e+01
5.526929473876953125e+01
-1.365710926055908203e+01
-8.403924560546875000e+01
-7.745207214355468750e+01
4.679330825805664062e+00
-4.291455841064453125e+01
7.847595214843750000e+01
-1.784347724914550781e+01
-3.282035446166992188e+01
5.025082778930664062e+01
7.373369598388671875e+01
2.920252418518066406e+01
-9.191484069824218750e+01
1.925203895568847656e+01
2.777402496337890625e+01
-5.362289047241210938e+01
-8.972581481933593750e+01
3.064334106445312500e+01
-7.777759552001953125e+01
-8.145729064941406250e+01
3.251712036132812500e+01
-5.887231826782226562e+01
8.009961700439453125e+01
-8.133241271972656250e+01
6.605081939697265625e+01
1.342001438140869141e+01
8.393868255615234375e+01
-1.109363079071044922e+01
-1.230440330505371094e+01
-6.078118133544921875e+01
-5.692443084716796875e+01
7.614218902587890625e+01
-7.089932250976562500e+01
2.882150077819824219e+01
-8.170287322998046875e+01
4.709732818603515625e+01
7.740119934082031250e+01
-1.380086541175842285e+00
-4.146501159667968750e+01
6.859538269042968750e+01
7.673280334472656250e+01
6.341714096069335938e+01
2.392509841918945312e+01
7.780685424804687500e+01
5.510730743408203125e+01
-6.563210296630859375e+01
5.343615341186523438e+01
9.510628509521484375e+01
-8.732801055908203125e+01
8.333077430725097656e+00
-6.120778274536132812e+01
2.321573829650878906e+01
-9.542846679687500000e+01
9.759503936767578125e+01
-2.253984832763671875e+01
3.279585266113281250e+01
8.306703948974609375e+01
6.562311553955078125e+01
-7.084745788574218750e+01
-6.955103302001953125e+01
-6.230431365966796875e+01
7.926409149169921875e+01
9.140853118896484375e+01
9.465994262695312500e+01
6.083371734619140625e+01
9.860064697265625000e+01
7.220330810546875000e+01
9.925696563720703125e+01
-6.297743988037109375e+01
5.796474838256835938e+01
-4.754889297485351562e+01
4.965092468261718750e+01
-1.899941253662109375e+01
7.203828430175781250e+01
-3.897613143920898438e+01
-5.047352981567382812e+01
-8.343508148193359375e+01
-6.404806518554687500e+01
-8.975700378417968750e+01
7.942157745361328125e+01
3.529058837890625000e+01
7.420119476318359375e+01
-2.999491119384765625e+01
1.463437557220458984e+01
-9.882105255126953125e+01
-6.039298629760742188e+01
6.999054718017578125e+01
4.902096557617187500e+01
1.556992244720458984e+01
-3.298856735229492188e+01
-4.384364318847656250e+01
-8.030596160888671875e+01
-9.292111968994140625e+01
-3.479924392700195312e+01
9.092145538330078125e+01
3.511816406250000000e+01
-5.950010299682617188e+01
5.275111389160156250e+01
1.976364326477050781e+01
-7.854389953613281250e+01
9.417756652832031250e+01
6.937895202636718750e+01
-8.101081848144531250e+01
-5.274709320068359375e+01
9.473538208007812500e+01
-9.156289672851562500e+01
-5.651053619384765625e+01
-4.058341217041015625e+01
-1.907686805725097656e+01
9.007658386230468750e+01
5.058261871337890625e+01
6.579372882843017578e+00
7.218885803222656250e+01
-6.164351654052734375e+01
-3.136288261413574219e+01
-7.103334045410156250e+01
5.254183769226074219e+00
9.306727600097656250e+01
-3.106995582580566406e+01
3.591105270385742188e+01
9.848433494567871094e+00
-8.422248077392578125e+01
-6.350994110107421875e+01
5.520920562744140625e+01
2.996338653564453125e+01
6.799147033691406250e+01
7.496369934082031250e+01
6.659984588623046875e+01
9.041370391845703125e+01
7.303784942626953125e+01
-2.851684951782226562e+01
4.445616531372070312e+01
6.188198471069335938e+01
4.087633132934570312e+01
-4.480834197998046875e+01
9.480225372314453125e+01
-6.618374633789062500e+01
4.377459716796875000e+01
9.230057525634765625e+01
8.991590118408203125e+01
-6.095397567749023438e+01
8.434078979492187500e+01
5.175389480590820312e+01
4.942345428466796875e+01
-5.116416931152343750e+01
4.381896209716796875e+01
2.283772659301757812e+01
1.946693229675292969e+01
-5.048104476928710938e+01
9.704288482666015625e+01
-6.226717376708984375e+01
-9.625946044921875000e+01
9.175634765625000000e+01
-8.904219055175781250e+01
-6.645903015136718750e+01
5.219290161132812500e+01
8.167823791503906250e+01
9.245093536376953125e+01
8.063352203369140625e+01
1.165775299072265625e+01
-6.862976837158203125e+01
-9.775547790527343750e+01
-6.806802368164062500e+01
6.927435302734375000e+01
-9.005575561523437500e+01
-2.201985740661621094e+01
2.715468978881835938e+01
-6.923805236816406250e+01
3.380231857299804688e+01
3.676454544067382812e+01
-2.872317504882812500e+01
3.947186279296875000e+01
-9.015159606933593750e+01
-7.721124649047851562e+00
1.276459693908691406e+01
7.047718811035156250e+01
6.967777252197265625e+01
8.506152343750000000e+01
-8.450761413574218750e+01
-5.092632675170898438e+01
-2.718123817443847656e+01
5.429952621459960938e+01
-2.487747430801391602e+00
-2.957229042053222656e+01
8.027030181884765625e+01
6.466197967529296875e+00
-4.933113861083984375e+01
-9.189176940917968750e+01
-6.320014572143554688e+01
8.750911712646484375e+01
8.240225982666015625e+01
-4.370812988281250000e+01
-8.272916412353515625e+01
6.626223754882812500e+01
5.175710296630859375e+01
8.874116516113281250e+01
-9.432230377197265625e+01
-6.784447479248046875e+01
7.270959472656250000e+01
-7.798761749267578125e+01
6.406291961669921875e+01
-5.345977020263671875e+01
-5.931461334228515625e+01
-8.548440551757812500e+01
-9.829636383056640625e+01
-8.474031066894531250e+01
2.249744796752929688e+01
-2.996996307373046875e+01
-5.381103134155273438e+01
3.498778533935546875e+01
-6.388292312622070312e+01
1.237461757659912109e+01
4.460172271728515625e+01
-1.240918731689453125e+01
5.402677154541015625e+01
7.059600067138671875e+01
-9.760900878906250000e+01
9.694852447509765625e+01
-9.505142211914062500e+01
2.363909721374511719e+01
3.683811569213867188e+01
5.569850158691406250e+01
7.060380554199218750e+01
7.954084014892578125e+01
9.099083709716796875e+01
1.228057003021240234e+01
5.200720310211181641e+00
-4.418544769287109375e+01
6.163777160644531250e+01
8.547092437744140625e+01
-7.634359741210937500e+01
8.628891754150390625e+01
8.200269317626953125e+01
5.553178787231445312e+01
8.382366180419921875e+01
-7.597660064697265625e+01
-4.399632644653320312e+01
7.390760803222656250e+01
9.648869323730468750e+01
-5.992826080322265625e+01
4.192819976806640625e+01
-7.937635040283203125e+01
-4.386194229125976562e+01
-1.981011581420898438e+01
7.468742370605468750e+01
-5.687050247192382812e+01
-8.007421112060546875e+01
-8.595335388183593750e+01
-2.826106643676757812e+01
6.840914916992187500e+01
-3.149930477142333984e+00
4.513546752929687500e+01
-2.335466384887695312e+00
-4.580767822265625000e+01
-7.266888427734375000e+01
-7.099515533447265625e+01
-2.291115760803222656e+01
-9.495528411865234375e+01
2.195153427124023438e+01
-5.514407730102539062e+01
9.126439666748046875e+01
-8.494689178466796875e+01
-3.975381088256835938e+01
8.717147827148437500e+01
-8.274578094482421875e+01
1.935092353820800781e+01
8.159960937500000000e+01
-8.631536865234375000e+01
-5.823652267456054688e+01
-2.957085609436035156e+01
-8.849249267578125000e+01
6.715125274658203125e+01
-9.376922607421875000e+01
-8.900638580322265625e+01
2.957392692565917969e+01
-7.118151855468750000e+01
5.418056488037109375e+00
8.605836486816406250e+01
2.609754562377929688e+01
1.361773777008056641e+01
7.134689331054687500e+00
-9.544897460937500000e+01
-3.855001449584960938e+01
-9.714354705810546875e+01
8.145536804199218750e+01
-5.353083801269531250e+01
-9.118744659423828125e+01
-2.490375757217407227e+00
-4.906390762329101562e+01
4.083361434936523438e+01
7.299388122558593750e+01
-6.395863342285156250e+01
-7.497656250000000000e+01
1.525848102569580078e+01
-9.291802978515625000e+01
-7.777496337890625000e+01
-1.521920680999755859e+01
-7.476975250244140625e+01
-1.823658108711242676e+00
-8.703575897216796875e+01
-8.997308731079101562e+00
-9.733552551269531250e+01
8.157466125488281250e+01
-3.540467453002929688e+01
1.030394840240478516e+01
1.673285841941833496e+00
-9.677046203613281250e+01
-9.140408325195312500e+01
4.625438690185546875e+00
-2.923474693298339844e+01
-9.915184020996093750e+01
-8.691590881347656250e+01
2.377345323562622070e+00
-9.808249664306640625e+01
-2.239279747009277344e+01
2.356806755065917969e+01
1.309719371795654297e+01
-9.665246582031250000e+01
-5.242298889160156250e+01
5.722769546508789062e+01
5.944161224365234375e+01
-9.315264129638671875e+01
1.452262210845947266e+01
8.285208129882812500e+01
-9.949259948730468750e+01
5.576532363891601562e+01
-7.468135070800781250e+01
6.298280334472656250e+01
3.699821090698242188e+01
-3.997327423095703125e+01
-9.333584594726562500e+01
-1.652428817749023438e+01
7.198066711425781250e+01
-9.322611236572265625e+01
-5.598310089111328125e+01
-7.869468688964843750e+01
-4.567451858520507812e+01
8.573508453369140625e+01
-4.290589904785156250e+01
6.517798614501953125e+01
-9.848552703857421875e+01
-4.974538040161132812e+01
2.771478652954101562e+01
6.835977172851562500e+01
-1.252145767211914062e+01
-5.670503997802734375e+01
4.205718994140625000e+00
-7.711798858642578125e+01
-8.804562377929687500e+01
-6.178124618530273438e+01
1.036110687255859375e+01
-8.416584014892578125e+01
-4.917061233520507812e+01
2.472350692749023438e+01
-1.047239780426025391e+01
-6.976802825927734375e+01
-9.719818115234375000e+01
8.137284851074218750e+01
3.159411239624023438e+01
-9.819158554077148438e+00
-3.850945281982421875e+01
-3.021885681152343750e+01
-6.342467117309570312e+01
8.257196044921875000e+01
3.744517898559570312e+01
9.293369293212890625e+01
-1.453330039978027344e+00
-7.480048370361328125e+01
4.475899505615234375e+01
7.879099273681640625e+01
4.464829444885253906e+00
9.685626220703125000e+01
-9.120547485351562500e+01
-4.083078384399414062e+01
4.034808731079101562e+01
6.677342891693115234e+00
6.842157745361328125e+01
1.077999305725097656e+01
1.063981533050537109e+01
7.203292846679687500e+01
8.196306610107421875e+01
8.846693420410156250e+01
2.722068214416503906e+01
2.255751037597656250e+01
9.703873443603515625e+01
7.655865478515625000e+01
2.153661918640136719e+01
7.623226928710937500e+01
-6.731494903564453125e+01
5.506780242919921875e+01
-9.894844055175781250e+01
1.155748176574707031e+01
3.990212249755859375e+01
3.232263183593750000e+01
4.223579025268554688e+01
-4.804687500000000000e+01
9.036594390869140625e+01
-2.998443031311035156e+01
6.257430553436279297e+00
-4.460953903198242188e+01
7.777257537841796875e+01
5.481249237060546875e+01
-8.813194274902343750e+01
-9.420161437988281250e+01
6.421888732910156250e+01
3.639564895629882812e+01
7.852778625488281250e+01
-2.277535247802734375e+01
-8.368730926513671875e+01
-9.216266632080078125e+01
-9.054192352294921875e+01
-4.985386276245117188e+01
-7.954931640625000000e+01
-7.193921661376953125e+01
-6.082710742950439453e+00
-7.330077362060546875e+01
-7.953719329833984375e+01
-8.476891326904296875e+01
-6.926417541503906250e+01
-6.676765441894531250e+01
-4.509618759155273438e+01
9.431144714355468750e+00
1.683848190307617188e+01
-9.816625976562500000e+01
9.594227600097656250e+01
7.556826782226562500e+01
-8.997850799560546875e+01
-6.456645965576171875e+01
-7.173437500000000000e+01
3.462936782836914062e+01
6.756385803222656250e+01
-8.505443572998046875e+01
-6.101964569091796875e+01
3.542816543579101562e+01
4.447780609130859375e+01
-7.245796966552734375e+01
-8.308469390869140625e+01
-5.359527969360351562e+01
-1.946491003036499023e+00
-4.225200271606445312e+01
2.259350967407226562e+01
5.682216262817382812e+01
-6.686027526855468750e+01
-5.722534561157226562e+01
6.712050628662109375e+01
2.383511924743652344e+01
-8.156514739990234375e+01
-9.166156005859375000e+01
2.836381530761718750e+01
6.112944030761718750e+01
-8.600944519042968750e+01
7.438633728027343750e+01
7.258991241455078125e+00
-4.808384323120117188e+01
2.677718925476074219e+01
-2.614225196838378906e+01
-3.305318450927734375e+01
3.024202346801757812e+01
9.263803100585937500e+01
4.899110794067382812e+01
1.693730545043945312e+01
-2.751186180114746094e+01
6.854821777343750000e+01
6.601590728759765625e+01
-6.842462158203125000e+01
-3.617094039916992188e+01
3.716363525390625000e+01
4.700583648681640625e+01
2.650049018859863281e+01
-8.814006805419921875e+01
6.880194854736328125e+01
-8.632478332519531250e+01
-6.335037231445312500e+01
-7.175591278076171875e+01
-6.205253601074218750e+01
2.538743972778320312e+01
-5.239324569702148438e+01
5.146842575073242188e+01
5.515284729003906250e+01
8.335278320312500000e+01
-5.590174102783203125e+01
-8.465500640869140625e+01
3.110239744186401367e+00
5.022595596313476562e+01
-3.200415039062500000e+01
4.270407104492187500e+01
6.792800140380859375e+01
-5.313398742675781250e+01
6.696857452392578125e+01
-8.690266418457031250e+01
-7.743714809417724609e+00
7.330323028564453125e+01
4.089454269409179688e+01
-1.852693176269531250e+01
2.411903953552246094e+01
6.152020645141601562e+01
2.690574645996093750e+00
-2.856276893615722656e+01
6.613933563232421875e+01
9.005272674560546875e+01
4.772721481323242188e+01
5.118323516845703125e+01
-7.359057617187500000e+01
9.789465332031250000e+01
-8.421680450439453125e+01
9.717890930175781250e+01
2.841040420532226562e+01
6.370177459716796875e+01
8.629512786865234375e+01
2.009333229064941406e+01
7.805784940719604492e-01
4.878941726684570312e+01
5.657186508178710938e+01
8.909932708740234375e+01
9.857064056396484375e+01
-9.066439819335937500e+01
-6.337826919555664062e+01
-5.138152694702148438e+01
1.301193809509277344e+01
-4.525856781005859375e+01
1.437994122505187988e+00
-8.930339813232421875e+01
-9.311698913574218750e+01
-9.080016326904296875e+01
4.327214813232421875e+01
1.486055564880371094e+01
2.424221229553222656e+01
-5.149441909790039062e+01
-3.790986251831054688e+01
-8.715622711181640625e+01
-8.506079864501953125e+01
-9.347788238525390625e+01
9.733055877685546875e+01
-1.024448204040527344e+01
-8.604351806640625000e+01
2.553693389892578125e+01
-4.922851085662841797e+00
-1.335923099517822266e+01
-7.514774322509765625e+01
-5.605784606933593750e+01
9.789854431152343750e+01
-1.369191074371337891e+01
9.152818298339843750e+01
-5.881325531005859375e+01
-3.360029602050781250e+01
-6.789260864257812500e+01
-8.352965545654296875e+01
9.263851928710937500e+01
4.708092498779296875e+01
4.150051498413085938e+01
-6.836634063720703125e+01
-1.587913799285888672e+01
-7.350396728515625000e+01
-9.475265502929687500e+01
8.618245697021484375e+01
-7.540219116210937500e+01
3.351379394531250000e+01
7.197986602783203125e+01
-8.502388763427734375e+01
-8.703829956054687500e+01
5.915414047241210938e+01
2.846396827697753906e+01
-2.717592048645019531e+01
-1.337534523010253906e+01
-5.752817630767822266e+00
-9.552013397216796875e+01
-6.653783416748046875e+01
4.493360519409179688e+01
-9.235335540771484375e+01
-1.885771179199218750e+01
8.258282661437988281e+00
-9.043840789794921875e+01
-4.451429367065429688e+01
-3.665588760375976562e+01
1.982171058654785156e+01
9.884236335754394531e+00
-8.565893554687500000e+01
-6.147694015502929688e+01
-5.153144073486328125e+01
-8.999635314941406250e+01
-5.696480178833007812e+01
-9.860658264160156250e+01
-7.971991729736328125e+01
9.218048095703125000e+01
6.311435222625732422e+00
-6.680946350097656250e+01
9.830950164794921875e+01
5.452371215820312500e+01
-4.884748840332031250e+01
-1.667565345764160156e+01
-9.810353851318359375e+01
9.971205902099609375e+01
-3.139933013916015625e+01
8.264141845703125000e+01
4.432402420043945312e+01
-3.231838226318359375e+01
2.113260078430175781e+01
-6.716955566406250000e+01
-7.280285644531250000e+01
7.401391601562500000e+01
-9.217083740234375000e+01
4.639853668212890625e+01
5.518798351287841797e+00
-5.034482955932617188e+00
-5.855244827270507812e+01
-4.186366653442382812e+01
2.208255577087402344e+01
6.692430114746093750e+01
7.591677665710449219e+00
-9.612790679931640625e+01
6.867581939697265625e+01
-6.333713531494140625e-01
-2.146668052673339844e+01
-9.946456909179687500e+01
-2.321755981445312500e+01
9.308418273925781250e+01
-7.622633361816406250e+01
4.295809173583984375e+01
7.392303466796875000e+00
9.148490905761718750e+01
-1.920754051208496094e+01
5.991349792480468750e+01
8.536928558349609375e+01
5.572152709960937500e+01
6.220198440551757812e+01
-3.682352066040039062e+01
-8.865417480468750000e+01
7.513119506835937500e+01
8.749492645263671875e+01
-5.800311660766601562e+01
7.101704406738281250e+01
-9.813111114501953125e+01
-5.085981369018554688e+01
4.559690952301025391e+00
-7.509553527832031250e+01
1.698446655273437500e+01
-9.064019775390625000e+01
7.378318786621093750e+01
-2.983769989013671875e+01
1.781133651733398438e+01
2.671912002563476562e+01
7.157966613769531250e+01
6.910598754882812500e+01
9.074322509765625000e+01
4.432425689697265625e+01
3.138838195800781250e+01
8.155234527587890625e+01
4.627550601959228516e+00
6.286600875854492188e+01
4.682095527648925781e+00
8.608232879638671875e+01
-2.234490966796875000e+01
8.707868194580078125e+01
-8.106501007080078125e+01
7.518115997314453125e+01
-5.948405456542968750e+01
9.268929290771484375e+01
-4.267205429077148438e+01
6.879129028320312500e+01
-7.972800445556640625e+01
-3.287764358520507812e+01
4.873963165283203125e+01
-5.497683715820312500e+01
-7.166685485839843750e+01
