-8.319644927978515625e-01
9.930635690689086914e-01
1.900304704904556274e-01
-2.459121346473693848e-01
9.679574370384216309e-01
-6.407479643821716309e-01
9.442412257194519043e-01
8.218626976013183594e-01
-9.620380401611328125e-01
6.780242323875427246e-01
-8.850763738155364990e-02
6.024718880653381348e-01
-3.481993377208709717e-01
9.301947355270385742e-01
-3.372386991977691650e-01
7.318107485771179199e-01
-7.758732438087463379e-01
9.434118270874023438e-01
-2.808742523193359375e-01
9.859040379524230957e-01
-7.237536460161209106e-02
2.743396162986755371e-01
-7.531096786260604858e-02
7.565132379531860352e-01
-7.145645618438720703e-01
9.768947362899780273e-01
-1.111990883946418762e-01
8.787476420402526855e-01
-6.871474981307983398e-01
9.337889552116394043e-01
-1.047520413994789124e-01
6.543859839439392090e-01
-7.789089083671569824e-01
9.827862977981567383e-01
-1.982242166996002197e-01
7.758036255836486816e-01
-7.736001610755920410e-01
9.866123199462890625e-01
2.224269062280654907e-01
-3.316285014152526855e-01
9.825042486190795898e-01
-3.790766596794128418e-01
9.039359092712402344e-01
-3.333995640277862549e-01
7.945228219032287598e-01
-6.811298727989196777e-01
9.516571164131164551e-01
3.212371468544006348e-01
-8.029456734657287598e-01
9.731778502464294434e-01
-1.239137202501296997e-01
9.196028113365173340e-01
-7.187072038650512695e-01
9.554695487022399902e-01
4.980673193931579590e-01
-9.185883402824401855e-01
9.704620242118835449e-01
3.716281950473785400e-01
-8.687399625778198242e-01
9.955167770385742188e-01
5.194475054740905762e-01
-2.469128817319869995e-01
8.061289191246032715e-01
-7.694499492645263672e-01
9.887260794639587402e-01
-3.493818342685699463e-01
9.108523130416870117e-01
-7.093343734741210938e-01
9.939674139022827148e-01
-9.298627078533172607e-02
8.871092796325683594e-01
-8.884026408195495605e-01
9.871383905410766602e-01
-5.457004532217979431e-03
5.263038873672485352e-01
-6.269277334213256836e-01
9.848385453224182129e-01
-2.827991545200347900e-01
9.741944074630737305e-01
-7.733667492866516113e-01
9.825872182846069336e-01
2.994957864284515381e-01
-6.040165424346923828e-01
9.821346998214721680e-01
1.891032159328460693e-01
-2.630976736545562744e-01
9.316886663436889648e-01
-8.533234596252441406e-01
9.668982028961181641e-01
1.911462247371673584e-01
2.768523693084716797e-01
-2.419037371873855591e-01
8.570597767829895020e-01
-9.480639100074768066e-01
9.916449189186096191e-01
7.947350740432739258e-01
-4.927023649215698242e-01
8.398383259773254395e-01
-8.925315737724304199e-01
9.581936597824096680e-01
5.928114056587219238e-01
-6.657477617263793945e-01
9.701839685440063477e-01
-1.826350837945938110e-01
4.268971085548400879e-01
3.768683671951293945e-01
-6.144956350326538086e-01
9.884644746780395508e-01
6.011380553245544434e-01
-8.272978663444519043e-01
7.186609506607055664e-01
-6.757338345050811768e-02
7.888602018356323242e-01
-7.113665342330932617e-01
9.497004747390747070e-01
4.939745068550109863e-01
-7.182183861732482910e-01
9.885721802711486816e-01
4.757046408485621214e-04
-8.433773368597030640e-02
8.911240696907043457e-01
-6.745479106903076172e-01
9.716118574142456055e-01
4.490719363093376160e-02
8.803959935903549194e-02
1.122784242033958435e-01
4.709239602088928223e-01
6.299427896738052368e-02
6.202139258384704590e-01
-7.075790166854858398e-01
9.804546236991882324e-01
-1.416883915662765503e-01
9.269628524780273438e-01
-9.005503654479980469e-01
9.435564875602722168e-01
3.168155550956726074e-01
-2.040897011756896973e-01
7.593352198600769043e-01
-6.514177918434143066e-01
9.748297929763793945e-01
-4.167115092277526855e-01
9.783286452293395996e-01
-2.519034445285797119e-01
7.576947212219238281e-01
-7.760746479034423828e-01
9.573624134063720703e-01
-4.114708304405212402e-02
3.059432208538055420e-01
4.486640989780426025e-01
-8.058381825685501099e-02
3.723185360431671143e-01
-1.935867369174957275e-01
9.476664662361145020e-01
-9.209956526756286621e-01
9.808605909347534180e-01
7.551609873771667480e-01
-5.899687409400939941e-01
8.956409692764282227e-01
-8.639791011810302734e-01
9.696540236473083496e-01
3.632930815219879150e-01
3.391237556934356689e-02
-7.823830097913742065e-02
8.476712703704833984e-01
1.611367613077163696e-01
-8.514437675476074219e-01
9.885243177413940430e-01
3.360465466976165771e-01
3.063780665397644043e-01
-3.142863512039184570e-01
9.411877989768981934e-01
-7.290836572647094727e-01
9.822128415107727051e-01
-6.819631457328796387e-01
9.931545853614807129e-01
1.790140569210052490e-01
2.756594717502593994e-01
3.263760209083557129e-01
-7.808254361152648926e-01
9.901478886604309082e-01
5.926797986030578613e-01
-3.085965812206268311e-01
9.328277707099914551e-01
-8.093759417533874512e-01
9.261810779571533203e-01
-1.053507998585700989e-01
5.556514263153076172e-01
-6.535108089447021484e-01
9.825440049171447754e-01
4.812083840370178223e-01
-8.853871822357177734e-01
9.848605990409851074e-01
4.215954542160034180e-01
-4.626162350177764893e-01
9.681124687194824219e-01
-8.094622492790222168e-01
9.947142601013183594e-01
4.350385963916778564e-01
-3.177049458026885986e-01
9.231604933738708496e-01
-7.678176760673522949e-01
9.831637740135192871e-01
2.090668827295303345e-01
2.780181765556335449e-01
-7.780529260635375977e-01
9.897507429122924805e-01
1.629212796688079834e-01
1.818432360887527466e-01
3.851573467254638672e-01
-5.029074549674987793e-01
9.525591731071472168e-01
2.947080433368682861e-01
-6.949562430381774902e-01
9.761517643928527832e-01
3.243729174137115479e-01
-1.691575199365615845e-01
8.249556422233581543e-01
-8.052023649215698242e-01
9.935162663459777832e-01
3.902541995048522949e-01
-5.331479907035827637e-01
9.432144165039062500e-01
-5.334257483482360840e-01
9.500748515129089355e-01
-2.522950768470764160e-01
8.078861832618713379e-01
-7.860417962074279785e-01
9.889267683029174805e-01
6.709381937980651855e-01
-9.627841114997863770e-01
9.763325452804565430e-01
-1.079463660717010498e-01
8.151473999023437500e-01
-7.900402545928955078e-01
9.518004059791564941e-01
-5.503415465354919434e-01
9.835226535797119141e-01
-1.830727607011795044e-01
7.224395871162414551e-01
-4.059019684791564941e-01
6.025536656379699707e-01
2.115504294633865356e-01
-6.089313030242919922e-01
9.880692362785339355e-01
4.361753463745117188e-01
-1.601280458271503448e-02
6.058447360992431641e-01
-6.586129069328308105e-01
9.467783570289611816e-01
5.897530317306518555e-01
-8.970436453819274902e-01
9.805681109428405762e-01
-6.310364007949829102e-01
9.903536438941955566e-01
1.785233318805694580e-01
2.809059917926788330e-01
-7.055618166923522949e-01
9.935868978500366211e-01
5.104528665542602539e-01
-3.079475760459899902e-01
9.756056070327758789e-01
-7.796024084091186523e-01
9.852369427680969238e-01
-6.292575597763061523e-01
9.842173457145690918e-01
-4.112646281719207764e-01
9.844700098037719727e-01
-5.506685972213745117e-01
9.375525116920471191e-01
-4.887921512126922607e-01
9.693481922149658203e-01
-7.058632373809814453e-01
9.716762900352478027e-01
1.697608083486557007e-01
-3.984492719173431396e-01
9.855543375015258789e-01
-6.624590158462524414e-01
9.560510516166687012e-01
-3.648584485054016113e-01
9.767699837684631348e-01
-8.638073503971099854e-02
5.215533971786499023e-01
-6.843773126602172852e-01
9.377665519714355469e-01
-2.374787181615829468e-01
8.793771266937255859e-01
-9.160437434911727905e-02
7.096666097640991211e-01
-9.352172613143920898e-01
9.289505481719970703e-01
-4.992463588714599609e-01
9.789624214172363281e-01
-1.757564395666122437e-02
7.569262385368347168e-01
-8.421175479888916016e-01
9.696303606033325195e-01
-1.796970069408416748e-01
8.806225061416625977e-01
-5.837975740432739258e-01
9.301560521125793457e-01
-4.698197916150093079e-02
3.665238618850708008e-01
-6.354217231273651123e-02
2.253891229629516602e-01
5.839958786964416504e-01
-9.196333289146423340e-01
9.803543686866760254e-01
7.192510962486267090e-01
-6.017317175865173340e-01
9.733963012695312500e-01
-2.917428612709045410e-01
5.364456176757812500e-01
-3.274442851543426514e-01
9.663317799568176270e-01
-2.744386792182922363e-01
7.439882755279541016e-01
-4.656359553337097168e-01
9.131343960762023926e-01
-7.030269503593444824e-01
9.189878702163696289e-01
-4.216242432594299316e-01
8.700783848762512207e-01
5.273777842521667480e-01
-9.103806614875793457e-01
9.759305715560913086e-01
2.249618023633956909e-01
-5.628933906555175781e-01
9.965451359748840332e-01
2.907654941082000732e-01
-5.422192811965942383e-01
9.763421416282653809e-01
1.541469544172286987e-01
-4.550206363201141357e-01
9.798213243484497070e-01
-8.503402769565582275e-02
6.058948636054992676e-01
-4.728472530841827393e-01
9.649659991264343262e-01
-1.647269427776336670e-01
7.096464633941650391e-01
-8.836701512336730957e-01
9.490992426872253418e-01
3.491907939314842224e-02
7.399838566780090332e-01
-7.700459957122802734e-01
9.725756049156188965e-01
4.630358889698982239e-02
5.198466777801513672e-01
-8.188470005989074707e-01
9.939611554145812988e-01
2.745912969112396240e-01
5.647738575935363770e-01
-8.353607654571533203e-01
9.767270684242248535e-01
1.520049422979354858e-01
-7.615886628627777100e-02
5.230784416198730469e-01
-3.876036405563354492e-01
9.767747521400451660e-01
-7.872096300125122070e-01
9.868842959403991699e-01
7.783153653144836426e-01
-5.159184336662292480e-01
8.583833575248718262e-01
-8.059750199317932129e-01
9.792405366897583008e-01
-5.943275243043899536e-02
5.052686333656311035e-01
-7.963607907295227051e-01
9.887886643409729004e-01
4.654964506626129150e-01
-9.992264956235885620e-02
8.496698737144470215e-01
-6.694988608360290527e-01
9.040110707283020020e-01
-6.476175189018249512e-01
9.646875858306884766e-01
-5.703888535499572754e-01
9.861793518066406250e-01
-3.576293289661407471e-01
9.783862829208374023e-01
-1.695221960544586182e-01
4.453409314155578613e-01
-7.903444766998291016e-01
9.968661069869995117e-01
2.477242350578308105e-01
5.617533326148986816e-01
-6.731035113334655762e-01
9.764230251312255859e-01
-2.011289447546005249e-01
6.390829682350158691e-01
-3.809739053249359131e-01
9.875508546829223633e-01
-8.274476528167724609e-01
9.732868671417236328e-01
4.357152283191680908e-01
-4.021991491317749023e-01
9.065874218940734863e-01
-4.924829006195068359e-01
9.311687350273132324e-01
-3.991684615612030029e-01
6.898927688598632812e-01
-3.926075994968414307e-01
9.285934567451477051e-01
-4.338839948177337646e-01
8.867519497871398926e-01
-7.682658433914184570e-01
9.451835155487060547e-01
-2.016954421997070312e-01
9.644696712493896484e-01
-4.784746766090393066e-01
8.170440793037414551e-01
-6.100665330886840820e-01
9.343639016151428223e-01
1.289505809545516968e-01
-6.484788060188293457e-01
9.850529432296752930e-01
3.465733528137207031e-01
-3.664657846093177795e-02
8.820762634277343750e-01
-3.494394123554229736e-01
-2.070278674364089966e-01
9.628249406814575195e-01
-5.947020053863525391e-01
9.125175476074218750e-01
-1.259035468101501465e-01
5.258406996726989746e-01
-4.912731945514678955e-01
9.811638593673706055e-01
2.424322068691253662e-01
-3.612749278545379639e-01
9.750499129295349121e-01
-6.481443047523498535e-01
9.584758877754211426e-01
-2.592811286449432373e-01
7.134295701980590820e-01
-7.564607262611389160e-01
9.682441949844360352e-01
2.495802789926528931e-01
-2.080771327018737793e-01
9.151688218116760254e-01
-6.710310578346252441e-01
9.622963666915893555e-01
5.938926339149475098e-01
-9.428889155387878418e-01
9.530729055404663086e-01
3.754691183567047119e-01
-7.181180715560913086e-01
9.582408070564270020e-01
-1.676228344440460205e-01
9.066018462181091309e-01
-8.637855648994445801e-01
9.856325984001159668e-01
3.648190200328826904e-02
6.278390884399414062e-01
-7.273016571998596191e-01
9.789506793022155762e-01
3.793379068374633789e-01
-8.937920928001403809e-01
9.798831343650817871e-01
5.693801641464233398e-01
-6.924724578857421875e-01
9.721864461898803711e-01
-4.320665001869201660e-01
9.705081582069396973e-01
2.334932386875152588e-01
-6.207616925239562988e-01
9.910869598388671875e-01
-3.019849658012390137e-01
8.853161931037902832e-01
3.726862668991088867e-01
-5.923835635185241699e-01
9.583417177200317383e-01
-9.175579547882080078e-01
9.778053760528564453e-01
7.545314729213714600e-02
6.911100745201110840e-01
-7.221854329109191895e-01
9.189618229866027832e-01
2.205754816532135010e-01
-6.781683564186096191e-01
9.795221090316772461e-01
2.009195685386657715e-01
3.638190925121307373e-01
-2.073612511157989502e-01
9.029574990272521973e-01
-6.474086642265319824e-01
8.840768337249755859e-01
5.067342147231101990e-02
-5.345063284039497375e-02
4.482765197753906250e-01
4.599944055080413818e-01
-6.511020660400390625e-01
9.857105612754821777e-01
-1.044796407222747803e-01
7.060979008674621582e-01
-7.719789743423461914e-01
9.840409755706787109e-01
5.331462025642395020e-01
-7.831332087516784668e-01
9.920584559440612793e-01
2.358725666999816895e-01
-6.113094687461853027e-01
9.848527908325195312e-01
2.039450556039810181e-01
-7.538204193115234375e-01
9.889556765556335449e-01
6.008090972900390625e-01
-4.904049634933471680e-01
9.809054136276245117e-01
-5.611628293991088867e-01
9.707479476928710938e-01
-2.446658909320831299e-01
8.411442041397094727e-01
-4.999458193778991699e-01
7.429064512252807617e-01
-8.708080053329467773e-01
9.772253036499023438e-01
6.378769874572753906e-01
-6.718680262565612793e-01
9.411091208457946777e-01
-9.546888619661331177e-02
7.052273750305175781e-01
-6.838012337684631348e-01
9.759921431541442871e-01
1.888695955276489258e-01
2.235556095838546753e-01
-5.985394120216369629e-01
9.710032939910888672e-01
-2.058249413967132568e-01
5.743423700332641602e-01
-5.943412706255912781e-02
7.046841382980346680e-01
-5.216284990310668945e-01
9.572761654853820801e-01
-6.475822925567626953e-01
9.354723095893859863e-01
-5.995184183120727539e-01
9.826730489730834961e-01
-9.886362403631210327e-02
9.296514987945556641e-01
-7.608846426010131836e-01
9.630560278892517090e-01
-7.099037617444992065e-02
7.509680986404418945e-01
-8.434851765632629395e-01
9.930868744850158691e-01
-7.950145751237869263e-02
5.059487223625183105e-01
-4.786145687103271484e-01
9.813272356986999512e-01
-1.138169020414352417e-01
6.631506681442260742e-01
-8.287839293479919434e-01
9.670333266258239746e-01
-1.230251342058181763e-01
7.279698848724365234e-01
-7.226039171218872070e-01
9.751676321029663086e-01
3.208828568458557129e-01
-4.886519014835357666e-01
9.784984588623046875e-01
1.794672757387161255e-01
-1.692474186420440674e-01
7.829838991165161133e-01
-7.700745463371276855e-01
9.943263530731201172e-01
1.293517649173736572e-01
-3.563690483570098877e-01
9.677135944366455078e-01
-6.100171804428100586e-01
9.966159462928771973e-01
3.935573399066925049e-01
-5.738232135772705078e-01
9.829498529434204102e-01
-7.473651766777038574e-01
9.784110784530639648e-01
1.087555736303329468e-01
4.501199424266815186e-01
-5.011026263236999512e-01
9.838233590126037598e-01
2.772240340709686279e-01
-8.024913072586059570e-01
9.803341627120971680e-01
3.792209327220916748e-01
-4.621053636074066162e-01
8.985090851783752441e-01
-6.777183413505554199e-01
9.844791293144226074e-01
1.894864439964294434e-01
-6.600339412689208984e-01
9.929028749465942383e-01
7.078649997711181641e-01
-6.857201457023620605e-01
9.669818282127380371e-01
-1.810623407363891602e-01
2.399208396673202515e-01
2.200580090284347534e-01
1.822526752948760986e-01
2.746257185935974121e-01
-5.706682205200195312e-01
9.849967956542968750e-01
8.779951333999633789e-01
-6.368046402931213379e-01
8.519873619079589844e-01
-6.143091320991516113e-01
9.480132460594177246e-01
-1.270941197872161865e-01
7.870611548423767090e-01
-9.361871480941772461e-01
9.643093347549438477e-01
-6.091197133064270020e-01
9.815532565116882324e-01
4.983914494514465332e-01
-7.825936079025268555e-01
9.863414764404296875e-01
2.269981950521469116e-01
4.166021570563316345e-02
8.789762854576110840e-01
-7.560316920280456543e-01
9.774479866027832031e-01
-8.066903352737426758e-01
9.471166133880615234e-01
5.937005877494812012e-01
-5.533404350280761719e-01
8.697565793991088867e-01
-8.508394360542297363e-01
9.772539138793945312e-01
6.736283898353576660e-01
-5.128946304321289062e-01
7.018964886665344238e-01
-4.967572912573814392e-02
4.663792550563812256e-01
-8.332623243331909180e-01
9.882743954658508301e-01
8.047796487808227539e-01
-8.158049583435058594e-01
9.798234105110168457e-01
2.114867269992828369e-01
-2.682479918003082275e-01
9.273012280464172363e-01
-9.508166313171386719e-01
9.856405258178710938e-01
3.631477952003479004e-01
-3.868249058723449707e-02
5.814766287803649902e-01
-5.233426094055175781e-01
9.561496376991271973e-01
-3.167516291141510010e-01
8.239497542381286621e-01
-6.633453965187072754e-01
9.685688614845275879e-01
-1.352581679821014404e-01
9.098703861236572266e-01
-8.345022201538085938e-01
9.660127758979797363e-01
-4.412285685539245605e-01
9.739521145820617676e-01
-6.496050357818603516e-01
9.865284562110900879e-01
-2.854171991348266602e-01
9.151291251182556152e-01
-5.408517122268676758e-01
9.609271883964538574e-01
-4.206573124974966049e-03
-2.980209290981292725e-01
9.179186224937438965e-01
-7.959122657775878906e-01
9.868777990341186523e-01
4.055717885494232178e-01
-4.515085518360137939e-01
8.665534257888793945e-01
-1.157143041491508484e-01
-1.710234135389328003e-01
9.695501327514648438e-01
-2.926473505795001984e-02
-1.303094625473022461e-02
5.685411095619201660e-01
-6.926223635673522949e-01
9.827518463134765625e-01
3.984230160713195801e-01
1.523764245212078094e-02
3.147282302379608154e-01
7.694959640502929688e-02
4.152995944023132324e-01
-2.451398819684982300e-01
9.579848051071166992e-01
-9.080565571784973145e-01
9.046103358268737793e-01
6.300407052040100098e-01
-7.357783317565917969e-01
9.685404896736145020e-01
-5.168805718421936035e-01
9.698590040206909180e-01
1.768893599510192871e-01
-3.249807953834533691e-01
9.158715605735778809e-01
-4.734020829200744629e-01
8.606437444686889648e-01
-5.269032716751098633e-01
9.618514776229858398e-01
-7.261092662811279297e-01
9.871945381164550781e-01
3.949502110481262207e-01
-5.164319872856140137e-01
9.934793710708618164e-01
-2.196505814790725708e-01
7.949001789093017578e-01
-5.163435935974121094e-01
9.752765297889709473e-01
-5.506600141525268555e-01
9.642321467399597168e-01
-9.174516797065734863e-01
9.738509058952331543e-01
4.092537462711334229e-01
-6.714866161346435547e-01
9.801869988441467285e-01
-4.681795835494995117e-01
9.846127629280090332e-01
3.933134377002716064e-01
-4.853842258453369141e-01
9.585340619087219238e-01
-4.997819066047668457e-01
9.540373086929321289e-01
-6.950647234916687012e-01
9.339558482170104980e-01
-7.263162732124328613e-01
9.813534021377563477e-01
-2.946775555610656738e-01
9.447878599166870117e-01
-3.350860774517059326e-01
9.387443661689758301e-01
-6.246865391731262207e-01
9.491804838180541992e-01
-3.710669577121734619e-01
8.944762349128723145e-01
-5.120843052864074707e-01
8.048240542411804199e-01
-6.520889997482299805e-01
9.765553474426269531e-01
2.158529460430145264e-01
-3.419806063175201416e-01
9.071592688560485840e-01
-7.111863493919372559e-01
9.735352993011474609e-01
5.275624990463256836e-01
-7.313984632492065430e-01
9.839010238647460938e-01
1.792989671230316162e-02
1.699678152799606323e-01
4.885378479957580566e-01
-7.341975569725036621e-01
9.751049876213073730e-01
5.533282756805419922e-01
-7.109884023666381836e-01
9.667400717735290527e-01
-1.420747935771942139e-01
8.143118023872375488e-01
-8.229356408119201660e-01
9.735371470451354980e-01
4.279275834560394287e-01
-7.075413465499877930e-01
9.372372627258300781e-01
2.607253789901733398e-01
-8.307058215141296387e-01
9.945586323738098145e-01
8.655675649642944336e-01
-8.365746736526489258e-01
8.431158065795898438e-01
3.120699152350425720e-02
4.746519029140472412e-01
-6.841127872467041016e-01
9.914847016334533691e-01
4.263251125812530518e-01
-6.234804987907409668e-01
9.840054512023925781e-01
-7.670590281486511230e-01
9.681266546249389648e-01
6.773958206176757812e-01
-4.076327979564666748e-01
9.585901498794555664e-01
-7.355858683586120605e-01
9.600248336791992188e-01
-7.418366074562072754e-01
9.800478219985961914e-01
3.969440460205078125e-01
-3.832481205463409424e-01
9.588927626609802246e-01
-8.060632944107055664e-01
9.688109755516052246e-01
-4.182788133621215820e-01
9.090096950531005859e-01
-5.619226694107055664e-01
9.590677618980407715e-01
2.871565520763397217e-01
-2.627497911453247070e-02
3.221115171909332275e-01
-6.847233325242996216e-02
6.876564621925354004e-01
-7.195503711700439453e-01
9.353376030921936035e-01
-1.311871707439422607e-01
9.048988819122314453e-01
-5.460935235023498535e-01
8.813119530677795410e-01
-2.274049632251262665e-02
-6.728596091270446777e-01
9.934897422790527344e-01
6.739681959152221680e-01
-8.049511313438415527e-01
9.711264371871948242e-01
1.076600998640060425e-01
5.837575793266296387e-01
-7.487390637397766113e-01
9.361104965209960938e-01
-3.779236972332000732e-01
9.463214874267578125e-01
-3.063983097672462463e-02
5.393879413604736328e-01
-8.962404131889343262e-01
9.815686345100402832e-01
5.494248867034912109e-01
-4.485969841480255127e-01
8.751133680343627930e-01
-6.718973517417907715e-01
9.787802696228027344e-01
-3.407702147960662842e-01
8.640756011009216309e-01
-6.322512626647949219e-01
9.811722040176391602e-01
-5.141153335571289062e-01
9.833737015724182129e-01
-2.291478961706161499e-01
7.455032467842102051e-01
-2.375854998826980591e-01
6.793252825736999512e-01
-6.491935849189758301e-01
9.655384421348571777e-01
-3.500387072563171387e-02
-1.394975334405899048e-01
9.322771430015563965e-01
-7.811731696128845215e-01
9.738590717315673828e-01
-5.783990621566772461e-01
9.857380986213684082e-01
7.790524959564208984e-01
-9.034925699234008789e-01
9.756508469581604004e-01
2.800614833831787109e-01
-3.327459096908569336e-01
8.439939618110656738e-01
-7.004302740097045898e-01
9.604709744453430176e-01
7.849613577127456665e-02
3.323597013950347900e-01
-7.133831977844238281e-01
-8.857931494712829590e-01
-8.243550062179565430e-01
-7.597834467887878418e-01
-5.713162422180175781e-01
-2.269268780946731567e-01
-3.746393024921417236e-01
3.055835664272308350e-01
6.955662369728088379e-01
9.507427811622619629e-01
8.422340750694274902e-01
9.047677516937255859e-01
9.040116667747497559e-01
7.663315534591674805e-01
5.817639827728271484e-01
4.031551480293273926e-01
3.657631576061248779e-01
-4.766234196722507477e-03
-2.128805667161941528e-01
-1.955852955579757690e-01
-2.702098488807678223e-01
4.367511272430419922e-01
6.722736954689025879e-01
6.518864035606384277e-01
3.669979870319366455e-01
-8.750985562801361084e-02
2.655803784728050232e-02
-2.915776968002319336e-01
5.170909762382507324e-01
-1.058044582605361938e-01
8.570834994316101074e-01
4.820502996444702148e-01
-4.500038921833038330e-02
6.816518306732177734e-01
-3.393786847591400146e-01
1.036026477813720703e-01
3.175726830959320068e-01
6.149826645851135254e-01
-4.326316118240356445e-01
6.055387854576110840e-01
-1.302679181098937988e-01
6.164679527282714844e-01
6.778740137815475464e-02
3.429078459739685059e-01
2.293394804000854492e-01
-1.624451279640197754e-01
1.243914365768432617e-01
4.782619476318359375e-01
6.557886600494384766e-01
1.178675740957260132e-01
5.615620613098144531e-01
-6.698232889175415039e-01
8.129872679710388184e-01
-4.412393867969512939e-01
9.076107144355773926e-01
-1.366775631904602051e-01
1.308440268039703369e-01
7.591919302940368652e-01
-1.108639240264892578e-01
1.971295326948165894e-01
4.763254523277282715e-01
-5.985885858535766602e-01
9.564321041107177734e-01
-4.630235433578491211e-01
8.225472569465637207e-01
8.049201220273971558e-02
-1.771736890077590942e-01
9.620955586433410645e-01
-4.092004895210266113e-01
9.564747810363769531e-01
-6.209191679954528809e-01
9.420284032821655273e-01
-5.821554660797119141e-01
9.926279783248901367e-01
1.282751113176345825e-01
-4.993577599525451660e-01
9.961675405502319336e-01
8.563627302646636963e-02
3.921481072902679443e-01
1.228598281741142273e-01
-2.302241325378417969e-01
9.238837957382202148e-01
-6.941736340522766113e-01
9.630019664764404297e-01
1.172612085938453674e-01
-5.069157481193542480e-01
9.890490174293518066e-01
-1.797311194241046906e-02
3.482795655727386475e-01
9.999537467956542969e-02
2.099342644214630127e-01
-3.245698213577270508e-01
9.937338829040527344e-01
-1.429685950279235840e-01
9.086695909500122070e-01
-7.141047120094299316e-01
9.251515269279479980e-01
3.633828088641166687e-02
2.614744603633880615e-01
-2.781723141670227051e-01
9.494323134422302246e-01
-5.160971283912658691e-01
8.047617673873901367e-01
-3.591262400150299072e-01
9.763299822807312012e-01
-6.315379738807678223e-01
9.943953156471252441e-01
-2.017033398151397705e-01
8.228306770324707031e-01
-7.904566526412963867e-01
9.660738110542297363e-01
-2.375191748142242432e-01
8.579812645912170410e-01
-6.974397897720336914e-01
9.613474011421203613e-01
2.145534455776214600e-01
-6.589521169662475586e-01
9.920653700828552246e-01
-1.769563853740692139e-01
7.035715579986572266e-01
-5.221073329448699951e-02
2.341342717409133911e-01
-6.795979291200637817e-02
8.518822789192199707e-01
-4.616690278053283691e-01
9.464104771614074707e-01
-4.789480566978454590e-01
9.601242542266845703e-01
-4.693112075328826904e-01
9.052454829216003418e-01
-5.983402729034423828e-01
8.871511816978454590e-01
-8.468695282936096191e-01
9.909614920616149902e-01
8.613499402999877930e-01
-8.461332917213439941e-01
9.688693284988403320e-01
-1.953771263360977173e-01
3.962443172931671143e-01
4.527480602264404297e-01
-3.519623279571533203e-01
8.206169605255126953e-01
-3.769857287406921387e-01
8.673576116561889648e-01
-7.296938896179199219e-01
9.625311493873596191e-01
-5.328190922737121582e-01
9.914130568504333496e-01
6.311466917395591736e-03
6.499455124139785767e-02
6.086595058441162109e-01
-5.654056072235107422e-01
9.853382110595703125e-01
2.787582278251647949e-01
-3.352834880352020264e-01
9.205971360206604004e-01
-3.259022831916809082e-01
4.797071814537048340e-01
-4.268567860126495361e-01
9.893820881843566895e-01
1.556449234485626221e-01
-3.768289089202880859e-02
6.792104840278625488e-01
-3.129633367061614990e-01
8.671917319297790527e-01
-7.460817694664001465e-01
9.027422666549682617e-01
-1.262224316596984863e-01
2.772895097732543945e-01
2.163768559694290161e-01
4.881259053945541382e-02
6.183838248252868652e-01
-2.466353327035903931e-01
8.991503715515136719e-01
-6.695165634155273438e-01
9.613517522811889648e-01
-5.727431178092956543e-01
9.808514118194580078e-01
4.408628344535827637e-01
-7.997019886970520020e-01
9.563989639282226562e-01
-6.910767406225204468e-02
6.755476593971252441e-01
-1.432881951332092285e-01
3.244681358337402344e-01
-5.012014508247375488e-01
9.706894159317016602e-01
2.942155599594116211e-01
-2.486052662134170532e-01
8.904210925102233887e-01
-8.926958441734313965e-01
9.434284567832946777e-01
7.906157970428466797e-01
-6.077540516853332520e-01
9.415045380592346191e-01
-7.533138394355773926e-01
9.883988499641418457e-01
-8.329800516366958618e-02
6.667789220809936523e-01
-8.892822861671447754e-01
9.741769433021545410e-01
6.391553878784179688e-01
-8.376618623733520508e-01
9.975882172584533691e-01
5.292114615440368652e-02
4.361943900585174561e-01
-7.867262363433837891e-01
9.885877370834350586e-01
2.964328229427337646e-01
3.702951967716217041e-01
-4.540408551692962646e-01
9.893572330474853516e-01
-5.737935304641723633e-01
9.480367898941040039e-01
3.867603838443756104e-01
-6.786848306655883789e-01
9.624352455139160156e-01
5.942487344145774841e-02
4.478066563606262207e-01
-9.180304408073425293e-01
9.685674905776977539e-01
1.114451289176940918e-01
8.189874291419982910e-01
-8.202435970306396484e-01
9.748101234436035156e-01
2.387932687997817993e-01
-1.966577768325805664e-01
9.477029442787170410e-01
-9.007092714309692383e-01
8.966448903083801270e-01
3.063561320304870605e-01
-3.043206930160522461e-01
9.389604330062866211e-01
-6.949751377105712891e-01
9.763705134391784668e-01
2.895989120006561279e-01
-6.437170505523681641e-01
9.885056614875793457e-01
2.923395633697509766e-01
3.783933818340301514e-02
-5.896065384149551392e-02
7.073386907577514648e-01
-7.185704708099365234e-01
9.718205928802490234e-01
3.126136362552642822e-01
-2.619309127330780029e-01
8.342109918594360352e-01
-6.314646601676940918e-01
9.920580983161926270e-01
3.798623979091644287e-01
-7.170577645301818848e-01
9.777654409408569336e-01
-6.052346229553222656e-01
9.832785725593566895e-01
4.125531613826751709e-01
-8.178771138191223145e-01
9.756323695182800293e-01
5.038722157478332520e-01
-7.503807544708251953e-01
9.684916138648986816e-01
-4.746593534946441650e-01
9.915992617607116699e-01
6.033485531806945801e-01
-9.010466337203979492e-01
9.743739962577819824e-01
2.063779085874557495e-01
-5.644686222076416016e-01
9.697844982147216797e-01
2.108602225780487061e-01
-6.746156215667724609e-01
9.805411100387573242e-01
-4.235435426235198975e-01
9.959465265274047852e-01
5.183276534080505371e-02
5.606778860092163086e-01
-8.475474715232849121e-01
9.837985634803771973e-01
2.235484123229980469e-02
9.530101418495178223e-01
-8.779414296150207520e-01
9.300701618194580078e-01
-2.524598538875579834e-01
9.652225971221923828e-01
-8.227009773254394531e-01
9.784727692604064941e-01
-2.848637104034423828e-01
7.729376554489135742e-01
-4.365794360637664795e-01
9.018962383270263672e-01
-5.472888946533203125e-01
9.767894744873046875e-01
-5.457922816276550293e-01
9.423990845680236816e-01
-2.877549529075622559e-01
8.600499033927917480e-01
-7.908880710601806641e-01
9.681290984153747559e-01
-4.697235822677612305e-01
9.678522944450378418e-01
-6.170555949211120605e-01
9.817690253257751465e-01
2.311834990978240967e-01
4.246485233306884766e-01
-7.192122340202331543e-01
9.670451283454895020e-01
7.546650618314743042e-02
1.941968947649002075e-01
3.599746227264404297e-01
-7.393502444028854370e-02
7.965468168258666992e-01
-8.359203338623046875e-01
9.785428643226623535e-01
8.608257770538330078e-02
5.054705142974853516e-01
-5.642106533050537109e-01
9.506664276123046875e-01
-4.402804076671600342e-01
9.516252875328063965e-01
-2.219890207052230835e-01
7.681801319122314453e-01
-8.448233008384704590e-01
9.754489064216613770e-01
9.444968774914741516e-03
5.499140620231628418e-01
-6.881495714187622070e-01
9.866793751716613770e-01
2.090879976749420166e-01
2.551060020923614502e-01
-1.332744657993316650e-01
8.724209070205688477e-01
-9.165964126586914062e-01
9.728863239288330078e-01
5.551529526710510254e-01
-6.031625270843505859e-01
9.300373792648315430e-01
-5.428142547607421875e-01
9.520059227943420410e-01
4.436512589454650879e-01
-7.256284952163696289e-01
9.829648137092590332e-01
-2.001619935035705566e-01
6.426074355840682983e-02
9.038627147674560547e-01
-7.297434806823730469e-01
9.536995887756347656e-01
-3.620906732976436615e-03
5.802378058433532715e-01
-7.761913537979125977e-01
9.762713909149169922e-01
1.156559288501739502e-01
2.611739039421081543e-01
4.851479232311248779e-01
-2.294750809669494629e-01
8.692038655281066895e-01
-8.939608931541442871e-01
9.560561776161193848e-01
-1.410737484693527222e-01
8.649756312370300293e-01
-6.661754846572875977e-01
9.491350650787353516e-01
-8.244539499282836914e-01
9.949609637260437012e-01
6.105108857154846191e-01
-5.361149907112121582e-01
9.761989712715148926e-01
-5.421316027641296387e-01
9.762139320373535156e-01
6.410557031631469727e-01
-9.527386426925659180e-01
8.959466218948364258e-01
-5.038186907768249512e-01
9.804767370223999023e-01
-3.429653942584991455e-01
7.769515514373779297e-01
-9.115995764732360840e-01
9.891023635864257812e-01
4.029768407344818115e-01
-2.105900943279266357e-01
8.287346959114074707e-01
-7.930038571357727051e-01
9.881442189216613770e-01
7.061355113983154297e-01
-8.703104853630065918e-01
9.608488082885742188e-01
-3.595272600650787354e-01
9.607363939285278320e-01
-8.116819262504577637e-01
9.800885319709777832e-01
6.889858841896057129e-01
-9.154658913612365723e-01
8.980201482772827148e-01
-1.795490533113479614e-01
9.300104975700378418e-01
-7.246090173721313477e-01
9.848363995552062988e-01
-8.852479513734579086e-04
1.111160963773727417e-01
3.824274539947509766e-01
-5.289261341094970703e-01
9.972144365310668945e-01
2.341349124908447266e-01
-4.604767858982086182e-01
9.788792729377746582e-01
1.423784345388412476e-01
-3.518447875976562500e-01
9.477151632308959961e-01
-6.186307668685913086e-01
9.822687506675720215e-01
-2.569160461425781250e-01
8.626647591590881348e-01
-7.345635294914245605e-01
9.706959128379821777e-01
5.106734037399291992e-01
-7.810966968536376953e-01
9.317873716354370117e-01
3.204672038555145264e-01
-5.949377417564392090e-01
9.347176551818847656e-01
1.886234283447265625e-01
-7.330880761146545410e-01
9.933068752288818359e-01
5.087041258811950684e-01
-6.589573025703430176e-01
9.166135191917419434e-01
-4.334000945091247559e-01
9.847455620765686035e-01
-1.337740849703550339e-02
7.534624934196472168e-01
-7.290222644805908203e-01
9.749410748481750488e-01
-3.470493853092193604e-01
7.034708857536315918e-01
-6.160700917243957520e-01
9.833225607872009277e-01
1.910478621721267700e-01
-1.077005341649055481e-01
3.451880812644958496e-01
1.454737037420272827e-01
1.539364904165267944e-01
4.313431307673454285e-02
9.379099607467651367e-01
-2.812459766864776611e-01
6.569290757179260254e-01
-8.090000748634338379e-01
9.728207588195800781e-01
3.153464794158935547e-01
-3.643677532672882080e-01
9.651403427124023438e-01
-6.970900297164916992e-01
9.573436975479125977e-01
7.450647950172424316e-01
-9.348511695861816406e-01
9.256352186203002930e-01
-4.240436553955078125e-01
9.866415262222290039e-01
-1.935850232839584351e-01
5.172144174575805664e-01
-6.307672858238220215e-01
9.761363863945007324e-01
3.517721891403198242e-01
-6.836711764335632324e-01
9.868547916412353516e-01
-7.500825077295303345e-02
7.240878939628601074e-01
-8.483746647834777832e-01
9.880980253219604492e-01
1.457208693027496338e-01
8.385727405548095703e-01
-9.234285354614257812e-01
9.770533442497253418e-01
-3.631354272365570068e-01
9.595888257026672363e-01
-6.565192341804504395e-01
9.609187245368957520e-01
-2.768525481224060059e-01
8.007979989051818848e-01
-7.194803953170776367e-01
9.863628149032592773e-01
1.208098009228706360e-01
-9.687507897615432739e-02
9.540221095085144043e-01
-6.188270449638366699e-01
9.146189689636230469e-01
-4.202575385570526123e-01
9.296015501022338867e-01
-4.987687170505523682e-01
9.342715740203857422e-01
-8.564190864562988281e-01
9.366159439086914062e-01
6.935437917709350586e-01
-9.787050485610961914e-01
9.542229771614074707e-01
-3.550267219543457031e-02
8.162850141525268555e-01
-7.901509404182434082e-01
9.922338128089904785e-01
-2.872497439384460449e-01
9.277397394180297852e-01
-5.024521946907043457e-01
9.784675240516662598e-01
-4.731934666633605957e-01
9.203371405601501465e-01
-6.509642601013183594e-01
9.300756454467773438e-01
-8.243935555219650269e-02
4.008808434009552002e-01
-8.343688249588012695e-01
9.978977441787719727e-01
7.970689535140991211e-01
-7.857618927955627441e-01
9.682083725929260254e-01
1.465146243572235107e-01
2.269076853990554810e-01
-4.752227663993835449e-01
9.972207546234130859e-01
-3.530299523845314980e-03
5.524201989173889160e-01
-8.218833804130554199e-01
9.887300133705139160e-01
-5.235167220234870911e-02
9.671178460121154785e-01
-8.042547702789306641e-01
9.689095616340637207e-01
3.425124287605285645e-01
-7.703106999397277832e-01
9.726821184158325195e-01
1.198255643248558044e-01
2.971618995070457458e-02
7.206183075904846191e-01
-7.557893991470336914e-01
9.838547706604003906e-01
1.608606427907943726e-01
-2.617868781089782715e-01
7.572948932647705078e-01
-5.041695237159729004e-01
9.885466098785400391e-01
6.005367040634155273e-01
-9.254921674728393555e-01
9.727768301963806152e-01
3.369389101862907410e-02
6.949987411499023438e-01
-9.024637341499328613e-01
9.818055033683776855e-01
-2.918432056903839111e-01
9.071435332298278809e-01
-7.369846701622009277e-01
9.818941354751586914e-01
1.090611442923545837e-01
6.278824061155319214e-02
7.910991311073303223e-01
-7.503264546394348145e-01
9.866981506347656250e-01
-2.702755667269229889e-02
4.926787316799163818e-01
-3.344937264919281006e-01
9.316800832748413086e-01
-6.540572047233581543e-01
9.895645976066589355e-01
-2.503568828105926514e-01
9.060720205307006836e-01
-9.249640703201293945e-01
9.546217322349548340e-01
-1.334142535924911499e-01
8.638061881065368652e-01
-8.862402439117431641e-01
9.720599651336669922e-01
3.070069253444671631e-01
2.413332909345626831e-01
-4.601219594478607178e-01
9.623771905899047852e-01
-1.318199038505554199e-01
7.475677728652954102e-01
-7.282142639160156250e-01
9.113053679466247559e-01
1.266910284757614136e-01
5.588997527956962585e-02
7.082110643386840820e-01
-8.207899928092956543e-01
9.619971513748168945e-01
3.497947752475738525e-02
4.999647736549377441e-01
-6.640906333923339844e-01
9.888077974319458008e-01
2.667930722236633301e-01
-3.555230796337127686e-01
9.516932368278503418e-01
8.947933465242385864e-02
-5.651121139526367188e-01
9.972884058952331543e-01
3.995950222015380859e-01
-7.749071717262268066e-01
9.843118786811828613e-01
2.853553593158721924e-01
-2.863086163997650146e-01
9.484640359878540039e-01
-7.515259385108947754e-01
9.888645410537719727e-01
2.544848322868347168e-01
-2.231277823448181152e-01
3.336704671382904053e-01
3.052865564823150635e-01
2.695030272006988525e-01
4.236817061901092529e-01
-7.953430414199829102e-01
9.852852821350097656e-01
5.694171786308288574e-02
9.135472774505615234e-01
-7.502430677413940430e-01
9.704011082649230957e-01
-2.163230776786804199e-01
6.578790545463562012e-01
-7.527482509613037109e-01
9.800668358802795410e-01
4.909140169620513916e-01
-7.614422440528869629e-01
9.840046167373657227e-01
-4.934482872486114502e-01
9.860219359397888184e-01
-3.931542336940765381e-01
9.696444272994995117e-01
-1.947402060031890869e-01
4.707183837890625000e-01
-5.682787895202636719e-01
9.556164741516113281e-01
-7.058475017547607422e-01
9.941161870956420898e-01
6.042664647102355957e-01
-3.754849135875701904e-01
9.439246654510498047e-01
-8.553449511528015137e-01
9.603878259658813477e-01
-1.176901087164878845e-01
8.467563986778259277e-01
-9.085290431976318359e-01
9.570986628532409668e-01
-5.332261919975280762e-01
9.773843884468078613e-01
1.673174053430557251e-01
-3.027321398258209229e-01
9.830112457275390625e-01
-6.759486198425292969e-01
9.730948805809020996e-01
3.923549950122833252e-01
-5.661382079124450684e-01
9.720669984817504883e-01
-4.697645306587219238e-01
9.873973727226257324e-01
-6.540193557739257812e-01
9.865919351577758789e-01
6.521485745906829834e-02
-3.103172481060028076e-01
9.336305260658264160e-01
-5.103390812873840332e-01
9.160668253898620605e-01
-4.764418900012969971e-01
9.245694875717163086e-01
-4.755978882312774658e-01
9.601553678512573242e-01
-3.214153349399566650e-01
6.244878172874450684e-01
-3.303015232086181641e-01
8.422560095787048340e-01
-6.745886206626892090e-01
9.337103962898254395e-01
5.125628113746643066e-01
-8.606749773025512695e-01
9.282308220863342285e-01
3.545855581760406494e-01
6.612519919872283936e-02
1.747527569532394409e-01
6.810547113418579102e-01
-7.804867029190063477e-01
9.731493592262268066e-01
-4.100790023803710938e-01
9.323945641517639160e-01
-8.880000710487365723e-01
9.842174649238586426e-01
3.201684951782226562e-01
4.607708454132080078e-01
-1.530256867408752441e-01
5.237008929252624512e-01
-4.941715598106384277e-01
9.711743593215942383e-01
-4.033156204968690872e-03
1.625419706106185913e-01
-4.597750306129455566e-01
9.860444664955139160e-01
-4.285770952701568604e-01
9.948094487190246582e-01
-7.170350849628448486e-02
7.986302971839904785e-01
-8.875855803489685059e-01
9.809363484382629395e-01
-1.163082569837570190e-01
7.706983089447021484e-01
-2.247892618179321289e-01
2.410795837640762329e-01
2.191293537616729736e-01
5.949631333351135254e-01
-5.506253242492675781e-01
9.593299627304077148e-01
-5.888177156448364258e-01
8.962393403053283691e-01
-5.184907317161560059e-01
9.877093434333801270e-01
-3.132811784744262695e-01
9.533737301826477051e-01
-6.915577054023742676e-01
9.904932975769042969e-01
3.898823261260986328e-01
-8.899207115173339844e-01
9.935154914855957031e-01
-2.645486295223236084e-01
9.591721296310424805e-01
-7.862746715545654297e-01
9.798326492309570312e-01
4.956348836421966553e-01
-6.949501633644104004e-01
9.850012063980102539e-01
-4.485405087471008301e-01
9.698633551597595215e-01
-3.876974284648895264e-01
8.755202889442443848e-01
-7.926043272018432617e-01
9.860216975212097168e-01
3.033691048622131348e-01
-7.662097215652465820e-01
9.867910742759704590e-01
9.073381870985031128e-02
7.895925641059875488e-01
-5.371109247207641602e-01
9.696338772773742676e-01
-7.958858013153076172e-01
9.872294068336486816e-01
9.450198709964752197e-02
-1.168316304683685303e-01
7.542026638984680176e-01
-3.015415072441101074e-01
8.594376444816589355e-01
-9.006257057189941406e-01
9.680086374282836914e-01
-5.326226726174354553e-02
9.163354039192199707e-01
-7.639754414558410645e-01
9.782457351684570312e-01
-4.833364188671112061e-01
9.559820294380187988e-01
2.512015402317047119e-01
-8.513001799583435059e-01
9.795137643814086914e-01
-1.401402205228805542e-01
9.127991795539855957e-01
-5.611307024955749512e-01
9.806648492813110352e-01
-1.092765703797340393e-01
1.489775180816650391e-01
3.183379769325256348e-02
9.364809989929199219e-01
-7.200871706008911133e-01
9.721998572349548340e-01
-5.878250002861022949e-01
9.782150983810424805e-01
-1.471088081598281860e-01
2.859075367450714111e-02
9.829573631286621094e-01
-7.788215875625610352e-01
9.630565643310546875e-01
-1.546987593173980713e-01
9.049934148788452148e-01
-7.153658866882324219e-01
9.151232838630676270e-01
-1.740723103284835815e-01
6.448050141334533691e-01
-8.295552730560302734e-01
9.840513467788696289e-01
8.339514732360839844e-01
-9.489268660545349121e-01
9.735094308853149414e-01
-1.128236800432205200e-01
4.751521050930023193e-01
-7.152329683303833008e-01
9.959581494331359863e-01
6.888940334320068359e-01
-8.637220859527587891e-01
9.644892811775207520e-01
1.296330839395523071e-01
6.436826586723327637e-01
-8.247841596603393555e-01
9.118721485137939453e-01
1.008040234446525574e-01
6.089676618576049805e-01
-6.298082470893859863e-01
9.757471680641174316e-01
-4.210953116416931152e-01
8.826972246170043945e-01
-3.801754117012023926e-01
8.247373104095458984e-01
-7.431442737579345703e-01
9.907998442649841309e-01
4.521048367023468018e-01
-6.259433627128601074e-01
8.794449567794799805e-01
4.603084176778793335e-02
5.995700955390930176e-01
-8.732658028602600098e-01
9.856153726577758789e-01
1.010375246405601501e-01
5.305688977241516113e-01
-8.088387250900268555e-01
9.925277829170227051e-01
4.087746888399124146e-02
6.725086569786071777e-01
-3.221423625946044922e-01
9.312137961387634277e-01
-7.747899293899536133e-01
9.878602027893066406e-01
7.758813500404357910e-01
-9.550449848175048828e-01
9.007954597473144531e-01
-8.282116651535034180e-01
9.872235059738159180e-01
5.166454911231994629e-01
-2.794880270957946777e-01
8.100196123123168945e-01
-4.882144629955291748e-01
7.314246892929077148e-01
-7.656874656677246094e-01
9.926878213882446289e-01
8.978385925292968750e-01
-6.895275115966796875e-01
9.157347083091735840e-01
-7.264907360076904297e-01
9.273155927658081055e-01
-5.514418482780456543e-01
9.930391907691955566e-01
2.026994079351425171e-01
-7.942523360252380371e-01
9.935389757156372070e-01
2.772329747676849365e-01
4.234873130917549133e-02
6.569147706031799316e-01
-3.949903249740600586e-01
9.603750705718994141e-01
-6.107147932052612305e-01
9.771058559417724609e-01
-8.061779737472534180e-01
9.776344895362854004e-01
6.318482756614685059e-01
-7.087346315383911133e-01
9.327828884124755859e-01
-2.610651552677154541e-01
9.743161797523498535e-01
-8.263128399848937988e-01
9.793691635131835938e-01
-6.452051550149917603e-02
3.972059786319732666e-01
-6.137681603431701660e-01
9.931549429893493652e-01
1.357418000698089600e-01
1.753974556922912598e-01
5.596774220466613770e-01
-8.108634948730468750e-01
9.869027733802795410e-01
7.608372569084167480e-01
-7.731916308403015137e-01
9.819873571395874023e-01
-7.649717926979064941e-01
9.913343787193298340e-01
2.632744908332824707e-01
2.826402485370635986e-01
-4.609962403774261475e-01
9.732141494750976562e-01
-5.112783312797546387e-01
9.082113504409790039e-01
-5.193407535552978516e-01
9.545714259147644043e-01
-7.329584956169128418e-01
9.595197439193725586e-01
-2.487515211105346680e-01
9.774204492568969727e-01
-6.246818304061889648e-01
9.682583212852478027e-01
-3.718754351139068604e-01
9.070348143577575684e-01
-7.214357256889343262e-01
9.689372777938842773e-01
4.885882884263992310e-02
1.778185814619064331e-01
8.008353114128112793e-01
-9.495271444320678711e-01
9.747362136840820312e-01
-2.225325815379619598e-02
7.873858809471130371e-01
-8.363977074623107910e-01
9.603503346443176270e-01
2.930043935775756836e-01
-4.447124600410461426e-01
9.378064870834350586e-01
-5.092002749443054199e-01
9.264242649078369141e-01
-2.202431410551071167e-01
7.534417510032653809e-01
-7.093620896339416504e-01
9.174352884292602539e-01
3.813428878784179688e-01
-6.677095890045166016e-01
9.935917854309082031e-01
4.606391489505767822e-01
-9.142640829086303711e-01
9.861664175987243652e-01
5.472511649131774902e-01
-6.761977672576904297e-01
9.269713163375854492e-01
-7.859799265861511230e-01
9.882352948188781738e-01
4.979676902294158936e-01
-1.817076504230499268e-01
9.049862623214721680e-01
-7.896459698677062988e-01
9.826782345771789551e-01
-3.289590775966644287e-01
9.368875622749328613e-01
-8.199657201766967773e-01
9.846025705337524414e-01
3.529030680656433105e-01
-5.256026983261108398e-01
9.446095228195190430e-01
-6.685205698013305664e-01
9.874149560928344727e-01
2.792780995368957520e-01
-6.183747053146362305e-01
9.874530434608459473e-01
2.596657872200012207e-01
-4.497503340244293213e-01
9.299558997154235840e-01
-3.466032743453979492e-01
9.085691571235656738e-01
-6.993268728256225586e-01
9.659962654113769531e-01
2.435597628355026245e-01
-5.389132499694824219e-01
9.875230193138122559e-01
-4.933952093124389648e-01
9.376482367515563965e-01
-2.815820872783660889e-01
9.267172813415527344e-01
-6.421258449554443359e-01
9.703944921493530273e-01
-2.078085020184516907e-02
-2.849681973457336426e-01
9.335209131240844727e-01
-4.578205943107604980e-01
7.284342646598815918e-01
-1.398975849151611328e-01
8.429549932479858398e-01
-7.243989109992980957e-01
9.680870771408081055e-01
-2.695402801036834717e-01
8.963831067085266113e-01
-7.577469348907470703e-01
8.998970985412597656e-01
-3.079568501561880112e-03
5.964854359626770020e-01
-6.419302225112915039e-01
9.625819921493530273e-01
-3.667657673358917236e-01
9.530483484268188477e-01
-7.683948278427124023e-01
9.827095866203308105e-01
4.281228482723236084e-01
-5.431829094886779785e-01
9.804978966712951660e-01
-3.485061526298522949e-01
9.731250405311584473e-01
-8.362730741500854492e-01
9.833290576934814453e-01
-2.319871634244918823e-01
8.902390003204345703e-01
-8.748126626014709473e-01
9.531837701797485352e-01
7.485736906528472900e-02
6.874479055404663086e-01
-6.910319328308105469e-01
9.774104952812194824e-01
1.241057068109512329e-01
-3.335970221087336540e-03
5.965324044227600098e-01
-6.362190842628479004e-01
9.755648970603942871e-01
3.053520023822784424e-01
-6.936976909637451172e-01
9.828603267669677734e-01
-3.028997182846069336e-01
9.813016653060913086e-01
-6.316655874252319336e-01
9.340521097183227539e-01
-1.616411209106445312e-01
7.847096323966979980e-01
-9.710060358047485352e-01
9.502822756767272949e-01
7.383792102336883545e-02
7.175400257110595703e-01
-7.453525662422180176e-01
9.863277077674865723e-01
6.440561413764953613e-01
-9.005436301231384277e-01
9.844239950180053711e-01
4.531480669975280762e-01
-9.771921038627624512e-01
9.772287607192993164e-01
2.367740422487258911e-01
1.099660992622375488e-01
4.619133174419403076e-01
-3.545864522457122803e-01
9.792780280113220215e-01
-5.943486094474792480e-01
9.889065027236938477e-01
-3.036214113235473633e-01
9.361860752105712891e-01
-7.339895963668823242e-01
9.131926894187927246e-01
-5.799460411071777344e-01
9.690825939178466797e-01
-4.680781960487365723e-01
9.623395800590515137e-01
-3.864971101284027100e-01
9.699625372886657715e-01
-8.107970952987670898e-01
9.821674823760986328e-01
5.921403169631958008e-01
-9.079064726829528809e-01
9.636982083320617676e-01
4.448667466640472412e-01
-8.850408196449279785e-01
9.589079618453979492e-01
6.972628831863403320e-01
-6.813116669654846191e-01
9.078584313392639160e-01
-1.011677086353302002e-01
-1.353613287210464478e-02
9.561537504196166992e-01
-8.096059560775756836e-01
9.649864435195922852e-01
9.146871417760848999e-02
-1.517441421747207642e-01
8.678422570228576660e-01
-4.538303911685943604e-01
9.201323390007019043e-01
-8.444456458091735840e-01
9.813685417175292969e-01
5.016480684280395508e-01
-8.357189893722534180e-01
9.775294065475463867e-01
6.191278100013732910e-01
-7.523167133331298828e-01
9.623366594314575195e-01
5.125246569514274597e-02
3.248638510704040527e-01
-4.387822747230529785e-01
8.456447124481201172e-01
2.750840485095977783e-01
-5.316048860549926758e-01
9.940057396888732910e-01
2.180403470993041992e-02
1.936785727739334106e-01
5.822963267564773560e-02
9.271184802055358887e-01
-8.535782694816589355e-01
9.607354998588562012e-01
-2.082151025533676147e-01
9.186038374900817871e-01
-7.981948256492614746e-01
9.623505473136901855e-01
-1.828180104494094849e-01
9.699398875236511230e-01
-8.973556756973266602e-01
9.674277305603027344e-01
-7.043778896331787109e-05
1.411410123109817505e-01
3.201909959316253662e-01
3.122476339340209961e-01
-1.843921244144439697e-01
9.337452650070190430e-01
-7.632408738136291504e-01
9.171192646026611328e-01
5.590375661849975586e-01
-9.166175723075866699e-01
9.802488684654235840e-01
-2.293463349342346191e-01
9.414627552032470703e-01
-2.770642936229705811e-01
8.402657508850097656e-01
-9.289146065711975098e-01
9.701419472694396973e-01
1.856075525283813477e-01
1.394002288579940796e-01
5.714244246482849121e-01
-7.600363492965698242e-01
9.863916039466857910e-01
1.889224797487258911e-01
1.039138585329055786e-01
2.481269389390945435e-01
-1.512030214071273804e-01
9.369837045669555664e-01
-3.020201623439788818e-01
8.781344890594482422e-01
-7.648419141769409180e-01
9.623743295669555664e-01
-2.809269428253173828e-01
8.638962507247924805e-01
-8.187617659568786621e-01
9.691461920738220215e-01
-9.680852293968200684e-02
8.413900136947631836e-01
-5.671690106391906738e-01
9.554488062858581543e-01
-6.462966799736022949e-01
9.776296615600585938e-01
2.187969386577606201e-01
-7.023925185203552246e-01
9.832715392112731934e-01
6.140871644020080566e-01
-8.898258805274963379e-01
9.509090185165405273e-01
-3.889249861240386963e-01
9.769836068153381348e-01
4.764035046100616455e-01
-9.503841400146484375e-01
9.730964899063110352e-01
1.107527315616607666e-01
4.319273531436920166e-01
8.424064517021179199e-02
-1.511949300765991211e-01
8.305371999740600586e-01
-7.924904227256774902e-01
9.842829704284667969e-01
3.792968094348907471e-01
-4.866992235183715820e-01
9.874817728996276855e-01
-7.138652801513671875e-01
9.903852343559265137e-01
-1.405791640281677246e-01
9.531679153442382812e-01
-6.721161007881164551e-01
9.053682088851928711e-01
5.328950881958007812e-01
-9.366347193717956543e-01
9.045313596725463867e-01
-1.945793814957141876e-02
6.113086938858032227e-01
-8.539775013923645020e-01
9.281855225563049316e-01
1.798186153173446655e-01
7.793681025505065918e-01
-8.785158395767211914e-01
9.931513071060180664e-01
-1.599696725606918335e-01
8.626925945281982422e-01
-4.936707615852355957e-01
9.573752284049987793e-01
-5.631037354469299316e-01
9.832056760787963867e-01
-7.581021785736083984e-01
9.598340392112731934e-01
9.005338698625564575e-02
-2.805579006671905518e-01
9.153196811676025391e-01
-5.735203623771667480e-01
9.565050601959228516e-01
4.077672958374023438e-01
-9.252812862396240234e-01
9.816765189170837402e-01
6.267719864845275879e-01
-3.951809704303741455e-01
9.353778958320617676e-01
-7.621258497238159180e-01
9.721734523773193359e-01
-3.309814035892486572e-01
8.220127224922180176e-01
-6.159275770187377930e-01
9.794014692306518555e-01
-1.086201295256614685e-01
5.041660666465759277e-01
-7.747218608856201172e-01
9.910256266593933105e-01
2.900575697422027588e-01
-6.262385845184326172e-02
7.489240765571594238e-01
-1.556107401847839355e-01
6.663880348205566406e-01
-8.977315425872802734e-01
9.843966960906982422e-01
5.005251169204711914e-01
