-3.434588909149169922e-01
2.792688310146331787e-01
-2.454435825347900391e-01
3.244541883468627930e-01
-2.566013038158416748e-01
5.202603340148925781e-01
-3.564359843730926514e-01
3.764860033988952637e-01
1.874116659164428711e-01
1.517963707447052002e-01
1.563249677419662476e-01
6.144354939460754395e-01
1.054599210619926453e-01
-4.518356919288635254e-01
-2.591665983200073242e-01
-1.636442542076110840e-02
1.047149971127510071e-01
4.119676351547241211e-01
9.260317683219909668e-01
2.612784504890441895e-01
2.377032041549682617e-01
2.477207928895950317e-01
2.641794681549072266e-01
1.174858659505844116e-01
5.340986847877502441e-01
6.629738211631774902e-01
-1.225858554244041443e-01
4.170404374599456787e-01
6.374340057373046875e-01
-2.249369919300079346e-01
-4.135389626026153564e-01
1.796682178974151611e-01
4.909761846065521240e-01
6.638774275779724121e-01
7.789230905473232269e-03
5.982436537742614746e-01
3.921070322394371033e-02
-2.064047604799270630e-01
3.832697123289108276e-02
2.727303206920623779e-01
5.870569348335266113e-01
4.222261905670166016e-01
-3.907875418663024902e-01
-2.956175431609153748e-02
4.845763444900512695e-01
-1.299144327640533447e-01
5.057992339134216309e-01
6.874952316284179688e-01
4.744040369987487793e-01
2.778276503086090088e-01
-3.737206757068634033e-01
-4.952256083488464355e-01
-5.148896574974060059e-01
-5.511190295219421387e-01
-3.177409172058105469e-01
-8.587990999221801758e-01
-6.399145722389221191e-01
-7.317366600036621094e-01
-6.051443815231323242e-01
-8.107921481132507324e-01
-4.562765657901763916e-01
-6.964538693428039551e-01
-7.013440728187561035e-01
-8.023384809494018555e-01
-9.078987240791320801e-01
-9.182127118110656738e-01
-6.989299058914184570e-01
-9.237533211708068848e-01
-3.647271990776062012e-01
-4.467493593692779541e-01
-6.144179105758666992e-01
-3.995991945266723633e-01
-4.576458409428596497e-02
-6.411795616149902344e-01
-6.972865462303161621e-01
-5.424252748489379883e-01
-8.106944561004638672e-01
-7.076658606529235840e-01
-7.443515658378601074e-01
-4.245195090770721436e-01
3.062183856964111328e-01
-7.082008719444274902e-01
1.695187985897064209e-01
-1.554159224033355713e-01
-8.011451363563537598e-01
-7.461200952529907227e-01
-9.333301782608032227e-01
-8.014813065528869629e-01
-7.885515093803405762e-01
-7.104704976081848145e-01
-4.948363900184631348e-01
-3.420273959636688232e-01
-6.457173228263854980e-01
-1.734034717082977295e-01
-6.139917969703674316e-01
2.410855889320373535e-01
8.269994705915451050e-02
-5.357071161270141602e-01
-5.003180503845214844e-01
-5.480759143829345703e-01
3.373754769563674927e-02
1.764805614948272705e-02
-6.822156906127929688e-01
-8.698762208223342896e-02
-6.974590420722961426e-01
-8.438543677330017090e-01
-4.797823131084442139e-01
1.915259361267089844e-01
-6.543898582458496094e-01
-9.312530159950256348e-01
-6.540487408638000488e-01
-8.451690077781677246e-01
-4.781516194343566895e-01
-6.632583737373352051e-01
-8.817713260650634766e-01
-6.472791433334350586e-01
-4.389986693859100342e-01
-8.431814312934875488e-01
-6.307923793792724609e-01
-3.911865949630737305e-01
-4.155252873897552490e-01
-6.161169409751892090e-01
-5.557349920272827148e-01
-1.541997790336608887e-01
-2.056140750646591187e-01
-6.320073604583740234e-01
-6.975143551826477051e-01
-7.350879311561584473e-01
-6.403125524520874023e-01
-7.387338876724243164e-01
-9.084098339080810547e-01
-6.729554533958435059e-01
-8.642183542251586914e-01
-8.054408431053161621e-01
-8.022980690002441406e-01
-6.436945796012878418e-01
-3.110674321651458740e-01
-4.295462071895599365e-01
-6.564739942550659180e-01
-5.750014185905456543e-01
-8.314179778099060059e-01
-2.811372876167297363e-01
7.593849301338195801e-02
-7.229402065277099609e-01
-6.081621050834655762e-01
-9.207118153572082520e-01
-7.188271880149841309e-01
-6.114315390586853027e-01
-8.287599086761474609e-01
-7.576618194580078125e-01
-8.756282925605773926e-01
-5.051525831222534180e-01
-2.791234254837036133e-01
-9.453160166740417480e-01
-4.054616391658782959e-01
-7.023641467094421387e-01
-9.080463051795959473e-01
7.042028009891510010e-02
7.090078294277191162e-02
-9.577952027320861816e-01
-8.858360052108764648e-01
-9.125835299491882324e-01
6.287501007318496704e-02
-3.829565048217773438e-01
-5.508877635002136230e-01
-5.337530970573425293e-01
-7.480581402778625488e-01
-5.080512166023254395e-01
-8.326200246810913086e-01
-8.826296925544738770e-01
-8.470024466514587402e-01
-2.052488774061203003e-01
-1.047073304653167725e-01
-6.531212925910949707e-01
-7.562613487243652344e-01
-8.587833046913146973e-01
-7.605586051940917969e-01
-8.502395153045654297e-01
-3.184850811958312988e-01
-5.643004775047302246e-01
-1.260262876749038696e-01
-7.871350049972534180e-01
-7.848995327949523926e-01
-4.790481328964233398e-01
-6.920421868562698364e-02
-5.753597021102905273e-01
-7.987133860588073730e-01
3.629507869482040405e-02
-6.004955768585205078e-01
-7.207640409469604492e-01
-9.043366312980651855e-01
-8.675572276115417480e-01
-6.524507403373718262e-01
-7.951609492301940918e-01
-9.344548583030700684e-01
-9.095988273620605469e-01
-8.167012333869934082e-01
-9.022258520126342773e-01
-6.878182888031005859e-01
-2.870182506740093231e-02
-3.659029304981231689e-01
-7.564092278480529785e-01
-8.456497788429260254e-01
-4.355058372020721436e-01
-8.619539737701416016e-01
-8.064405918121337891e-01
-9.110816121101379395e-01
-1.910085976123809814e-01
-9.268001914024353027e-01
-9.382816553115844727e-01
2.171840965747833252e-01
-6.648686528205871582e-01
-5.462841987609863281e-01
-3.890463113784790039e-01
-6.831708550453186035e-01
-4.938436150550842285e-01
-6.429799199104309082e-01
-7.732073664665222168e-01
-4.894800186157226562e-01
-9.530317187309265137e-01
-5.115581676363945007e-02
-4.306703507900238037e-01
-8.255745768547058105e-01
-4.228310286998748779e-01
-4.434669911861419678e-01
-8.686639070510864258e-01
-5.369876027107238770e-01
-4.148826599121093750e-01
-6.475234031677246094e-01
-4.770548641681671143e-01
-6.501941680908203125e-01
-6.508900523185729980e-01
-2.843215465545654297e-01
-7.446697950363159180e-01
-7.771675586700439453e-01
-4.134028255939483643e-01
-6.268408298492431641e-01
-7.121281623840332031e-01
-8.492402434349060059e-01
-7.125300168991088867e-01
-8.704697489738464355e-01
-5.239001512527465820e-01
-4.255315661430358887e-01
-2.528740465641021729e-01
-6.953563094139099121e-01
-3.213011622428894043e-01
-6.147987842559814453e-01
-6.542823910713195801e-01
-7.406309843063354492e-01
-5.774227380752563477e-01
-7.840927839279174805e-01
-8.070657253265380859e-01
-8.025355339050292969e-01
-9.128346443176269531e-01
-2.351458417251706123e-03
-5.551322102546691895e-01
-8.049737811088562012e-01
-7.287812829017639160e-01
-1.739708334207534790e-01
-7.135179638862609863e-01
-7.090144157409667969e-01
-6.303096413612365723e-01
-3.539014458656311035e-01
-7.769604325294494629e-01
-2.575650811195373535e-01
-7.967348098754882812e-01
-9.643508195877075195e-01
-7.663806676864624023e-01
-4.797019660472869873e-01
-4.733615517616271973e-01
-2.899446487426757812e-01
-4.215426743030548096e-01
-7.665299773216247559e-01
1.381762325763702393e-02
-7.897206544876098633e-01
-6.174311041831970215e-01
-8.184416890144348145e-01
-8.034255504608154297e-01
-7.945116758346557617e-01
-6.892242431640625000e-01
-8.809264302253723145e-01
-7.955552935600280762e-01
-6.557877063751220703e-01
-8.285647630691528320e-01
-1.810691803693771362e-01
-8.226322531700134277e-01
-8.341348767280578613e-01
-5.637549757957458496e-01
-6.151274442672729492e-01
-3.281386196613311768e-01
-5.022022724151611328e-01
-4.946446120738983154e-01
-5.213493704795837402e-01
-8.907669782638549805e-01
-8.919422030448913574e-01
-6.350858807563781738e-01
-7.419821023941040039e-01
-5.778716206550598145e-01
-7.146453857421875000e-01
-8.168454766273498535e-01
2.864101715385913849e-02
-3.272383660078048706e-02
-5.172155499458312988e-01
-5.941715836524963379e-01
-7.131745219230651855e-01
-5.468525290489196777e-01
-8.632160425186157227e-01
-5.325927734375000000e-01
-1.203467100858688354e-01
-6.444523930549621582e-01
-6.482014656066894531e-01
-7.444968223571777344e-01
-6.409949064254760742e-01
-8.529951572418212891e-01
-5.911243557929992676e-01
-8.688305616378784180e-01
-4.608173370361328125e-01
-8.913130760192871094e-01
-5.704892277717590332e-01
-2.399230301380157471e-01
-7.432943582534790039e-01
-9.168061614036560059e-01
-5.885531306266784668e-01
-2.674063444137573242e-01
-8.384391069412231445e-01
-6.201072335243225098e-01
-7.221007943153381348e-01
-7.964445352554321289e-01
-4.430318474769592285e-01
-7.795014381408691406e-01
-7.584269642829895020e-01
-7.298736572265625000e-01
-4.799732863903045654e-01
-8.311622142791748047e-01
-8.578097820281982422e-01
-5.672039985656738281e-01
-6.017826199531555176e-01
-6.519066095352172852e-01
-2.085513919591903687e-01
-7.374568581581115723e-01
-4.529201388359069824e-01
-7.670515179634094238e-01
-7.823384404182434082e-01
-8.337089419364929199e-01
-1.384818553924560547e-01
-5.176373124122619629e-01
-8.333328366279602051e-01
-9.223632216453552246e-01
-8.566368222236633301e-01
-8.005013465881347656e-01
-7.738168239593505859e-01
-7.248935103416442871e-01
-8.452067375183105469e-01
-7.297325730323791504e-01
-8.107591867446899414e-01
-5.250120162963867188e-01
-7.115846276283264160e-01
-2.375933229923248291e-01
-3.118267953395843506e-01
-4.182160198688507080e-01
-4.065454602241516113e-01
-6.667585372924804688e-01
-8.476704359054565430e-01
-7.134436964988708496e-01
-3.009039461612701416e-01
-3.708729743957519531e-01
-3.055155277252197266e-01
-3.035940527915954590e-01
-7.265228629112243652e-01
-4.812246561050415039e-01
-7.124439477920532227e-01
-4.249082505702972412e-01
-8.457769751548767090e-01
-3.527612984180450439e-01
-5.465498566627502441e-01
-6.849486231803894043e-01
-8.752770423889160156e-01
-7.545015811920166016e-01
3.823186457157135010e-01
-7.606179118156433105e-01
-3.306105136871337891e-01
-7.383283376693725586e-01
-3.384869694709777832e-01
-4.478449225425720215e-01
-7.631403803825378418e-01
-7.676140069961547852e-01
-6.897850036621093750e-01
-3.498478978872299194e-02
-3.003934919834136963e-01
-7.579284310340881348e-01
-7.712827920913696289e-01
-7.194115519523620605e-01
-3.228474259376525879e-01
-6.934621930122375488e-01
3.665997087955474854e-02
-2.567421793937683105e-01
-3.665595054626464844e-01
-8.673069532960653305e-04
-7.055434584617614746e-01
-6.361054182052612305e-01
-6.095879077911376953e-01
-7.727276086807250977e-01
-7.335195541381835938e-01
-8.037936687469482422e-01
-1.134708374738693237e-01
-1.950943917036056519e-01
-4.608100354671478271e-01
-5.592545866966247559e-01
-4.194059371948242188e-01
-6.599183678627014160e-01
-5.092878937721252441e-01
-3.476231098175048828e-01
-8.186224102973937988e-01
-7.925408482551574707e-01
-8.381956219673156738e-01
-4.547913968563079834e-01
-6.264848709106445312e-01
-2.611618638038635254e-01
1.181397363543510437e-01
-3.532744944095611572e-01
-8.981087207794189453e-01
-8.031678795814514160e-01
-9.092394113540649414e-01
-2.487975955009460449e-01
-4.910666942596435547e-01
-4.624927043914794922e-01
-5.716217756271362305e-01
-8.608937263488769531e-01
-7.892904281616210938e-01
-5.396092534065246582e-01
-7.892991304397583008e-01
-1.559098958969116211e-01
-4.377271234989166260e-01
-5.378177762031555176e-01
-4.885987639427185059e-01
-7.664380669593811035e-01
-8.821706771850585938e-01
-5.443164706230163574e-01
-5.695601105690002441e-01
-3.836832344532012939e-01
-2.643106281757354736e-01
-7.197792530059814453e-01
-8.571023344993591309e-01
-3.364523649215698242e-01
-6.356495022773742676e-01
-8.417463302612304688e-01
-4.318880438804626465e-01
-5.073785185813903809e-01
-8.877150416374206543e-01
1.368357241153717041e-01
-1.472441554069519043e-01
-5.538731813430786133e-01
-8.008312582969665527e-01
-8.657092452049255371e-01
-1.548102796077728271e-01
-4.453051388263702393e-01
2.621597945690155029e-01
-2.595979273319244385e-01
-2.317213118076324463e-01
-8.336210846900939941e-01
-8.809435367584228516e-01
-6.232653260231018066e-01
-9.564950466156005859e-01
-5.257952213287353516e-01
-7.167848944664001465e-01
-5.192037224769592285e-01
-6.349169015884399414e-01
-9.592190384864807129e-01
-2.663046121597290039e-01
-8.927399516105651855e-01
-4.684685468673706055e-01
-3.956033885478973389e-01
-5.743647813796997070e-01
-1.918492615222930908e-01
-3.297547698020935059e-01
-6.754232645034790039e-01
-7.580997347831726074e-01
-5.887293219566345215e-01
-6.754581332206726074e-01
-6.211788654327392578e-01
-8.834925293922424316e-01
-5.623163580894470215e-01
-4.389589428901672363e-01
-8.004489541053771973e-01
-3.695248365402221680e-01
-6.912911534309387207e-01
-6.803540587425231934e-01
-9.062576293945312500e-01
-8.249534368515014648e-01
1.168616414070129395e-01
-4.116058051586151123e-01
-8.869816064834594727e-01
-7.866610288619995117e-01
-6.363165378570556641e-01
-5.712566375732421875e-01
-8.385017514228820801e-01
-4.507522284984588623e-01
-7.866069078445434570e-01
-8.113828301429748535e-01
-6.158443093299865723e-01
-7.451931834220886230e-01
-5.329875946044921875e-01
-6.909158229827880859e-01
-4.344129562377929688e-01
-8.784164190292358398e-01
-4.261149764060974121e-01
-2.505453228950500488e-01
-9.130891561508178711e-01
-5.661447048187255859e-01
-7.296675443649291992e-01
-6.420310735702514648e-01
-6.137456297874450684e-01
-5.843407511711120605e-01
-8.617385625839233398e-01
-5.634516477584838867e-01
-9.326519966125488281e-01
-7.059700489044189453e-01
-8.856460452079772949e-01
-7.855823040008544922e-01
-8.500393629074096680e-01
-5.457242727279663086e-01
-2.755957245826721191e-01
-8.123177886009216309e-01
-4.543128013610839844e-01
-3.053373396396636963e-01
-5.201495289802551270e-01
-5.786931514739990234e-01
-9.151740074157714844e-01
-7.095792889595031738e-01
-7.678423523902893066e-01
-8.898225426673889160e-01
-7.831350564956665039e-01
-8.948620557785034180e-01
-5.636363625526428223e-01
-2.657350003719329834e-01
-8.578009605407714844e-01
-8.055375218391418457e-01
-7.649039030075073242e-01
-9.424400329589843750e-01
-9.022843837738037109e-01
-3.346516489982604980e-01
-8.785834312438964844e-01
-8.700262308120727539e-01
3.453954309225082397e-02
-3.366764783859252930e-01
-2.567978501319885254e-01
-6.476961970329284668e-01
-1.848553717136383057e-01
-7.408384680747985840e-01
-6.027759909629821777e-01
-6.120686531066894531e-01
-8.277454376220703125e-01
-4.003896415233612061e-01
-8.376139998435974121e-01
-7.130976915359497070e-01
-1.531419754028320312e-01
-3.479400575160980225e-01
-7.097230553627014160e-01
-3.458062112331390381e-01
-7.608163952827453613e-01
-7.420946359634399414e-01
-5.404713153839111328e-01
8.065097033977508545e-02
-4.411711692810058594e-01
-8.957164287567138672e-01
-2.845241129398345947e-01
-4.358333349227905273e-01
-8.435568809509277344e-01
2.291523665189743042e-01
-8.236032724380493164e-01
-4.908476471900939941e-01
-5.823379158973693848e-01
-8.374029397964477539e-01
-5.854728817939758301e-01
-1.607738435268402100e-02
-8.525979518890380859e-01
-2.514163553714752197e-01
-7.418457269668579102e-01
-8.420583605766296387e-01
-2.166602760553359985e-01
-6.878098249435424805e-01
-3.564157783985137939e-01
-5.707763433456420898e-01
-7.967414259910583496e-01
-7.090551853179931641e-01
-6.845836043357849121e-01
-2.904779314994812012e-01
-6.128929853439331055e-01
-7.535893917083740234e-01
-5.594577789306640625e-01
-9.130866527557373047e-01
-8.185906410217285156e-01
-5.949054956436157227e-01
-4.911240041255950928e-01
-7.950409054756164551e-01
-5.388212800025939941e-01
-4.272136092185974121e-02
-7.217894792556762695e-01
-6.750304102897644043e-01
-4.005872309207916260e-01
-8.598288893699645996e-01
-8.753591179847717285e-01
-6.959726810455322266e-01
-7.754728794097900391e-01
-8.508334159851074219e-01
-8.854435086250305176e-01
-5.156001448631286621e-01
-7.806720137596130371e-01
-3.214737474918365479e-01
-3.945395946502685547e-01
-6.668000817298889160e-01
-8.400508761405944824e-01
-7.067030072212219238e-01
-5.655316114425659180e-01
9.015322476625442505e-02
-1.667734235525131226e-01
1.091567203402519226e-01
-2.187644392251968384e-01
1.536766905337572098e-02
-1.006127744913101196e-01
-9.477061629295349121e-01
-4.186743497848510742e-01
-8.994826078414916992e-01
-4.002704918384552002e-01
-2.986832261085510254e-01
-4.662478566169738770e-01
-6.965495944023132324e-01
3.699795007705688477e-01
-3.264827728271484375e-01
-3.850104212760925293e-01
-1.866065114736557007e-01
-9.328101873397827148e-01
-2.115914225578308105e-01
-4.724065363407135010e-01
-7.795823216438293457e-01
-4.943534135818481445e-01
-4.483615756034851074e-01
-7.182674407958984375e-01
-8.321566581726074219e-01
5.237590987235307693e-03
-7.652271986007690430e-01
-1.711309254169464111e-01
-1.579694002866744995e-01
-9.306326508522033691e-02
-1.076704561710357666e-01
-4.023224711418151855e-01
-7.553578019142150879e-01
-8.758963942527770996e-01
-3.837318718433380127e-01
-5.905518531799316406e-01
2.524691633880138397e-02
-5.787956118583679199e-01
-2.008506953716278076e-01
4.263107180595397949e-01
2.807951867580413818e-01
-8.965656906366348267e-02
-4.072778299450874329e-02
-1.239631250500679016e-01
-6.236293315887451172e-01
-7.364577651023864746e-01
1.775209307670593262e-01
-4.225335642695426941e-02
-3.347749412059783936e-01
-7.105242460966110229e-02
-3.750151693820953369e-01
-7.211001515388488770e-01
2.340033948421478271e-01
-5.592798590660095215e-01
-5.607789158821105957e-01
-6.580814123153686523e-01
-4.187447428703308105e-01
-4.504415094852447510e-01
-6.792501211166381836e-01
-6.235842704772949219e-01
-7.744865417480468750e-01
-9.316696524620056152e-01
-4.365767836570739746e-01
-7.523120045661926270e-01
-8.913698792457580566e-01
-5.034128427505493164e-01
-3.550855815410614014e-01
-8.421875238418579102e-01
7.668578624725341797e-01
4.593395590782165527e-01
1.610202789306640625e-01
-2.703221142292022705e-01
-7.083981633186340332e-01
-6.560875773429870605e-01
-6.714993119239807129e-01
-4.973585307598114014e-01
2.218177318572998047e-01
-7.375348806381225586e-01
-7.378991246223449707e-01
-5.660188794136047363e-01
-6.153916120529174805e-01
2.583199879154562950e-03
4.619651660323143005e-02
-4.922316968441009521e-01
-8.267394900321960449e-01
-1.005107015371322632e-01
-3.912868499755859375e-01
-6.505869030952453613e-01
-1.947993636131286621e-01
-1.502258330583572388e-01
-9.244101643562316895e-01
-1.201606094837188721e-01
-1.593546271324157715e-01
-5.800124406814575195e-01
-4.582306146621704102e-01
4.389235675334930420e-01
-2.757144868373870850e-01
-4.668005406856536865e-01
-3.211151063442230225e-01
-7.875527739524841309e-01
-1.772524267435073853e-01
-8.794556856155395508e-01
-2.102448791265487671e-01
-6.386518478393554688e-01
-5.844727754592895508e-01
-5.908172726631164551e-01
-3.693533539772033691e-01
7.349430024623870850e-02
-4.369253516197204590e-01
-4.762369692325592041e-01
-1.026527956128120422e-01
-3.017020821571350098e-01
-3.230172395706176758e-01
-5.861576795578002930e-01
-1.743552088737487793e-01
1.639375537633895874e-01
-2.705338299274444580e-01
4.540422856807708740e-01
-5.399968624114990234e-01
-6.623933911323547363e-01
-7.827597260475158691e-01
-4.901580214500427246e-01
-4.899482131004333496e-01
-1.227872967720031738e-01
-1.670770943164825439e-01
6.739796996116638184e-01
-6.009225919842720032e-02
-3.751375675201416016e-01
-4.973942637443542480e-01
-5.474287867546081543e-01
-5.372444987297058105e-01
-8.145374059677124023e-01
-3.866344988346099854e-01
4.083945155143737793e-01
-7.721105217933654785e-01
3.962469696998596191e-01
-2.587693929672241211e-01
-3.228130936622619629e-01
1.307814717292785645e-01
1.571824997663497925e-01
-7.742987275123596191e-01
-6.677735447883605957e-01
-4.901380240917205811e-01
1.973542571067810059e-02
5.739023163914680481e-02
8.848962932825088501e-02
-4.288415014743804932e-01
-2.465825378894805908e-01
4.815126955509185791e-01
-4.815047681331634521e-01
8.951275609433650970e-03
-5.089807510375976562e-01
-4.321914315223693848e-01
-2.890751659870147705e-01
-8.598558306694030762e-01
-6.035895943641662598e-01
-6.952025890350341797e-01
-2.864845693111419678e-01
-5.012509822845458984e-01
-1.209511980414390564e-01
-6.744246184825897217e-02
-2.620912492275238037e-01
-7.971975207328796387e-01
-5.086539983749389648e-01
-2.934890091419219971e-01
-2.367461621761322021e-01
-6.128866076469421387e-01
-6.243565678596496582e-01
1.582380235195159912e-01
-8.435028046369552612e-02
-1.107173338532447815e-01
-7.095862030982971191e-01
-7.324202060699462891e-01
-9.676479548215866089e-02
-1.322850864380598068e-02
-7.494419217109680176e-01
-1.286119874566793442e-02
-8.742911219596862793e-01
-2.996985912322998047e-01
-5.878913402557373047e-01
-6.441279053688049316e-01
-8.481115102767944336e-01
1.740020513534545898e-01
3.294676840305328369e-01
-5.299865007400512695e-01
-4.987477064132690430e-01
-2.855786681175231934e-01
-8.547446727752685547e-01
-8.674250245094299316e-01
-8.592204749584197998e-02
-4.837067425251007080e-01
-8.403767347335815430e-01
-7.606703042984008789e-01
-7.390580773353576660e-01
-4.025858342647552490e-01
-8.750776946544647217e-02
1.862182170152664185e-01
2.607213854789733887e-01
-6.169074773788452148e-01
-6.649495363235473633e-01
-9.147736430168151855e-01
-8.845900893211364746e-01
-6.169131398200988770e-01
-6.970433592796325684e-01
-4.046605825424194336e-01
-8.884229063987731934e-01
-3.077977597713470459e-01
-8.022211194038391113e-01
-4.099095165729522705e-01
-3.830524384975433350e-01
-4.451552331447601318e-01
-5.743932127952575684e-01
-8.259766101837158203e-01
-5.553147792816162109e-01
-6.324925422668457031e-01
-1.060905307531356812e-01
-7.488925457000732422e-01
-9.539346098899841309e-01
-5.669391751289367676e-01
-5.928636789321899414e-01
-3.824541270732879639e-01
-6.950864791870117188e-01
-6.276006102561950684e-01
-3.959832489490509033e-01
-5.825818777084350586e-01
-3.031982183456420898e-01
-6.424567699432373047e-01
-5.916184782981872559e-01
-9.141613841056823730e-01
-6.167628765106201172e-01
-4.161848425865173340e-01
-3.579106926918029785e-01
-7.298619151115417480e-01
-8.995911478996276855e-01
-3.236191272735595703e-01
3.670901656150817871e-01
-7.003579139709472656e-01
-2.380009591579437256e-01
-3.391117453575134277e-01
-5.016463808715343475e-03
-7.767639160156250000e-01
-8.091648221015930176e-01
-5.419489145278930664e-01
-2.373259365558624268e-01
-3.442945182323455811e-01
-8.666279315948486328e-01
-3.230224847793579102e-01
-8.065008521080017090e-01
-9.409404993057250977e-01
-8.753712177276611328e-01
-1.354250758886337280e-01
1.287828087806701660e-01
-5.415450334548950195e-01
7.031402587890625000e-01
4.930454492568969727e-02
-5.067964792251586914e-01
-3.174283206462860107e-01
-6.383435726165771484e-01
-1.417105495929718018e-01
-7.143693566322326660e-01
-6.019354984164237976e-02
-4.269731938838958740e-01
1.711605191230773926e-01
-2.118765711784362793e-01
3.508771657943725586e-01
7.587496936321258545e-02
-5.329353809356689453e-01
-2.308317422866821289e-01
2.369639649987220764e-02
-8.551071882247924805e-01
-1.235796064138412476e-01
-1.630664765834808350e-01
-6.725419312715530396e-02
-7.789983749389648438e-01
-2.065849006175994873e-01
6.209613084793090820e-01
-7.200626730918884277e-01
-3.035482466220855713e-01
1.898483745753765106e-02
2.785532772541046143e-01
5.068754404783248901e-02
-4.076234400272369385e-01
-5.941148400306701660e-01
-8.939167857170104980e-01
-5.027212500572204590e-01
-8.094501495361328125e-02
6.719191670417785645e-01
-2.094199210405349731e-01
3.269223272800445557e-01
-3.113219700753688812e-02
-2.974056303501129150e-01
4.371085390448570251e-02
-5.359364748001098633e-01
-9.300451278686523438e-01
-4.328251183032989502e-01
-2.926291711628437042e-02
-6.992118060588836670e-02
-2.585593163967132568e-01
5.826094187796115875e-03
-6.920773535966873169e-02
4.041751921176910400e-01
-3.191191554069519043e-01
-2.710882723331451416e-01
-3.298408687114715576e-01
4.005540907382965088e-02
-9.725025855004787445e-03
2.101398073136806488e-02
-5.808503627777099609e-01
-5.104538202285766602e-01
-2.475834451615810394e-02
-1.295363605022430420e-01
-1.973537057638168335e-01
-4.598785340785980225e-01
3.520512580871582031e-01
3.642422556877136230e-01
-8.915304392576217651e-02
6.292695999145507812e-01
-2.735094726085662842e-01
-6.481450200080871582e-01
-6.101059317588806152e-01
2.270450890064239502e-01
-2.330005168914794922e-02
-4.653472304344177246e-01
-6.947487592697143555e-01
1.353862285614013672e-01
-1.432672291994094849e-01
-1.809643805027008057e-01
-3.119003474712371826e-01
-2.577911317348480225e-01
-5.685324072837829590e-01
6.214349865913391113e-01
-1.477380096912384033e-01
-3.827071189880371094e-01
-4.849587380886077881e-01
-3.763704895973205566e-01
3.363014012575149536e-02
4.229383766651153564e-01
7.227031514048576355e-03
7.076869010925292969e-01
-1.200403943657875061e-01
-2.645576596260070801e-01
-4.003767073154449463e-01
-1.658754497766494751e-01
-3.022405207157135010e-01
-6.109746694564819336e-01
4.841336011886596680e-01
-8.029785156250000000e-01
5.082446336746215820e-01
2.822604775428771973e-01
-6.943538784980773926e-01
-1.064454019069671631e-01
-5.620790123939514160e-01
-5.198154449462890625e-01
5.883595943450927734e-01
-2.191708087921142578e-01
-6.813120841979980469e-02
1.332306116819381714e-01
9.479137510061264038e-02
-3.371262848377227783e-01
-6.478609442710876465e-01
-3.925298452377319336e-01
-1.806130707263946533e-01
-3.406580090522766113e-01
-5.672317743301391602e-02
-4.157491028308868408e-01
-1.476331800222396851e-01
9.667880833148956299e-02
7.928352802991867065e-02
-1.638467162847518921e-01
2.743607461452484131e-01
-4.181536734104156494e-01
3.891546428203582764e-01
6.001605093479156494e-02
-5.840830504894256592e-02
1.412854790687561035e-01
-2.842180728912353516e-01
-2.572237253189086914e-01
1.800828576087951660e-01
-4.610454738140106201e-01
6.845385581254959106e-02
4.278250932693481445e-01
-4.555155634880065918e-01
-3.944761455059051514e-01
6.442642807960510254e-01
1.395186632871627808e-01
-1.359100192785263062e-01
1.624429970979690552e-01
5.759954452514648438e-01
-7.997509092092514038e-02
-8.490580916404724121e-01
-1.177764832973480225e-01
3.612395226955413818e-01
-1.552807986736297607e-01
-3.020092546939849854e-01
-1.637500971555709839e-01
9.702894091606140137e-02
-5.616932511329650879e-01
-7.125818729400634766e-02
5.681126117706298828e-01
-2.843451499938964844e-01
-1.828064583241939545e-02
5.026912093162536621e-01
2.155673950910568237e-01
7.450538277626037598e-01
-8.509033918380737305e-02
2.451637238264083862e-01
5.610645413398742676e-01
-4.060895740985870361e-01
-4.307498037815093994e-01
3.806112110614776611e-01
6.296499371528625488e-01
-5.355320125818252563e-02
-7.686625719070434570e-01
2.336986958980560303e-01
-3.615375161170959473e-01
-4.808453321456909180e-01
-1.466698795557022095e-01
8.489943146705627441e-01
5.600116252899169922e-01
6.306436657905578613e-01
-1.468694396317005157e-02
4.664732813835144043e-01
5.522147566080093384e-02
-4.825293421745300293e-01
2.378447502851486206e-01
-5.039150118827819824e-01
-3.077796101570129395e-01
7.533501088619232178e-02
7.677543908357620239e-02
4.268878996372222900e-01
4.673864841461181641e-01
3.885644972324371338e-01
3.110387176275253296e-02
6.564596891403198242e-01
1.457230299711227417e-01
-5.552526116371154785e-01
7.987161874771118164e-01
3.090594112873077393e-01
-3.696699142456054688e-01
-8.108921051025390625e-01
7.446051836013793945e-01
6.914613246917724609e-01
7.918160408735275269e-02
-6.196400523185729980e-01
2.523775696754455566e-01
8.254427909851074219e-01
4.118931293487548828e-01
-3.806806504726409912e-01
7.737783193588256836e-01
-8.211519569158554077e-02
6.851220130920410156e-01
-1.808387935161590576e-01
4.927888512611389160e-02
3.053448796272277832e-01
5.400950089097023010e-02
5.127853155136108398e-01
-2.198989838361740112e-01
7.598940730094909668e-01
3.628551028668880463e-03
-4.264008104801177979e-01
6.812307983636856079e-02
3.726386278867721558e-02
-6.331159919500350952e-02
5.062838792800903320e-01
1.233389154076576233e-01
-6.413786858320236206e-02
8.467907905578613281e-01
5.931520462036132812e-01
1.359807513654232025e-02
-1.616726964712142944e-01
-3.062717020511627197e-01
2.902650833129882812e-01
-4.039691984653472900e-01
7.900135219097137451e-02
8.825843334197998047e-01
2.523642182350158691e-01
-1.110064536333084106e-01
5.693309903144836426e-01
5.778564810752868652e-01
6.903963536024093628e-02
2.627354264259338379e-01
-2.157671600580215454e-01
6.626569032669067383e-01
4.578492939472198486e-01
3.463946580886840820e-01
1.910050399601459503e-02
8.827899694442749023e-01
8.679842203855514526e-02
-1.185532510280609131e-01
1.589590758085250854e-01
-3.325030580163002014e-02
7.068220973014831543e-01
-1.347569674253463745e-01
4.540787637233734131e-01
-4.765031635761260986e-01
-1.412354558706283569e-01
6.101410388946533203e-01
9.141539931297302246e-01
2.074699550867080688e-01
4.861463978886604309e-02
1.304859668016433716e-01
-5.083549618721008301e-01
7.238945364952087402e-01
2.422671616077423096e-01
-3.367008864879608154e-01
-5.063167214393615723e-02
5.625888109207153320e-01
5.769867897033691406e-01
8.210490345954895020e-01
4.861263930797576904e-01
-2.369637191295623779e-01
3.401135206222534180e-01
4.158940017223358154e-01
5.378422737121582031e-01
3.087609112262725830e-01
2.475300282239913940e-01
-3.738909363746643066e-01
-5.892677977681159973e-02
-7.252375781536102295e-02
7.725083827972412109e-01
6.690545678138732910e-01
3.237963318824768066e-01
-1.927254348993301392e-02
-5.661870241165161133e-01
7.964138388633728027e-01
4.510900378227233887e-01
1.594377011060714722e-01
-7.853791713714599609e-01
-8.328659087419509888e-02
-3.333288012072443962e-03
-7.493904232978820801e-02
-8.957494050264358521e-02
-1.393645107746124268e-01
6.618986129760742188e-01
6.467721462249755859e-01
7.486793398857116699e-01
8.305395245552062988e-01
4.213132336735725403e-02
3.979322612285614014e-01
4.923315942287445068e-01
6.016132235527038574e-01
1.721778810024261475e-01
-2.786660790443420410e-01
-1.259110718965530396e-01
2.426443248987197876e-01
7.786766290664672852e-01
1.030715033411979675e-01
1.203019842505455017e-01
6.798013448715209961e-01
-3.403306007385253906e-02
1.378030776977539062e-01
8.717942051589488983e-03
4.031803905963897705e-01
-5.790086388587951660e-01
4.851824939250946045e-01
7.275173664093017578e-01
6.749814748764038086e-01
-3.508339822292327881e-01
-1.507194899022579193e-02
6.112910509109497070e-01
-5.061271190643310547e-01
6.106240153312683105e-01
5.618241429328918457e-01
8.375530689954757690e-02
5.797260627150535583e-02
-5.283801555633544922e-01
4.389622807502746582e-01
8.818141818046569824e-01
5.092589855194091797e-01
-3.515896201133728027e-01
6.949840486049652100e-02
2.945929169654846191e-01
5.595980286598205566e-01
5.088089108467102051e-01
-3.908710181713104248e-02
-1.059553399682044983e-01
-1.650628596544265747e-01
4.252247214317321777e-01
5.320376157760620117e-01
-4.469481110572814941e-01
5.374803543090820312e-01
4.760283529758453369e-01
5.023344159126281738e-01
1.077699735760688782e-01
5.808843970298767090e-01
-1.840155273675918579e-01
7.889547199010848999e-02
2.230177223682403564e-01
4.074602127075195312e-01
1.056101545691490173e-01
5.305804014205932617e-01
3.913156688213348389e-01
4.502050876617431641e-01
-1.287268698215484619e-01
6.982183456420898438e-01
-7.783865332603454590e-01
7.568391561508178711e-01
6.419885158538818359e-01
-1.372763514518737793e-01
-2.542267143726348877e-01
5.657534599304199219e-01
-2.514239847660064697e-01
1.331216543912887573e-01
7.086728811264038086e-01
5.243887901306152344e-01
5.220641493797302246e-01
2.752542197704315186e-01
2.934101969003677368e-02
2.852459847927093506e-01
-2.406319603323936462e-02
3.521833419799804688e-01
8.211442828178405762e-02
2.364053726196289062e-01
-5.290332436561584473e-01
-3.951681852340698242e-01
4.691716432571411133e-01
6.392403841018676758e-01
3.320984244346618652e-01
4.496543705463409424e-01
4.159902632236480713e-01
-1.051639914512634277e-01
1.986122876405715942e-01
3.180335164070129395e-01
7.071464657783508301e-01
6.089021563529968262e-01
5.053909420967102051e-01
-2.461361885070800781e-01
-2.510479986667633057e-01
6.887049078941345215e-01
3.205873668193817139e-01
-6.423854269087314606e-03
-5.942513234913349152e-03
-5.651658177375793457e-01
-3.596045076847076416e-02
2.382300198078155518e-01
4.481564760208129883e-01
5.868552923202514648e-01
6.537585705518722534e-02
2.351268082857131958e-01
3.861384987831115723e-01
3.014237582683563232e-01
4.545671343803405762e-01
6.899139285087585449e-02
3.598419129848480225e-01
-3.734988393262028694e-03
3.477663099765777588e-01
3.976020514965057373e-01
8.469801545143127441e-01
2.701725363731384277e-01
-2.729085385799407959e-01
-1.972097307443618774e-01
7.201028466224670410e-01
-2.285407930612564087e-01
6.020449399948120117e-01
5.803149193525314331e-02
2.785530984401702881e-01
8.103935122489929199e-01
3.130427002906799316e-01
9.488894045352935791e-02
-3.347828090190887451e-01
-4.218701422214508057e-01
-6.009392440319061279e-02
3.644396066665649414e-01
6.057245135307312012e-01
7.008513808250427246e-01
-1.001601293683052063e-01
6.481775045394897461e-01
3.160572424530982971e-02
-2.863426804542541504e-01
7.017433047294616699e-01
-3.982453644275665283e-01
2.083216458559036255e-01
8.445014953613281250e-01
5.830880999565124512e-01
4.545801281929016113e-01
-1.815529912710189819e-01
-1.835800111293792725e-01
4.820381402969360352e-01
-4.343891888856887817e-02
2.227928340435028076e-01
2.330942749977111816e-01
7.177711725234985352e-01
-3.715790510177612305e-01
5.560563802719116211e-01
7.925945520401000977e-01
6.908623874187469482e-02
1.781493425369262695e-01
8.053496479988098145e-02
1.346636116504669189e-01
2.093187719583511353e-01
2.349882572889328003e-01
2.475006729364395142e-01
2.341611087322235107e-01
8.608932793140411377e-02
7.113169431686401367e-01
4.952244460582733154e-01
-2.895241975784301758e-01
2.729094959795475006e-02
-4.355425760149955750e-02
-2.380307065322995186e-03
-5.646378397941589355e-01
1.204003300517797470e-02
7.898252606391906738e-01
4.206371009349822998e-01
-3.808419778943061829e-02
3.484860360622406006e-01
-4.777034521102905273e-01
6.139822006225585938e-01
2.174592316150665283e-01
6.426457166671752930e-01
3.557562828063964844e-01
4.950765669345855713e-01
-1.758881509304046631e-01
3.695248961448669434e-01
8.017352223396301270e-01
-7.012265920639038086e-02
6.513841152191162109e-01
6.905443668365478516e-01
5.523860827088356018e-02
-1.898469924926757812e-01
6.693453788757324219e-01
-4.235516786575317383e-01
2.936183512210845947e-01
-5.461553335189819336e-01
5.399030447006225586e-01
5.654430985450744629e-01
-3.015333116054534912e-01
6.215863302350044250e-02
5.891308784484863281e-01
1.384633481502532959e-01
-2.979954704642295837e-02
1.366592757403850555e-02
5.438775941729545593e-02
-4.221479967236518860e-02
1.503492295742034912e-01
3.376657366752624512e-01
7.969989776611328125e-01
1.762880086898803711e-01
6.473435163497924805e-01
-5.468721315264701843e-02
7.475832700729370117e-01
1.794945746660232544e-01
5.397762060165405273e-01
4.083931148052215576e-01
2.127669304609298706e-01
-1.006741449236869812e-01
9.309265762567520142e-02
1.547274142503738403e-01
-1.907501742243766785e-02
-6.723811477422714233e-02
-5.798106789588928223e-01
5.067967996001243591e-02
-1.292602717876434326e-01
4.142950475215911865e-01
5.432118177413940430e-01
8.243654966354370117e-01
1.835485734045505524e-02
7.525454759597778320e-01
3.684684634208679199e-01
8.269315958023071289e-01
2.921890616416931152e-01
7.119075208902359009e-02
1.235975548624992371e-01
-2.030202001333236694e-01
8.070989251136779785e-01
4.347194731235504150e-01
-5.073402449488639832e-02
5.167079567909240723e-01
1.187518332153558731e-02
5.692530870437622070e-01
2.236433699727058411e-02
-1.294869091361761093e-02
-7.062671780586242676e-01
-2.746473848819732666e-01
3.009769022464752197e-01
9.712460637092590332e-02
2.418107390403747559e-01
8.646947741508483887e-01
7.562527656555175781e-01
6.734197735786437988e-01
-7.625038623809814453e-01
2.101571708917617798e-01
6.514104008674621582e-01
6.057747602462768555e-01
6.925981640815734863e-01
-4.462126493453979492e-01
5.413948297500610352e-01
-3.187161386013031006e-01
-1.298873275518417358e-01
-8.847221732139587402e-02
6.672354936599731445e-01
-2.939063310623168945e-01
8.388792276382446289e-01
-1.602514181286096573e-03
5.274930968880653381e-02
3.230660557746887207e-01
5.885633453726768494e-02
8.042773008346557617e-01
5.681698918342590332e-01
-2.599661350250244141e-01
6.615603566169738770e-01
3.010233640670776367e-01
4.917674064636230469e-01
-2.251976281404495239e-01
6.475788950920104980e-01
3.180378377437591553e-01
6.308382749557495117e-01
-2.234905958175659180e-01
7.037978619337081909e-02
-2.046036571264266968e-01
2.622156739234924316e-01
7.485322952270507812e-01
-7.469664327800273895e-03
2.968600094318389893e-01
4.912321865558624268e-01
-4.029440507292747498e-02
-2.385018020868301392e-01
-2.236361354589462280e-01
3.880383670330047607e-01
3.739773929119110107e-01
4.603375792503356934e-01
1.834416203200817108e-02
2.262598276138305664e-01
1.661234796047210693e-01
3.573970496654510498e-01
5.788017511367797852e-01
2.715416550636291504e-01
4.486273229122161865e-01
4.465595781803131104e-01
2.392850518226623535e-01
-4.633105397224426270e-01
7.860386967658996582e-01
-4.328380227088928223e-01
7.639605998992919922e-01
5.459041595458984375e-01
2.382458746433258057e-01
3.751813769340515137e-01
-4.787237942218780518e-01
-3.062524087727069855e-02
7.210360169410705566e-01
-1.400180011987686157e-01
5.002644062042236328e-01
5.685178637504577637e-01
5.532616376876831055e-01
4.848995208740234375e-01
4.709231853485107422e-02
1.152305528521537781e-01
-4.332827627658843994e-01
-2.599841952323913574e-01
5.249851942062377930e-01
8.862334489822387695e-01
-1.649129986763000488e-01
-9.579350240528583527e-03
8.640588074922561646e-02
-8.850684016942977905e-02
6.555344462394714355e-01
3.447967022657394409e-02
1.524360179901123047e-01
7.827008962631225586e-01
1.496026962995529175e-01
-1.711883246898651123e-01
6.627142429351806641e-02
-4.456816986203193665e-02
4.906906783580780029e-01
4.206381142139434814e-01
-3.224629908800125122e-03
1.454667299985885620e-01
8.581327795982360840e-01
5.502732396125793457e-01
4.401830136775970459e-01
2.506167590618133545e-01
1.926715672016143799e-02
-2.359890751540660858e-02
2.042712271213531494e-01
7.218937277793884277e-01
6.601653695106506348e-01
4.804209768772125244e-01
2.094458341598510742e-01
3.298469483852386475e-01
-3.583487868309020996e-01
-2.456296235322952271e-01
-1.190891861915588379e-01
-3.126085400581359863e-01
5.412784218788146973e-01
8.790108561515808105e-01
-6.833116710186004639e-02
3.659599125385284424e-01
5.841324850916862488e-02
3.497162759304046631e-01
4.756433367729187012e-01
-2.682145237922668457e-01
-3.052293360233306885e-01
7.337303757667541504e-01
1.171865388751029968e-01
5.560624599456787109e-01
2.506021969020366669e-02
7.953197956085205078e-01
5.313205346465110779e-02
7.330211997032165527e-01
2.172848433256149292e-01
2.504079341888427734e-01
1.061572581529617310e-01
3.657163977622985840e-01
-1.037044972181320190e-01
-3.238919973373413086e-01
5.198568105697631836e-01
1.067250687628984451e-02
1.976098679006099701e-02
4.422789812088012695e-01
6.357733607292175293e-01
2.255444973707199097e-01
-4.724705517292022705e-01
1.387635171413421631e-01
3.037618100643157959e-01
4.709330499172210693e-01
1.427583303302526474e-02
2.653476893901824951e-01
9.364830255508422852e-01
5.962982177734375000e-01
5.982309114187955856e-03
-4.016712009906768799e-01
2.196873426437377930e-01
1.884317770600318909e-02
-2.787743806838989258e-01
6.318449378013610840e-01
1.385302543640136719e-01
3.633202612400054932e-01
6.228219866752624512e-01
-6.876064836978912354e-02
5.378626585006713867e-01
5.165020227432250977e-01
-1.386261545121669769e-02
3.430570960044860840e-01
5.909942984580993652e-01
2.924598455429077148e-01
-2.930198013782501221e-01
2.240226268768310547e-01
3.076407909393310547e-01
1.040803119540214539e-01
7.491856217384338379e-01
6.693945080041885376e-02
4.547784626483917236e-01
-2.462758868932723999e-02
1.352381110191345215e-01
-2.822383642196655273e-01
1.425937116146087646e-01
3.233222961425781250e-01
4.494161307811737061e-01
2.055013030767440796e-01
5.714638829231262207e-01
-3.777288198471069336e-01
1.021889038383960724e-02
2.697434723377227783e-01
2.318401038646697998e-01
3.189175128936767578e-01
3.354837596416473389e-01
8.214945197105407715e-01
3.710360229015350342e-01
4.188423454761505127e-01
-6.120520457625389099e-02
-2.047120779752731323e-01
2.121780514717102051e-01
6.126379966735839844e-01
-2.770231068134307861e-01
2.602908015251159668e-01
3.545924425125122070e-01
-2.899034321308135986e-01
2.897703349590301514e-01
2.087313681840896606e-02
7.329586148262023926e-01
6.619558930397033691e-01
7.297595739364624023e-01
-4.608816206455230713e-01
5.557627677917480469e-01
2.394178211688995361e-01
5.513908863067626953e-01
-8.375981450080871582e-01
9.858003258705139160e-02
4.382888972759246826e-01
5.828759074211120605e-01
7.819339632987976074e-02
1.551965475082397461e-01
2.614125609397888184e-01
-1.624415069818496704e-01
-2.757271230220794678e-01
6.726685166358947754e-01
2.735038697719573975e-01
-3.965325653553009033e-01
6.724025309085845947e-02
3.338460326194763184e-01
9.245293140411376953e-01
-1.866868697106838226e-02
-2.131743133068084717e-01
8.576731681823730469e-01
-3.778683245182037354e-01
1.440778672695159912e-01
7.554447650909423828e-01
1.587315350770950317e-01
8.088757395744323730e-01
3.988675773143768311e-01
-7.466048002243041992e-02
4.740642905235290527e-01
5.946455597877502441e-01
6.469409465789794922e-01
2.934380173683166504e-01
-1.197961345314979553e-01
-3.591256737709045410e-01
3.434754312038421631e-01
2.943436205387115479e-01
-3.645407557487487793e-01
3.949750363826751709e-01
2.582451701164245605e-01
1.817452460527420044e-01
4.469591677188873291e-01
7.773243188858032227e-01
4.636997729539871216e-02
-1.218888685107231140e-01
1.495949029922485352e-01
-1.474614590406417847e-01
-4.112650454044342041e-01
6.297329068183898926e-01
6.854741573333740234e-01
7.003517746925354004e-01
5.565173625946044922e-01
4.754537642002105713e-01
-1.107037737965583801e-01
5.898482799530029297e-01
-4.584407210350036621e-01
-1.558320075273513794e-01
2.915815711021423340e-01
6.769586801528930664e-01
7.004740834236145020e-01
3.460951447486877441e-01
-3.186289370059967041e-01
-3.358064591884613037e-01
5.300281047821044922e-01
3.898534774780273438e-01
4.302046298980712891e-01
-6.634309887886047363e-01
1.404322981834411621e-01
7.185144424438476562e-01
-9.408288449048995972e-02
3.644658951088786125e-03
1.808137893676757812e-01
-1.552381515502929688e-01
5.470324754714965820e-01
-4.547238349914550781e-02
4.749957025051116943e-01
7.513140141963958740e-02
5.109745264053344727e-01
6.854879856109619141e-01
5.339489504694938660e-02
4.684090316295623779e-01
4.353149533271789551e-01
-5.036706924438476562e-01
-1.318008825182914734e-02
2.920381426811218262e-01
-1.125753019005060196e-02
4.753247648477554321e-02
3.306581079959869385e-01
3.868854343891143799e-01
4.846495091915130615e-01
2.362185716629028320e-01
4.731255397200584412e-02
9.648758918046951294e-02
7.345899343490600586e-01
3.248299360275268555e-01
8.435770869255065918e-01
-2.685872614383697510e-01
-3.933717310428619385e-02
7.056022286415100098e-01
-2.805782258510589600e-01
6.156005859375000000e-01
-2.116051036864519119e-03
4.285047948360443115e-01
3.050609529018402100e-01
1.163731142878532410e-02
2.425978034734725952e-01
1.047938987612724304e-01
7.907997369766235352e-01
2.615712583065032959e-01
4.018972516059875488e-01
1.190494894981384277e-01
3.400192856788635254e-01
-3.718066215515136719e-01
-2.137034386396408081e-01
7.800376415252685547e-01
5.378077030181884766e-01
-2.414703741669654846e-02
-4.113320410251617432e-01
5.608676671981811523e-01
2.610318958759307861e-01
1.012313216924667358e-01
-1.306215375661849976e-01
3.116941452026367188e-01
3.601833283901214600e-01
-4.872982501983642578e-01
2.752436697483062744e-01
-1.997532881796360016e-02
3.434880077838897705e-01
6.985563635826110840e-01
8.149425983428955078e-01
-2.039566822350025177e-02
-4.663185179233551025e-01
4.656015336513519287e-01
3.285729885101318359e-01
6.575757265090942383e-01
3.306442201137542725e-01
1.268455088138580322e-01
5.081296563148498535e-01
6.911092400550842285e-01
-9.355414658784866333e-02
-6.645776033401489258e-01
1.083057969808578491e-01
7.722067236900329590e-01
-2.368577271699905396e-01
4.206500351428985596e-01
4.760265052318572998e-01
-5.856305956840515137e-01
5.160318017005920410e-01
3.304651975631713867e-01
1.883269846439361572e-01
-4.556209743022918701e-01
3.174781799316406250e-01
3.720921576023101807e-01
4.820960462093353271e-01
7.391905188560485840e-01
7.715521496720612049e-04
5.848441123962402344e-01
-1.240128744393587112e-02
-9.159045666456222534e-02
7.205851674079895020e-01
4.745751023292541504e-01
-2.496207356452941895e-01
8.214979767799377441e-01
-2.619974315166473389e-01
-3.488022685050964355e-01
5.596290826797485352e-01
5.149201154708862305e-01
5.063368678092956543e-01
2.066696286201477051e-01
-1.481933444738388062e-01
5.589308142662048340e-01
4.044988453388214111e-01
1.116108149290084839e-01
-2.692859768867492676e-01
-9.052347391843795776e-02
1.168442517518997192e-01
4.075997173786163330e-01
6.356168389320373535e-01
-1.770172864198684692e-01
1.997352391481399536e-01
3.079897351562976837e-02
1.955131813883781433e-02
1.929353326559066772e-01
6.039029955863952637e-01
-6.703566014766693115e-02
-1.095015741884708405e-02
7.913949489593505859e-01
-3.642973303794860840e-01
1.726640313863754272e-01
5.637145638465881348e-01
6.278038620948791504e-01
1.598702520132064819e-01
-3.728288039565086365e-02
6.362042427062988281e-01
4.354400932788848877e-02
-2.939257919788360596e-01
4.076213240623474121e-01
1.115678921341896057e-01
4.328655824065208435e-02
-3.316531777381896973e-01
4.206210970878601074e-01
7.229476571083068848e-01
3.399037420749664307e-01
1.007806658744812012e-01
-6.948333978652954102e-01
6.206833720207214355e-01
7.794114351272583008e-01
5.517349243164062500e-01
-2.711032927036285400e-01
7.152199745178222656e-01
3.434206545352935791e-01
-1.512084454298019409e-01
6.389369964599609375e-01
3.018760681152343750e-01
2.695432007312774658e-01
-4.194201156497001648e-02
4.466950893402099609e-01
4.445486962795257568e-01
-8.698724210262298584e-02
4.011504352092742920e-01
3.207206726074218750e-01
2.565380930900573730e-01
9.399073570966720581e-02
1.555569618940353394e-01
3.058330416679382324e-01
-4.271373450756072998e-01
1.441722512245178223e-01
1.451740562915802002e-01
-3.872676938772201538e-02
3.145569264888763428e-01
2.266313284635543823e-01
5.456381440162658691e-01
6.360498070716857910e-01
4.771467149257659912e-01
-3.555286526679992676e-01
3.748857080936431885e-01
-2.596121132373809814e-01
6.536054611206054688e-01
4.267266392707824707e-01
-4.420306682586669922e-01
6.296705603599548340e-01
5.059422850608825684e-01
-6.291102766990661621e-01
6.792954206466674805e-01
5.884284377098083496e-01
1.783208996057510376e-01
-2.200786257162690163e-03
8.444844931364059448e-02
1.452931761741638184e-01
5.633561611175537109e-01
6.825122833251953125e-01
3.745292872190475464e-02
4.699394702911376953e-01
-2.935341596603393555e-01
7.730534672737121582e-02
4.381582513451576233e-02
5.870900750160217285e-01
1.638332605361938477e-01
5.419476032257080078e-01
4.655955135822296143e-01
2.676023356616497040e-02
-1.667471528053283691e-01
4.718731343746185303e-01
1.129361465573310852e-01
-8.272106200456619263e-02
-1.200163364410400391e-01
-1.738590747117996216e-01
8.148584365844726562e-01
-2.259449213743209839e-01
4.677135050296783447e-01
7.537602782249450684e-01
-1.875596791505813599e-01
-2.132852189242839813e-02
6.738526225090026855e-01
5.557873249053955078e-01
-1.994634270668029785e-01
1.445838212966918945e-01
-2.697604000568389893e-01
3.598167896270751953e-01
5.093547105789184570e-01
-2.829014137387275696e-02
4.575341045856475830e-01
4.334768950939178467e-01
1.207400336861610413e-01
7.307984828948974609e-01
5.203378796577453613e-01
-4.002858102321624756e-01
2.904087603092193604e-01
7.905040383338928223e-01
6.029925346374511719e-01
3.066709935665130615e-01
-1.621779054403305054e-01
9.518384188413619995e-02
-4.117951989173889160e-01
3.056238889694213867e-01
7.710930705070495605e-01
1.350544542074203491e-01
-1.425244808197021484e-01
2.631292939186096191e-01
8.059529662132263184e-01
3.566581606864929199e-01
5.824494957923889160e-01
-2.392376512289047241e-01
3.269368708133697510e-01
-1.966220140457153320e-01
5.467800498008728027e-01
1.054507642984390259e-01
-1.549809277057647705e-01
7.770374417304992676e-01
-1.948641836643218994e-01
3.059720098972320557e-01
-1.404552608728408813e-01
-3.627008497714996338e-01
3.393922150135040283e-01
1.605298370122909546e-02
3.335321843624114990e-01
5.572672486305236816e-01
-4.544270634651184082e-01
2.008300721645355225e-01
2.141266763210296631e-01
6.028745770454406738e-01
3.753739222884178162e-02
4.258327782154083252e-01
8.169251680374145508e-01
7.557892203330993652e-01
1.011036857962608337e-01
2.636515498161315918e-01
2.062186971306800842e-02
2.414918094873428345e-01
1.573917120695114136e-01
4.278824627399444580e-01
1.694970726966857910e-01
-1.612499058246612549e-01
2.522096931934356689e-01
4.126085042953491211e-01
3.150707483291625977e-01
-4.096676409244537354e-01
3.818470537662506104e-01
4.287213385105133057e-01
-1.742405295372009277e-01
1.298426091670989990e-02
4.293969273567199707e-01
7.303647398948669434e-01
-4.122187197208404541e-01
-4.394084215164184570e-02
-1.385656744241714478e-02
9.563498944044113159e-02
6.958395242691040039e-01
8.329139947891235352e-01
7.570852637290954590e-01
2.185721099376678467e-01
-4.124207794666290283e-01
6.021225452423095703e-02
5.877576470375061035e-01
3.670560717582702637e-01
3.936149179935455322e-02
-1.665595620870590210e-01
1.941225491464138031e-02
2.915954887866973877e-01
8.237605690956115723e-01
-5.603576898574829102e-01
3.108553886413574219e-01
3.277180790901184082e-01
-1.259012818336486816e-01
7.329353690147399902e-01
6.616183370351791382e-02
4.353360831737518311e-01
6.393560171127319336e-01
4.928844869136810303e-01
2.514442503452301025e-01
2.929683625698089600e-01
2.124748528003692627e-01
6.193577498197555542e-02
-8.564130663871765137e-01
-2.484561130404472351e-02
-9.249296784400939941e-02
3.889985084533691406e-01
8.715916872024536133e-01
4.485328197479248047e-01
1.874501258134841919e-01
1.740952432155609131e-01
8.221543431282043457e-01
2.196077853441238403e-01
1.799079775810241699e-01
2.880112230777740479e-01
-3.165074437856674194e-02
-3.036685585975646973e-01
2.213842049241065979e-02
2.375868111848831177e-01
6.855633854866027832e-01
2.744185626506805420e-01
-1.051526591181755066e-01
2.646582126617431641e-01
3.276328444480895996e-01
2.068668156862258911e-01
-4.446151554584503174e-01
-1.175480559468269348e-01
6.860936284065246582e-01
5.007793903350830078e-01
4.967762529850006104e-01
6.643291115760803223e-01
3.553880751132965088e-01
1.896718591451644897e-01
-1.114626750349998474e-01
-2.748554348945617676e-01
1.252318024635314941e-01
3.534531295299530029e-01
-8.489187061786651611e-02
3.986524790525436401e-02
3.611965477466583252e-01
6.492001414299011230e-01
3.502649962902069092e-01
2.694002687931060791e-01
-8.763839304447174072e-02
3.062680959701538086e-01
1.862707585096359253e-01
1.675645634531974792e-02
4.187276363372802734e-01
-3.013798594474792480e-01
3.621677160263061523e-01
3.439480960369110107e-01
-1.575077511370182037e-02
3.241632282733917236e-01
3.429862260818481445e-01
7.127255797386169434e-01
4.427381157875061035e-01
-1.951583325862884521e-01
4.469189643859863281e-01
-1.888473704457283020e-02
6.567698717117309570e-01
3.941460847854614258e-01
4.574849009513854980e-01
-1.853658109903335571e-01
-3.370997309684753418e-01
5.855685472488403320e-01
3.832423388957977295e-01
3.526405692100524902e-01
4.264329373836517334e-02
-1.954693906009197235e-02
5.902699232101440430e-01
1.214715000241994858e-02
-1.169082000851631165e-01
5.656886100769042969e-01
6.568717360496520996e-01
-4.980410039424896240e-01
6.051259636878967285e-01
5.764640569686889648e-01
-2.119800746440887451e-01
-5.092881917953491211e-01
3.866687417030334473e-01
1.946827769279479980e-01
1.306594610214233398e-01
-2.399498075246810913e-01
5.267301201820373535e-01
-5.550981685519218445e-02
6.503512263298034668e-01
5.795438587665557861e-02
2.827483601868152618e-02
6.096454858779907227e-01
5.841293334960937500e-01
3.098422884941101074e-01
3.436265289783477783e-01
