7.665113359689712524e-02
6.876526027917861938e-02
3.577715530991554260e-02
-4.169704020023345947e-02
-6.889211386442184448e-02
2.015051990747451782e-02
8.655799925327301025e-02
1.354039907455444336e-01
1.777379065752029419e-01
1.754408627748489380e-01
1.679620295763015747e-01
1.689620018005371094e-01
1.682934612035751343e-01
1.724457293748855591e-01
1.632533520460128784e-01
1.680044829845428467e-01
1.728663146495819092e-01
1.760714650154113770e-01
1.784998327493667603e-01
1.655365228652954102e-01
1.751912087202072144e-01
1.738949120044708252e-01
1.628601700067520142e-01
1.593810617923736572e-01
1.400297880172729492e-01
9.354473650455474854e-02
-1.422738581895828247e-01
-8.758091926574707031e-02
-9.717823565006256104e-02
-9.329274296760559082e-02
-8.461430668830871582e-02
-8.471976965665817261e-02
-8.036693930625915527e-02
-8.591225743293762207e-02
-8.320774883031845093e-02
-8.752853423357009888e-02
-8.277333527803421021e-02
-9.141808003187179565e-02
-8.629642426967620850e-02
-8.122715353965759277e-02
-8.168786019086837769e-02
-8.101642131805419922e-02
-7.394921034574508667e-02
-8.109627664089202881e-02
-7.279178500175476074e-02
-7.634010165929794312e-02
-7.334833592176437378e-02
-7.935390621423721313e-02
-7.433501631021499634e-02
-6.345910578966140747e-02
-6.399789452552795410e-02
-5.710858851671218872e-02
-4.812145605683326721e-02
-3.765938058495521545e-02
-7.656184607185423374e-04
7.593503594398498535e-02
1.448561549186706543e-01
1.000616103410720825e-01
8.419423550367355347e-02
7.786285132169723511e-02
8.088573068380355835e-02
8.228271454572677612e-02
9.099335223436355591e-02
9.806618094444274902e-02
1.095472648739814758e-01
1.102196350693702698e-01
1.182572916150093079e-01
2.238151580095291138e-01
2.482814639806747437e-01
2.485833764076232910e-01
2.447259277105331421e-01
2.370669245719909668e-01
2.278943359851837158e-01
2.286169975996017456e-01
2.207511812448501587e-01
2.120310813188552856e-01
1.967715173959732056e-01
1.914099007844924927e-01
1.754821389913558960e-01
1.786155700683593750e-01
1.660611182451248169e-01
1.536270231008529663e-01
1.467355638742446899e-01
1.435170769691467285e-01
1.316303610801696777e-01
1.126273572444915771e-01
8.567236363887786865e-02
3.537117317318916321e-02
-1.120054423809051514e-01
-2.566525153815746307e-02
-3.407153859734535217e-02
-2.781335078179836273e-02
-3.266328945755958557e-02
-2.180276252329349518e-02
-3.486617654561996460e-02
-1.499335560947656631e-02
-3.375523164868354797e-02
-9.407952427864074707e-03
-2.088737487792968750e-02
-1.639911788515746593e-03
-1.504743844270706177e-02
6.744465790688991547e-03
-1.249099895358085632e-02
-9.326086379587650299e-03
1.575115881860256195e-02
2.747820690274238586e-05
1.168198976665735245e-02
6.706941872835159302e-03
5.646917037665843964e-03
3.717734944075345993e-03
6.112365517765283585e-03
2.394550479948520660e-02
1.485575269907712936e-02
1.895972713828086853e-02
2.734905295073986053e-02
1.420226786285638809e-02
2.001064829528331757e-02
2.559832856059074402e-02
1.969811692833900452e-02
2.742686495184898376e-02
2.742535620927810669e-02
2.702014520764350891e-02
3.009770251810550690e-02
3.088548965752124786e-02
2.967085130512714386e-02
3.150076046586036682e-02
3.514307737350463867e-02
3.727817535400390625e-02
3.668943420052528381e-02
4.108861833810806274e-02
4.016916826367378235e-02
4.144220799207687378e-02
4.640934243798255920e-02
3.993549570441246033e-02
4.556971415877342224e-02
4.780072718858718872e-02
4.207990691065788269e-02
4.336675629019737244e-02
4.337533935904502869e-02
4.068916663527488708e-02
4.218912869691848755e-02
4.661434888839721680e-02
4.446949437260627747e-02
4.808659106492996216e-02
4.840745776891708374e-02
4.350331425666809082e-02
5.376217886805534363e-02
4.486918821930885315e-02
5.064265057444572449e-02
4.972903430461883545e-02
5.279141664505004883e-02
4.640249162912368774e-02
5.208889767527580261e-02
5.506291240453720093e-02
4.737313091754913330e-02
5.717667564749717712e-02
6.603270024061203003e-02
5.299378558993339539e-02
5.046415328979492188e-02
5.460845679044723511e-02
5.031989887356758118e-02
5.542693287134170532e-02
5.348064005374908447e-02
5.055945739150047302e-02
5.984180420637130737e-02
5.755916610360145569e-02
5.699266493320465088e-02
6.088185682892799377e-02
6.402376294136047363e-02
5.360207706689834595e-02
5.716278403997421265e-02
6.422182917594909668e-02
6.217765435576438904e-02
5.467762798070907593e-02
6.345055997371673584e-02
5.559023469686508179e-02
6.270696222782135010e-02
5.773181468248367310e-02
6.159617006778717041e-02
6.082222610712051392e-02
6.495618820190429688e-02
4.957653954625129700e-02
6.223586201667785645e-02
5.218501016497612000e-02
5.555995181202888489e-02
6.122209131717681885e-02
6.969600915908813477e-02
5.070718377828598022e-02
6.492021679878234863e-02
6.317469477653503418e-02
7.042988389730453491e-02
5.638286843895912170e-02
6.694667786359786987e-02
6.231129541993141174e-02
6.690688431262969971e-02
5.970278382301330566e-02
7.236881554126739502e-02
5.788216367363929749e-02
6.707874685525894165e-02
6.885138154029846191e-02
6.697415560483932495e-02
6.891744583845138550e-02
6.873350590467453003e-02
6.593416631221771240e-02
6.702366471290588379e-02
6.526594609022140503e-02
6.269054114818572998e-02
6.736733019351959229e-02
7.102893292903900146e-02
6.958165764808654785e-02
6.441978365182876587e-02
6.636469066143035889e-02
6.921625882387161255e-02
6.431008130311965942e-02
7.680033147335052490e-02
6.201067566871643066e-02
7.051185518503189087e-02
6.779572367668151855e-02
7.108853757381439209e-02
6.628485769033432007e-02
6.936317682266235352e-02
7.598185539245605469e-02
6.311676651239395142e-02
6.423578411340713501e-02
7.553447782993316650e-02
6.957240402698516846e-02
8.016288280487060547e-02
7.203053683042526245e-02
7.787258923053741455e-02
7.016931474208831787e-02
7.280212640762329102e-02
7.389286905527114868e-02
6.501050293445587158e-02
7.163275033235549927e-02
6.884422153234481812e-02
6.630272418260574341e-02
7.482143491506576538e-02
6.883125007152557373e-02
7.336005568504333496e-02
7.612327486276626587e-02
7.941388338804244995e-02
6.938433647155761719e-02
6.935618072748184204e-02
6.714294850826263428e-02
6.649479269981384277e-02
7.133740186691284180e-02
7.566263526678085327e-02
7.607553154230117798e-02
7.966108620166778564e-02
7.762606441974639893e-02
7.603830844163894653e-02
7.934647053480148315e-02
7.302349805831909180e-02
7.144733518362045288e-02
8.073525875806808472e-02
7.534247636795043945e-02
7.686366885900497437e-02
7.965642213821411133e-02
7.617053389549255371e-02
8.092549443244934082e-02
7.165299355983734131e-02
7.406560331583023071e-02
6.870304793119430542e-02
7.535972446203231812e-02
7.699218392372131348e-02
8.691707253456115723e-02
7.457902282476425171e-02
8.192686736583709717e-02
8.542454242706298828e-02
8.304225653409957886e-02
8.171026408672332764e-02
7.556989043951034546e-02
7.943669706583023071e-02
8.645216375589370728e-02
7.887353003025054932e-02
8.227732032537460327e-02
7.884869724512100220e-02
8.061122894287109375e-02
8.616515994071960449e-02
8.238708227872848511e-02
7.770480960607528687e-02
7.999701797962188721e-02
8.253221958875656128e-02
8.110011368989944458e-02
8.786608278751373291e-02
8.214870095252990723e-02
8.551876991987228394e-02
8.340278267860412598e-02
9.051192551851272583e-02
8.323717862367630005e-02
8.794271200895309448e-02
8.042842149734497070e-02
8.593938499689102173e-02
8.181940019130706787e-02
7.847255468368530273e-02
8.072978258132934570e-02
7.123237848281860352e-02
7.379164546728134155e-02
7.229361683130264282e-02
7.494938373565673828e-02
7.701136171817779541e-02
7.715152949094772339e-02
8.974940329790115356e-02
8.064543455839157104e-02
9.080629795789718628e-02
8.740181475877761841e-02
8.529629558324813843e-02
7.913914322853088379e-02
8.005342632532119751e-02
8.698411285877227783e-02
8.671645820140838623e-02
8.545356988906860352e-02
8.635120838880538940e-02
8.559549599885940552e-02
8.030068129301071167e-02
9.390607476234436035e-02
8.248084038496017456e-02
8.455903828144073486e-02
8.403537422418594360e-02
7.989265024662017822e-02
8.477930724620819092e-02
8.936868607997894287e-02
8.976715803146362305e-02
7.769628614187240601e-02
8.846557140350341797e-02
9.112596511840820312e-02
7.727992534637451172e-02
9.341707080602645874e-02
7.973700761795043945e-02
7.816857099533081055e-02
9.112562239170074463e-02
8.447578549385070801e-02
9.160613268613815308e-02
8.681337535381317139e-02
7.645720988512039185e-02
7.923007756471633911e-02
8.236258476972579956e-02
8.094710111618041992e-02
8.010782301425933838e-02
8.632396906614303589e-02
8.118581026792526245e-02
8.759949356317520142e-02
8.031129837036132812e-02
8.171683549880981445e-02
8.128207176923751831e-02
8.496043831110000610e-02
8.929471671581268311e-02
9.234888106584548950e-02
7.932636886835098267e-02
8.634872734546661377e-02
8.227161318063735962e-02
9.311722218990325928e-02
8.702040463685989380e-02
7.626555860042572021e-02
8.504518866539001465e-02
9.431223571300506592e-02
8.323538303375244141e-02
8.286289125680923462e-02
8.842333406209945679e-02
9.214764088392257690e-02
8.503639698028564453e-02
8.333467692136764526e-02
8.684463053941726685e-02
8.490997552871704102e-02
8.425670117139816284e-02
8.926670998334884644e-02
8.595442771911621094e-02
8.406076580286026001e-02
8.199386298656463623e-02
8.307167142629623413e-02
8.723704516887664795e-02
8.641786128282546997e-02
7.946282625198364258e-02
7.934819906949996948e-02
8.695641905069351196e-02
8.333669602870941162e-02
8.996205776929855347e-02
7.779902964830398560e-02
8.390781283378601074e-02
8.973132818937301636e-02
8.928697556257247925e-02
8.571007102727890015e-02
9.060959517955780029e-02
8.901269733905792236e-02
8.945403248071670532e-02
8.598742634057998657e-02
8.298529684543609619e-02
8.200880140066146851e-02
8.242750912904739380e-02
8.621369302272796631e-02
8.479771018028259277e-02
8.845612406730651855e-02
8.339624851942062378e-02
8.607684820890426636e-02
8.665264397859573364e-02
8.831790089607238770e-02
8.527459204196929932e-02
8.329387754201889038e-02
7.720122486352920532e-02
8.684848994016647339e-02
8.672379702329635620e-02
8.820966631174087524e-02
8.692712336778640747e-02
8.888898044824600220e-02
9.492456167936325073e-02
7.938221842050552368e-02
9.037751704454421997e-02
8.863644301891326904e-02
8.266559243202209473e-02
8.388733118772506714e-02
7.872783392667770386e-02
8.348601311445236206e-02
8.327633142471313477e-02
8.321040868759155273e-02
9.108363091945648193e-02
9.094346314668655396e-02
8.831252157688140869e-02
9.648472070693969727e-02
9.058246761560440063e-02
8.180001378059387207e-02
8.402227610349655151e-02
8.125685155391693115e-02
8.642397075891494751e-02
8.824118971824645996e-02
8.730962127447128296e-02
8.461137115955352783e-02
8.050475269556045532e-02
8.913295716047286987e-02
8.742627501487731934e-02
8.839178830385208130e-02
9.453766047954559326e-02
8.542326837778091431e-02
8.596184849739074707e-02
8.953696489334106445e-02
8.483842015266418457e-02
8.656377345323562622e-02
8.441896736621856689e-02
8.616653084754943848e-02
9.387991577386856079e-02
8.024470508098602295e-02
8.510731905698776245e-02
9.062030911445617676e-02
9.018079191446304321e-02
8.931701630353927612e-02
8.702179789543151855e-02
8.263812214136123657e-02
9.364005178213119507e-02
8.731254190206527710e-02
8.562050759792327881e-02
9.141870588064193726e-02
9.481596201658248901e-02
9.120453149080276489e-02
8.949241042137145996e-02
8.378938585519790649e-02
8.406957983970642090e-02
9.674473106861114502e-02
8.357632905244827271e-02
9.134145826101303101e-02
8.920501172542572021e-02
9.172445535659790039e-02
9.675475955009460449e-02
8.225701004266738892e-02
8.956277370452880859e-02
8.647625148296356201e-02
8.766894042491912842e-02
8.630272746086120605e-02
8.584834635257720947e-02
8.929436653852462769e-02
8.971081674098968506e-02
8.841943740844726562e-02
8.968190848827362061e-02
9.715010225772857666e-02
8.558142185211181641e-02
8.915828913450241089e-02
9.593768417835235596e-02
9.515257924795150757e-02
9.441471099853515625e-02
8.667713403701782227e-02
8.854848891496658325e-02
9.374005347490310669e-02
9.052689373493194580e-02
8.159107714891433716e-02
8.250111341476440430e-02
8.176878094673156738e-02
8.891464024782180786e-02
9.088497608900070190e-02
8.756805211305618286e-02
8.792940527200698853e-02
9.232801944017410278e-02
9.527069330215454102e-02
9.487666934728622437e-02
9.310383349657058716e-02
8.319384604692459106e-02
8.689418435096740723e-02
9.158539026975631714e-02
9.012858569622039795e-02
9.365600347518920898e-02
1.009973734617233276e-01
9.107483923435211182e-02
9.475186467170715332e-02
9.937472641468048096e-02
8.306293189525604248e-02
8.674941211938858032e-02
9.264288842678070068e-02
9.478540718555450439e-02
8.907475322484970093e-02
9.148088842630386353e-02
9.723294526338577271e-02
9.502019733190536499e-02
9.047471731901168823e-02
8.687561750411987305e-02
9.568993747234344482e-02
1.003517135977745056e-01
8.395346254110336304e-02
9.490753710269927979e-02
9.456034749746322632e-02
9.462396055459976196e-02
9.597576409578323364e-02
9.661499410867691040e-02
1.011841893196105957e-01
8.428894728422164917e-02
8.013517409563064575e-02
8.701427280902862549e-02
8.566197007894515991e-02
8.582333475351333618e-02
9.480354189872741699e-02
9.168279170989990234e-02
9.579682350158691406e-02
9.262645989656448364e-02
8.774144947528839111e-02
9.039520472288131714e-02
9.013693779706954956e-02
8.783135563135147095e-02
9.708993136882781982e-02
9.942504018545150757e-02
9.511698782444000244e-02
9.612971544265747070e-02
9.829039871692657471e-02
9.319947659969329834e-02
9.847766906023025513e-02
9.519665688276290894e-02
1.002228111028671265e-01
9.211185574531555176e-02
9.653348475694656372e-02
9.056602418422698975e-02
9.250896424055099487e-02
9.362111985683441162e-02
9.773626923561096191e-02
9.693545103073120117e-02
9.530012309551239014e-02
9.846615046262741089e-02
9.921985119581222534e-02
1.028673797845840454e-01
1.008454561233520508e-01
8.927042782306671143e-02
8.903900533914566040e-02
9.099635481834411621e-02
9.765102714300155640e-02
1.036521121859550476e-01
8.754810690879821777e-02
8.205340057611465454e-02
8.134453743696212769e-02
8.339467644691467285e-02
9.417529404163360596e-02
9.244340658187866211e-02
1.006498783826828003e-01
1.010121703147888184e-01
9.607303142547607422e-02
9.444975107908248901e-02
1.008922457695007324e-01
9.914605319499969482e-02
9.857197850942611694e-02
1.004460975527763367e-01
1.003144606947898865e-01
9.460406005382537842e-02
9.244748950004577637e-02
9.525337815284729004e-02
1.014022603631019592e-01
9.853056818246841431e-02
9.488503634929656982e-02
9.665817022323608398e-02
9.629307687282562256e-02
1.018567606806755066e-01
1.045713275671005249e-01
9.785073250532150269e-02
9.751073271036148071e-02
1.031829789280891418e-01
9.714321047067642212e-02
9.573365747928619385e-02
9.728018194437026978e-02
9.928406029939651489e-02
1.011215373873710632e-01
9.184150397777557373e-02
9.063153713941574097e-02
8.771876245737075806e-02
8.959015458822250366e-02
8.586356043815612793e-02
8.471960574388504028e-02
7.916897535324096680e-02
7.824907451868057251e-02
8.820060640573501587e-02
9.351234138011932373e-02
1.049364283680915833e-01
9.988033026456832886e-02
1.073500886559486389e-01
1.003673300147056580e-01
1.069907099008560181e-01
1.073451191186904907e-01
9.560507535934448242e-02
1.001598984003067017e-01
1.038398593664169312e-01
1.023503616452217102e-01
1.064122319221496582e-01
9.362820535898208618e-02
9.974888712167739868e-02
9.780242294073104858e-02
9.906101226806640625e-02
1.000566929578781128e-01
1.017117947340011597e-01
1.024032533168792725e-01
1.072447225451469421e-01
9.553886950016021729e-02
9.082358330488204956e-02
8.748958259820938110e-02
9.437740594148635864e-02
9.629594534635543823e-02
9.489782899618148804e-02
9.856171160936355591e-02
1.005012392997741699e-01
1.019644886255264282e-01
1.063171103596687317e-01
1.008263751864433289e-01
1.057803258299827576e-01
1.024629175662994385e-01
1.081021204590797424e-01
1.027477085590362549e-01
1.066937148571014404e-01
1.039748638868331909e-01
1.052068248391151428e-01
9.918791055679321289e-02
1.108596250414848328e-01
1.089728176593780518e-01
1.097919791936874390e-01
1.024854481220245361e-01
1.020298749208450317e-01
9.445106983184814453e-02
8.070682734251022339e-02
7.320500910282135010e-02
6.362245976924896240e-02
5.088511481881141663e-02
2.949383296072483063e-02
1.442999020218849182e-02
5.089269950985908508e-03
-8.923145942389965057e-03
-1.074970606714487076e-02
-8.725977502763271332e-03
-5.970803904347121716e-04
1.717935688793659210e-02
4.379717633128166199e-02
9.428843110799789429e-02
1.277348548173904419e-01
1.205971837043762207e-01
1.131323575973510742e-01
1.004970297217369080e-01
1.022826582193374634e-01
9.229992330074310303e-02
9.744244813919067383e-02
9.022804349660873413e-02
9.314877539873123169e-02
7.878657430410385132e-02
7.944531738758087158e-02
7.204334437847137451e-02
9.309241175651550293e-02
5.995760485529899597e-02
1.025476008653640747e-01
6.612388044595718384e-02
9.340504556894302368e-02
4.607120528817176819e-02
9.503599256277084351e-02
5.341451615095138550e-02
9.024339169263839722e-02
3.842813521623611450e-02
7.716807723045349121e-02
5.300116539001464844e-02
9.050127863883972168e-02
4.266924783587455750e-02
8.121609687805175781e-02
3.989414125680923462e-02
7.165346294641494751e-02
5.105527862906455994e-02
7.571623474359512329e-02
4.109457507729530334e-02
6.854035705327987671e-02
5.635491013526916504e-02
6.792217493057250977e-02
4.251815751194953918e-02
7.911502569913864136e-02
2.768661454319953918e-02
6.476473808288574219e-02
4.429754987359046936e-02
7.366244494915008545e-02
3.157552331686019897e-02
6.073443591594696045e-02
4.735531285405158997e-02
6.497193127870559692e-02
3.174667060375213623e-02
6.454160064458847046e-02
3.853613510727882385e-02
6.675945967435836792e-02
3.741531819105148315e-02
7.475358992815017700e-02
2.317204140126705170e-02
6.465986371040344238e-02
3.616682812571525574e-02
6.455496698617935181e-02
3.462686389684677124e-02
6.117941066622734070e-02
3.769501671195030212e-02
7.006454467773437500e-02
2.541087940335273743e-02
5.991645157337188721e-02
4.019858688116073608e-02
6.309569627046585083e-02
3.491134941577911377e-02
6.455380469560623169e-02
2.979636564850807190e-02
6.246036663651466370e-02
3.492801263928413391e-02
6.734320521354675293e-02
2.881097234785556793e-02
5.933159217238426208e-02
3.093324787914752960e-02
6.258641928434371948e-02
2.386974729597568512e-02
5.617585405707359314e-02
3.854610770940780640e-02
5.905907601118087769e-02
3.535816073417663574e-02
6.149356439709663391e-02
3.314623236656188965e-02
5.844120681285858154e-02
4.162475466728210449e-02
5.742291733622550964e-02
3.624617308378219604e-02
6.212759017944335938e-02
3.006581217050552368e-02
6.418315321207046509e-02
2.626869454979896545e-02
5.657185614109039307e-02
4.270710796117782593e-02
5.441970005631446838e-02
4.363873973488807678e-02
5.583740398287773132e-02
3.904475644230842590e-02
6.665810942649841309e-02
1.788615435361862183e-02
4.802399128675460815e-02
4.792503640055656433e-02
5.936133116483688354e-02
3.941204398870468140e-02
5.809080228209495544e-02
4.155485704541206360e-02
5.817372724413871765e-02
3.210170567035675049e-02
6.460400670766830444e-02
3.018944896757602692e-02
5.179225653409957886e-02
5.471273511648178101e-02
4.060411825776100159e-02
5.194865912199020386e-02
4.827112704515457153e-02
4.846338182687759399e-02
5.110060796141624451e-02
5.290650203824043274e-02
5.029569566249847412e-02
4.767784848809242249e-02
6.060034781694412231e-02
4.274981096386909485e-02
5.432031676173210144e-02
5.147043243050575256e-02
4.927305132150650024e-02
5.547345057129859924e-02
4.426638036966323853e-02
5.588387697935104370e-02
4.739423096179962158e-02
5.351364240050315857e-02
5.070595070719718933e-02
5.898720398545265198e-02
4.722032323479652405e-02
5.498937144875526428e-02
5.310364812612533569e-02
4.919515922665596008e-02
6.582828611135482788e-02
3.630990162491798401e-02
5.754080414772033691e-02
5.750741064548492432e-02
5.443270131945610046e-02
6.137333810329437256e-02
5.521276220679283142e-02
5.870740488171577454e-02
5.619589611887931824e-02
5.810431391000747681e-02
5.462487041950225830e-02
6.003361195325851440e-02
6.104254722595214844e-02
5.700321868062019348e-02
7.150762528181076050e-02
4.672854393720626831e-02
6.487297266721725464e-02
5.722348764538764954e-02
6.353416293859481812e-02
6.518390774726867676e-02
5.810832977294921875e-02
7.231111079454421997e-02
5.375339090824127197e-02
7.080385088920593262e-02
6.134154275059700012e-02
6.619726866483688354e-02
6.794621795415878296e-02
6.990934908390045166e-02
6.801464408636093140e-02
7.174200564622879028e-02
6.926765292882919312e-02
7.748308777809143066e-02
6.207431852817535400e-02
7.069512456655502319e-02
7.712054252624511719e-02
7.214182615280151367e-02
7.563916593790054321e-02
7.248196005821228027e-02
7.258214801549911499e-02
7.330889254808425903e-02
7.543503493070602417e-02
7.350921630859375000e-02
8.127780258655548096e-02
8.098730444908142090e-02
7.326746731996536255e-02
8.366239070892333984e-02
7.832989096641540527e-02
7.610646635293960571e-02
8.077401667833328247e-02
8.969802409410476685e-02
7.743781805038452148e-02
9.006020426750183105e-02
7.486227154731750488e-02
8.023530989885330200e-02
9.459237009286880493e-02
8.629660308361053467e-02
9.190779924392700195e-02
9.233908355236053467e-02
8.881964534521102905e-02
9.773304313421249390e-02
8.947870880365371704e-02
9.690967947244644165e-02
9.824166446924209595e-02
9.143406152725219727e-02
9.285873919725418091e-02
9.754725545644760132e-02
9.816359728574752808e-02
9.818664938211441040e-02
9.163484722375869751e-02
8.272597193717956543e-02
7.855545729398727417e-02
7.285826653242111206e-02
6.399409472942352295e-02
4.480171948671340942e-02
1.877379789948463440e-02
-9.261213126592338085e-04
-1.847566664218902588e-02
-3.237807750701904297e-02
-3.590430691838264465e-02
-3.451674804091453552e-02
-2.911349572241306305e-02
-2.398754283785820007e-02
1.184027642011642456e-04
2.716195583343505859e-02
8.090148121118545532e-02
1.490934938192367554e-01
1.606556773185729980e-01
1.781621128320693970e-01
1.876928210258483887e-01
1.804507821798324585e-01
1.728643029928207397e-01
1.676495075225830078e-01
1.649177074432373047e-01
1.591933816671371460e-01
1.276538372039794922e-01
8.575464040040969849e-02
8.449961990118026733e-02
8.913120627403259277e-02
9.043844044208526611e-02
8.890851587057113647e-02
8.378164470195770264e-02
8.781807869672775269e-02
9.603786468505859375e-02
7.634443044662475586e-02
8.732729405164718628e-02
1.001961231231689453e-01
7.926969230175018311e-02
8.872547000646591187e-02
8.969593793153762817e-02
9.672797471284866333e-02
8.873541653156280518e-02
9.622300416231155396e-02
1.013382896780967712e-01
8.975703269243240356e-02
9.480617195367813110e-02
1.052565574645996094e-01
8.695737272500991821e-02
9.703100472688674927e-02
1.030014753341674805e-01
1.060110479593276978e-01
1.037697419524192810e-01
9.380333125591278076e-02
9.707228094339370728e-02
1.001818403601646423e-01
1.056045368313789368e-01
1.105848923325538635e-01
1.098858043551445007e-01
1.175972595810890198e-01
1.075380444526672363e-01
1.109868735074996948e-01
1.104651838541030884e-01
1.207253187894821167e-01
1.171723082661628723e-01
1.193646788597106934e-01
1.163294389843940735e-01
1.124132797122001648e-01
1.135294437408447266e-01
1.071742027997970581e-01
9.735871106386184692e-02
7.492644339799880981e-02
2.949406206607818604e-02
-1.865557022392749786e-02
-4.078052565455436707e-02
-5.273452028632164001e-02
-5.839766934514045715e-02
-5.468093603849411011e-02
-4.990065097808837891e-02
-5.023141950368881226e-02
-4.362308979034423828e-02
-3.355265036225318909e-02
-1.419469341635704041e-02
2.895108051598072052e-02
1.013630107045173645e-01
1.550180315971374512e-01
1.804495304822921753e-01
1.869645118713378906e-01
1.963636577129364014e-01
2.046547681093215942e-01
1.981564015150070190e-01
1.844571530818939209e-01
1.787005960941314697e-01
1.734183132648468018e-01
1.623370796442031860e-01
1.358657926321029663e-01
9.897442162036895752e-02
6.776596605777740479e-02
9.932122379541397095e-02
8.034241199493408203e-02
9.817256778478622437e-02
7.406112551689147949e-02
9.702733159065246582e-02
7.470376789569854736e-02
9.756043553352355957e-02
8.043574541807174683e-02
9.666030108928680420e-02
8.306458592414855957e-02
1.026734635233879089e-01
6.971406936645507812e-02
8.800048381090164185e-02
9.774599969387054443e-02
9.029474854469299316e-02
1.019748598337173462e-01
7.692223787307739258e-02
1.013489067554473877e-01
9.503208100795745850e-02
1.042911037802696228e-01
8.684255182743072510e-02
9.213732928037643433e-02
1.094068139791488647e-01
8.309809863567352295e-02
9.613351523876190186e-02
1.109145134687423706e-01
8.699584752321243286e-02
1.059460043907165527e-01
1.096391454339027405e-01
1.088522300124168396e-01
1.025026589632034302e-01
1.174690052866935730e-01
9.613396227359771729e-02
1.116070747375488281e-01
1.155169382691383362e-01
1.128000319004058838e-01
1.194587796926498413e-01
1.213688254356384277e-01
1.163091734051704407e-01
1.202767267823219299e-01
1.222413480281829834e-01
1.249520182609558105e-01
1.289414167404174805e-01
1.171004176139831543e-01
1.209662333130836487e-01
1.246362254023551941e-01
1.227544322609901428e-01
1.237883046269416809e-01
1.342769116163253784e-01
1.385909169912338257e-01
1.376602798700332642e-01
1.330066025257110596e-01
1.360449641942977905e-01
1.328606903553009033e-01
1.246768310666084290e-01
1.060805842280387878e-01
5.620850622653961182e-02
-1.802627183496952057e-02
-5.421477928757667542e-02
-6.635534018278121948e-02
-6.720036268234252930e-02
-6.286428868770599365e-02
-5.591914430260658264e-02
-5.757826939225196838e-02
-5.499785393476486206e-02
-4.398032650351524353e-02
-3.527217358350753784e-02
-3.379449248313903809e-02
-1.087924558669328690e-02
6.304699927568435669e-02
2.242886126041412354e-01
2.089077532291412354e-01
2.034144848585128784e-01
2.016542106866836548e-01
1.972453296184539795e-01
1.895360499620437622e-01
1.876333355903625488e-01
1.909186989068984985e-01
1.841564327478408813e-01
1.761569231748580933e-01
1.725952029228210449e-01
1.614287942647933960e-01
1.351653933525085449e-01
1.092441529035568237e-01
8.072711527347564697e-02
1.149084195494651794e-01
9.416913241147994995e-02
9.310062974691390991e-02
1.018864512443542480e-01
7.515482604503631592e-02
1.041081398725509644e-01
8.166315406560897827e-02
1.116081327199935913e-01
7.205550372600555420e-02
1.011053100228309631e-01
8.826213330030441284e-02
1.098656877875328064e-01
8.901666104793548584e-02
1.184578239917755127e-01
7.224152982234954834e-02
9.294611215591430664e-02
1.166251450777053833e-01
8.345065265893936157e-02
9.780277311801910400e-02
1.135797873139381409e-01
8.834603428840637207e-02
1.086699068546295166e-01
1.052491217851638794e-01
1.164744719862937927e-01
1.005916669964790344e-01
1.257549971342086792e-01
8.146996796131134033e-02
8.395910263061523438e-02
8.613453060388565063e-02
8.784438669681549072e-02
8.960144966840744019e-02
1.026889160275459290e-01
1.310288757085800171e-01
1.040261089801788330e-01
1.295857131481170654e-01
1.058909744024276733e-01
1.317226141691207886e-01
1.163529306650161743e-01
1.381885707378387451e-01
1.112315133213996887e-01
1.248647868633270264e-01
1.429614722728729248e-01
1.005898192524909973e-01
8.669497817754745483e-02
5.582839995622634888e-02
6.816129665821790695e-03
-3.788942098617553711e-02
-6.253337860107421875e-02
-7.422937452793121338e-02
-6.351913511753082275e-02
-5.844171717762947083e-02
-5.779921263456344604e-02
-4.945480078458786011e-02
-4.109619185328483582e-02
-2.808724716305732727e-02
-9.225371293723583221e-03
6.412019580602645874e-02
2.114175111055374146e-01
1.998080015182495117e-01
1.979496628046035767e-01
1.925890147686004639e-01
1.850929558277130127e-01
1.890473067760467529e-01
1.815614104270935059e-01
1.736597269773483276e-01
1.733943819999694824e-01
1.671693325042724609e-01
1.604477465152740479e-01
1.336447298526763916e-01
1.037710905075073242e-01
8.032207936048507690e-02
1.127113923430442810e-01
7.875975221395492554e-02
1.196413561701774597e-01
8.542073518037796021e-02
1.146139129996299744e-01
8.225333690643310547e-02
1.125261560082435608e-01
8.079108595848083496e-02
1.178831830620765686e-01
7.913580536842346191e-02
1.019898429512977600e-01
1.010953783988952637e-01
9.430678933858871460e-02
1.177248135209083557e-01
8.098207414150238037e-02
1.009399816393852234e-01
1.202337518334388733e-01
7.972878962755203247e-02
9.142529964447021484e-02
1.163519099354743958e-01
1.011793911457061768e-01
1.244272515177726746e-01
9.058827161788940430e-02
1.075216680765151978e-01
1.265303939580917358e-01
9.378141909837722778e-02
1.138606071472167969e-01
1.322931349277496338e-01
9.975109994411468506e-02
1.118415966629981995e-01
1.383482962846755981e-01
9.673322737216949463e-02
1.019983664155006409e-01
1.118396520614624023e-01
1.301789581775665283e-01
1.336552202701568604e-01
1.350659579038619995e-01
1.348782777786254883e-01
1.397403031587600708e-01
1.368584930896759033e-01
1.496525704860687256e-01
1.185426041483879089e-01
1.159508004784584045e-01
1.046426296234130859e-01
6.675866991281509399e-02
-4.048481117933988571e-03
-4.958026483654975891e-02
-7.069161534309387207e-02
-8.027759939432144165e-02
-6.394066661596298218e-02
-6.725519895553588867e-02
-5.449888855218887329e-02
-5.669886991381645203e-02
-5.571691691875457764e-02
-4.143944382667541504e-02
-2.846498228609561920e-02
-3.218366065993905067e-03
1.163350641727447510e-01
1.744794845581054688e-01
1.992899626493453979e-01
2.060420960187911987e-01
1.971338242292404175e-01
1.923918724060058594e-01
1.958042681217193604e-01
1.914135217666625977e-01
1.842926293611526489e-01
1.786217838525772095e-01
1.692378968000411987e-01
1.675188541412353516e-01
1.605416983366012573e-01
1.392323076725006104e-01
1.154338866472244263e-01
9.229415655136108398e-02
1.020104065537452698e-01
1.002902612090110779e-01
9.685680270195007324e-02
1.046522110700607300e-01
9.285397827625274658e-02
1.056244820356369019e-01
8.788979053497314453e-02
1.235889196395874023e-01
9.020031988620758057e-02
1.225948855280876160e-01
8.368391543626785278e-02
1.199524775147438049e-01
8.886029571294784546e-02
1.257743239402770996e-01
8.287134021520614624e-02
1.133697107434272766e-01
8.813715726137161255e-02
1.219801008701324463e-01
8.959929645061492920e-02
1.227413117885589600e-01
9.193043410778045654e-02
1.222311183810234070e-01
9.764489531517028809e-02
1.239766180515289307e-01
1.015671789646148682e-01
1.361929029226303101e-01
9.778469055891036987e-02
1.226851865649223328e-01
1.305605322122573853e-01
1.130307242274284363e-01
1.397920101881027222e-01
1.024063974618911743e-01
1.107829436659812927e-01
1.270151734352111816e-01
1.498676240444183350e-01
1.020864769816398621e-01
8.934616297483444214e-02
5.816276744008064270e-02
-3.972284495830535889e-03
-4.918830469250679016e-02
-6.802757084369659424e-02
-6.814946979284286499e-02
-6.551351398229598999e-02
-6.332840770483016968e-02
-5.883717536926269531e-02
-5.146906524896621704e-02
-4.134433344006538391e-02
-3.470624983310699463e-02
-2.135821804404258728e-02
2.087276661768555641e-03
8.087322115898132324e-02
1.970498114824295044e-01
1.994857341051101685e-01
1.932538002729415894e-01
1.925678849220275879e-01
1.940166205167770386e-01
1.889122575521469116e-01
1.821508109569549561e-01
1.760782003402709961e-01
1.717035025358200073e-01
1.739049702882766724e-01
1.672875434160232544e-01
1.655784547328948975e-01
1.439213305711746216e-01
1.224772110581398010e-01
9.738429635763168335e-02
9.653341025114059448e-02
9.214691817760467529e-02
1.062372773885726929e-01
8.548212051391601562e-02
1.287564188241958618e-01
9.393136948347091675e-02
1.150575354695320129e-01
8.426237851381301880e-02
1.365230977535247803e-01
1.034058406949043274e-01
9.729465097188949585e-02
1.215517297387123108e-01
7.901319116353988647e-02
1.117792427539825439e-01
1.039471030235290527e-01
1.280822753906250000e-01
8.817926049232482910e-02
1.234731748700141907e-01
9.735287725925445557e-02
1.282468140125274658e-01
9.258154779672622681e-02
1.077588200569152832e-01
1.547917574644088745e-01
9.650973975658416748e-02
1.077295839786529541e-01
1.401130557060241699e-01
9.399318695068359375e-02
9.134021401405334473e-02
8.184160292148590088e-02
5.339594557881355286e-02
-1.054740627296268940e-03
-4.449784010648727417e-02
-5.839481949806213379e-02
-6.472852081060409546e-02
-5.958984047174453735e-02
-6.157117336988449097e-02
-4.693315550684928894e-02
-4.586904123425483704e-02
-4.208874702453613281e-02
-3.140306100249290466e-02
-2.034157514572143555e-03
5.390407145023345947e-02
2.067174613475799561e-01
1.943849921226501465e-01
1.824594885110855103e-01
1.841466277837753296e-01
1.862074136734008789e-01
1.800506860017776489e-01
1.745029538869857788e-01
1.757284402847290039e-01
1.737232953310012817e-01
1.658816933631896973e-01
1.588953584432601929e-01
1.345634758472442627e-01
1.060216724872589111e-01
9.241911023855209351e-02
1.156399324536323547e-01
9.446363896131515503e-02
1.235478222370147705e-01
9.499911218881607056e-02
1.182590276002883911e-01
8.771502226591110229e-02
1.368416100740432739e-01
1.021910831332206726e-01
1.017967462539672852e-01
1.149804890155792236e-01
9.369299560785293579e-02
1.330435425043106079e-01
9.003273397684097290e-02
1.406441926956176758e-01
9.334851801395416260e-02
1.407567560672760010e-01
8.898436278104782104e-02
1.308863759040832520e-01
9.292275458574295044e-02
1.275631487369537354e-01
1.034105047583580017e-01
1.521482914686203003e-01
9.528302401304244995e-02
1.194662451744079590e-01
1.517547518014907837e-01
9.652952104806900024e-02
1.072450801730155945e-01
1.363321840763092041e-01
1.327756643295288086e-01
1.449499726295471191e-01
1.150029003620147705e-01
1.430945694446563721e-01
1.386844068765640259e-01
1.626444160938262939e-01
9.596666693687438965e-02
5.388232693076133728e-02
-1.035561971366405487e-02
-5.821885541081428528e-02
-7.912817597389221191e-02
-6.738172471523284912e-02
-7.558055222034454346e-02
-7.297196984291076660e-02
-6.691896170377731323e-02
-6.141342222690582275e-02
-5.946334451436996460e-02
-4.938569292426109314e-02
-3.186291456222534180e-02
-7.249412592500448227e-03
1.246750447899103165e-02
1.829875111579895020e-01
2.010895460844039917e-01
2.009952366352081299e-01
1.973912417888641357e-01
1.928855478763580322e-01
1.881661415100097656e-01
1.864404380321502686e-01
1.820296347141265869e-01
1.746352761983871460e-01
1.672742664813995361e-01
1.598598957061767578e-01
1.685449331998825073e-01
1.584304124116897583e-01
1.335332989692687988e-01
1.247655078768730164e-01
1.071325093507766724e-01
9.610085934400558472e-02
1.022184267640113831e-01
1.026346683502197266e-01
9.238234907388687134e-02
1.175425499677658081e-01
9.666091948747634888e-02
1.154935881495475769e-01
9.105367958545684814e-02
1.336623728275299072e-01
1.001868844032287598e-01
1.038284078240394592e-01
1.018052399158477783e-01
1.133574992418289185e-01
9.116633981466293335e-02
1.419698297977447510e-01
1.004082635045051575e-01
1.348008513450622559e-01
8.567173779010772705e-02
1.332806050777435303e-01
8.670286089181900024e-02
1.354820430278778076e-01
8.996343612670898438e-02
1.291276812553405762e-01
9.996863454580307007e-02
1.539581567049026489e-01
9.240877628326416016e-02
1.167595610022544861e-01
1.562240868806838989e-01
9.177624434232711792e-02
9.304197132587432861e-02
9.128698706626892090e-02
8.475131541490554810e-02
5.665541440248489380e-02
1.038609165698289871e-02
-4.384751617908477783e-02
-6.294615566730499268e-02
-6.772716343402862549e-02
-7.374225556850433350e-02
-6.212567538022994995e-02
-5.649257078766822815e-02
-4.736412316560745239e-02
-4.593639820814132690e-02
-3.153568878769874573e-02
-1.686855405569076538e-02
5.504303798079490662e-02
2.468993365764617920e-01
2.029443234205245972e-01
1.938991099596023560e-01
1.868354976177215576e-01
1.882100403308868408e-01
1.814930588006973267e-01
1.791585981845855713e-01
1.743122488260269165e-01
1.646767407655715942e-01
1.629438400268554688e-01
1.615542918443679810e-01
1.299256682395935059e-01
1.003088355064392090e-01
1.139699295163154602e-01
1.001061201095581055e-01
1.198943853378295898e-01
9.586042165756225586e-02
1.303425133228302002e-01
1.074883416295051575e-01
1.042176038026809692e-01
1.142027825117111206e-01
9.597536921501159668e-02
1.411210000514984131e-01
1.119828224182128906e-01
1.008756980299949646e-01
1.368501484394073486e-01
9.123089164495468140e-02
1.573582440614700317e-01
1.071036681532859802e-01
1.421578824520111084e-01
9.879927337169647217e-02
1.503683626651763916e-01
9.410292655229568481e-02
1.387692093849182129e-01
8.578265458345413208e-02
1.053689643740653992e-01
1.695239841938018799e-01
1.077230051159858704e-01
1.623951047658920288e-01
9.733660519123077393e-02
1.061037927865982056e-01
1.339495033025741577e-01
1.611394584178924561e-01
9.157762676477432251e-02
6.165593862533569336e-02
4.065002314746379852e-03
-4.985472559928894043e-02
-7.456419616937637329e-02
-7.703831046819686890e-02
-6.629088521003723145e-02
-6.746950000524520874e-02
-6.661753356456756592e-02
-6.314412504434585571e-02
-5.452803149819374084e-02
-4.120152443647384644e-02
-2.795361541211605072e-02
-1.190441474318504333e-02
1.051391065120697021e-01
1.617535501718521118e-01
1.842852681875228882e-01
1.911554485559463501e-01
1.857061088085174561e-01
1.861651241779327393e-01
1.871128380298614502e-01
1.808605492115020752e-01
1.749860644340515137e-01
1.642824113368988037e-01
1.627991497516632080e-01
1.625142544507980347e-01
1.631514132022857666e-01
1.581758409738540649e-01
1.233297288417816162e-01
1.024852693080902100e-01
9.885574132204055786e-02
1.044958904385566711e-01
9.706252813339233398e-02
1.115015968680381775e-01
9.394085407257080078e-02
1.199214756488800049e-01
9.835209697484970093e-02
1.129809096455574036e-01
8.437997847795486450e-02
1.619784981012344360e-01
1.279944628477096558e-01
9.493718296289443970e-02
1.409922689199447632e-01
1.011561304330825806e-01
1.373450309038162231e-01
8.600270748138427734e-02
1.468418836593627930e-01
9.878052026033401489e-02
1.571289300918579102e-01
1.052746847271919250e-01
1.592901051044464111e-01
9.463952481746673584e-02
1.364402025938034058e-01
8.794087916612625122e-02
1.055089607834815979e-01
1.572261005640029907e-01
8.689507097005844116e-02
8.418474346399307251e-02
7.015270739793777466e-02
2.806670404970645905e-02
-3.355037793517112732e-02
-6.241703405976295471e-02
-7.410819083452224731e-02
-7.182259112596511841e-02
-7.169397920370101929e-02
-6.982153654098510742e-02
-5.680254846811294556e-02
-4.598937183618545532e-02
-4.233645275235176086e-02
-2.584364078938961029e-02
-1.182253193110227585e-02
8.674644678831100464e-02
1.669339090585708618e-01
1.828078180551528931e-01
1.881280392408370972e-01
1.923024356365203857e-01
1.807080209255218506e-01
1.677273511886596680e-01
1.686648130416870117e-01
1.626110374927520752e-01
1.617934703826904297e-01
1.626004576683044434e-01
1.549385339021682739e-01
1.529877483844757080e-01
1.537390500307083130e-01
1.254736483097076416e-01
1.108937337994575500e-01
8.719796687364578247e-02
1.323181092739105225e-01
1.098606139421463013e-01
9.641912579536437988e-02
1.149923354387283325e-01
8.598133921623229980e-02
1.577021628618240356e-01
1.354932337999343872e-01
9.385246038436889648e-02
1.448408067226409912e-01
1.003587618470191956e-01
1.247934550046920776e-01
8.681382238864898682e-02
1.553283631801605225e-01
1.098189726471900940e-01
1.189885362982749939e-01
1.003979369997978210e-01
1.617171615362167358e-01
1.096469908952713013e-01
1.551525294780731201e-01
9.057270735502243042e-02
1.270416826009750366e-01
1.278870403766632080e-01
1.380800306797027588e-01
1.036408171057701111e-01
1.437764912843704224e-01
1.014819666743278503e-01
1.231601312756538391e-01
1.822469830513000488e-01
9.276755899190902710e-02
6.210089847445487976e-02
-5.984217394143342972e-03
-5.743170902132987976e-02
-7.468019425868988037e-02
-7.546078413724899292e-02
-7.586195319890975952e-02
-6.739411503076553345e-02
-7.031372189521789551e-02
-6.061469390988349915e-02
-5.728436261415481567e-02
-4.962040856480598450e-02
-4.043569415807723999e-02
-2.257710881531238556e-02
4.631193354725837708e-03
1.746133565902709961e-01
1.945656538009643555e-01
1.958327591419219971e-01
1.885028332471847534e-01
1.816412955522537231e-01
1.774726957082748413e-01
1.778205037117004395e-01
1.702441126108169556e-01
1.745140999555587769e-01
1.660874933004379272e-01
1.619008481502532959e-01
1.536485403776168823e-01
1.527047157287597656e-01
1.472544074058532715e-01
1.275379210710525513e-01
1.099422127008438110e-01
9.382750838994979858e-02
1.168228313326835632e-01
1.017916202545166016e-01
1.049525216221809387e-01
1.010332107543945312e-01
1.034455075860023499e-01
9.899092465639114380e-02
1.039261147379875183e-01
1.035920009016990662e-01
9.614571928977966309e-02
1.259852647781372070e-01
9.468554705381393433e-02
1.392999142408370972e-01
9.540515393018722534e-02
1.520433723926544189e-01
1.065497845411300659e-01
1.163978129625320435e-01
8.789172768592834473e-02
1.679210066795349121e-01
1.132634058594703674e-01
1.172731593251228333e-01
1.223609745502471924e-01
9.960565716028213501e-02
1.664120554924011230e-01
1.103002279996871948e-01
1.711078286170959473e-01
9.979492425918579102e-02
1.563001424074172974e-01
8.327132463455200195e-02
8.196008950471878052e-02
6.740213185548782349e-02
2.450221776962280273e-02
-3.285997733473777771e-02
-6.843549013137817383e-02
-6.782910227775573730e-02
-7.410325109958648682e-02
-6.675172597169876099e-02
-7.192160934209823608e-02
-5.841599032282829285e-02
-5.975407361984252930e-02
-5.735773220658302307e-02
-3.276712819933891296e-02
-1.850946433842182159e-02
1.129064522683620453e-02
1.630168706178665161e-01
1.781829148530960083e-01
1.873620301485061646e-01
1.860931366682052612e-01
1.874423325061798096e-01
1.803428232669830322e-01
1.773807555437088013e-01
1.742083877325057983e-01
1.711147129535675049e-01
1.700639724731445312e-01
1.581280678510665894e-01
1.517103165388107300e-01
1.561682075262069702e-01
1.421694159507751465e-01
1.202859953045845032e-01
1.018007248640060425e-01
9.368151426315307617e-02
1.132297143340110779e-01
9.345319122076034546e-02
1.160777360200881958e-01
9.613183885812759399e-02
1.128343716263771057e-01
8.965940028429031372e-02
1.452314257621765137e-01
1.100164577364921570e-01
7.883873581886291504e-02
1.708729565143585205e-01
1.270923167467117310e-01
8.699314296245574951e-02
1.658133268356323242e-01
1.180371567606925964e-01
8.850700408220291138e-02
1.729778200387954712e-01
1.186462342739105225e-01
1.110677421092987061e-01
1.466280668973922729e-01
8.022890239953994751e-02
1.114897951483726501e-01
1.698694676160812378e-01
1.026402637362480164e-01
1.686458885669708252e-01
8.466646075248718262e-02
7.903088629245758057e-02
5.844327434897422791e-02
4.601207561790943146e-03
-5.128820240497589111e-02
-7.605025172233581543e-02
-8.098710328340530396e-02
-7.602816820144653320e-02
-7.270395755767822266e-02
-6.300476938486099243e-02
-6.685032695531845093e-02
-5.883210152387619019e-02
-4.639102518558502197e-02
-3.501699119806289673e-02
-1.317113917320966721e-02
1.630308665335178375e-02
2.048652619123458862e-01
1.970889866352081299e-01
1.885316967964172363e-01
1.812944412231445312e-01
1.797979474067687988e-01
1.781392395496368408e-01
1.736240535974502563e-01
1.658984124660491943e-01
1.637908965349197388e-01
1.619670987129211426e-01
1.552224159240722656e-01
1.568111926317214966e-01
1.434209942817687988e-01
1.413053870201110840e-01
1.133846566081047058e-01
9.987694025039672852e-02
1.019429787993431091e-01
9.601968526840209961e-02
1.071932911872863770e-01
9.819237887859344482e-02
1.046705767512321472e-01
9.196919202804565430e-02
1.242759972810745239e-01
9.642767906188964844e-02
1.174740046262741089e-01
8.888660371303558350e-02
1.527347266674041748e-01
1.147616654634475708e-01
8.837838470935821533e-02
1.699643880128860474e-01
1.216785460710525513e-01
8.510603010654449463e-02
1.790412813425064087e-01
1.304803788661956787e-01
8.810384571552276611e-02
1.670922785997390747e-01
1.056336313486099243e-01
1.662559658288955688e-01
1.002787202596664429e-01
1.765924543142318726e-01
1.046931073069572449e-01
1.808581799268722534e-01
9.796949476003646851e-02
1.307980865240097046e-01
1.548179984092712402e-01
8.042429387569427490e-02
5.257939547300338745e-02
-1.014795340597629547e-02
-6.881076097488403320e-02
-7.653595507144927979e-02
-7.872827351093292236e-02
-7.520508766174316406e-02
-7.142636179924011230e-02
-6.467906385660171509e-02
-6.969521194696426392e-02
-5.678711831569671631e-02
-5.188485234975814819e-02
-4.138230904936790466e-02
-3.125256672501564026e-02
-6.152074318379163742e-03
1.369101405143737793e-01
1.682327389717102051e-01
1.837636679410934448e-01
1.907926946878433228e-01
1.830517351627349854e-01
1.790020763874053955e-01
1.776248663663864136e-01
1.750665903091430664e-01
1.713326573371887207e-01
1.616947352886199951e-01
1.572212576866149902e-01
1.506602317094802856e-01
1.541600823402404785e-01
1.532008498907089233e-01
1.430135220289230347e-01
1.283950209617614746e-01
1.056974902749061584e-01
9.777990728616714478e-02
9.299929440021514893e-02
1.145723611116409302e-01
1.004459559917449951e-01
1.020911857485771179e-01
1.049330309033393860e-01
9.567692875862121582e-02
1.086446642875671387e-01
9.492485970258712769e-02
1.173781603574752808e-01
8.911042660474777222e-02
1.545597314834594727e-01
1.142892763018608093e-01
8.101197332143783569e-02
1.835882812738418579e-01
1.369830071926116943e-01
9.680933505296707153e-02
1.616116315126419067e-01
1.043477356433868408e-01
1.463159918785095215e-01
8.162166923284530640e-02
1.456966400146484375e-01
8.382379263639450073e-02
1.469049155712127686e-01
8.872314542531967163e-02
1.413451880216598511e-01
8.647619932889938354e-02
1.286981850862503052e-01
1.466756612062454224e-01
9.126029908657073975e-02
1.183407902717590332e-01
2.033133804798126221e-01
1.209951192140579224e-01
1.945841163396835327e-01
1.097388714551925659e-01
1.468195617198944092e-01
1.574458479881286621e-01
1.169784292578697205e-01
1.421199589967727661e-01
2.061437517404556274e-01
1.039780005812644958e-01
6.336367130279541016e-02
-2.126712724566459656e-02
-7.535596191883087158e-02
-7.692052423954010010e-02
-8.456245064735412598e-02
-7.566040009260177612e-02
-7.035762816667556763e-02
-6.753504276275634766e-02
-7.304521650075912476e-02
-6.201736256480216980e-02
-5.556422844529151917e-02
-4.473129287362098694e-02
-2.935446798801422119e-02
-8.559837937355041504e-03
2.189495265483856201e-01
2.020873576402664185e-01
1.883574277162551880e-01
1.822235286235809326e-01
1.732835769653320312e-01
1.807464212179183960e-01
1.738455742597579956e-01
1.688264608383178711e-01
1.715454012155532837e-01
1.749064922332763672e-01
1.711932420730590820e-01
1.655875742435455322e-01
1.640716046094894409e-01
1.623616218566894531e-01
1.567931026220321655e-01
1.318569183349609375e-01
1.153230965137481689e-01
1.068579927086830139e-01
1.064028516411781311e-01
9.603882580995559692e-02
1.133343279361724854e-01
9.986326098442077637e-02
1.057068780064582825e-01
1.032790169119834900e-01
9.425827860832214355e-02
1.169911623001098633e-01
1.029059216380119324e-01
1.000562235713005066e-01
1.079965308308601379e-01
9.980947524309158325e-02
1.042401716113090515e-01
9.127137064933776855e-02
1.543704271316528320e-01
1.187105402350425720e-01
9.582629799842834473e-02
1.443573832511901855e-01
9.752848744392395020e-02
1.503611207008361816e-01
9.573367238044738770e-02
1.756859868764877319e-01
1.182054206728935242e-01
1.026424020528793335e-01
1.664589345455169678e-01
1.073884740471839905e-01
1.737124472856521606e-01
1.099536344408988953e-01
1.825960427522659302e-01
1.113661751151084900e-01
1.894652694463729858e-01
1.156853437423706055e-01
1.916360557079315186e-01
1.078117340803146362e-01
1.723443865776062012e-01
8.338761329650878906e-02
4.979820176959037781e-02
-1.821869611740112305e-02
-5.859979987144470215e-02
-7.575710117816925049e-02
-7.061725854873657227e-02
-6.821456551551818848e-02
-7.871688157320022583e-02
-6.929658353328704834e-02
-7.306893914937973022e-02
-6.257749348878860474e-02
-5.713922902941703796e-02
-5.084064230322837830e-02
-4.050246626138687134e-02
-1.655107364058494568e-02
2.597811631858348846e-02
2.697779536247253418e-01
2.078542411327362061e-01
1.953272521495819092e-01
1.772544533014297485e-01
1.750732958316802979e-01
1.742428094148635864e-01
1.758710443973541260e-01
1.626803427934646606e-01
1.622788012027740479e-01
1.564831137657165527e-01
1.531229019165039062e-01
1.466148793697357178e-01
1.452771723270416260e-01
1.446034014225006104e-01
1.336493492126464844e-01
1.131007224321365356e-01
9.255261719226837158e-02
1.083651408553123474e-01
1.031665354967117310e-01
9.587211906909942627e-02
1.018930375576019287e-01
1.002364829182624817e-01
1.052711382508277893e-01
9.037256240844726562e-02
1.230903491377830505e-01
9.920211136341094971e-02
9.625323116779327393e-02
1.121118217706680298e-01
9.040190279483795166e-02
1.438696533441543579e-01
1.005037724971771240e-01
1.096732914447784424e-01
9.269951283931732178e-02
1.479358524084091187e-01
1.017236858606338501e-01
1.269859373569488525e-01
8.081360906362533569e-02
1.899893134832382202e-01
1.468502134084701538e-01
8.356615900993347168e-02
1.827792823314666748e-01
1.285490393638610840e-01
9.130437672138214111e-02
1.866845339536666870e-01
1.222300678491592407e-01
1.343772262334823608e-01
9.255357831716537476e-02
1.484652608633041382e-01
8.325590193271636963e-02
1.012188494205474854e-01
1.670501679182052612e-01
8.602960407733917236e-02
8.988347649574279785e-02
9.802733361721038818e-02
1.194473505020141602e-01
2.041573822498321533e-01
1.089539453387260437e-01
1.413130313158035278e-01
2.005583494901657104e-01
9.772765636444091797e-02
6.761498749256134033e-02
-5.475815851241350174e-05
-5.095706135034561157e-02
-7.407490164041519165e-02
-7.876457273960113525e-02
-8.332354575395584106e-02
-6.922517716884613037e-02
-6.993284076452255249e-02
-6.318627297878265381e-02
-5.368012189865112305e-02
-4.999527335166931152e-02
-3.073193319141864777e-02
-1.350387185811996460e-02
1.256616413593292236e-02
2.684093713760375977e-01
2.049790620803833008e-01
1.938039064407348633e-01
1.779798418283462524e-01
1.751909852027893066e-01
1.668796092271804810e-01
1.640419811010360718e-01
1.633371412754058838e-01
1.594208478927612305e-01
1.619699895381927490e-01
1.531083285808563232e-01
1.500242948532104492e-01
1.468891203403472900e-01
1.353951841592788696e-01
1.289189010858535767e-01
1.132226288318634033e-01
1.037019714713096619e-01
1.014437228441238403e-01
1.063752323389053345e-01
1.078993305563926697e-01
1.055428981781005859e-01
9.660039842128753662e-02
1.000041514635086060e-01
9.686688333749771118e-02
1.037864387035369873e-01
9.285554289817810059e-02
1.052871271967887878e-01
9.385905414819717407e-02
1.059271246194839478e-01
9.524093568325042725e-02
1.093712076544761658e-01
8.206757903099060059e-02
1.632631570100784302e-01
1.304708123207092285e-01
1.015278920531272888e-01
1.002431660890579224e-01
1.095044091343879700e-01
9.318181872367858887e-02
1.534777581691741943e-01
1.101780459284782410e-01
9.192334115505218506e-02
1.777181476354598999e-01
1.273909658193588257e-01
8.223319053649902344e-02
1.925430148839950562e-01
1.292650401592254639e-01
8.289241045713424683e-02
1.781863868236541748e-01
1.027762815356254578e-01
1.950594931840896606e-01
1.234883591532707214e-01
1.386902183294296265e-01
9.475445747375488281e-02
1.528285145759582520e-01
7.879381626844406128e-02
7.200291752815246582e-02
4.784439131617546082e-02
-5.671527236700057983e-03
-5.205167084932327271e-02
-6.606639176607131958e-02
-6.637173891067504883e-02
-7.229983806610107422e-02
-6.594654917716979980e-02
