-9.595005512237548828e-01
5.415213108062744141e-01
8.628751635551452637e-01
8.504136800765991211e-01
4.869400262832641602e-01
-7.345800399780273438e-01
9.973499774932861328e-01
7.797637581825256348e-01
-1.714595854282379150e-01
-4.866721630096435547e-01
8.694990873336791992e-01
6.993048191070556641e-01
-4.118894338607788086e-01
9.981943964958190918e-01
8.600108027458190918e-01
7.350271940231323242e-01
8.444380164146423340e-01
9.459213353693485260e-03
3.255880773067474365e-01
-7.164770364761352539e-02
-7.333981990814208984e-01
9.845991730690002441e-01
8.793585300445556641e-01
4.771349728107452393e-01
-3.522822558879852295e-01
7.966303825378417969e-01
1.209353730082511902e-01
9.610763788223266602e-01
7.921615242958068848e-01
-2.124299854040145874e-02
6.924321651458740234e-01
-6.241437196731567383e-01
8.983121514320373535e-01
5.960664749145507812e-01
-8.883098959922790527e-01
9.582715034484863281e-01
3.251148164272308350e-01
6.169769540429115295e-02
9.447275400161743164e-01
-8.487367630004882812e-01
9.843248128890991211e-01
9.406806826591491699e-01
-1.126289144158363342e-01
-7.076551020145416260e-02
-6.388788819313049316e-01
9.953379631042480469e-01
9.945210814476013184e-01
2.684313356876373291e-01
9.670664668083190918e-01
-3.263352215290069580e-01
9.867267608642578125e-01
3.091493844985961914e-01
5.100328922271728516e-01
9.661821722984313965e-01
5.079199075698852539e-01
4.826407879590988159e-02
3.514180779457092285e-01
9.456605911254882812e-01
-8.929163813591003418e-01
9.777544140815734863e-01
7.323129773139953613e-01
-1.837210506200790405e-01
6.026292443275451660e-01
9.566330313682556152e-01
-7.470052838325500488e-01
7.993332147598266602e-01
-5.961723923683166504e-01
9.169471263885498047e-01
7.098426222801208496e-01
-5.636712312698364258e-01
2.827373445034027100e-01
6.736914515495300293e-01
7.323157191276550293e-01
9.007124304771423340e-01
-2.629634141921997070e-01
4.666961431503295898e-01
-3.984993100166320801e-01
9.186284542083740234e-01
9.652483463287353516e-01
7.303643822669982910e-01
-3.416964411735534668e-01
7.088157534599304199e-01
2.925978899002075195e-01
-1.296893805265426636e-01
8.647695183753967285e-01
7.050751894712448120e-02
-5.061803013086318970e-02
-7.616717219352722168e-01
9.985757470130920410e-01
9.777334928512573242e-01
4.684748649597167969e-01
5.964148640632629395e-01
4.333930611610412598e-01
-3.464542627334594727e-01
9.166995286941528320e-01
7.471888065338134766e-01
9.313349127769470215e-01
-2.694886922836303711e-01
-8.365903794765472412e-02
8.792300820350646973e-01
9.393827319145202637e-01
-1.524366736412048340e-01
-3.321191966533660889e-01
5.034525990486145020e-01
3.707800805568695068e-01
9.697448611259460449e-01
4.800831377506256104e-01
4.634962677955627441e-01
-6.146397590637207031e-01
7.546104192733764648e-01
9.277212619781494141e-01
1.413808763027191162e-01
1.312165856361389160e-01
9.715211987495422363e-01
2.513187527656555176e-01
-4.664110541343688965e-01
7.634968161582946777e-01
9.790524244308471680e-01
-2.659720182418823242e-01
-5.451627373695373535e-01
-5.967515707015991211e-01
9.845827817916870117e-01
7.331690788269042969e-01
9.974597096443176270e-01
6.986957788467407227e-01
9.176568984985351562e-01
-6.359191536903381348e-01
7.882446646690368652e-01
4.624512195587158203e-01
8.495985269546508789e-01
-1.944200098514556885e-01
4.387410357594490051e-03
-1.189310327172279358e-01
9.472873210906982422e-01
4.560364484786987305e-01
6.832374259829521179e-03
-3.907824456691741943e-01
9.137043952941894531e-01
9.702432155609130859e-01
-3.844472765922546387e-01
9.655103683471679688e-01
1.539466977119445801e-01
9.393922686576843262e-01
-6.784141063690185547e-01
9.045369625091552734e-01
9.056165814399719238e-01
-1.016075257211923599e-02
3.701624870300292969e-01
6.681076288223266602e-01
9.278662204742431641e-01
2.071887403726577759e-01
9.648276567459106445e-01
-8.592585325241088867e-01
-4.506844580173492432e-01
9.767116904258728027e-01
8.413163423538208008e-01
9.979968667030334473e-01
-4.565156102180480957e-01
3.335130512714385986e-01
-1.559107154607772827e-01
9.619536399841308594e-01
-8.980602622032165527e-01
8.329942822456359863e-01
-3.988160490989685059e-01
8.146864175796508789e-01
5.689613223075866699e-01
9.486433267593383789e-01
9.539681673049926758e-01
7.817438840866088867e-01
-1.291674077510833740e-01
-8.371111154556274414e-01
9.945396780967712402e-01
6.938334703445434570e-01
9.730684757232666016e-01
-4.955261051654815674e-01
3.768274486064910889e-01
9.139558076858520508e-01
5.897886753082275391e-01
1.925618797540664673e-01
1.672199815511703491e-01
7.673379778861999512e-01
1.482678353786468506e-01
3.276493549346923828e-01
-3.303877636790275574e-02
6.690052747726440430e-01
-7.848841547966003418e-01
6.666040420532226562e-01
9.114432334899902344e-01
7.779420018196105957e-01
-1.089943796396255493e-01
-1.038553491234779358e-01
1.820105612277984619e-01
9.185169935226440430e-01
9.892687797546386719e-01
9.594829678535461426e-01
-4.464839398860931396e-01
-8.304689079523086548e-02
9.925681352615356445e-01
7.708942890167236328e-01
-9.533793330192565918e-01
2.610276043415069580e-01
8.551486134529113770e-01
9.903714060783386230e-01
8.677489161491394043e-01
3.048466444015502930e-01
-5.937123894691467285e-01
8.750247359275817871e-01
-9.149400591850280762e-01
5.193929672241210938e-01
4.781361818313598633e-01
8.452971577644348145e-01
6.579629778861999512e-01
-3.036072477698326111e-03
6.470686197280883789e-01
9.785216450691223145e-01
5.189329385757446289e-01
-8.318548798561096191e-01
5.746580958366394043e-01
-8.546584844589233398e-01
9.874657392501831055e-01
1.062197759747505188e-01
8.956124186515808105e-01
9.690092802047729492e-01
3.583746850490570068e-01
-5.184111744165420532e-02
9.144758582115173340e-01
3.963285088539123535e-01
-4.538580775260925293e-02
8.845790624618530273e-01
9.217654466629028320e-01
-3.273566663265228271e-01
9.074352383613586426e-01
6.905695199966430664e-01
-3.121142685413360596e-01
9.650562405586242676e-01
-8.173621445894241333e-02
-2.491817995905876160e-02
-3.804022371768951416e-01
9.878985881805419922e-01
5.223218202590942383e-01
5.517582893371582031e-01
-8.934163451194763184e-01
9.711061716079711914e-01
-1.696609854698181152e-01
9.408861398696899414e-01
9.344888925552368164e-01
-5.889590978622436523e-01
9.603729844093322754e-01
-7.792633175849914551e-01
9.979356527328491211e-01
5.950296521186828613e-01
8.551263213157653809e-01
9.547488689422607422e-01
7.393293380737304688e-01
-9.089726805686950684e-01
-2.467060089111328125e-02
8.337765932083129883e-01
6.392481327056884766e-01
7.814710736274719238e-01
-1.630867719650268555e-01
8.056932091712951660e-01
7.184990644454956055e-01
-9.078133702278137207e-01
9.380319714546203613e-01
6.950710415840148926e-01
-4.665668588131666183e-03
9.906483292579650879e-01
-3.691783249378204346e-01
9.470677375793457031e-01
4.542765393853187561e-02
-8.612322211265563965e-01
9.911535978317260742e-01
-3.463463187217712402e-01
9.950500726699829102e-01
9.757999181747436523e-01
2.778887152671813965e-01
1.015854328870773315e-01
-8.474858105182647705e-02
9.254701137542724609e-01
2.772521078586578369e-01
9.707070589065551758e-01
9.008743762969970703e-01
-7.371526956558227539e-01
9.185418486595153809e-01
-9.009896516799926758e-01
9.841926693916320801e-01
8.521263599395751953e-01
9.230777621269226074e-01
2.602545311674475670e-03
-2.073075920343399048e-01
7.436029314994812012e-01
1.101952642202377319e-01
-6.687826514244079590e-01
9.844983220100402832e-01
9.150964617729187012e-01
9.967948198318481445e-01
7.041989564895629883e-01
5.161522030830383301e-01
3.676399588584899902e-01
-3.526135385036468506e-01
-7.778275012969970703e-01
9.418737888336181641e-01
9.605473279953002930e-01
9.802800416946411133e-01
-5.134150385856628418e-01
-8.349540233612060547e-01
9.837137460708618164e-01
-2.037021517753601074e-01
5.462534427642822266e-01
9.076290130615234375e-01
-7.189482450485229492e-01
9.924201369285583496e-01
9.472408890724182129e-01
9.837536811828613281e-01
-5.750667452812194824e-01
9.208219051361083984e-01
6.659804284572601318e-02
8.403176665306091309e-01
9.640294909477233887e-01
9.236724376678466797e-01
-7.201781868934631348e-01
2.442335784435272217e-01
8.759449720382690430e-01
-1.892679333686828613e-01
7.350432276725769043e-01
-1.261451542377471924e-01
-5.253424644470214844e-01
6.606659293174743652e-01
8.311867117881774902e-01
-4.870741069316864014e-01
8.701562285423278809e-01
4.923806786537170410e-01
4.942536950111389160e-01
8.382324576377868652e-01
3.462205529212951660e-01
-6.871944069862365723e-01
8.747485876083374023e-01
9.791262745857238770e-01
9.650915265083312988e-01
4.423374235630035400e-01
2.761852145195007324e-01
1.357350647449493408e-01
3.999797999858856201e-01
7.974355816841125488e-01
-9.139549136161804199e-01
9.800119400024414062e-01
-8.021302223205566406e-01
9.322922229766845703e-01
-2.110081017017364502e-01
3.259089887142181396e-01
9.974575638771057129e-01
9.727317690849304199e-01
-8.930908441543579102e-01
9.998940229415893555e-01
9.958233237266540527e-01
7.739666104316711426e-01
-7.997392416000366211e-01
4.470360577106475830e-01
9.881389141082763672e-01
1.816948056221008301e-01
4.518170952796936035e-01
4.018574357032775879e-01
4.227214455604553223e-01
9.229378700256347656e-01
1.033519804477691650e-01
2.499605063349008560e-03
9.893081188201904297e-01
-6.100046634674072266e-01
9.188495874404907227e-01
4.298471212387084961e-01
-9.476824402809143066e-01
9.094552993774414062e-01
-3.163429498672485352e-01
9.791818261146545410e-01
8.815651535987854004e-01
8.729310631752014160e-01
-7.038137316703796387e-01
9.037989377975463867e-01
-7.447125315666198730e-01
7.725062966346740723e-01
9.664458632469177246e-01
-4.723175168037414551e-01
8.714796900749206543e-01
8.663491606712341309e-01
9.072982668876647949e-01
5.098319649696350098e-01
7.977057099342346191e-01
-4.006874263286590576e-01
9.607504606246948242e-01
-6.718501448631286621e-01
8.246996402740478516e-01
9.139125347137451172e-01
-6.034292578697204590e-01
-3.714340627193450928e-01
9.298179149627685547e-01
9.346567392349243164e-01
-8.369134068489074707e-01
9.879952073097229004e-01
9.217033982276916504e-01
6.900336742401123047e-01
-5.699064731597900391e-01
7.033048272132873535e-01
3.788553476333618164e-01
9.900741577148437500e-01
8.492158651351928711e-01
-6.424345374107360840e-01
2.377409636974334717e-01
1.172081381082534790e-01
7.734768390655517578e-01
5.660273432731628418e-01
-3.491940200328826904e-01
-8.110735416412353516e-01
9.988095760345458984e-01
9.487525820732116699e-01
3.544896543025970459e-01
9.022440761327743530e-02
-8.557415008544921875e-02
9.928040504455566406e-01
5.470381379127502441e-01
9.872545599937438965e-01
-2.413116544485092163e-01
2.577480077743530273e-01
9.395099282264709473e-01
9.388845562934875488e-01
1.281152665615081787e-01
-1.363614052534103394e-01
8.181693553924560547e-01
8.079912662506103516e-01
-5.103387832641601562e-01
7.891481518745422363e-01
-8.400366902351379395e-01
9.821126461029052734e-01
-6.205763816833496094e-01
9.916223883628845215e-01
-2.316807061433792114e-01
9.897951483726501465e-01
7.900165915489196777e-01
6.384817361831665039e-01
9.485880732536315918e-01
-7.551528513431549072e-02
4.932648241519927979e-01
-6.615355610847473145e-01
9.792017936706542969e-01
-4.873892758041620255e-03
9.887799620628356934e-01
6.273623108863830566e-01
-7.699202299118041992e-01
9.044160842895507812e-01
-3.278781771659851074e-01
9.238085746765136719e-01
8.985134363174438477e-01
6.712898015975952148e-01
9.306783080101013184e-01
-3.952066004276275635e-01
5.062925219535827637e-01
7.549741864204406738e-01
-9.942296147346496582e-01
3.701657056808471680e-01
9.865954518318176270e-01
-2.954193055629730225e-01
7.187242507934570312e-01
-1.027394011616706848e-01
7.958236932754516602e-01
-2.857935428619384766e-01
6.912170052528381348e-01
-1.793228089809417725e-02
9.926423430442810059e-01
-2.701282501220703125e-04
9.059162735939025879e-01
9.933356046676635742e-01
-2.945082783699035645e-01
7.343395054340362549e-02
-3.667627274990081787e-01
9.404711723327636719e-01
-1.859377175569534302e-01
6.940052509307861328e-01
8.358339071273803711e-01
7.485819458961486816e-01
8.563219755887985229e-02
9.929141402244567871e-01
8.446084856986999512e-01
-4.000075161457061768e-01
7.961162328720092773e-01
2.464161515235900879e-01
7.044500708580017090e-01
9.725574851036071777e-01
-9.919635057449340820e-01
8.547320961952209473e-01
9.741166234016418457e-01
3.571518063545227051e-01
-7.646400332450866699e-01
5.051594972610473633e-01
6.994061470031738281e-01
-9.576829671859741211e-01
3.282153904438018799e-01
9.478147625923156738e-01
9.677088856697082520e-01
-6.447957158088684082e-01
7.991039156913757324e-01
8.402805328369140625e-01
9.178764224052429199e-01
-4.681655168533325195e-01
8.691902756690979004e-01
6.155661940574645996e-01
-1.706954836845397949e-02
5.680478215217590332e-01
9.612953662872314453e-01
2.407884448766708374e-01
-5.600066781044006348e-01
8.291406631469726562e-01
-5.880988836288452148e-01
1.701458916068077087e-02
-6.206345558166503906e-02
9.829649329185485840e-01
9.922070503234863281e-01
7.859961390495300293e-01
6.669976711273193359e-01
9.692745208740234375e-01
4.469069540500640869e-01
-8.876972198486328125e-01
4.658043682575225830e-01
-3.125070631504058838e-01
9.759711623191833496e-01
9.514718651771545410e-01
-7.702955007553100586e-01
1.259636431932449341e-01
9.564547538757324219e-01
6.098069548606872559e-01
8.626118898391723633e-01
5.523655414581298828e-01
-4.161429107189178467e-01
8.738552331924438477e-01
3.082885742187500000e-01
7.567863166332244873e-02
9.369516745209693909e-03
-7.900879979133605957e-01
9.929772615432739258e-01
9.452139139175415039e-01
6.749959588050842285e-01
8.955551981925964355e-01
6.673845052719116211e-01
-8.079555630683898926e-01
9.377464056015014648e-01
-5.706291645765304565e-02
-9.315745830535888672e-01
9.827674627304077148e-01
9.973545670509338379e-01
3.655669093132019043e-01
8.055182695388793945e-01
9.555512666702270508e-01
9.317070245742797852e-01
9.371438026428222656e-01
-4.422281384468078613e-01
-6.773995757102966309e-01
9.955953955650329590e-01
-1.514414548873901367e-01
4.950861036777496338e-01
-3.276315629482269287e-01
9.467664361000061035e-01
-2.328892610967159271e-02
-1.356988698244094849e-01
9.951962232589721680e-01
8.218673467636108398e-01
-2.599171400070190430e-01
7.371363639831542969e-01
-4.618392884731292725e-01
9.155018925666809082e-01
5.924014449119567871e-01
1.326314657926559448e-01
5.203670859336853027e-01
7.478163838386535645e-01
4.992730915546417236e-01
4.468052089214324951e-01
8.430154323577880859e-01
-1.299034357070922852e-01
-1.325028985738754272e-01
7.584638595581054688e-01
-3.915830701589584351e-02
4.485948383808135986e-01
-1.299830228090286255e-01
6.093740463256835938e-01
5.768386721611022949e-01
9.754630923271179199e-01
9.700056314468383789e-01
-7.810639739036560059e-01
-2.975831925868988037e-01
6.372469663619995117e-01
9.763780236244201660e-01
2.447850257158279419e-01
-6.517989039421081543e-01
8.412669301033020020e-01
-1.210380345582962036e-01
4.119565486907958984e-01
5.719502568244934082e-01
9.750033617019653320e-01
8.470247387886047363e-01
-4.429123699665069580e-01
9.705148339271545410e-01
7.542274594306945801e-01
-4.161569476127624512e-02
-3.236090540885925293e-01
7.367349267005920410e-01
5.582340955734252930e-01
9.151014685630798340e-01
3.453443050384521484e-01
3.882955387234687805e-02
9.878330230712890625e-01
-3.338227570056915283e-01
-3.751225769519805908e-01
8.854355216026306152e-01
9.906120300292968750e-01
-4.848492145538330078e-01
-6.296916007995605469e-01
9.749386906623840332e-01
9.593152403831481934e-01
9.776891469955444336e-01
1.634560376405715942e-01
9.469591975212097168e-01
-8.435399532318115234e-01
2.635332047939300537e-01
5.326876044273376465e-01
5.720900893211364746e-01
9.760635495185852051e-01
4.896706342697143555e-01
-6.777765750885009766e-01
6.226344704627990723e-01
3.476951420307159424e-01
7.153835892677307129e-01
8.666155338287353516e-01
8.109310269355773926e-01
-3.906448185443878174e-01
2.786278128623962402e-01
-5.700581669807434082e-01
8.023447394371032715e-01
-3.986851274967193604e-01
8.761247396469116211e-01
7.961819171905517578e-01
-6.273437142372131348e-01
9.960985183715820312e-01
9.845187067985534668e-01
9.688613414764404297e-01
1.760736852884292603e-01
5.379776358604431152e-01
-9.941750764846801758e-01
8.295694589614868164e-01
7.616603970527648926e-01
5.431442260742187500e-01
6.269982457160949707e-01
1.615580916404724121e-01
5.099529623985290527e-01
6.024097204208374023e-01
-2.732762992382049561e-01
1.763082444667816162e-01
9.486341476440429688e-01
1.805607676506042480e-01
-2.939399778842926025e-01
6.473252773284912109e-01
-2.100394070148468018e-01
-4.636966884136199951e-01
9.244999289512634277e-01
8.732389807701110840e-01
9.343844652175903320e-01
3.485741913318634033e-01
9.007057547569274902e-01
8.867214918136596680e-01
-3.935491144657135010e-01
-8.577427864074707031e-01
9.588889479637145996e-01
9.229397773742675781e-01
8.573741316795349121e-01
2.720152139663696289e-01
-9.477595090866088867e-01
7.999469041824340820e-01
7.125951051712036133e-01
-7.959443330764770508e-01
9.922031164169311523e-01
1.142046879976987839e-02
9.473798274993896484e-01
8.225761055946350098e-01
8.036227226257324219e-01
1.452760249376296997e-01
9.541411995887756348e-01
8.757274150848388672e-01
-4.077502191066741943e-01
6.848442554473876953e-01
-7.009611725807189941e-01
-5.100279450416564941e-01
9.505473375320434570e-01
7.084854841232299805e-01
6.824239492416381836e-01
-5.076115727424621582e-01
3.512079119682312012e-01
7.191911339759826660e-01
9.693211913108825684e-01
1.994694918394088745e-01
4.692697525024414062e-01
2.024393826723098755e-01
-3.607829809188842773e-01
9.319308996200561523e-01
-4.400832951068878174e-01
7.789490818977355957e-01
9.811990857124328613e-01
9.227530956268310547e-01
-2.181151323020458221e-02
8.843688964843750000e-01
-4.010832682251930237e-02
6.470896005630493164e-01
-2.682141959667205811e-01
6.822574138641357422e-02
8.193919062614440918e-01
9.236195683479309082e-01
2.870611846446990967e-01
8.980382680892944336e-01
-8.607625961303710938e-01
9.503448605537414551e-01
4.858938455581665039e-01
-7.243735790252685547e-01
-6.223705410957336426e-01
9.938755035400390625e-01
9.677026271820068359e-01
8.752256035804748535e-01
-5.946855545043945312e-01
8.102334737777709961e-01
6.543461084365844727e-01
1.817568540573120117e-01
1.475702822208404541e-01
9.061216115951538086e-01
-3.512531816959381104e-01
8.466403484344482422e-01
9.415423870086669922e-01
-4.344547092914581299e-01
9.968155622482299805e-01
4.065446555614471436e-01
9.285272955894470215e-01
5.719598010182380676e-02
-6.753717660903930664e-01
6.791896224021911621e-01
1.108615100383758545e-01
6.494086384773254395e-01
9.003488421440124512e-01
8.524226397275924683e-02
9.543345570564270020e-01
-7.707431316375732422e-01
9.030132889747619629e-01
9.698063731193542480e-01
-5.125213265419006348e-01
4.623989462852478027e-01
6.349402666091918945e-02
9.471009969711303711e-01
8.318112492561340332e-01
-2.210822403430938721e-01
2.743649184703826904e-01
7.922819852828979492e-01
7.324759364128112793e-01
-1.022100970149040222e-01
8.796174079179763794e-02
1.424629986286163330e-01
4.725177288055419922e-01
9.885896444320678711e-01
-9.274202585220336914e-01
9.980887770652770996e-01
9.788106083869934082e-01
-2.450079470872879028e-01
4.771402776241302490e-01
7.724717855453491211e-01
9.882162809371948242e-01
3.426047861576080322e-01
-5.556678771972656250e-01
7.738018035888671875e-01
9.036123156547546387e-01
1.368947029113769531e-01
-1.875564157962799072e-01
7.771531939506530762e-01
7.003268599510192871e-02
4.564063549041748047e-01
-9.580182433128356934e-01
9.616677165031433105e-01
8.118165731430053711e-01
7.061067819595336914e-01
-8.269043564796447754e-01
8.909537792205810547e-01
6.048748493194580078e-01
8.241657614707946777e-01
-8.184194564819335938e-02
8.865225315093994141e-01
5.700469389557838440e-02
8.002768754959106445e-01
-9.093924164772033691e-01
8.533623814582824707e-01
8.499835133552551270e-01
9.882885217666625977e-01
-3.822059929370880127e-01
-1.589170247316360474e-01
3.299972414970397949e-01
9.688729643821716309e-01
-5.386990308761596680e-01
6.249535083770751953e-01
9.259166121482849121e-01
6.837710738182067871e-01
6.610254049301147461e-01
-3.191633224487304688e-01
4.108105599880218506e-01
8.710977435111999512e-01
6.184464097023010254e-01
-6.942524015903472900e-02
8.623998165130615234e-01
9.066375494003295898e-01
-6.431724429130554199e-01
8.302227854728698730e-01
2.251415103673934937e-01
4.432816505432128906e-01
7.544807791709899902e-01
-1.158784329891204834e-01
-8.974715471267700195e-01
9.401960968971252441e-01
-1.591249555349349976e-01
6.561059951782226562e-01
9.405323266983032227e-01
-1.219026148319244385e-01
9.660627245903015137e-01
-4.236373007297515869e-01
9.842150211334228516e-01
9.752073884010314941e-01
6.204262971878051758e-01
-7.362242937088012695e-01
5.294138789176940918e-01
8.517728447914123535e-01
8.213822841644287109e-01
-4.714679419994354248e-01
9.581003189086914062e-01
-3.629010617733001709e-01
7.595343589782714844e-01
-6.907991170883178711e-01
7.168880105018615723e-01
6.595395803451538086e-01
5.550648570060729980e-01
9.992948770523071289e-01
6.029115319252014160e-01
5.853775143623352051e-01
-6.900182366371154785e-01
9.448724985122680664e-01
-8.742286562919616699e-01
9.562128782272338867e-01
5.918943285942077637e-01
-6.928904652595520020e-01
7.677266597747802734e-01
6.566662788391113281e-01
7.016329169273376465e-01
6.571056246757507324e-01
-4.932017326354980469e-01
8.453224897384643555e-01
-8.918403387069702148e-01
9.691664576530456543e-01
9.991193413734436035e-01
-1.597900092601776123e-01
9.845908880233764648e-01
-6.095973849296569824e-01
9.578384757041931152e-01
9.614763855934143066e-01
8.798704743385314941e-01
-7.917623221874237061e-02
7.898370623588562012e-01
-8.910754919052124023e-01
9.338082671165466309e-01
8.191014528274536133e-01
7.130070328712463379e-01
8.218292593955993652e-01
-7.343072891235351562e-01
9.572880268096923828e-01
6.347763538360595703e-01
9.062700867652893066e-01
-6.929945349693298340e-01
-8.002793192863464355e-01
8.614362478256225586e-01
8.984293341636657715e-01
6.995136737823486328e-01
-6.382761597633361816e-01
5.255793035030364990e-02
9.625289440155029297e-01
-5.354443788528442383e-01
9.947542548179626465e-01
9.520557522773742676e-01
9.367353320121765137e-01
5.016000866889953613e-01
-1.862409561872482300e-01
-1.634065508842468262e-01
5.767647624015808105e-01
8.937363624572753906e-01
6.385687589645385742e-01
-5.685002803802490234e-01
9.784423112869262695e-01
6.244212985038757324e-01
8.784750103950500488e-01
-9.495271444320678711e-01
-7.320338487625122070e-01
9.372107386589050293e-01
8.430363535881042480e-01
1.684603989124298096e-01
2.689578831195831299e-01
8.136554956436157227e-01
7.547459006309509277e-01
8.624132275581359863e-01
-7.088413089513778687e-02
-3.288581073284149170e-01
5.044348239898681641e-01
4.466183185577392578e-01
9.736843705177307129e-01
9.640499353408813477e-01
-2.067877054214477539e-01
5.035402774810791016e-01
-7.974273711442947388e-02
-2.373858094215393066e-01
9.627791047096252441e-01
2.244001775979995728e-01
7.321680784225463867e-01
9.732053875923156738e-01
8.386316895484924316e-02
-9.319230914115905762e-01
8.946306705474853516e-01
1.617948263883590698e-01
1.964109390974044800e-01
9.970747232437133789e-01
8.856507539749145508e-01
4.545076191425323486e-01
-4.618753790855407715e-01
9.941155910491943359e-01
2.418092489242553711e-01
4.400447607040405273e-01
9.883139729499816895e-01
-4.044376015663146973e-01
-4.638147950172424316e-01
9.898485541343688965e-01
8.814381361007690430e-01
-9.550106525421142578e-01
9.356613755226135254e-01
9.990644454956054688e-01
2.615257203578948975e-01
5.915974378585815430e-01
7.840624451637268066e-01
9.841012358665466309e-01
-9.754229336977005005e-03
7.823593616485595703e-01
-9.964834451675415039e-01
1.309645175933837891e-01
7.949197888374328613e-01
-6.239904165267944336e-01
4.399253427982330322e-01
7.355979084968566895e-01
4.680038690567016602e-01
9.671441912651062012e-01
5.030321478843688965e-01
2.799696326255798340e-01
-5.447801947593688965e-01
2.912076115608215332e-01
9.719567894935607910e-01
6.931614875793457031e-01
-9.224184155464172363e-01
9.989009499549865723e-01
9.844077825546264648e-01
9.678500890731811523e-01
7.413294315338134766e-01
7.148560881614685059e-01
5.585415363311767578e-01
-9.621937274932861328e-01
-9.547041058540344238e-01
9.778901338577270508e-01
6.974058747291564941e-01
9.638008475303649902e-01
6.979984045028686523e-01
-8.986648321151733398e-01
1.033373996615409851e-01
-9.507545828819274902e-02
9.412918090820312500e-01
9.543063640594482422e-01
8.928478956222534180e-01
8.809106349945068359e-01
1.753885447978973389e-01
-6.325852274894714355e-01
9.815116524696350098e-01
9.834280610084533691e-01
-6.928662955760955811e-02
-7.602830231189727783e-02
9.033816456794738770e-01
-4.623470604419708252e-01
9.108313322067260742e-01
8.511556386947631836e-01
-7.812234163284301758e-01
9.896419644355773926e-01
4.628099799156188965e-01
8.127204775810241699e-01
-4.641475975513458252e-01
4.378706514835357666e-01
6.131847500801086426e-01
3.150962293148040771e-01
7.527012228965759277e-01
7.532496452331542969e-01
-9.798667430877685547e-01
6.364826560020446777e-01
9.237689971923828125e-01
-8.166739344596862793e-01
7.826449275016784668e-01
2.859010994434356689e-01
5.479168891906738281e-01
6.849649548530578613e-01
8.348789215087890625e-01
-5.536223053932189941e-01
8.757822513580322266e-01
9.178729653358459473e-01
8.846220374107360840e-01
9.385613203048706055e-01
-9.643080830574035645e-01
9.644903540611267090e-01
6.102454066276550293e-01
-5.557811260223388672e-01
3.282833397388458252e-01
-9.153200387954711914e-01
9.669648408889770508e-01
2.040542960166931152e-01
7.372723817825317383e-01
3.423147797584533691e-01
6.277721524238586426e-01
7.445331811904907227e-01
-7.495115995407104492e-01
9.713914394378662109e-01
7.928363084793090820e-01
3.147737681865692139e-01
9.439156055450439453e-01
6.563844680786132812e-01
7.920625209808349609e-01
5.196331068873405457e-03
5.141100287437438965e-01
9.926362633705139160e-01
-7.559255957603454590e-01
-1.342274248600006104e-01
1.493058204650878906e-01
3.278400599956512451e-01
7.658296227455139160e-01
4.753185212612152100e-01
5.267083644866943359e-01
-8.993449211120605469e-01
1.513294279575347900e-01
9.063266515731811523e-01
7.740633487701416016e-01
5.270878076553344727e-01
9.344864487648010254e-01
8.161587715148925781e-01
-5.559439305216073990e-03
-3.145697116851806641e-01
1.495051980018615723e-01
9.225922226905822754e-01
9.405688643455505371e-01
7.044491916894912720e-02
2.400812208652496338e-01
3.094437718391418457e-01
2.233862280845642090e-01
4.644214808940887451e-01
-6.361643671989440918e-01
9.988601207733154297e-01
9.350179433822631836e-01
9.470814466476440430e-01
-8.187188506126403809e-01
4.792782962322235107e-01
2.248268127441406250e-01
6.120748519897460938e-01
6.567108035087585449e-01
4.842114448547363281e-01
9.380393028259277344e-01
8.180430531501770020e-01
-5.491417646408081055e-01
5.967772603034973145e-01
7.130761742591857910e-01
-5.239454507827758789e-01
-7.980527877807617188e-01
9.433022141456604004e-01
8.364860415458679199e-01
2.056949138641357422e-01
7.618131637573242188e-01
6.616946458816528320e-01
4.720273017883300781e-01
4.396620690822601318e-01
-8.152024149894714355e-01
9.226130843162536621e-01
1.422782838344573975e-01
9.688978195190429688e-01
8.539361357688903809e-01
-6.470305323600769043e-01
-9.367576986551284790e-02
9.986793398857116699e-01
9.885690808296203613e-01
-3.248485624790191650e-01
9.861280322074890137e-01
3.705447316169738770e-01
-2.571269571781158447e-01
2.392105162143707275e-01
-7.669141888618469238e-02
8.898465037345886230e-01
3.996819853782653809e-01
-2.878025919198989868e-02
7.983894348144531250e-01
8.968695998191833496e-01
6.680092811584472656e-01
8.225221037864685059e-01
8.987686038017272949e-01
7.438087463378906250e-01
-7.566343545913696289e-01
-5.316603183746337891e-01
9.694463610649108887e-01
8.214830756187438965e-01
-5.451918393373489380e-02
-9.265103936195373535e-01
-1.893628686666488647e-01
9.285192489624023438e-01
8.751630783081054688e-01
6.109154820442199707e-01
7.920083403587341309e-01
-5.498027056455612183e-02
3.747687935829162598e-01
7.907419204711914062e-01
4.682880938053131104e-01
8.456587195396423340e-01
3.807633519172668457e-01
7.382434606552124023e-01
-8.614088892936706543e-01
-4.303367137908935547e-01
9.695194959640502930e-01
8.195517659187316895e-01
-1.472206860780715942e-01
7.400910258293151855e-01
2.891271114349365234e-01
9.395798444747924805e-01
1.038536652922630310e-01
9.458049535751342773e-01
-7.918883562088012695e-01
-3.915828168392181396e-01
8.402758240699768066e-01
9.687263965606689453e-01
9.906712770462036133e-01
-7.080851197242736816e-01
6.405209302902221680e-01
3.884511291980743408e-01
8.458169698715209961e-01
9.513781666755676270e-01
1.155412644147872925e-01
9.918533265590667725e-02
-1.440631598234176636e-01
9.352190494537353516e-01
-3.910832703113555908e-01
9.720266461372375488e-01
6.012334823608398438e-01
-5.169296264648437500e-01
9.894794821739196777e-01
8.075395226478576660e-01
6.778071522712707520e-01
-6.300180554389953613e-01
7.216411232948303223e-01
8.237218260765075684e-01
9.211320877075195312e-01
-7.103773355484008789e-01
7.771685123443603516e-01
2.144332379102706909e-01
-1.290834546089172363e-01
-3.865011036396026611e-01
6.912220120429992676e-01
8.885841369628906250e-01
7.524780631065368652e-01
2.744838297367095947e-01
4.367868006229400635e-01
8.791611790657043457e-01
-6.099781990051269531e-01
-1.863121241331100464e-01
1.032363921403884888e-01
8.457014560699462891e-01
9.910364151000976562e-01
8.932028412818908691e-01
1.292547583580017090e-01
1.956636160612106323e-01
-4.117286205291748047e-01
5.884494781494140625e-01
5.695619583129882812e-01
9.622838497161865234e-01
9.796977639198303223e-01
8.682789206504821777e-01
-4.070761501789093018e-01
9.260919690132141113e-01
-8.293512463569641113e-01
-4.595967382192611694e-02
1.660171747207641602e-01
7.430837750434875488e-01
-6.263531744480133057e-03
9.350836873054504395e-01
1.597756594419479370e-01
9.819113016128540039e-01
5.024075508117675781e-01
7.852386832237243652e-01
9.161282181739807129e-01
-1.631185561418533325e-01
-4.703842997550964355e-01
8.891744613647460938e-01
4.434653222560882568e-01
4.588557183742523193e-01
-9.561328887939453125e-01
-1.867298036813735962e-01
9.791814088821411133e-01
9.656669497489929199e-01
-7.898592948913574219e-01
5.530003905296325684e-01
9.362300634384155273e-01
7.827744483947753906e-01
9.939493536949157715e-01
9.821547269821166992e-01
-2.277906984090805054e-02
-4.111787378787994385e-01
8.011035919189453125e-01
8.760209679603576660e-01
-1.231462806463241577e-01
-9.307641386985778809e-01
1.788156479597091675e-01
9.959624409675598145e-01
9.889712333679199219e-01
6.893252134323120117e-01
4.449487328529357910e-01
5.141438841819763184e-01
-1.187826097011566162e-01
-9.339444041252136230e-01
9.952786564826965332e-01
9.945454597473144531e-01
8.112998008728027344e-01
9.159992337226867676e-01
-9.915426969528198242e-01
9.839267134666442871e-01
8.764159083366394043e-01
9.085249900817871094e-01
-9.649523496627807617e-01
9.910216927528381348e-01
8.586898446083068848e-01
-2.794916331768035889e-01
-4.179893434047698975e-01
8.769013881683349609e-01
-2.281458079814910889e-01
7.982750236988067627e-02
3.986851274967193604e-01
5.351625680923461914e-01
-8.813230395317077637e-01
9.973524808883666992e-01
9.595018625259399414e-01
9.177998900413513184e-01
6.359986662864685059e-01
6.208314299583435059e-01
7.021103501319885254e-01
-3.482187688350677490e-01
9.877339601516723633e-01
-2.774861454963684082e-01
9.729697704315185547e-01
2.505190968513488770e-01
-5.124583244323730469e-01
9.636633396148681641e-01
4.142035171389579773e-02
-3.168300092220306396e-01
4.449613094329833984e-01
9.395854473114013672e-01
9.432244300842285156e-01
8.180540204048156738e-01
-1.225553173571825027e-02
2.772332914173603058e-02
6.034354567527770996e-01
9.439268112182617188e-01
9.116703271865844727e-01
1.229056790471076965e-01
5.029401183128356934e-01
-9.689760804176330566e-01
4.520900845527648926e-01
4.557446837425231934e-01
-3.019701242446899414e-01
6.808885335922241211e-01
4.677781164646148682e-01
1.620766371488571167e-01
-1.147949695587158203e-01
8.251507282257080078e-01
9.524469971656799316e-01
-4.078243374824523926e-01
7.481533885002136230e-01
9.916295409202575684e-01
8.602453470230102539e-01
-7.981707453727722168e-01
4.674965739250183105e-01
3.703981935977935791e-01
-4.954788386821746826e-01
7.890292406082153320e-01
8.833237290382385254e-01
8.508288264274597168e-01
3.812458515167236328e-01
6.561297774314880371e-01
-4.403801262378692627e-01
9.635657072067260742e-01
4.645994007587432861e-01
-9.588083028793334961e-01
8.033013939857482910e-01
-1.833489090204238892e-01
9.991936087608337402e-01
9.382163286209106445e-01
8.880211710929870605e-01
8.712853193283081055e-01
1.015545502305030823e-01
5.320016741752624512e-01
4.560294151306152344e-01
8.540514707565307617e-01
-1.667797937989234924e-02
-9.221056103706359863e-01
-4.343263208866119385e-01
9.542469978332519531e-01
2.559546232223510742e-01
4.890306890010833740e-01
5.917268395423889160e-01
6.952017545700073242e-01
5.766081809997558594e-01
-7.989311814308166504e-01
3.671396076679229736e-01
9.833208918571472168e-01
1.477129012346267700e-01
9.259265065193176270e-01
8.761464357376098633e-01
6.431424021720886230e-01
-1.468143314123153687e-01
-9.890137910842895508e-01
9.382523894309997559e-01
9.256677627563476562e-01
9.173892140388488770e-01
-4.345992207527160645e-01
8.929080367088317871e-01
-2.891652584075927734e-01
8.957148194313049316e-01
-6.803601384162902832e-01
9.995353221893310547e-01
6.709861755371093750e-01
6.420726776123046875e-01
5.116016268730163574e-01
7.166937589645385742e-01
-9.582566618919372559e-01
8.553462624549865723e-01
2.691184282302856445e-01
-4.053819477558135986e-01
9.912492632865905762e-01
9.982323646545410156e-01
8.633626699447631836e-01
-8.450253605842590332e-01
3.995141088962554932e-01
9.925109744071960449e-01
6.617204546928405762e-01
9.563360214233398438e-01
8.521212339401245117e-01
-9.514371752738952637e-01
8.011154532432556152e-01
6.927165985107421875e-01
-6.234834790229797363e-01
-7.632572650909423828e-01
9.761308431625366211e-01
8.992561101913452148e-01
9.180607795715332031e-01
-8.101324439048767090e-01
8.546793460845947266e-01
9.181144833564758301e-01
-6.188132166862487793e-01
1.806467957794666290e-02
7.610708475112915039e-01
8.605325818061828613e-01
-5.910809636116027832e-01
6.814225316047668457e-01
8.102908730506896973e-01
9.626774191856384277e-01
7.403236031532287598e-01
-1.976202987134456635e-02
8.741596341133117676e-01
3.577404618263244629e-01
2.286392301321029663e-01
9.125651717185974121e-01
-1.720035225152969360e-01
7.424087524414062500e-01
2.071795016527175903e-01
3.010953962802886963e-02
-8.729336857795715332e-01
9.007534980773925781e-01
8.988939523696899414e-01
-2.851074375212192535e-02
4.388549327850341797e-01
6.011804938316345215e-01
-2.757456898689270020e-01
1.091955900192260742e-01
8.227738142013549805e-01
4.790647327899932861e-01
3.045473396778106689e-01
5.983078479766845703e-01
3.996420204639434814e-01
9.505481123924255371e-01
-5.382995605468750000e-01
9.878263473510742188e-01
-3.836190700531005859e-02
3.553535342216491699e-01
7.753449678421020508e-01
-2.506483793258666992e-01
8.467066287994384766e-01
6.460924744606018066e-01
3.962479531764984131e-02
5.449718832969665527e-01
-4.579361677169799805e-01
8.154783248901367188e-01
7.873404622077941895e-01
1.423047930002212524e-01
-2.105213403701782227e-01
1.771527230739593506e-01
9.071416258811950684e-01
9.500699639320373535e-01
8.453018069267272949e-01
6.586036086082458496e-01
-7.156100869178771973e-01
9.927009344100952148e-01
2.901588380336761475e-01
8.497921824455261230e-01
-1.009710133075714111e-02
-2.025070972740650177e-02
-5.547763705253601074e-01
9.469628334045410156e-01
-4.339223504066467285e-01
9.901339411735534668e-01
7.415645122528076172e-01
5.525891184806823730e-01
7.248521447181701660e-01
9.439784288406372070e-01
-3.158442676067352295e-01
1.575863659381866455e-01
3.347757756710052490e-01
8.133388757705688477e-01
-1.681365668773651123e-01
6.627254486083984375e-01
2.558008730411529541e-01
-9.581232070922851562e-01
8.452755212783813477e-01
8.163530826568603516e-01
9.615944623947143555e-01
-9.373535513877868652e-01
7.102975845336914062e-01
6.636595726013183594e-01
-4.046079516410827637e-01
9.962869882583618164e-01
9.353515505790710449e-01
8.596871495246887207e-01
8.666592836380004883e-01
-9.269272089004516602e-01
9.846976995468139648e-01
-1.026102975010871887e-01
-7.553134560585021973e-01
9.405186772346496582e-01
7.504947781562805176e-01
-6.287161707878112793e-01
9.719637036323547363e-01
7.595520466566085815e-02
9.926142096519470215e-01
3.369697034358978271e-01
8.129225969314575195e-01
9.782384037971496582e-01
3.693951666355133057e-01
8.232427239418029785e-01
-2.091622948646545410e-01
8.419319987297058105e-01
-5.661695599555969238e-01
5.838366746902465820e-01
4.280102849006652832e-01
-7.149375081062316895e-01
8.693407773971557617e-01
8.178499341011047363e-01
-5.799121409654617310e-02
9.777515530586242676e-01
-4.786124527454376221e-01
-1.940713673830032349e-01
9.987742900848388672e-01
3.847531676292419434e-01
9.602218270301818848e-01
3.772247135639190674e-01
-9.244382977485656738e-01
9.963723421096801758e-01
9.895527362823486328e-01
3.386914432048797607e-01
4.540912806987762451e-02
2.491934299468994141e-01
6.474243998527526855e-01
-9.327718615531921387e-01
9.909737706184387207e-01
9.924325942993164062e-01
9.083476066589355469e-01
8.086700439453125000e-01
-5.164190530776977539e-01
9.529832601547241211e-01
-3.528095781803131104e-02
9.667533636093139648e-01
-2.384909987449645996e-01
6.735233068466186523e-01
5.928966403007507324e-01
2.254344969987869263e-01
6.671500205993652344e-02
7.741152644157409668e-01
-7.560094594955444336e-01
-4.312501549720764160e-01
7.659013271331787109e-01
9.908353686332702637e-01
9.668852090835571289e-01
3.399512171745300293e-01
-9.288812279701232910e-01
9.776628017425537109e-01
9.930174946784973145e-01
1.423382014036178589e-01
7.977370023727416992e-01
-5.640048384666442871e-01
4.230910539627075195e-01
9.865626692771911621e-01
-4.712666273117065430e-01
5.084222555160522461e-01
-3.407109677791595459e-01
9.840520620346069336e-01
9.948885440826416016e-01
7.586924433708190918e-01
9.156146049499511719e-01
1.314558833837509155e-01
9.036198258399963379e-01
-9.528978466987609863e-01
9.309873580932617188e-01
5.682573318481445312e-01
-9.281358122825622559e-01
8.925732970237731934e-01
-8.962014317512512207e-01
9.203432202339172363e-01
-3.922721445560455322e-01
9.772783517837524414e-01
2.567451000213623047e-01
9.984042644500732422e-01
9.382628202438354492e-01
8.776497095823287964e-02
4.906426370143890381e-01
9.200153946876525879e-01
2.854015231132507324e-01
7.174551486968994141e-01
-7.527423501014709473e-01
9.471172094345092773e-01
7.768899798393249512e-01
2.248218655586242676e-01
6.822100877761840820e-01
9.082427024841308594e-01
-8.784853219985961914e-01
7.759758234024047852e-01
-9.713843464851379395e-01
9.295632243156433105e-01
6.041326522827148438e-01
5.796484351158142090e-01
8.573809862136840820e-01
-3.512330949306488037e-01
-3.620911538600921631e-01
-2.490119040012359619e-01
9.856741428375244141e-01
9.302828311920166016e-01
9.449142217636108398e-01
5.886336565017700195e-01
6.227186918258666992e-01
1.937266886234283447e-01
-5.821589231491088867e-01
8.628659844398498535e-01
9.530836343765258789e-01
-8.230217695236206055e-01
9.801150560379028320e-01
-2.193512022495269775e-01
-8.833114504814147949e-01
9.931708574295043945e-01
8.316884636878967285e-01
8.779746294021606445e-01
6.097682714462280273e-01
9.203448295593261719e-01
9.095254540443420410e-01
6.171201467514038086e-01
5.851181745529174805e-01
-9.972182512283325195e-01
4.974107146263122559e-01
8.264621496200561523e-01
-2.409246116876602173e-01
-3.912779092788696289e-01
2.369354516267776489e-01
7.887324690818786621e-01
4.211800992488861084e-01
-9.524472355842590332e-01
9.277080893516540527e-01
9.840794205665588379e-01
9.678541421890258789e-01
-5.913840532302856445e-01
6.677308082580566406e-01
8.428067564964294434e-01
9.352530241012573242e-01
9.416373372077941895e-01
-7.919418811798095703e-01
1.422139257192611694e-01
9.521032571792602539e-01
7.552640438079833984e-01
-1.837178021669387817e-01
6.053929328918457031e-01
3.853739500045776367e-01
-7.724764198064804077e-02
-2.091084979474544525e-02
5.579569339752197266e-01
6.901884675025939941e-01
6.760432720184326172e-01
3.721062541007995605e-01
4.062089323997497559e-01
5.164789557456970215e-01
-9.559975266456604004e-01
9.606651067733764648e-01
8.463434576988220215e-01
-3.267733752727508545e-01
9.125205874443054199e-01
8.739215880632400513e-02
6.566031575202941895e-01
9.881547689437866211e-01
8.890499472618103027e-01
-5.496757030487060547e-01
6.486532092094421387e-01
-8.195238113403320312e-01
6.520411372184753418e-01
-1.147372424602508545e-01
4.444639086723327637e-01
5.874209403991699219e-01
-3.249036669731140137e-01
9.921377301216125488e-01
1.919983327388763428e-01
9.487012028694152832e-01
-4.894765019416809082e-01
9.902554154396057129e-01
9.570100903511047363e-01
-3.061488866806030273e-01
8.817825913429260254e-01
9.835963249206542969e-01
6.012557148933410645e-01
-6.006620526313781738e-01
7.035125494003295898e-01
9.368090033531188965e-01
4.628608822822570801e-01
-7.945331335067749023e-01
6.133731603622436523e-01
9.602323174476623535e-01
-7.638734579086303711e-01
9.684105515480041504e-01
-3.832838237285614014e-01
8.545089364051818848e-01
6.748161315917968750e-01
8.421864509582519531e-01
3.969771265983581543e-01
-8.762668073177337646e-02
5.927577614784240723e-01
-4.473403096199035645e-01
9.667525291442871094e-01
8.065522313117980957e-01
6.417747139930725098e-01
-6.430168747901916504e-01
6.766319274902343750e-01
4.131838083267211914e-01
5.116090178489685059e-01
8.438849449157714844e-01
-8.397675752639770508e-01
9.807291030883789062e-01
4.424497485160827637e-01
-1.082146689295768738e-01
-8.098160028457641602e-01
9.561492204666137695e-01
9.920614361763000488e-01
4.559719860553741455e-01
9.083957225084304810e-02
9.886748194694519043e-01
7.904521226882934570e-01
8.346288800239562988e-01
8.911330699920654297e-01
-1.446246053092181683e-03
3.200954198837280273e-01
2.139942646026611328e-01
-9.603592753410339355e-01
2.140452563762664795e-01
6.788235306739807129e-01
2.485797405242919922e-01
5.241492390632629395e-01
4.159918725490570068e-01
8.915038704872131348e-01
-3.525241613388061523e-01
9.357854127883911133e-01
-8.971703052520751953e-01
8.732596635818481445e-01
9.175565838813781738e-01
1.395755559206008911e-01
9.254685044288635254e-01
5.864554047584533691e-01
-9.180341362953186035e-01
9.958207607269287109e-01
1.306350976228713989e-01
6.714982986450195312e-01
9.187268614768981934e-01
1.858891993761062622e-01
8.263639807701110840e-01
9.659379720687866211e-01
1.197824329137802124e-01
4.959042966365814209e-01
4.992153644561767578e-01
-6.802088618278503418e-01
2.381828278303146362e-01
-1.486615091562271118e-02
9.849138855934143066e-01
-4.334586672484874725e-03
-7.417244315147399902e-01
9.142089486122131348e-01
9.358925223350524902e-01
5.821374058723449707e-01
-9.582406878471374512e-01
-3.480987846851348877e-01
-9.239102005958557129e-01
6.944652795791625977e-01
9.442294836044311523e-01
1.109145283699035645e-01
-8.370636105537414551e-01
8.736875653266906738e-01
-9.528681635856628418e-01
-6.922488212585449219e-01
-5.424716472625732422e-01
9.559718370437622070e-01
5.657702684402465820e-01
-9.573523998260498047e-01
5.633404254913330078e-01
6.831895112991333008e-01
-5.022791028022766113e-01
-8.485771417617797852e-01
-4.091969728469848633e-01
-4.406011700630187988e-01
-9.327832460403442383e-01
9.846210479736328125e-01
2.833636105060577393e-01
-5.920777916908264160e-01
-6.980040073394775391e-01
6.302694678306579590e-01
6.556221842765808105e-01
-8.354362845420837402e-01
7.858466506004333496e-01
5.172948241233825684e-01
8.688181638717651367e-01
-3.125208914279937744e-01
-6.154592633247375488e-01
-3.101242482662200928e-01
-2.367823272943496704e-01
-7.728444933891296387e-01
8.748359084129333496e-01
7.195041179656982422e-01
8.962053060531616211e-01
3.934497535228729248e-01
-7.608106136322021484e-01
4.561612606048583984e-01
-3.133066296577453613e-01
8.225535750389099121e-01
7.645530700683593750e-01
7.361150383949279785e-01
-5.921770930290222168e-01
-5.757145881652832031e-01
9.964787960052490234e-01
-1.094337552785873413e-02
-5.485898852348327637e-01
-8.593326807022094727e-01
9.119782447814941406e-01
9.955838918685913086e-01
2.344256341457366943e-01
9.578492045402526855e-01
9.454172849655151367e-01
-8.528168201446533203e-01
9.573013782501220703e-01
-1.356491148471832275e-01
8.543285131454467773e-01
4.004122912883758545e-01
-2.541053593158721924e-01
-6.829051375389099121e-01
-3.813812434673309326e-01
9.955629706382751465e-01
6.218169331550598145e-01
9.862664341926574707e-01
3.749957084655761719e-01
-7.147931456565856934e-01
9.813151955604553223e-01
-7.856221497058868408e-02
9.633918404579162598e-01
9.238089323043823242e-01
-9.930416196584701538e-02
-6.121202707290649414e-01
9.608405232429504395e-01
-7.804841995239257812e-01
9.439397454261779785e-01
9.213769435882568359e-01
9.780066609382629395e-01
-2.795933485031127930e-01
7.577899694442749023e-01
-8.438796997070312500e-01
9.123129844665527344e-01
9.207264780998229980e-01
-6.347291469573974609e-01
9.813343882560729980e-01
3.354479968547821045e-01
-6.072663515806198120e-02
7.547587156295776367e-01
9.958446025848388672e-01
8.065831661224365234e-01
8.900549262762069702e-03
7.967520356178283691e-01
9.401199817657470703e-01
-8.518372178077697754e-01
7.993026971817016602e-01
-8.774909973144531250e-01
7.965815663337707520e-01
-5.305439233779907227e-01
9.379097819328308105e-01
-8.468748331069946289e-01
8.260887265205383301e-01
9.244313836097717285e-01
7.814133167266845703e-01
7.714980244636535645e-01
2.482454180717468262e-01
-2.194680571556091309e-01
2.066477090120315552e-01
8.226395845413208008e-01
-8.897783756256103516e-01
9.935612678527832031e-01
9.945142865180969238e-01
2.384993880987167358e-01
9.330460429191589355e-01
-9.135376811027526855e-01
9.601967334747314453e-01
2.394774109125137329e-01
5.113167166709899902e-01
8.833574056625366211e-01
9.067724943161010742e-01
-8.652519583702087402e-01
2.375921308994293213e-01
9.909347295761108398e-01
9.807462692260742188e-01
-4.783593714237213135e-01
3.010495603084564209e-01
8.781083822250366211e-01
5.519141554832458496e-01
9.532076120376586914e-01
-8.554873615503311157e-02
2.930572926998138428e-01
8.722091913223266602e-01
8.093596100807189941e-01
3.729153573513031006e-01
-8.788447380065917969e-01
4.246401786804199219e-01
3.734669387340545654e-01
-8.953194618225097656e-01
9.810447692871093750e-01
8.617603778839111328e-01
7.901407480239868164e-01
3.343827128410339355e-01
-5.504091456532478333e-02
-8.538513183593750000e-01
9.976376295089721680e-01
7.764761447906494141e-01
9.683257341384887695e-01
8.837796449661254883e-01
-3.462640345096588135e-01
8.991190195083618164e-01
-8.026950955390930176e-01
7.797001600265502930e-01
-2.896851003170013428e-01
1.922792643308639526e-01
9.888986945152282715e-01
7.615777254104614258e-01
1.661200225353240967e-01
9.888453483581542969e-01
3.904387950897216797e-01
5.049613714218139648e-01
-6.642443686723709106e-02
2.513138949871063232e-01
9.964745044708251953e-01
4.023955166339874268e-01
-8.770822286605834961e-01
9.887141585350036621e-01
6.315461993217468262e-01
1.034773886203765869e-01
3.856958746910095215e-01
7.930962443351745605e-01
3.175936043262481689e-01
2.898563444614410400e-01
-8.893160820007324219e-01
9.978705048561096191e-01
-4.915451705455780029e-01
9.935527443885803223e-01
-1.751456260681152344e-01
9.793099164962768555e-01
9.658741950988769531e-01
4.659286737442016602e-01
7.722716927528381348e-01
-6.011313199996948242e-01
6.620520949363708496e-01
-8.370617032051086426e-01
9.560790061950683594e-01
4.106306433677673340e-01
9.620134234428405762e-01
8.179296851158142090e-01
4.296479523181915283e-01
-6.937196850776672363e-01
2.375352233648300171e-01
9.953091740608215332e-01
2.458914220333099365e-01
4.578205645084381104e-01
7.882801294326782227e-01
1.296227052807807922e-02
6.965210437774658203e-01
-2.535791695117950439e-01
-4.850228726863861084e-01
9.911746978759765625e-01
8.779942393302917480e-01
6.425115466117858887e-01
-2.742904722690582275e-01
9.378511309623718262e-01
9.065770506858825684e-01
-7.867582887411117554e-02
8.986295461654663086e-01
3.595325648784637451e-01
-6.048487424850463867e-01
9.386523365974426270e-01
8.736873269081115723e-01
-8.630183935165405273e-01
2.959756851196289062e-01
2.769732177257537842e-01
9.892717599868774414e-01
-6.706768870353698730e-01
-3.284561680629849434e-03
9.687864780426025391e-01
4.000402688980102539e-01
9.710468649864196777e-01
7.906102538108825684e-01
4.336411952972412109e-01
8.333011865615844727e-01
3.425490558147430420e-01
9.373232722282409668e-01
-3.812234401702880859e-01
-6.700884103775024414e-01
7.050346136093139648e-01
7.716726660728454590e-01
-3.323254585266113281e-01
-2.318104058504104614e-01
6.361081004142761230e-01
9.484235644340515137e-01
-4.639337658882141113e-01
8.127900958061218262e-01
8.358792066574096680e-01
-4.047132730484008789e-01
5.229750871658325195e-01
9.785084128379821777e-01
9.832271933555603027e-01
-8.101278543472290039e-01
8.483241200447082520e-01
7.663338184356689453e-01
-5.902299284934997559e-01
9.697905778884887695e-01
-4.974122643470764160e-01
9.279861450195312500e-01
8.673660159111022949e-01
9.225770831108093262e-01
8.021289110183715820e-01
-7.940349578857421875e-01
-5.169469714164733887e-01
9.445595145225524902e-01
8.543741106986999512e-01
7.885726094245910645e-01
-1.975980959832668304e-02
-2.815957367420196533e-01
8.569976091384887695e-01
8.287152647972106934e-01
9.226151108741760254e-01
8.641634583473205566e-01
-5.661057233810424805e-01
9.598690271377563477e-01
-6.119188666343688965e-01
-9.306830763816833496e-01
9.662228822708129883e-01
6.973024606704711914e-01
8.054425120353698730e-01
-6.916517019271850586e-01
2.650424838066101074e-01
9.649080634117126465e-01
7.666096687316894531e-01
-9.098615646362304688e-01
9.933397173881530762e-01
-2.946299314498901367e-01
4.704521596431732178e-01
9.603417515754699707e-01
9.222018718719482422e-01
9.763390421867370605e-01
-8.985071778297424316e-01
8.692035675048828125e-01
-9.057923406362533569e-02
9.997691512107849121e-01
7.752968668937683105e-01
9.642891883850097656e-01
4.491600766777992249e-02
3.263537585735321045e-01
-9.485858082771301270e-01
9.972748756408691406e-01
5.385344028472900391e-01
-2.752412259578704834e-01
9.095706939697265625e-01
8.579433560371398926e-01
-3.069786727428436279e-01
9.840567708015441895e-01
9.811950325965881348e-01
-6.469787359237670898e-01
9.884987473487854004e-01
-7.260689139366149902e-01
9.289598464965820312e-01
-4.789077211171388626e-03
1.520270109176635742e-01
9.238491207361221313e-02
1.876685172319412231e-01
9.459095597267150879e-01
9.795452952384948730e-01
9.767274260520935059e-01
1.365048736333847046e-01
-4.245340526103973389e-01
3.083855211734771729e-01
-5.318716168403625488e-01
5.506223440170288086e-01
9.845881462097167969e-01
6.298265457153320312e-01
-9.383004903793334961e-01
9.955635666847229004e-01
9.885969758033752441e-01
-2.778569757938385010e-01
9.941856265068054199e-01
9.407812952995300293e-01
-4.255050718784332275e-01
2.162862867116928101e-01
9.395236372947692871e-01
7.275006175041198730e-01
8.149903267621994019e-02
6.130979657173156738e-01
7.507686614990234375e-01
1.883805841207504272e-01
4.626689851284027100e-01
-6.018577143549919128e-02
9.005452394485473633e-01
4.940438866615295410e-01
-7.983068227767944336e-01
6.497849822044372559e-01
-8.751507401466369629e-01
