4.398705291748046875e+01
-5.646085739135742188e+01
9.812612915039062500e+01
6.521051025390625000e+01
7.873311614990234375e+01
-6.674630737304687500e+01
-3.976435852050781250e+01
1.879193878173828125e+01
4.070766925811767578e+00
-9.188821411132812500e+01
-6.880441284179687500e+01
-9.245433044433593750e+01
1.851794052124023438e+01
9.918034362792968750e+01
1.446098685264587402e+00
-1.243812847137451172e+01
-9.914875030517578125e+01
8.709467315673828125e+01
8.584010314941406250e+01
-6.442742156982421875e+01
6.419831848144531250e+01
-6.471459960937500000e+01
3.562080764770507812e+01
-5.921062850952148438e+01
6.808581829071044922e+00
-9.313770294189453125e+01
6.416145324707031250e+01
-5.701428604125976562e+01
-9.767814636230468750e+01
7.900601196289062500e+01
9.907849121093750000e+01
2.572112655639648438e+01
5.505469894409179688e+01
-9.551348114013671875e+01
-3.690816879272460938e+01
9.686043548583984375e+01
5.597534179687500000e+01
7.320750713348388672e+00
-5.840258026123046875e+01
-9.045651245117187500e+01
-4.552869415283203125e+01
-7.795904541015625000e+01
9.460334777832031250e+01
9.891292572021484375e+01
9.360556030273437500e+01
7.916308879852294922e+00
-9.641835784912109375e+01
1.874024200439453125e+01
-9.580687713623046875e+01
-5.673572921752929688e+01
-2.700124740600585938e+01
6.501105499267578125e+01
8.095951843261718750e+01
2.409998512268066406e+01
-8.884307861328125000e+01
-9.813462066650390625e+01
-1.007300662994384766e+01
9.556208801269531250e+01
4.973106765747070312e+01
9.995651245117187500e+01
-2.604871177673339844e+01
-6.300588989257812500e+01
9.881685638427734375e+01
9.925637054443359375e+01
6.652350902557373047e+00
-9.382650756835937500e+01
9.984656524658203125e+01
8.548677825927734375e+01
-9.460382080078125000e+01
-3.707631683349609375e+01
9.296189880371093750e+01
6.213564300537109375e+01
-7.999508666992187500e+01
-3.774023818969726562e+01
-4.231730651855468750e+01
7.145079803466796875e+01
5.742515945434570312e+01
5.250912857055664062e+01
-2.959459781646728516e+00
-6.710221099853515625e+01
9.406697082519531250e+01
3.979710769653320312e+01
-3.360093307495117188e+01
-2.131668090820312500e+01
9.897140502929687500e+01
9.917169189453125000e+01
3.270814895629882812e+00
-9.456634521484375000e+01
-4.934425735473632812e+01
-4.705063819885253906e+00
9.764926910400390625e+01
8.422795104980468750e+01
7.938986968994140625e+01
-7.137477111816406250e+01
3.012867927551269531e+01
-5.192421722412109375e+01
8.694816589355468750e+01
5.696875381469726562e+01
-2.956589460372924805e+00
-6.407010650634765625e+01
5.256836318969726562e+01
-9.172544860839843750e+01
5.788769531250000000e+01
-8.891615295410156250e+01
-3.749586343765258789e+00
9.835895538330078125e+01
7.961428070068359375e+01
-8.007151794433593750e+01
9.457141113281250000e+01
9.678923797607421875e+01
-5.516894531250000000e+01
3.747900390625000000e+01
8.644023132324218750e+01
-1.769759368896484375e+01
-4.782158279418945312e+01
9.747464752197265625e+01
-1.741820907592773438e+01
9.917758941650390625e+01
-8.508026885986328125e+01
7.802945709228515625e+01
7.888839721679687500e+01
1.005305767059326172e+00
-7.179973125457763672e+00
-9.329277801513671875e+01
-7.025531768798828125e+01
4.999515533447265625e+01
9.660459136962890625e+01
-6.270136260986328125e+01
-8.894484710693359375e+01
-7.372126770019531250e+01
5.591028976440429688e+01
9.448169708251953125e+01
8.767118835449218750e+01
3.945240402221679688e+01
-5.107678604125976562e+01
-3.313413238525390625e+01
9.273557281494140625e+01
8.896461486816406250e+01
3.255629730224609375e+01
-9.023114776611328125e+01
9.123056793212890625e+01
-9.740801239013671875e+01
-3.057107543945312500e+01
1.332835912704467773e+00
5.744126892089843750e+01
4.763167953491210938e+01
-9.821014404296875000e+01
-9.946231842041015625e+01
-7.990642547607421875e+01
-9.200924682617187500e+01
8.816104888916015625e+01
8.754129791259765625e+01
-8.198978424072265625e+00
7.466709899902343750e+01
9.672206878662109375e+01
-3.983020067214965820e+00
7.109588623046875000e+01
-4.568870925903320312e+01
9.772872924804687500e+01
8.827621459960937500e+01
8.407754516601562500e+01
-9.374242401123046875e+01
-8.101376342773437500e+01
8.694085693359375000e+01
7.956007385253906250e+01
-9.974903106689453125e+01
-7.321744537353515625e+01
-8.789900970458984375e+01
9.403761291503906250e+01
7.161666107177734375e+01
5.012971115112304688e+01
-8.705286407470703125e+01
6.007824707031250000e+01
-9.020084381103515625e+01
1.709745216369628906e+01
6.912977600097656250e+01
-5.058207702636718750e+01
-8.502738952636718750e+01
7.190763092041015625e+01
4.979088306427001953e+00
7.189096069335937500e+01
-9.710644531250000000e+01
-9.988117218017578125e+01
-7.929137420654296875e+01
6.277897262573242188e+01
-7.955691528320312500e+01
-8.358055114746093750e+00
8.783398437500000000e+01
8.881376647949218750e+01
-9.837268829345703125e+01
6.520927429199218750e+01
8.877756118774414062e+00
-6.153229904174804688e+01
8.992452239990234375e+01
7.186325073242187500e+01
7.691854095458984375e+01
-2.831293106079101562e+01
-9.813721466064453125e+01
8.912059783935546875e+01
1.294447612762451172e+01
4.347955226898193359e+00
-9.755300140380859375e+01
-9.979943847656250000e+01
-9.860456085205078125e+01
-6.064740371704101562e+01
1.085813522338867188e+01
8.071884155273437500e+01
-7.082257843017578125e+01
-1.790568161010742188e+01
7.632194519042968750e+01
5.029933547973632812e+01
-7.330485534667968750e+01
-7.041642189025878906e+00
9.963699340820312500e+01
9.967320251464843750e+01
9.921589660644531250e+01
9.938728332519531250e+01
8.445071411132812500e+01
-2.931252479553222656e+01
1.170650362968444824e+00
-5.987818145751953125e+01
3.321818161010742188e+01
-5.442331314086914062e+01
-1.472526645660400391e+01
-9.227201843261718750e+01
2.435086488723754883e+00
-7.767134094238281250e+01
9.670440673828125000e+01
7.893663024902343750e+01
3.563221740722656250e+01
-8.762470245361328125e+01
-9.688762664794921875e+01
7.637769317626953125e+01
5.447110366821289062e+01
-2.490033531188964844e+01
5.372484970092773438e+01
-4.906346511840820312e+01
-2.521758079528808594e+01
-6.266248703002929688e+01
9.979193878173828125e+01
9.982363891601562500e+01
9.278487396240234375e+01
-1.034070110321044922e+01
-9.744631958007812500e+01
9.644406890869140625e+01
9.629886627197265625e+01
3.316626358032226562e+01
9.630434036254882812e+00
-4.996471023559570312e+01
5.999999237060546875e+01
-9.285337066650390625e+01
2.143939971923828125e+01
-1.855413246154785156e+01
-4.990683746337890625e+01
-6.498976135253906250e+01
5.252008438110351562e+01
5.040173339843750000e+01
-9.810571289062500000e+01
-5.547121810913085938e+01
-2.036793708801269531e+01
9.878522491455078125e+01
9.991031646728515625e+01
9.797225189208984375e+01
9.898435974121093750e+01
-1.154170227050781250e+01
6.015598678588867188e+01
-9.159394836425781250e+01
8.106698608398437500e+01
6.583070373535156250e+01
6.261904907226562500e+01
-6.426563262939453125e+01
7.709259796142578125e+01
-9.756753540039062500e+01
-9.579772949218750000e+01
-6.876163959503173828e+00
-4.248026657104492188e+01
9.794435119628906250e+01
8.262606811523437500e+01
-8.267938232421875000e+01
2.556870841979980469e+01
-8.039687347412109375e+01
8.045857238769531250e+01
9.911598205566406250e+01
1.950191307067871094e+01
-5.056768798828125000e+01
3.444131088256835938e+01
-9.814817047119140625e+01
-2.564955234527587891e+00
6.694322204589843750e+01
-5.813765716552734375e+01
6.154880523681640625e+01
-3.556459769606590271e-02
-6.114829635620117188e+01
7.396406555175781250e+01
-5.413873672485351562e+01
9.572931671142578125e+01
4.317357635498046875e+01
-5.595537567138671875e+01
4.008052825927734375e+01
4.247974395751953125e+00
9.832178497314453125e+01
-9.571856689453125000e+01
-1.673376464843750000e+01
9.828719329833984375e+01
-8.284071350097656250e+01
-9.565311431884765625e+01
3.295304870605468750e+01
6.211739349365234375e+01
-9.970218658447265625e+01
-7.776728057861328125e+01
-1.550021743774414062e+01
6.977050018310546875e+01
9.459246826171875000e+01
9.867448425292968750e+01
2.059567260742187500e+01
-3.580710220336914062e+01
4.461002731323242188e+01
-9.175581359863281250e+01
-4.380987167358398438e+01
8.757083129882812500e+01
9.200857543945312500e+01
4.265121459960937500e+00
-9.842647552490234375e+01
4.130796051025390625e+01
-9.950769805908203125e+01
-7.009513854980468750e+00
-1.766504478454589844e+01
9.960028076171875000e+01
9.917571258544921875e+01
9.734134674072265625e+01
1.437336063385009766e+01
-9.950715637207031250e+01
-9.603765869140625000e+01
-6.681127166748046875e+01
-7.840945434570312500e+01
9.352630615234375000e+01
8.943608093261718750e+01
9.245061492919921875e+01
7.176847839355468750e+01
-4.446012496948242188e+01
-7.173253631591796875e+01
-6.892050170898437500e+01
9.869020843505859375e+01
9.891954040527343750e+01
9.947221374511718750e+01
-5.204026031494140625e+01
9.780981540679931641e-01
-7.194981098175048828e+00
-8.435199737548828125e+01
9.642234802246093750e+01
9.836373901367187500e+01
6.524438476562500000e+01
4.489835357666015625e+01
2.425147438049316406e+01
-9.965010070800781250e+01
-9.644734954833984375e+01
-5.798029327392578125e+01
-9.454878234863281250e+01
2.076161575317382812e+01
-9.481861114501953125e+01
-1.473845100402832031e+01
6.201654052734375000e+01
9.413903045654296875e+01
5.601451492309570312e+01
-1.549078226089477539e+00
4.467263031005859375e+01
-6.895423889160156250e+01
4.246629333496093750e+01
3.803872680664062500e+01
8.589674377441406250e+01
-7.705938720703125000e+01
-9.791561126708984375e+01
-1.823580360412597656e+01
-4.026420593261718750e+01
9.905088806152343750e+01
3.731327819824218750e+01
-9.628929901123046875e+01
-1.338602256774902344e+01
9.934154510498046875e+01
9.848722076416015625e+01
9.890625762939453125e+01
9.860966491699218750e+01
-3.288952255249023438e+01
9.541755676269531250e+01
4.497834777832031250e+01
-6.658157348632812500e+01
1.266255569458007812e+01
-4.125501251220703125e+01
-9.796850585937500000e+01
-6.405416870117187500e+01
8.507157897949218750e+01
9.726103973388671875e+01
-8.959359741210937500e+01
5.884373092651367188e+01
3.955611038208007812e+01
-9.128858184814453125e+01
-8.131919860839843750e+01
-1.148591709136962891e+01
9.745949554443359375e+01
9.487145233154296875e+01
6.782311248779296875e+01
-9.902977752685546875e+01
-9.533962249755859375e+01
9.673203277587890625e+01
1.661703586578369141e+00
-7.831107330322265625e+01
-2.246518898010253906e+01
9.853914642333984375e+01
3.019784164428710938e+01
8.243652343750000000e+01
-7.006079864501953125e+01
-7.682788085937500000e+01
-3.006468200683593750e+01
9.739800262451171875e+01
9.960838317871093750e+01
6.585930633544921875e+01
5.246091461181640625e+01
-7.995980072021484375e+01
-6.786192321777343750e+01
6.249937438964843750e+01
9.708168792724609375e+01
2.330379009246826172e+00
-1.416663932800292969e+01
-7.463703155517578125e+01
-8.671109771728515625e+01
8.962856292724609375e+01
-2.240325164794921875e+01
9.487892150878906250e+01
-2.898323440551757812e+01
-4.327083587646484375e+01
9.972660827636718750e+01
2.779578018188476562e+01
9.872993469238281250e+01
7.275844573974609375e+01
6.992037200927734375e+01
4.320227050781250000e+01
-9.975601196289062500e+01
-9.909969329833984375e+01
-9.478061676025390625e+01
7.878202056884765625e+01
-9.348149108886718750e+01
4.442695999145507812e+01
-6.016782379150390625e+01
-9.771579742431640625e+01
-8.719352722167968750e+01
6.639604187011718750e+01
-1.009093666076660156e+01
9.299526214599609375e+01
8.974671936035156250e+01
6.788467407226562500e+01
-1.686941719055175781e+01
8.885630035400390625e+01
9.580177307128906250e+01
6.209130096435546875e+01
-9.687080383300781250e+01
-9.730643463134765625e+01
-2.656963539123535156e+01
-1.968321418762207031e+01
9.974182891845703125e+01
6.850917816162109375e+01
-4.136965179443359375e+01
-4.396305847167968750e+01
8.741758728027343750e+01
7.797944641113281250e+01
9.979404449462890625e+01
9.729791259765625000e+01
-7.662735748291015625e+01
5.139154052734375000e+01
9.594931793212890625e+01
1.391691875457763672e+01
-9.995516204833984375e+01
-9.657373809814453125e+01
-9.717757415771484375e+01
4.425616264343261719e+00
-8.264044952392578125e+01
-9.842484283447265625e+01
7.464309692382812500e+01
-9.530236816406250000e+01
-6.494661331176757812e+00
6.431311798095703125e+01
3.509838104248046875e+01
7.511189270019531250e+01
-3.403794860839843750e+01
8.618320465087890625e+01
-7.869029235839843750e+01
5.924718856811523438e+01
7.246065521240234375e+01
-8.117960357666015625e+01
-7.393360900878906250e+01
8.939012908935546875e+01
4.654554367065429688e+01
9.097756195068359375e+01
5.438726425170898438e+01
-9.947307586669921875e+01
-7.728450775146484375e+01
-8.064661407470703125e+01
9.862020874023437500e+01
-4.125422668457031250e+01
-8.742113494873046875e+01
9.630023956298828125e+01
-4.857235336303710938e+01
7.849547576904296875e+01
9.958553314208984375e+01
8.576773834228515625e+01
-3.005294799804687500e+01
-7.411502361297607422e+00
8.300710296630859375e+01
9.260064697265625000e+01
3.446332550048828125e+01
3.273752593994140625e+01
-9.581951141357421875e+01
-9.902735900878906250e+01
-7.811692047119140625e+01
7.196721649169921875e+01
-4.500741958618164062e+01
9.860342407226562500e+01
9.798476409912109375e+01
-9.401696014404296875e+01
-7.451781463623046875e+01
-8.684486389160156250e+01
9.998075866699218750e+01
9.817867279052734375e+01
9.998126983642578125e+01
4.399773025512695312e+01
-7.503103637695312500e+01
8.133660888671875000e+01
-5.090765380859375000e+01
1.684478378295898438e+01
3.532472991943359375e+01
-9.914955902099609375e+01
-3.569136810302734375e+01
-8.311553955078125000e+01
-6.215818405151367188e+01
9.831025695800781250e+01
6.043087768554687500e+01
9.898884582519531250e+01
-7.936936187744140625e+01
-1.470189571380615234e+01
9.787176513671875000e+01
9.987583160400390625e+01
6.562770843505859375e+01
5.857830810546875000e+01
-2.391655921936035156e+01
-8.951020240783691406e+00
9.427989959716796875e+01
8.495937347412109375e+01
9.213983917236328125e+01
-8.463687896728515625e+01
-8.050365447998046875e+01
-9.666891479492187500e+01
-8.134072113037109375e+01
8.447621154785156250e+01
9.904920196533203125e+01
-6.678567504882812500e+01
9.469881439208984375e+01
9.790567779541015625e+01
9.022473144531250000e+01
5.315254211425781250e+01
-2.662444496154785156e+01
-9.183250427246093750e+01
-9.751668548583984375e+01
8.094253540039062500e+01
6.940998840332031250e+01
-9.037788391113281250e+01
-9.570180511474609375e+01
-3.299628829956054688e+01
-8.483311462402343750e+01
9.854947662353515625e+01
9.113355255126953125e+01
9.690749359130859375e+01
9.659094238281250000e+01
9.794920349121093750e+01
2.163659858703613281e+01
7.915405273437500000e+01
-9.774124908447265625e+01
-8.472321319580078125e+01
-7.813285064697265625e+01
-7.733062744140625000e+01
7.953302001953125000e+01
-9.336399841308593750e+01
-6.892244720458984375e+01
8.800391387939453125e+01
8.120694732666015625e+01
-9.459720611572265625e+01
7.572151184082031250e+01
9.647435760498046875e+01
-2.536215400695800781e+01
7.211364269256591797e+00
8.329614639282226562e+00
-6.467942810058593750e+01
-2.293911361694335938e+01
9.372550964355468750e+01
2.872996711730957031e+01
-8.047010040283203125e+01
-1.178168392181396484e+01
8.586340332031250000e+01
9.806560516357421875e+01
3.467694091796875000e+01
-9.708563804626464844e+00
6.419087982177734375e+01
-9.796828460693359375e+01
3.409557342529296875e+00
-9.261331176757812500e+01
3.117183494567871094e+01
-9.173302459716796875e+01
-6.473007202148437500e+01
9.262197875976562500e+01
4.181008338928222656e+00
-3.132916450500488281e+01
8.556847572326660156e+00
5.061074066162109375e+01
-9.381028747558593750e+01
6.082876968383789062e+01
-6.190360260009765625e+01
3.260477447509765625e+01
9.116976928710937500e+01
-9.372213745117187500e+01
-8.557452392578125000e+01
-9.611074829101562500e+01
9.360634613037109375e+01
-3.752685928344726562e+01
8.321186065673828125e+01
9.617113494873046875e+01
1.187460231781005859e+01
-9.361543273925781250e+01
6.042433929443359375e+01
-6.710237121582031250e+01
1.190950870513916016e+01
-7.575378417968750000e+01
8.296014404296875000e+01
3.465143585205078125e+01
-8.781233215332031250e+01
-8.814669036865234375e+01
-7.353266906738281250e+01
8.384428405761718750e+01
9.231868743896484375e+01
9.900856018066406250e+01
-3.689581298828125000e+01
-5.387620925903320312e+01
9.955747985839843750e+01
9.580065155029296875e+01
9.001499176025390625e+01
6.495470046997070312e+00
1.367669391632080078e+01
-9.756991577148437500e+01
-9.502594757080078125e+01
-5.811743927001953125e+01
-5.705751037597656250e+01
-7.340755462646484375e+01
9.852221679687500000e+01
3.465576553344726562e+01
1.800806999206542969e+01
-3.591301727294921875e+01
-9.794820404052734375e+01
-9.453359222412109375e+01
9.909642028808593750e+01
9.920938110351562500e+01
7.267153930664062500e+01
5.855653381347656250e+01
-9.684749603271484375e+01
-6.608325958251953125e+01
-2.523429489135742188e+01
8.673516845703125000e+01
9.946028900146484375e+01
9.951232910156250000e+01
-9.133480072021484375e+00
4.764521121978759766e-01
9.324333953857421875e+01
-2.306413459777832031e+01
-4.097492980957031250e+01
9.944149780273437500e+01
9.824012756347656250e+01
9.553441619873046875e+01
-7.513224029541015625e+01
-9.327378273010253906e+00
3.423749923706054688e+01
8.712828826904296875e+01
-2.425410079956054688e+01
7.670225524902343750e+01
4.612604522705078125e+01
-7.508446502685546875e+01
-3.847686004638671875e+01
-1.236611938476562500e+01
6.479003143310546875e+01
-4.839430236816406250e+01
9.947766113281250000e+01
1.061877155303955078e+01
-7.060073852539062500e+01
7.658892822265625000e+01
-7.308857727050781250e+01
7.934898376464843750e+01
9.157184600830078125e+01
8.542348480224609375e+01
-6.197798156738281250e+01
-9.331655883789062500e+01
6.709580993652343750e+01
-4.980738830566406250e+01
9.547602081298828125e+01
4.184285354614257812e+01
-7.372276306152343750e+01
-6.472528839111328125e+01
-9.674211120605468750e+01
6.427839660644531250e+01
4.211909103393554688e+01
9.076088714599609375e+01
9.353005218505859375e+01
-8.991692352294921875e+01
-7.494123077392578125e+01
-6.571081542968750000e+01
9.268444824218750000e+01
8.981386566162109375e+01
-2.279294967651367188e+01
8.936614990234375000e+01
4.021441459655761719e+00
-4.324077224731445312e+01
-9.309412384033203125e+01
6.653710174560546875e+01
3.995694351196289062e+01
6.769388580322265625e+01
-9.767903137207031250e+01
4.757316970825195312e+01
-3.396182250976562500e+01
-1.613473510742187500e+01
7.904849243164062500e+01
2.149677658081054688e+01
2.215004539489746094e+01
-9.705543518066406250e+01
-9.977548980712890625e+01
-7.025701141357421875e+01
5.442726516723632812e+01
-7.005473327636718750e+01
8.671840667724609375e+01
6.941001129150390625e+01
-7.271485137939453125e+01
-3.059042739868164062e+01
2.110877418518066406e+01
7.451236724853515625e+01
-5.694447159767150879e-01
2.683844184875488281e+01
5.304804992675781250e+01
3.635059356689453125e+01
-7.099821472167968750e+01
-9.515354156494140625e+01
8.448912811279296875e+01
-1.195069503784179688e+01
-1.366722393035888672e+01
8.590758514404296875e+01
-7.645046234130859375e+01
9.214923858642578125e+01
1.115771484375000000e+01
1.209055042266845703e+01
4.865708923339843750e+01
-9.404507446289062500e+01
3.506661224365234375e+01
-9.987708282470703125e+01
-8.960556793212890625e+01
-8.105339813232421875e+01
-7.369915771484375000e+01
-6.944570922851562500e+01
-3.537549209594726562e+01
9.610964965820312500e+01
9.915596008300781250e+01
8.911859130859375000e+01
8.655794525146484375e+01
9.459140014648437500e+01
9.331369018554687500e+01
-9.988484191894531250e+01
-8.466749572753906250e+01
9.729912567138671875e+01
9.060694885253906250e+01
8.362667846679687500e+01
-4.036021041870117188e+01
-9.889466857910156250e+01
1.082887744903564453e+01
-9.418946075439453125e+01
-3.012568092346191406e+01
6.527005767822265625e+01
5.117028427124023438e+01
-6.431660461425781250e+01
-6.255694580078125000e+01
6.636634826660156250e+01
-6.812474060058593750e+01
9.364631652832031250e+01
5.990380096435546875e+01
-1.976583862304687500e+01
8.990978240966796875e+01
-8.067037963867187500e+01
9.968320465087890625e+01
5.801142883300781250e+01
-7.306977844238281250e+01
5.258906936645507812e+01
9.298957824707031250e+01
-9.166430664062500000e+01
9.622810363769531250e+01
8.553288269042968750e+01
-5.449359512329101562e+01
-9.739463806152343750e+01
8.001394271850585938e+00
9.527323150634765625e+01
-9.960855102539062500e+01
-9.082048034667968750e+01
-8.970520782470703125e+01
-5.369836044311523438e+01
6.729685974121093750e+01
9.976276397705078125e+01
-1.719210243225097656e+01
9.753049468994140625e+01
6.890974426269531250e+01
-6.677854919433593750e+01
9.683934020996093750e+01
8.426615905761718750e+01
1.033054256439208984e+01
-8.465190887451171875e+01
8.966670989990234375e+00
-6.480405426025390625e+01
3.459628677368164062e+01
-9.180132293701171875e+01
-8.794200134277343750e+01
6.007501602172851562e+01
8.480944061279296875e+01
-9.306113433837890625e+01
-9.278598785400390625e+01
-9.993952178955078125e+01
-9.962832641601562500e+01
-9.913557434082031250e+01
-9.964968872070312500e+01
-9.858747100830078125e+01
-9.902790069580078125e+01
-9.814765167236328125e+01
-9.581739807128906250e+01
-2.212083244323730469e+01
-6.447167968750000000e+01
-9.838177490234375000e+01
-9.337397766113281250e+01
9.608558654785156250e+01
9.989501190185546875e+01
9.993190002441406250e+01
9.993269348144531250e+01
9.999719238281250000e+01
9.991878509521484375e+01
9.997045135498046875e+01
9.975842285156250000e+01
9.997988128662109375e+01
9.989042663574218750e+01
9.998882293701171875e+01
9.981204223632812500e+01
6.888741302490234375e+01
9.667517089843750000e+01
8.975846099853515625e+01
-6.795598602294921875e+01
-8.732704162597656250e+01
-9.869396972656250000e+01
-9.783016204833984375e+01
-9.673561096191406250e+01
-9.979032897949218750e+01
-9.461136627197265625e+01
-9.604954528808593750e+01
-7.200598907470703125e+01
4.130746841430664062e+01
-2.091045951843261719e+01
4.996791076660156250e+01
6.665567779541015625e+01
5.262623977661132812e+01
3.696319580078125000e+01
-1.462605762481689453e+01
-5.804950714111328125e+01
9.993625640869140625e+01
9.994667053222656250e+01
9.322617340087890625e+01
-9.408892822265625000e+01
8.146644592285156250e+01
-7.287061309814453125e+01
-6.405442047119140625e+01
5.413505554199218750e+01
-2.687944793701171875e+01
-2.288788414001464844e+01
9.079341888427734375e+01
9.023373413085937500e+01
9.124623870849609375e+01
-9.514696502685546875e+01
1.207530307769775391e+01
3.382489395141601562e+01
-9.237397003173828125e+01
-7.297448730468750000e+01
2.438677787780761719e+01
9.318075561523437500e+01
2.125408554077148438e+01
-9.983072662353515625e+01
-9.544611358642578125e+01
-9.943222808837890625e+01
-3.420058059692382812e+01
-2.618324661254882812e+01
4.861162185668945312e+01
4.800128936767578125e+01
8.723696136474609375e+01
7.325843811035156250e+01
-9.569055175781250000e+01
-9.539635658264160156e+00
8.425528717041015625e+01
8.870083618164062500e+01
6.997036743164062500e+01
-5.873900222778320312e+01
-6.943797302246093750e+01
-6.350235366821289062e+01
3.913054656982421875e+01
9.799807739257812500e+01
-3.061468887329101562e+01
8.875464630126953125e+01
-3.070021247863769531e+01
9.901348114013671875e+01
-3.397504806518554688e+01
8.877264404296875000e+01
2.345884513854980469e+01
9.846555709838867188e+00
5.322177886962890625e+01
-9.624436187744140625e+01
-8.166917419433593750e+01
-5.028915405273437500e+01
-3.478345394134521484e+00
8.233964538574218750e+01
1.317262840270996094e+01
-8.784600830078125000e+01
-2.265393066406250000e+01
9.393203735351562500e+01
6.483935546875000000e+01
8.252645111083984375e+01
6.786451721191406250e+01
-9.826985931396484375e+01
2.829265594482421875e+01
-9.451470947265625000e+01
-6.021396636962890625e+01
-9.916080474853515625e+01
1.384410572052001953e+01
-4.700767898559570312e+01
-9.487530517578125000e+01
-7.707014465332031250e+01
9.886528015136718750e+01
9.991287231445312500e+01
9.780912780761718750e+01
8.564733123779296875e+01
9.810897827148437500e+01
6.628382873535156250e+01
-9.341744995117187500e+01
-9.515888977050781250e+01
4.696049499511718750e+01
-5.361562347412109375e+01
7.885766601562500000e+01
-9.522996520996093750e+01
-8.363771820068359375e+01
1.259664630889892578e+01
3.463352203369140625e+01
-8.861254882812500000e+01
-7.530822753906250000e+01
7.478748321533203125e+01
7.783462524414062500e+01
-3.577708816528320312e+01
-4.160741424560546875e+01
9.337120056152343750e+01
4.485454940795898438e+01
-2.953891181945800781e+01
9.807460021972656250e+01
3.852791213989257812e+01
-3.118238449096679688e+01
5.372152328491210938e+01
-7.478058624267578125e+01
4.785130691528320312e+01
-9.478736877441406250e+01
7.018181610107421875e+01
3.975981140136718750e+01
2.461669349670410156e+01
-9.757141113281250000e+01
-9.514485931396484375e+01
-9.832627105712890625e+01
-4.759962844848632812e+01
7.632073211669921875e+01
-8.262821960449218750e+01
6.030010604858398438e+01
-9.505998229980468750e+01
7.444356536865234375e+01
8.798420715332031250e+01
4.922262573242187500e+01
-2.209626197814941406e+01
8.627263641357421875e+01
-8.570985412597656250e+01
6.294931793212890625e+01
-8.111613464355468750e+01
6.545738220214843750e+01
-6.448763275146484375e+01
-1.018732643127441406e+01
9.828451538085937500e+01
8.273177337646484375e+01
-6.997549438476562500e+01
9.750789642333984375e+01
4.317946624755859375e+01
-9.245262145996093750e+01
-2.386828994750976562e+01
7.107176971435546875e+01
8.814048767089843750e+01
2.233229064941406250e+01
-9.631689453125000000e+01
-6.608489990234375000e+01
-7.973642730712890625e+01
-5.682491302490234375e+00
7.427320861816406250e+01
9.312271881103515625e+01
4.561801147460937500e+01
2.974445533752441406e+01
-7.953754425048828125e+01
1.177561378479003906e+01
-8.921909332275390625e+01
9.141454315185546875e+01
-9.018312072753906250e+01
6.239774703979492188e+01
-9.486532592773437500e+01
7.297032928466796875e+01
-2.652523517608642578e+00
-5.082633972167968750e+01
9.270191192626953125e+01
5.996047210693359375e+01
-4.582876205444335938e+01
4.404066085815429688e+01
6.172810745239257812e+01
-8.956621551513671875e+01
-9.951666259765625000e+01
1.106927204132080078e+01
9.937295532226562500e+01
-1.738099479675292969e+01
4.747936248779296875e+01
-2.108957862854003906e+01
-8.058366394042968750e+01
-2.347477340698242188e+01
9.760925292968750000e+01
9.989353179931640625e+01
9.997785186767578125e+01
5.964165496826171875e+01
6.054635620117187500e+01
-9.588189697265625000e+01
-8.331053161621093750e+01
9.692603302001953125e+01
9.174735260009765625e+01
-2.461826133728027344e+01
-1.822570228576660156e+01
-9.825377655029296875e+01
9.368523406982421875e+01
-1.779632759094238281e+01
2.255766487121582031e+01
7.530622863769531250e+01
-9.150226593017578125e+01
5.138269805908203125e+01
-7.068570709228515625e+01
5.374445438385009766e+00
2.284523200988769531e+01
-9.831015777587890625e+01
-9.406002044677734375e+01
-1.973468065261840820e+00
9.671528625488281250e+01
9.981597900390625000e+01
2.782736206054687500e+01
-6.650599670410156250e+01
3.011173057556152344e+01
5.900338649749755859e+00
-8.905307769775390625e+01
-8.368090820312500000e+01
7.772047424316406250e+01
9.690814208984375000e+01
-1.826242828369140625e+01
6.528302001953125000e+01
2.838530921936035156e+01
-9.752190399169921875e+01
-9.196145629882812500e+01
-9.800862121582031250e+01
5.722288513183593750e+01
7.596241760253906250e+01
-8.463046264648437500e+01
-9.601662445068359375e+01
-3.042306900024414062e+01
8.955477142333984375e+01
9.557498168945312500e+01
8.517358398437500000e+01
3.955445480346679688e+01
4.838196182250976562e+01
-9.418443298339843750e+01
-9.470233154296875000e+01
-9.147708892822265625e+01
9.871334075927734375e+01
5.359647369384765625e+01
1.906136322021484375e+01
-8.091015625000000000e+01
-9.993386077880859375e+01
-2.300080490112304688e+01
2.951083183288574219e+01
-6.157894897460937500e+01
5.066103363037109375e+01
6.731639099121093750e+01
-7.174154663085937500e+01
2.289965820312500000e+01
-9.081842803955078125e+01
3.331637573242187500e+01
-5.148208618164062500e+01
2.727302932739257812e+01
7.730873870849609375e+01
-7.984629821777343750e+01
-7.419906616210937500e+01
1.753370666503906250e+01
8.737243652343750000e+01
-3.276365280151367188e+01
3.151933479309082031e+01
-2.622470474243164062e+01
9.374597930908203125e+01
8.624485015869140625e+01
-7.222727966308593750e+01
3.360415267944335938e+01
1.111479759216308594e+01
4.903641510009765625e+01
-8.757742309570312500e+01
-9.488459777832031250e+01
-8.938220214843750000e+01
-9.823716735839843750e+01
-8.756623077392578125e+01
5.910939025878906250e+01
1.571134376525878906e+01
-4.381810379028320312e+01
-7.812248229980468750e+01
9.508756256103515625e+01
7.382166290283203125e+01
-6.605746459960937500e+01
8.791889190673828125e+01
9.965382385253906250e+01
7.172059631347656250e+01
3.755810499191284180e+00
-9.509602355957031250e+01
-9.462761688232421875e+01
-9.061788940429687500e+01
7.675334167480468750e+01
9.113217163085937500e+01
-9.946947479248046875e+01
8.597045135498046875e+01
-5.499485015869140625e+01
-2.945119619369506836e+00
-5.750615692138671875e+01
9.732498168945312500e+01
9.227978515625000000e+01
9.752657318115234375e+01
1.802282714843750000e+01
-8.684659957885742188e+00
-9.737632751464843750e+01
7.640227508544921875e+01
8.279958343505859375e+01
-3.680072021484375000e+01
8.294504547119140625e+01
-8.538940429687500000e+01
-8.930107116699218750e+01
-3.815816879272460938e+01
9.315710449218750000e+01
9.277988433837890625e+01
9.357645416259765625e+01
-1.119589900970458984e+01
1.702375793457031250e+01
6.319488143920898438e+01
-2.607686233520507812e+01
-8.143148040771484375e+01
9.044053649902343750e+01
9.877156066894531250e+01
-6.401718902587890625e+01
-6.957883453369140625e+01
-1.819025039672851562e+01
9.998349761962890625e+01
1.642031669616699219e+01
-6.903017425537109375e+01
9.329042053222656250e+01
9.687079620361328125e+01
8.430413055419921875e+01
-9.012670135498046875e+01
8.539035797119140625e+01
-7.954608798027038574e-01
7.496251678466796875e+01
-8.984848785400390625e+01
7.462703227996826172e+00
-7.081774139404296875e+01
-7.444873046875000000e+01
-5.894283676147460938e+01
2.700254058837890625e+01
9.708718109130859375e+01
9.673378753662109375e+01
4.908250331878662109e+00
-4.138878250122070312e+01
-9.609072875976562500e+01
-6.497591400146484375e+01
9.402951812744140625e+01
4.204347991943359375e+01
-9.031651306152343750e+01
-8.383278656005859375e+01
9.056283569335937500e+01
-6.354342269897460938e+01
9.792905426025390625e+01
9.153591156005859375e+01
8.040527343750000000e+00
8.785659790039062500e+01
-8.783464050292968750e+01
-7.853125000000000000e+01
8.712184143066406250e+01
-4.737342453002929688e+01
-7.964329528808593750e+01
-6.832311248779296875e+01
9.913313293457031250e+01
7.283774566650390625e+01
-6.321870040893554688e+01
9.559195709228515625e+01
-3.453292846679687500e+01
8.443331146240234375e+01
9.229876708984375000e+01
-1.074557113647460938e+01
4.230794906616210938e+01
8.582669830322265625e+01
-1.837482833862304688e+01
9.857482147216796875e+01
1.800577354431152344e+01
-9.919058990478515625e+01
-4.446201705932617188e+01
-3.779778289794921875e+01
9.493077087402343750e+01
9.409568023681640625e+01
9.649349212646484375e+01
-9.879897308349609375e+01
-9.229598999023437500e+01
-9.697993469238281250e+01
9.360452270507812500e+01
9.330352783203125000e+01
-1.336030483245849609e+01
-9.951042938232421875e+01
8.986072540283203125e+01
-3.271871948242187500e+01
9.611011505126953125e+01
6.808611297607421875e+01
4.023033142089843750e+01
-7.915589904785156250e+01
6.752742767333984375e+01
-6.959605407714843750e+01
8.566097259521484375e+01
2.600043106079101562e+01
-9.758671569824218750e+01
-9.986244201660156250e+01
-5.641642379760742188e+01
1.074025154113769531e+01
9.497833251953125000e+01
-3.310871505737304688e+01
1.574672126770019531e+01
-5.948378372192382812e+01
-2.998553276062011719e+01
5.761991882324218750e+01
9.729028320312500000e+01
9.492779541015625000e+01
-5.065548324584960938e+01
-1.180771350860595703e+01
9.967157745361328125e+01
6.725814819335937500e+01
-2.552482795715332031e+01
9.421424102783203125e+01
-7.462829589843750000e+01
4.411629104614257812e+01
3.712736511230468750e+01
-2.815188980102539062e+01
-6.258840560913085938e+01
9.976178741455078125e+01
9.929376983642578125e+01
7.665058898925781250e+01
-6.717813110351562500e+01
-8.739044189453125000e+01
-8.171624755859375000e+01
8.310169219970703125e+01
9.757499694824218750e+01
7.646391296386718750e+01
2.813564491271972656e+01
-7.609642028808593750e+01
-9.177864074707031250e+01
-4.138820648193359375e+01
4.409897232055664062e+01
-2.711909103393554688e+01
8.237595367431640625e+01
-7.163368988037109375e+01
4.856810379028320312e+01
9.893803405761718750e+01
-7.865862846374511719e-01
5.894997787475585938e+01
-9.405762481689453125e+01
-8.823526000976562500e+01
4.081147766113281250e+01
9.780428314208984375e+01
-2.096742057800292969e+01
7.642276000976562500e+01
-9.016227722167968750e+01
1.614588165283203125e+01
8.283428192138671875e+01
-8.391997528076171875e+01
4.801681518554687500e+01
-7.221744537353515625e+01
8.596563720703125000e+01
-9.655509948730468750e+01
-1.483439254760742188e+01
9.438430786132812500e+01
9.489913940429687500e+01
-5.646486282348632812e+01
6.729194641113281250e+01
-9.631906127929687500e+01
3.328501510620117188e+01
9.202674865722656250e+01
-7.329448699951171875e+01
-1.475522708892822266e+01
6.964583587646484375e+01
-4.947705459594726562e+01
8.090478515625000000e+01
5.610587692260742188e+01
-8.183536529541015625e+01
-9.142385864257812500e+01
9.828073883056640625e+01
-3.809020996093750000e+01
9.972026824951171875e+01
9.896305084228515625e+01
-7.876494598388671875e+01
-3.896414518356323242e+00
9.939530181884765625e+01
9.994617462158203125e+01
6.635191345214843750e+01
9.684659576416015625e+01
9.189849090576171875e+01
-9.649858856201171875e+01
-2.660064125061035156e+01
-8.476499938964843750e+01
-9.953231048583984375e+01
-4.086440658569335938e+01
9.862206268310546875e+01
6.658842468261718750e+01
-6.536283874511718750e+01
-3.301457977294921875e+01
9.570572662353515625e+01
9.956591796875000000e+01
9.987841796875000000e+01
8.709872436523437500e+01
5.858302307128906250e+01
-9.956064605712890625e+01
-7.701038360595703125e+01
-4.860369873046875000e+01
-5.797003936767578125e+01
7.585586547851562500e+01
7.446552276611328125e+01
-1.810538482666015625e+01
-4.865061950683593750e+01
3.674837112426757812e+01
8.984192657470703125e+01
8.398577880859375000e+01
-9.768604278564453125e+01
5.811406326293945312e+01
-5.107434463500976562e+01
3.576538848876953125e+01
-2.196784591674804688e+01
-9.570305633544921875e+01
9.762446594238281250e+01
4.025864410400390625e+01
-8.050601196289062500e+01
7.965962219238281250e+01
-7.108003234863281250e+01
8.821249389648437500e+01
-9.294530487060546875e+01
9.847842407226562500e+01
6.964505004882812500e+01
-9.352368164062500000e+01
-1.354704475402832031e+01
9.270440673828125000e+01
-7.978778076171875000e+01
8.222142028808593750e+01
6.843601226806640625e+01
9.244846343994140625e+01
-9.680090332031250000e+01
-9.833737945556640625e+01
8.892811775207519531e+00
-1.596348047256469727e+00
1.330939674377441406e+01
8.735039520263671875e+01
-6.251137161254882812e+01
-9.386995697021484375e+01
7.172299957275390625e+01
-4.765890884399414062e+01
9.936204528808593750e+01
9.489473724365234375e+01
9.060701131820678711e-01
-8.938645935058593750e+01
-4.401789474487304688e+01
-2.631650352478027344e+01
9.253105163574218750e+01
9.964973449707031250e+01
2.113160133361816406e+01
-6.631063079833984375e+01
1.831168937683105469e+01
-8.945875549316406250e+01
3.315642929077148438e+01
8.938586425781250000e+01
-9.248427581787109375e+01
2.508812904357910156e+01
-9.824581909179687500e+01
-6.984138488769531250e+01
-1.468548202514648438e+01
1.458120536804199219e+01
7.860666656494140625e+01
3.841317749023437500e+01
-9.085054016113281250e+01
-8.369173431396484375e+01
9.609242248535156250e+01
9.885058593750000000e+01
-5.269978713989257812e+01
9.407241058349609375e+01
-2.350743103027343750e+01
-7.795399475097656250e+01
-8.288803100585937500e+01
9.615861511230468750e+01
8.504238128662109375e+01
9.968080902099609375e+01
8.564294433593750000e+01
8.709448242187500000e+01
-6.537444305419921875e+01
-8.525183868408203125e+01
9.312846374511718750e+01
9.646236419677734375e+01
3.824287796020507812e+01
-8.914346313476562500e+01
-7.993451690673828125e+01
-9.768708038330078125e+01
-5.228112792968750000e+01
9.943554687500000000e+01
6.779066467285156250e+01
8.064952850341796875e+01
-8.988005828857421875e+01
-9.845069122314453125e+01
-7.044953918457031250e+01
4.969365692138671875e+01
9.847757720947265625e+01
9.696902465820312500e+01
-3.343003845214843750e+01
8.275181579589843750e+01
-7.581326293945312500e+01
9.144601440429687500e+01
-3.548633337020874023e+00
9.995832061767578125e+01
9.462557220458984375e+01
5.276631546020507812e+01
-6.707540893554687500e+01
-2.006648254394531250e+01
2.803129577636718750e+01
5.231861495971679688e+01
-4.068888723850250244e-01
-3.064241027832031250e+01
-6.079470443725585938e+01
9.813459777832031250e+01
8.547776794433593750e+01
-8.399509429931640625e+01
1.554785823822021484e+01
-8.766432189941406250e+01
4.479545116424560547e+00
-9.972789001464843750e+01
-3.661267471313476562e+01
9.456590270996093750e+01
4.374512863159179688e+01
9.542272949218750000e+01
-5.531635284423828125e+01
-4.778229141235351562e+01
3.879713439941406250e+01
3.604695892333984375e+01
-7.335470581054687500e+01
3.615732955932617188e+01
2.622488212585449219e+01
-2.757599258422851562e+01
-9.465475463867187500e+01
9.809247589111328125e+01
-1.195120573043823242e+00
1.048597145080566406e+01
-2.610881042480468750e+01
-2.919444656372070312e+01
9.826437377929687500e+01
9.943619537353515625e+01
1.982928085327148438e+01
-3.637540817260742188e+01
9.852613067626953125e+01
1.012099647521972656e+01
-9.720723724365234375e+01
7.210151672363281250e+01
-5.786663436889648438e+01
-8.207350158691406250e+01
6.133378219604492188e+01
-5.630215454101562500e+01
9.307778930664062500e+01
-9.546790313720703125e+01
-8.590133666992187500e+01
-3.458060455322265625e+01
9.917155456542968750e+01
9.983027648925781250e+01
9.894290924072265625e+01
9.470119476318359375e+01
-1.143788909912109375e+01
2.399596595764160156e+01
9.555379486083984375e+01
-8.091989898681640625e+01
9.338003540039062500e+01
2.173462104797363281e+01
-9.792324829101562500e+01
8.566124916076660156e+00
-9.447311401367187500e+01
-6.361445617675781250e+01
-9.926656341552734375e+01
6.596523284912109375e+01
-8.967770576477050781e+00
-9.773061370849609375e+01
1.132941436767578125e+01
3.434027099609375000e+01
5.977912521362304688e+01
-1.109402847290039062e+01
-4.082658004760742188e+01
9.764877319335937500e+01
3.729720687866210938e+01
7.610726928710937500e+01
-2.665094184875488281e+01
-5.777278518676757812e+01
-7.038594055175781250e+01
4.017704010009765625e+01
9.037256622314453125e+01
4.298123550415039062e+01
2.993401908874511719e+01
-8.988778686523437500e+01
-9.555890655517578125e+01
-2.914111900329589844e+01
9.698390960693359375e+01
9.541442108154296875e+01
4.115577697753906250e+01
-9.516268157958984375e+01
-8.794203948974609375e+01
3.479925918579101562e+01
-8.201655578613281250e+01
8.761032104492187500e+01
9.576950836181640625e+01
-1.551249027252197266e+01
6.774372100830078125e+01
-8.933943939208984375e+01
8.331107330322265625e+01
1.192231655120849609e+01
-6.251955032348632812e+01
-8.679276275634765625e+01
-4.331892013549804688e+01
7.445442199707031250e+01
8.432164001464843750e+01
9.023596763610839844e+00
-9.987007904052734375e+01
4.849096298217773438e+01
-9.480735015869140625e+01
-9.154928588867187500e+01
3.262773895263671875e+01
9.122716522216796875e+01
1.085388851165771484e+01
-4.268672180175781250e+01
-9.985544586181640625e+01
-9.791564178466796875e+01
4.354409408569335938e+01
9.270525360107421875e+01
7.259222412109375000e+01
-8.304937744140625000e+01
-7.019683074951171875e+01
3.596173858642578125e+01
-1.976016235351562500e+01
9.687531280517578125e+01
2.949994277954101562e+01
3.864577865600585938e+01
-7.047265052795410156e+00
-2.495037269592285156e+01
6.462558507919311523e-01
-2.601146316528320312e+01
6.990673828125000000e+01
1.343522071838378906e+01
-4.968744277954101562e+01
-9.267385101318359375e+01
-1.491594600677490234e+01
9.960034942626953125e+01
9.996858978271484375e+01
9.588737487792968750e+01
9.091384124755859375e+01
-1.388226699829101562e+01
9.752796173095703125e+01
6.901077270507812500e+01
-5.177561187744140625e+01
-1.520769119262695312e+01
9.373306274414062500e+01
8.929749298095703125e+01
-8.786334228515625000e+01
4.262947845458984375e+01
-6.396131515502929688e+01
6.187220764160156250e+01
-2.177334785461425781e+01
-4.118331146240234375e+01
-9.449105834960937500e+01
7.817173767089843750e+01
3.325505256652832031e+00
1.572782993316650391e+01
-9.041473388671875000e+01
-9.016311645507812500e+01
-9.245536804199218750e+01
7.869734191894531250e+01
9.988761901855468750e+01
8.919848632812500000e+01
3.525741100311279297e+00
-6.690368652343750000e+01
-9.925144958496093750e+01
-2.403831863403320312e+01
8.329974365234375000e+01
7.639329528808593750e+01
9.549699401855468750e+01
-2.446978378295898438e+01
-4.241360473632812500e+01
9.147947692871093750e+01
9.640597534179687500e+01
-1.537612724304199219e+01
5.256644439697265625e+01
-1.196681308746337891e+01
6.733673858642578125e+01
7.370481872558593750e+01
-2.920198822021484375e+01
-8.733064270019531250e+01
1.495150947570800781e+01
6.725136566162109375e+01
-1.581075000762939453e+01
3.581227493286132812e+01
-8.388036346435546875e+01
-1.582322406768798828e+01
6.552703857421875000e+01
9.672752380371093750e+01
-9.972590637207031250e+01
9.832862854003906250e+01
-6.207181167602539062e+01
7.268864440917968750e+01
5.274258422851562500e+01
-9.253276824951171875e+01
-2.999474334716796875e+01
9.790340423583984375e+00
9.204288482666015625e+01
5.135685729980468750e+01
-9.876529693603515625e+01
-7.155408477783203125e+01
-9.007958221435546875e+01
3.626475524902343750e+01
1.146732425689697266e+01
-9.641741180419921875e+01
6.585471343994140625e+01
-6.608485412597656250e+01
7.682609558105468750e+01
-4.808381652832031250e+01
8.382106781005859375e+01
-6.569298267364501953e+00
-6.139248847961425781e+00
8.468441772460937500e+01
9.935199737548828125e+01
9.002021789550781250e+01
5.000156784057617188e+01
-8.107873535156250000e+01
-6.454354095458984375e+01
6.124095916748046875e+01
9.845359039306640625e+01
-6.883336639404296875e+01
3.097981262207031250e+01
-8.942921447753906250e+01
6.207785034179687500e+01
-9.758001708984375000e+01
-8.671121978759765625e+01
9.003001403808593750e+01
2.181087112426757812e+01
-1.533589935302734375e+01
2.416695404052734375e+01
1.161472702026367188e+01
-9.936595916748046875e+01
-8.902896118164062500e+01
6.737402343750000000e+01
7.736150360107421875e+01
-9.902252197265625000e+01
8.027095794677734375e+00
-9.853775787353515625e+01
-9.088089752197265625e+01
-7.461772918701171875e+01
6.735484313964843750e+01
8.302169036865234375e+01
9.360543823242187500e+01
9.945571899414062500e+00
-9.953463745117187500e+01
-5.251342010498046875e+01
-8.112206268310546875e+01
9.663185119628906250e+01
8.396063232421875000e+01
8.935379791259765625e+01
-1.983176994323730469e+01
8.253947448730468750e+01
8.801527023315429688e+00
-5.236647129058837891e+00
4.213460540771484375e+01
9.158564567565917969e+00
-9.766651153564453125e+01
-9.800617218017578125e+01
-1.722298622131347656e+01
3.518880081176757812e+01
-9.215418243408203125e+01
8.091803741455078125e+01
-9.869219970703125000e+01
1.391750907897949219e+01
-2.435669898986816406e+01
2.330472755432128906e+01
8.734137725830078125e+01
5.481995773315429688e+01
-7.632879638671875000e+01
-9.891660308837890625e+01
9.448987579345703125e+01
-3.657708358764648438e+01
8.563504028320312500e+01
-7.484397888183593750e+01
-8.161739349365234375e+01
3.793466186523437500e+01
7.056149005889892578e+00
8.758109283447265625e+01
-7.625515747070312500e+01
4.234956741333007812e+01
-5.692838877439498901e-02
-5.788381576538085938e+01
-4.299419784545898438e+01
9.856954956054687500e+01
8.881227111816406250e+01
-5.964006805419921875e+01
9.951554870605468750e+01
6.844165802001953125e+01
-6.704173278808593750e+01
9.507380676269531250e+01
-9.546542358398437500e+01
8.169137573242187500e+01
-3.109148979187011719e+01
8.187740325927734375e+01
5.271604537963867188e+01
-8.930474853515625000e+01
-7.820718383789062500e+01
-1.088509750366210938e+01
-5.254229545593261719e+00
9.976443481445312500e+01
9.563302612304687500e+01
8.691360473632812500e+01
9.489939880371093750e+01
-9.743714904785156250e+01
8.510208129882812500e+01
-9.938211059570312500e+01
3.222713947296142578e+00
7.678900146484375000e+01
-8.927801513671875000e+01
-9.861282348632812500e+01
8.572769165039062500e+00
-5.933303833007812500e+01
1.494649791717529297e+01
-4.771800231933593750e+01
-8.016503143310546875e+01
8.377533721923828125e+01
8.767337036132812500e+01
-6.547173976898193359e+00
9.982878112792968750e+01
1.067328643798828125e+01
-6.075513458251953125e+01
2.781301116943359375e+01
-2.870030403137207031e+01
6.843922424316406250e+01
9.663245391845703125e+01
1.740875840187072754e+00
-7.152016448974609375e+01
-8.951213073730468750e+01
-9.437187194824218750e+01
-5.161999893188476562e+01
6.103817367553710938e+01
6.093493652343750000e+01
1.158657264709472656e+01
-9.025705718994140625e+01
-9.923990631103515625e+01
4.401494979858398438e+00
7.462837982177734375e+01
-9.916127014160156250e+01
1.544919776916503906e+01
-7.395350646972656250e+01
5.293658828735351562e+01
-6.308060169219970703e+00
-3.442378044128417969e+00
4.668383026123046875e+01
9.445147705078125000e+01
5.772776794433593750e+01
-6.436927795410156250e+01
8.234261322021484375e+01
-8.489724731445312500e+01
-7.643760204315185547e+00
9.917126464843750000e+01
9.648381805419921875e+01
-1.737503170967102051e+00
-3.763334274291992188e+01
9.092784881591796875e+01
7.804917144775390625e+01
-1.131591606140136719e+01
9.256201171875000000e+01
-6.956854248046875000e+01
9.970606231689453125e+01
9.061338806152343750e+01
1.428580570220947266e+01
-6.483050537109375000e+01
-2.317800712585449219e+01
4.394277191162109375e+01
8.778795623779296875e+01
1.160851192474365234e+01
-9.923386383056640625e+01
-9.767206573486328125e+01
-9.255474853515625000e+01
-7.713907623291015625e+01
7.131183624267578125e+01
9.525210571289062500e+01
-7.337570190429687500e+01
9.926578521728515625e+01
-8.068077087402343750e+01
-1.842968368530273438e+01
9.261615753173828125e+01
9.552507019042968750e+01
9.743311309814453125e+01
1.742698860168457031e+01
9.672002410888671875e+01
-9.804668426513671875e+01
-8.579740905761718750e+01
9.781861114501953125e+01
2.546171760559082031e+01
-8.029078674316406250e+01
-9.707653808593750000e+01
-7.787051391601562500e+01
7.217375946044921875e+01
-4.101552200317382812e+01
7.172476959228515625e+01
2.286678695678710938e+01
-9.078866577148437500e+01
7.780399322509765625e+01
-1.883031272888183594e+01
4.021265029907226562e+01
-3.309188461303710938e+01
-5.301274108886718750e+01
9.613487243652343750e+01
1.225577259063720703e+01
8.359533691406250000e+01
-3.486241531372070312e+01
2.917787551879882812e+00
3.055126571655273438e+01
-9.982018280029296875e+01
7.975436401367187500e+01
-9.733713531494140625e+01
-3.454180908203125000e+01
6.563481140136718750e+01
-8.506404876708984375e+01
-9.416825103759765625e+01
-9.912282943725585938e+00
3.670515823364257812e+01
8.296436309814453125e+01
8.667462921142578125e+01
9.724736785888671875e+01
-3.933588409423828125e+01
9.057415008544921875e+00
-7.853894805908203125e+01
9.033033752441406250e+01
9.312355804443359375e+01
-8.772250175476074219e+00
-9.500296783447265625e+01
6.180884933471679688e+01
-1.928482246398925781e+01
5.367648696899414062e+01
-3.767598724365234375e+01
9.528710174560546875e+01
9.766617584228515625e+01
7.981301879882812500e+01
-9.855800628662109375e+01
-9.911373138427734375e+01
2.517201995849609375e+01
-9.915325927734375000e+01
9.711425018310546875e+01
-6.907804870605468750e+01
-4.735687637329101562e+01
2.071842575073242188e+01
4.579314422607421875e+01
-4.773978710174560547e+00
-1.268136978149414062e+01
9.684806823730468750e+01
9.940279388427734375e+01
2.749724960327148438e+01
-9.695618438720703125e+01
-4.927240753173828125e+01
8.754183959960937500e+01
8.752145385742187500e+01
-3.808425664901733398e+00
3.649023818969726562e+01
7.403475952148437500e+01
8.997275543212890625e+01
-9.553370666503906250e+01
-7.435654449462890625e+01
7.379143524169921875e+01
6.517656707763671875e+01
2.869327735900878906e+01
-9.991456604003906250e+01
-9.965952301025390625e+01
-8.460211181640625000e+01
1.007924270629882812e+01
-8.731132507324218750e+01
8.380895614624023438e+00
-9.247865295410156250e+01
-9.080462646484375000e+01
6.933289337158203125e+01
1.409269905090332031e+01
-6.216471862792968750e+01
-9.478899383544921875e+01
9.021805572509765625e+01
6.939128875732421875e+01
7.033750152587890625e+01
-5.302774429321289062e+01
7.512879943847656250e+01
4.506969070434570312e+01
8.732949256896972656e+00
1.099125099182128906e+01
-9.504125213623046875e+01
-9.995734405517578125e+01
-9.492322540283203125e+01
-9.964214324951171875e+01
-9.955426788330078125e+01
8.436583709716796875e+01
-8.215052032470703125e+01
9.555723571777343750e+01
4.072993850708007812e+01
8.407455444335937500e+01
-9.727191162109375000e+01
6.323320770263671875e+01
-5.214540481567382812e+00
1.561169815063476562e+01
7.022141265869140625e+01
-9.818554687500000000e+01
-8.063285064697265625e+01
-8.828395843505859375e+01
9.222654724121093750e+01
6.684902954101562500e+01
9.396682739257812500e+00
-6.361940002441406250e+01
-1.836685180664062500e+01
5.845272445678710938e+01
8.751593017578125000e+01
2.864128875732421875e+01
-8.514968872070312500e+01
-2.256967163085937500e+01
9.454761505126953125e+01
7.577318572998046875e+01
-7.777681732177734375e+01
-5.703337097167968750e+01
-2.489255905151367188e+01
9.316996002197265625e+01
9.314064025878906250e+01
5.661113739013671875e+01
4.350821304321289062e+01
-2.979559326171875000e+01
-1.963630676269531250e+01
4.695957946777343750e+01
7.114514160156250000e+01
8.210871696472167969e+00
-1.356777000427246094e+01
-9.653108978271484375e+01
-9.345515441894531250e+01
-3.473759841918945312e+01
5.214603424072265625e+01
9.804357910156250000e+01
7.263089752197265625e+01
5.874866104125976562e+01
-2.545545196533203125e+01
-6.052213287353515625e+01
-3.099930191040039062e+01
8.859237670898437500e+01
9.733963775634765625e+01
4.380674839019775391e+00
-3.625052642822265625e+01
-8.930152130126953125e+01
9.844615173339843750e+01
1.165017127990722656e+01
8.012669372558593750e+01
4.371110916137695312e+01
-8.157341766357421875e+01
3.976825332641601562e+01
-9.744763946533203125e+01
-3.882722091674804688e+01
-8.840099334716796875e+01
-3.601854324340820312e+01
3.821271896362304688e+01
-7.044439697265625000e+01
9.872069549560546875e+01
8.867736816406250000e+01
-4.024178695678710938e+01
9.316542053222656250e+01
3.618299484252929688e+01
-8.892529296875000000e+01
9.037196350097656250e+01
4.417929077148437500e+01
-7.124554443359375000e+01
4.367497920989990234e+00
1.344013023376464844e+01
-9.855381774902343750e+01
-9.979261779785156250e+01
-4.052198410034179688e+01
-8.971679687500000000e+01
-2.483100700378417969e+01
8.668378448486328125e+01
3.639672851562500000e+01
-4.409642410278320312e+01
-3.338871002197265625e+01
9.926247406005859375e+01
9.899951934814453125e+01
9.571603393554687500e+01
8.746939849853515625e+01
9.848884582519531250e+01
-8.336378479003906250e+01
5.856830596923828125e+01
4.912837600708007812e+01
-6.014087295532226562e+01
-9.290085601806640625e+01
-8.994340515136718750e+01
8.789096832275390625e+01
2.096409416198730469e+01
-9.274642181396484375e+01
-8.845779418945312500e+01
-9.047639465332031250e+01
9.533686065673828125e+01
9.974525451660156250e+01
9.833493804931640625e+01
6.036111831665039062e+01
8.075341224670410156e+00
-9.389982604980468750e+01
-7.181058502197265625e+01
-8.973438262939453125e+01
8.775100708007812500e+01
2.796593666076660156e+01
-9.978572845458984375e+01
-9.739215087890625000e+01
-9.792414855957031250e+01
-4.067187118530273438e+01
9.981503295898437500e+01
9.788744354248046875e+01
9.688704681396484375e+01
8.481469726562500000e+01
-5.335781097412109375e+01
-3.171675872802734375e+01
4.793084716796875000e+01
9.270132446289062500e+01
-2.303681373596191406e+00
