2.598929703235626221e-01
-9.613221287727355957e-01
-4.648315310478210449e-01
1.654137372970581055e-01
7.751882076263427734e-01
-7.109454274177551270e-01
-5.250845551490783691e-01
-9.180754423141479492e-01
-2.190232127904891968e-01
-4.041827023029327393e-01
6.605051755905151367e-01
9.789445996284484863e-01
8.272705078125000000e-01
-7.257115840911865234e-01
-9.018993973731994629e-01
-3.403474390506744385e-01
-7.013536095619201660e-01
-2.280246168375015259e-01
9.150350689888000488e-01
9.137700200080871582e-01
-6.379587650299072266e-01
-8.336461782455444336e-01
8.251525759696960449e-01
9.923410415649414062e-01
-9.896932244300842285e-01
5.359988659620285034e-02
-2.499297112226486206e-01
-3.112678648903965950e-03
-7.884381413459777832e-01
-8.416039347648620605e-01
-1.700175702571868896e-01
1.723165065050125122e-02
3.679893910884857178e-01
9.699670672416687012e-01
-3.247840106487274170e-01
6.650910973548889160e-01
9.706370830535888672e-01
5.517321825027465820e-01
9.182962030172348022e-02
5.968353152275085449e-02
1.716439425945281982e-01
6.448308229446411133e-01
8.808877468109130859e-01
-5.511782765388488770e-01
6.187491416931152344e-01
5.287244319915771484e-01
-1.373311430215835571e-01
7.046484947204589844e-01
8.926360011100769043e-01
5.727478861808776855e-01
-7.722783088684082031e-01
2.869789898395538330e-01
1.524086017161607742e-02
-6.405067443847656250e-01
3.662407696247100830e-01
9.961870908737182617e-01
-8.271449208259582520e-01
-5.474452376365661621e-01
-4.639125764369964600e-01
6.075307726860046387e-01
3.275852203369140625e-01
-4.586304426193237305e-01
7.926667481660842896e-02
8.029351234436035156e-01
-2.433255165815353394e-01
-4.117263257503509521e-01
7.208832502365112305e-01
3.141591548919677734e-01
9.250353574752807617e-01
-4.069348573684692383e-01
-7.967786788940429688e-01
-2.109165191650390625e-01
-7.779116034507751465e-01
-3.438096642494201660e-01
9.508299231529235840e-01
-1.984192878007888794e-01
8.022020459175109863e-01
5.778505802154541016e-01
4.263553619384765625e-01
8.133834004402160645e-01
9.661797881126403809e-01
-3.867394626140594482e-01
-9.339422583580017090e-01
1.184643525630235672e-02
9.298263788223266602e-01
7.579302191734313965e-01
8.830061554908752441e-01
1.974685341119766235e-01
7.415527701377868652e-01
4.502747952938079834e-01
-3.364746645092964172e-02
8.204677104949951172e-01
5.598091483116149902e-01
9.293955564498901367e-02
6.805575489997863770e-01
5.024239420890808105e-01
-1.728091537952423096e-01
-5.775409936904907227e-01
-5.996816158294677734e-01
4.496577382087707520e-01
-3.326791226863861084e-01
-3.477941155433654785e-01
3.423345088958740234e-01
-1.377751529216766357e-01
8.477157950401306152e-01
-5.617896318435668945e-01
-2.180098444223403931e-01
7.521342486143112183e-02
-2.561140060424804688e-02
4.403481185436248779e-01
4.965494871139526367e-01
2.229126393795013428e-01
7.370798587799072266e-01
-5.816497281193733215e-02
4.176666736602783203e-01
3.614476025104522705e-01
-5.556280016899108887e-01
-9.101274609565734863e-01
-8.166482448577880859e-01
1.148921102285385132e-01
-4.105924367904663086e-01
9.708503484725952148e-01
4.745748266577720642e-02
4.698891937732696533e-01
-9.732438325881958008e-01
-1.685128211975097656e-01
-7.497605681419372559e-01
6.323178410530090332e-01
4.210366606712341309e-01
7.165011763572692871e-01
-2.933476865291595459e-02
-8.343614935874938965e-01
7.685731649398803711e-01
3.801364302635192871e-01
-6.994108557701110840e-01
-8.851250410079956055e-01
3.281664848327636719e-02
-6.704708337783813477e-01
-8.333645462989807129e-01
-6.326951980590820312e-01
-5.729291439056396484e-01
-5.869309902191162109e-01
-7.539542913436889648e-01
-9.933455586433410645e-01
-7.960068583488464355e-01
-5.651512145996093750e-01
9.023149609565734863e-01
-9.088187813758850098e-01
-5.200719833374023438e-01
6.713114380836486816e-01
7.464580535888671875e-01
9.482994079589843750e-01
-1.360773444175720215e-01
-6.049863100051879883e-01
-9.683824181556701660e-01
7.583506703376770020e-01
7.962806820869445801e-01
-6.629649996757507324e-01
-1.924568265676498413e-01
5.562411546707153320e-01
4.715900719165802002e-01
-3.286502957344055176e-01
4.095933139324188232e-01
8.192783594131469727e-01
8.115475773811340332e-01
6.990373730659484863e-01
-5.915473103523254395e-01
-6.685286164283752441e-01
-7.795627713203430176e-01
2.169647365808486938e-01
1.012312546372413635e-01
-7.874632626771926880e-02
-2.693273723125457764e-01
-9.896758794784545898e-01
-8.582746982574462891e-01
-1.779845803976058960e-01
1.735682189464569092e-01
-1.330570876598358154e-01
-8.282016515731811523e-01
-9.571307301521301270e-01
-5.390681326389312744e-03
-7.759968284517526627e-03
-7.787110805511474609e-01
-8.123205900192260742e-01
3.911639098078012466e-03
8.281840085983276367e-01
-1.845997571945190430e-01
6.963561177253723145e-01
5.000954270362854004e-01
8.042103052139282227e-01
-7.902789115905761719e-01
-9.316415190696716309e-01
-8.831982612609863281e-01
8.048334717750549316e-01
9.805105328559875488e-01
-9.006372690200805664e-01
-5.054247975349426270e-01
-4.245347976684570312e-01
-4.013511538505554199e-01
-7.311694025993347168e-01
-6.316944956779479980e-01
-9.743334650993347168e-01
4.959222674369812012e-01
6.269084811210632324e-01
2.007135301828384399e-01
-9.399147629737854004e-01
-7.052588462829589844e-01
-9.429485797882080078e-01
6.630620360374450684e-01
8.046070933341979980e-01
-8.872947096824645996e-01
-1.684100776910781860e-01
-6.208815425634384155e-02
-3.895956575870513916e-01
4.078721702098846436e-01
3.516022861003875732e-01
-4.813036918640136719e-01
8.743441700935363770e-01
9.665097594261169434e-01
9.053150415420532227e-01
8.539352416992187500e-01
-9.295623898506164551e-01
-8.176059126853942871e-01
2.296659946441650391e-01
5.439783260226249695e-02
-2.049160748720169067e-01
7.815518975257873535e-01
1.532141864299774170e-01
-8.356046080589294434e-01
-2.361159622669219971e-01
-8.140171319246292114e-02
4.058611690998077393e-01
-1.157923117280006409e-01
3.204276263713836670e-01
-4.942368716001510620e-02
7.578145265579223633e-01
9.449099898338317871e-01
5.120697021484375000e-01
7.585480213165283203e-01
3.310863077640533447e-01
-1.791621893644332886e-01
9.079800248146057129e-01
9.813548922538757324e-01
8.227723836898803711e-01
1.377400010824203491e-01
-3.720508813858032227e-01
-9.695464968681335449e-01
-8.423235416412353516e-01
-8.725977540016174316e-01
-5.237149000167846680e-01
-7.704492807388305664e-01
-8.095976114273071289e-01
-5.990258231759071350e-02
6.693550348281860352e-01
9.682893157005310059e-01
-7.744698226451873779e-02
7.553821206092834473e-01
-5.087558627128601074e-01
4.778124988079071045e-01
-9.555409550666809082e-01
7.369339466094970703e-01
9.483899474143981934e-01
9.033945202827453613e-01
-2.229589670896530151e-01
-7.892705798149108887e-01
4.771327972412109375e-01
9.017958045005798340e-01
-6.987154483795166016e-01
-1.932317465543746948e-01
6.665806770324707031e-01
5.459263324737548828e-01
-2.794885933399200439e-01
1.190457344055175781e-01
4.430208206176757812e-01
2.128551155328750610e-01
9.932572245597839355e-01
8.722293972969055176e-01
2.893819510936737061e-01
8.676225543022155762e-01
-6.169531941413879395e-01
8.731487989425659180e-01
7.954750657081604004e-01
9.694951176643371582e-01
7.787682414054870605e-01
-8.814311027526855469e-01
-8.099299669265747070e-01
8.680059909820556641e-01
-2.528493106365203857e-01
3.997548222541809082e-01
-2.207572013139724731e-01
-7.448545694351196289e-01
2.572756707668304443e-01
-9.444242119789123535e-01
-4.326032400131225586e-01
-4.724517166614532471e-01
4.265600442886352539e-01
2.511838376522064209e-01
9.172202944755554199e-01
9.446178674697875977e-01
3.962827026844024658e-01
-4.000209867954254150e-01
-6.969659328460693359e-01
-3.644278049468994141e-01
4.830392822623252869e-02
6.494991779327392578e-01
4.090347290039062500e-01
-5.778902769088745117e-01
8.269899487495422363e-01
-3.074832819402217865e-02
2.385734170675277710e-01
3.413381278514862061e-01
-8.601936101913452148e-01
-5.138024091720581055e-01
9.206800460815429688e-01
5.239488556981086731e-02
4.819966852664947510e-01
9.209295511245727539e-01
5.133236646652221680e-01
1.402037739753723145e-01
-2.474583536386489868e-01
5.919210314750671387e-01
-4.325752556324005127e-01
-3.597329258918762207e-01
-3.017396926879882812e-01
6.146774291992187500e-01
-6.707869768142700195e-01
3.369602560997009277e-01
2.000740915536880493e-01
-7.072506546974182129e-01
-9.619327187538146973e-01
2.642479240894317627e-01
6.504514217376708984e-01
-6.971444487571716309e-01
3.179232478141784668e-01
5.017669796943664551e-01
8.681631088256835938e-01
9.671641588211059570e-01
-3.296074569225311279e-01
-8.018418550491333008e-01
-8.307975530624389648e-01
9.292696714401245117e-01
7.194172143936157227e-01
-5.887754559516906738e-01
-7.353014349937438965e-01
-3.659394085407257080e-01
-8.270391225814819336e-01
-9.453853964805603027e-01
8.185111880302429199e-01
1.693380922079086304e-01
8.341157436370849609e-02
-7.663868069648742676e-01
5.858819484710693359e-01
-5.323124304413795471e-02
-6.027963012456893921e-02
6.539362668991088867e-01
4.299505949020385742e-01
-2.621759474277496338e-01
-6.337685883045196533e-02
2.364423125982284546e-01
6.042456030845642090e-01
9.653745293617248535e-01
8.837248682975769043e-01
3.597366437315940857e-02
-2.475239038467407227e-01
-3.286972343921661377e-01
5.222061872482299805e-01
8.810600638389587402e-01
4.575065970420837402e-01
-7.669693827629089355e-01
8.405559659004211426e-01
9.339234232902526855e-01
3.048487305641174316e-01
-7.266017794609069824e-01
-8.904032111167907715e-01
-6.090695261955261230e-01
-1.543048918247222900e-01
-9.693002700805664062e-01
4.616118371486663818e-01
-3.796808123588562012e-01
7.542119920253753662e-02
-1.426773220300674438e-01
5.955326557159423828e-01
-5.696375370025634766e-01
-5.259104967117309570e-01
9.202349781990051270e-01
9.880771636962890625e-01
1.764720976352691650e-01
-1.699529588222503662e-01
9.472600221633911133e-01
7.065312266349792480e-01
6.759073585271835327e-02
2.625668346881866455e-01
9.923976063728332520e-01
2.498896718025207520e-01
8.509109020233154297e-01
-1.159249469637870789e-01
4.149755835533142090e-01
7.780027389526367188e-01
1.087111681699752808e-01
7.964251041412353516e-01
-5.593483448028564453e-01
-9.007450342178344727e-01
-8.756573200225830078e-01
-1.954699456691741943e-01
-2.297160923480987549e-01
1.447902023792266846e-01
6.030310392379760742e-01
6.173495650291442871e-01
-2.604176104068756104e-01
9.697964191436767578e-01
9.372716546058654785e-01
4.736032187938690186e-01
9.226326346397399902e-01
9.831904768943786621e-01
-5.394411683082580566e-01
8.800238370895385742e-01
5.987913608551025391e-01
5.705181360244750977e-01
-6.844200491905212402e-01
5.324123501777648926e-01
5.866965055465698242e-01
2.715611271560192108e-02
7.852861285209655762e-01
9.517418742179870605e-01
-4.609625339508056641e-01
-4.610380232334136963e-01
-6.148698925971984863e-01
-1.463480740785598755e-01
9.124021530151367188e-01
6.364777088165283203e-01
8.695260286331176758e-01
8.902725577354431152e-01
9.799139499664306641e-01
4.781644046306610107e-02
-6.670975089073181152e-01
1.514440029859542847e-01
8.007109165191650391e-01
7.754343748092651367e-02
6.717926263809204102e-01
-8.224794864654541016e-01
-9.797353148460388184e-01
-4.653991460800170898e-01
-1.395186036825180054e-01
2.834123671054840088e-01
9.872191548347473145e-01
-2.558672726154327393e-01
-5.479213222861289978e-02
-7.265582084655761719e-01
-8.120478987693786621e-01
4.894827902317047119e-01
8.580989837646484375e-01
-1.479932069778442383e-01
9.918599128723144531e-01
9.478496909141540527e-01
5.750826597213745117e-01
9.438315033912658691e-01
8.821368813514709473e-01
3.713855445384979248e-01
6.935734152793884277e-01
8.670094013214111328e-01
8.251714110374450684e-01
9.797384738922119141e-01
7.652767896652221680e-01
1.633173823356628418e-01
-9.446845054626464844e-01
5.691729858517646790e-02
-5.168024897575378418e-01
1.714107245206832886e-01
-7.013955116271972656e-01
-9.632857441902160645e-01
2.980435490608215332e-01
2.020515054464340210e-01
8.084684610366821289e-01
5.480395555496215820e-01
8.744847178459167480e-01
5.751680135726928711e-01
-3.752758800983428955e-01
9.813487529754638672e-01
9.943398237228393555e-01
-4.373419880867004395e-01
2.908605933189392090e-01
8.670987486839294434e-01
6.358436942100524902e-01
8.271079659461975098e-01
1.825594007968902588e-01
-3.513784706592559814e-01
-8.502991199493408203e-01
-9.266839623451232910e-01
8.103827834129333496e-01
9.726477265357971191e-01
9.818797707557678223e-01
8.866852521896362305e-01
-7.829284071922302246e-01
5.587914586067199707e-01
2.885265648365020752e-01
8.520269989967346191e-01
9.788768291473388672e-01
-4.536128640174865723e-01
7.436101436614990234e-01
1.449622809886932373e-01
-4.891458749771118164e-01
-9.298378825187683105e-01
-5.544608235359191895e-01
8.971868157386779785e-01
4.241516292095184326e-01
9.823479056358337402e-01
4.645698666572570801e-01
5.613128542900085449e-01
-6.283292174339294434e-02
-2.448516488075256348e-01
8.738341331481933594e-01
9.938290119171142578e-01
