5.353594422340393066e-01
4.530743658542633057e-01
8.726761937141418457e-01
7.146526575088500977e-01
4.232391715049743652e-01
6.869317889213562012e-01
2.104142904281616211e-01
-4.565323516726493835e-02
5.543339997529983521e-02
7.984898686408996582e-01
1.712837517261505127e-01
5.991145372390747070e-01
4.789448380470275879e-01
3.341168165206909180e-01
1.014914587140083313e-01
-9.590618312358856201e-02
2.490375638008117676e-01
2.465391606092453003e-01
-3.648925125598907471e-01
6.476142406463623047e-01
4.107127487659454346e-01
8.447839617729187012e-01
4.289722442626953125e-01
8.763073682785034180e-01
4.686002433300018311e-01
2.101657167077064514e-02
-3.012224137783050537e-01
6.690200567245483398e-01
8.205140233039855957e-01
8.538587689399719238e-01
4.617868065834045410e-01
3.332905173301696777e-01
3.977171778678894043e-01
-3.897113800048828125e-01
2.007772028446197510e-01
4.417178630828857422e-01
3.568696379661560059e-01
8.292027711868286133e-01
3.060489594936370850e-01
-1.972069740295410156e-01
7.747040390968322754e-01
4.240572452545166016e-01
4.830307066440582275e-01
3.735862299799919128e-02
4.051257669925689697e-01
3.445941209793090820e-02
6.414783746004104614e-02
5.224807858467102051e-01
2.851223349571228027e-01
8.935705423355102539e-01
7.272468805313110352e-01
3.883237540721893311e-01
-4.609343595802783966e-03
-3.222880065441131592e-01
8.422595858573913574e-01
6.951692700386047363e-01
5.577877759933471680e-01
2.606708705425262451e-01
-4.809552133083343506e-01
7.756948471069335938e-01
5.229002833366394043e-01
5.134595632553100586e-01
1.566109806299209595e-01
4.391086697578430176e-01
6.190599799156188965e-01
-2.008784413337707520e-01
8.755143880844116211e-01
9.027047753334045410e-01
1.435783952474594116e-01
3.727581501007080078e-01
-2.934651076793670654e-01
4.210889041423797607e-01
3.088552057743072510e-01
-2.869710326194763184e-01
6.638347506523132324e-01
4.914248585700988770e-01
8.127964138984680176e-01
7.473647594451904297e-01
7.198847532272338867e-01
8.089603483676910400e-02
3.124655783176422119e-01
-5.706027746200561523e-01
8.205684423446655273e-01
4.365241825580596924e-01
7.466200590133666992e-01
3.274395763874053955e-01
-4.731692373752593994e-02
1.282686889171600342e-01
7.584522962570190430e-01
3.890441358089447021e-01
2.656412720680236816e-01
4.362655580043792725e-01
6.460922956466674805e-01
1.733463257551193237e-01
-6.139465421438217163e-02
5.217048525810241699e-01
1.438966393470764160e-01
7.689557075500488281e-01
7.525322437286376953e-01
-1.005841046571731567e-01
8.878750354051589966e-02
8.864126205444335938e-01
-7.128810882568359375e-01
7.612667679786682129e-01
5.876305103302001953e-01
6.757509708404541016e-01
-3.328863978385925293e-01
3.174972534179687500e-01
3.467732369899749756e-01
5.278249979019165039e-01
5.939884781837463379e-01
6.263681650161743164e-01
6.103335022926330566e-01
-5.457532405853271484e-01
4.381801784038543701e-01
7.672351002693176270e-01
4.788140654563903809e-01
6.825988888740539551e-01
5.146836042404174805e-01
5.932327508926391602e-01
-1.918508112430572510e-01
1.136131864041090012e-02
8.430058360099792480e-01
5.573494434356689453e-01
3.714940249919891357e-01
-4.632721841335296631e-02
3.742533028125762939e-01
6.722934842109680176e-01
-2.098594978451728821e-02
3.748247027397155762e-01
4.619488120079040527e-01
6.737871170043945312e-01
-7.434450834989547729e-02
1.899321973323822021e-01
3.925625383853912354e-01
8.468823432922363281e-01
5.355736017227172852e-01
5.136401057243347168e-01
7.143218070268630981e-02
5.620706081390380859e-01
6.746380925178527832e-01
-9.704134613275527954e-02
2.274746298789978027e-01
-2.499208003282546997e-01
2.381633967161178589e-01
2.712154686450958252e-01
4.709729552268981934e-01
8.508624434471130371e-01
3.249370157718658447e-01
5.781364440917968750e-01
1.412196308374404907e-01
-1.092040166258811951e-01
1.693236380815505981e-01
5.458567142486572266e-01
5.461053252220153809e-01
6.458598971366882324e-01
2.832496464252471924e-01
7.466780543327331543e-01
1.080599799752235413e-01
3.579476475715637207e-01
5.666648149490356445e-01
-6.466929614543914795e-02
6.266639828681945801e-01
3.986085653305053711e-01
4.872847497463226318e-01
7.819859385490417480e-01
3.589409589767456055e-01
4.398510158061981201e-01
5.825425386428833008e-01
3.828161954879760742e-02
-3.279137611389160156e-01
6.357532143592834473e-01
-1.009432971477508545e-02
3.288639485836029053e-01
1.453281641006469727e-01
8.323302865028381348e-01
7.006621956825256348e-01
1.635099053382873535e-01
-3.442785739898681641e-01
1.349920332431793213e-01
8.364957571029663086e-01
7.072920799255371094e-01
5.896558761596679688e-01
8.502395749092102051e-01
-4.280605167150497437e-02
-4.024226069450378418e-01
-7.844557613134384155e-02
6.810418367385864258e-01
7.547295689582824707e-01
7.442690134048461914e-01
1.346671879291534424e-01
7.235063910484313965e-01
3.513681888580322266e-01
-5.164080858230590820e-01
8.545699715614318848e-01
8.013298511505126953e-01
6.756360530853271484e-01
-4.540915787220001221e-02
2.572428882122039795e-01
5.551597476005554199e-01
-6.150565743446350098e-01
7.444759011268615723e-01
8.135173320770263672e-01
5.021372437477111816e-01
3.910267055034637451e-01
4.309733211994171143e-01
3.860553801059722900e-01
-7.276864349842071533e-02
-9.900924051180481911e-04
7.596889734268188477e-01
6.795841455459594727e-01
7.919789552688598633e-01
-1.853532940149307251e-01
-1.630141288042068481e-01
6.557431817054748535e-01
4.657709300518035889e-01
5.699410438537597656e-01
8.753163367509841919e-02
-2.666510343551635742e-01
6.409946084022521973e-01
3.434189260005950928e-01
8.365657925605773926e-01
2.165910601615905762e-01
4.126994609832763672e-01
1.302872449159622192e-01
8.336719870567321777e-01
5.666472911834716797e-01
1.407016962766647339e-01
2.429331243038177490e-01
5.410836338996887207e-01
7.433273792266845703e-01
2.758587002754211426e-01
4.078528583049774170e-01
2.515475153923034668e-01
3.528617322444915771e-01
4.063739776611328125e-01
6.667390465736389160e-01
6.710444092750549316e-01
-7.256394624710083008e-02
2.537663280963897705e-01
4.405690431594848633e-01
5.802012681961059570e-01
4.005198180675506592e-01
-4.158195555210113525e-01
-3.997531235218048096e-01
6.870670914649963379e-01
2.588586807250976562e-01
7.757303714752197266e-01
5.286194682121276855e-01
3.926916420459747314e-01
3.944305181503295898e-01
3.254401683807373047e-01
5.544379949569702148e-01
2.244390547275543213e-02
6.704855561256408691e-01
5.203609168529510498e-02
2.659503221511840820e-01
8.939009904861450195e-01
1.995663791894912720e-01
1.723334491252899170e-01
3.457459211349487305e-01
1.000185385346412659e-01
5.116965174674987793e-01
5.203126668930053711e-01
7.983887195587158203e-01
5.159445405006408691e-01
7.094237208366394043e-01
-1.438758224248886108e-01
-5.541735887527465820e-02
3.065778911113739014e-01
7.415398359298706055e-01
7.524400949478149414e-01
2.810743153095245361e-01
4.218252599239349365e-01
2.499930262565612793e-01
4.676700830459594727e-01
-5.806259065866470337e-02
6.415812969207763672e-01
3.041663169860839844e-01
6.827653646469116211e-01
9.520719200372695923e-02
6.727043986320495605e-01
9.063839167356491089e-02
5.206506252288818359e-01
5.390628576278686523e-01
3.385679423809051514e-01
1.122974324971437454e-02
-2.820347249507904053e-01
7.470052242279052734e-01
8.334560990333557129e-01
2.218736112117767334e-01
5.616512298583984375e-01
5.713400244712829590e-01
-1.080117449164390564e-01
7.799620926380157471e-02
2.396143376827239990e-01
5.348200201988220215e-01
5.702790617942810059e-01
2.298814244568347931e-02
8.658949136734008789e-01
6.449671983718872070e-01
4.908755719661712646e-01
7.911605238914489746e-01
-8.243843913078308105e-02
2.820616960525512695e-01
5.186756849288940430e-01
-1.636405438184738159e-01
6.411169767379760742e-01
-2.486354112625122070e-01
5.884543061256408691e-01
3.624577820301055908e-01
4.648948013782501221e-01
4.782614111900329590e-01
6.481050848960876465e-01
3.389987051486968994e-01
3.639684915542602539e-01
3.215621709823608398e-01
6.463184952735900879e-01
5.023762583732604980e-01
8.640881180763244629e-01
1.557176411151885986e-01
8.539484143257141113e-01
2.477987855672836304e-02
-3.015818297863006592e-01
5.096024274826049805e-01
6.768029332160949707e-01
2.407353073358535767e-01
-5.829348564147949219e-01
-4.630410373210906982e-01
5.752459168434143066e-01
7.191183567047119141e-01
-6.604515947401523590e-03
3.572523295879364014e-01
8.719470500946044922e-01
6.716566681861877441e-01
6.556178927421569824e-01
3.929086327552795410e-01
3.450767397880554199e-01
-2.249441295862197876e-01
5.722769498825073242e-01
8.256114125251770020e-01
6.366199254989624023e-01
-1.588952913880348206e-02
4.419900774955749512e-01
6.476384401321411133e-01
4.552960395812988281e-01
6.616948843002319336e-01
7.820252180099487305e-01
5.037607550621032715e-01
-1.807554066181182861e-01
-3.920877818018198013e-03
6.666860580444335938e-01
2.599267363548278809e-01
5.533928275108337402e-01
1.875863969326019287e-01
6.562303304672241211e-01
6.767128705978393555e-01
1.671406030654907227e-01
-2.173149585723876953e-01
9.573906660079956055e-02
3.429258763790130615e-01
1.541769057512283325e-01
2.007763981819152832e-01
7.908704280853271484e-01
4.982869327068328857e-01
5.286211371421813965e-01
1.638595908880233765e-01
7.825822830200195312e-01
2.874418795108795166e-01
-3.867461681365966797e-01
5.298736095428466797e-01
-1.524056214839220047e-02
7.275660037994384766e-01
1.814080774784088135e-01
4.613808393478393555e-01
8.315342664718627930e-01
1.940341740846633911e-01
5.460575819015502930e-01
6.352273225784301758e-01
4.370894432067871094e-01
7.008981704711914062e-01
-5.159715190529823303e-02
3.181792795658111572e-01
4.992480278015136719e-01
6.769928932189941406e-01
7.427429556846618652e-01
5.631610751152038574e-02
2.609944939613342285e-01
-2.267441600561141968e-01
6.082876324653625488e-01
-3.606683313846588135e-01
4.315016865730285645e-01
4.685410261154174805e-01
-1.733757704496383667e-01
6.249380111694335938e-01
7.896850109100341797e-01
2.499173879623413086e-01
7.075774669647216797e-01
7.185668945312500000e-01
-4.660175144672393799e-01
5.923001170158386230e-01
5.938914418220520020e-01
8.305811882019042969e-01
-1.791530847549438477e-01
3.523970022797584534e-02
6.884747147560119629e-01
5.848046541213989258e-01
5.998141169548034668e-01
5.922744274139404297e-01
9.774150699377059937e-02
3.401701450347900391e-01
5.430924296379089355e-01
7.074966430664062500e-01
1.783162802457809448e-01
-1.713970154523849487e-01
2.140280157327651978e-01
-1.048147678375244141e-01
1.953351050615310669e-01
5.350146889686584473e-01
8.154146075248718262e-01
6.277061700820922852e-01
7.856226563453674316e-01
5.300691127777099609e-01
5.471217036247253418e-01
3.141744136810302734e-01
-2.338232994079589844e-01
7.570676505565643311e-02
5.817937478423118591e-02
3.419971466064453125e-01
1.991030275821685791e-01
2.627891004085540771e-01
7.307434678077697754e-01
3.497850298881530762e-01
7.781519740819931030e-02
8.650064468383789062e-01
9.334354400634765625e-01
-2.528844177722930908e-01
4.395950138568878174e-01
3.950045108795166016e-01
2.390146255493164062e-05
8.472189903259277344e-01
4.789325296878814697e-01
-1.859370768070220947e-01
5.869222283363342285e-01
6.603381633758544922e-01
4.458011686801910400e-01
2.086923271417617798e-01
3.644616603851318359e-01
7.286966443061828613e-01
1.619706749916076660e-01
-1.146999448537826538e-01
7.407919764518737793e-01
8.496586680412292480e-01
-2.312807925045490265e-02
5.704877972602844238e-01
7.475867271423339844e-01
1.155177876353263855e-01
1.483738720417022705e-01
2.269939929246902466e-01
7.298492789268493652e-01
-3.827219903469085693e-01
4.665133357048034668e-01
1.834057271480560303e-01
1.047391965985298157e-01
3.938252627849578857e-01
-6.267772614955902100e-02
5.827214121818542480e-01
6.277084946632385254e-01
3.596075475215911865e-01
3.057368397712707520e-01
5.710936188697814941e-01
-2.981636524200439453e-01
7.991164326667785645e-01
5.045514702796936035e-01
5.135483145713806152e-01
7.340914011001586914e-01
4.269163608551025391e-01
8.429581522941589355e-01
5.391490459442138672e-01
6.007702350616455078e-01
6.775829941034317017e-02
4.007049500942230225e-01
2.394852489233016968e-01
7.080487012863159180e-01
-1.340630203485488892e-01
1.847565323114395142e-01
5.690970420837402344e-01
2.157207578420639038e-01
3.405385911464691162e-01
1.764098852872848511e-01
3.814398951362818480e-04
-3.318133354187011719e-01
-3.485215082764625549e-02
4.902678728103637695e-01
5.778270959854125977e-01
1.802351921796798706e-01
8.962007761001586914e-01
7.715459465980529785e-01
7.209696173667907715e-01
6.158715486526489258e-01
4.296743869781494141e-01
3.954890966415405273e-01
4.082637131214141846e-01
2.511099576950073242e-01
5.750144124031066895e-01
3.117016255855560303e-01
-1.225468888878822327e-01
5.492816567420959473e-01
2.120074350386857986e-03
1.335507333278656006e-01
4.707929193973541260e-01
4.613551497459411621e-01
3.166941702365875244e-01
3.074207603931427002e-01
6.907311081886291504e-01
5.564175918698310852e-02
-3.121672756969928741e-02
3.863612115383148193e-01
8.363547921180725098e-01
3.950712978839874268e-01
2.153701633214950562e-01
5.132256150245666504e-01
3.689632713794708252e-01
6.622501015663146973e-01
2.336279489099979401e-02
1.398318856954574585e-01
6.130201816558837891e-01
3.826067745685577393e-01
6.697214841842651367e-01
-2.890914678573608398e-01
9.054194688796997070e-01
6.861273050308227539e-01
-3.824099898338317871e-01
4.229508936405181885e-01
2.814672291278839111e-01
1.975830942392349243e-01
-2.914296090602874756e-01
3.135305047035217285e-01
6.473290920257568359e-01
7.637136578559875488e-01
-1.652584969997406006e-02
6.724847555160522461e-01
6.733487248420715332e-01
7.208719849586486816e-02
6.955511569976806641e-01
7.103372812271118164e-01
6.480430960655212402e-01
2.306936979293823242e-01
5.636991262435913086e-01
4.018768370151519775e-01
-2.467866688966751099e-01
4.246811568737030029e-01
2.288465499877929688e-01
6.584937572479248047e-01
5.249665975570678711e-01
5.600918531417846680e-01
4.703369736671447754e-01
2.029876559972763062e-01
4.489651620388031006e-01
6.305801868438720703e-01
1.447288990020751953e-01
-4.768917858600616455e-01
5.404939055442810059e-01
6.499815583229064941e-01
8.861161768436431885e-02
4.704088270664215088e-01
7.194016575813293457e-01
-2.052067071199417114e-01
6.301110386848449707e-01
3.757965564727783203e-01
9.491331875324249268e-02
7.688096910715103149e-02
3.234287798404693604e-01
6.473062038421630859e-01
9.669934213161468506e-02
6.129297018051147461e-01
2.950770854949951172e-01
3.478643298149108887e-01
4.084197282791137695e-01
6.841908693313598633e-01
4.948965907096862793e-01
5.273253917694091797e-01
4.110299348831176758e-01
-5.446442365646362305e-01
7.383199930191040039e-01
3.303139805793762207e-01
4.679441452026367188e-01
7.927095293998718262e-01
-1.880248188972473145e-01
3.607757017016410828e-02
8.177709579467773438e-01
8.266638219356536865e-02
8.743556141853332520e-01
1.817758828401565552e-01
3.252462148666381836e-01
6.187088489532470703e-01
7.173687219619750977e-02
1.702912151813507080e-01
1.839306950569152832e-01
8.114921450614929199e-01
4.276005327701568604e-01
6.182973980903625488e-01
4.157055318355560303e-01
3.983947038650512695e-01
2.690073549747467041e-01
1.313609331846237183e-01
-9.728965233080089092e-04
2.620841264724731445e-01
5.849562287330627441e-01
5.541016459465026855e-01
4.899241626262664795e-01
-1.327883005142211914e-01
6.063751578330993652e-01
2.409676760435104370e-01
6.700417995452880859e-01
2.335498780012130737e-01
3.757926821708679199e-01
4.974092841148376465e-01
-4.568285867571830750e-02
8.508325815200805664e-01
7.116433382034301758e-01
7.305409312248229980e-01
-8.429431915283203125e-02
2.956537902355194092e-01
3.518669903278350830e-01
2.057493478059768677e-01
4.558354020118713379e-01
-1.591949257999658585e-03
5.509357452392578125e-01
4.594507515430450439e-01
3.161887824535369873e-01
4.260438084602355957e-01
3.385507464408874512e-01
-1.106541883200407028e-02
3.601723611354827881e-01
6.976491212844848633e-02
-2.361670732498168945e-01
6.177022457122802734e-01
-6.786858290433883667e-02
7.489891052246093750e-01
2.057356089353561401e-01
4.667158424854278564e-01
8.989579677581787109e-01
5.378950834274291992e-01
7.260123491287231445e-01
8.067303895950317383e-01
6.710006594657897949e-01
4.803058803081512451e-01
7.359374165534973145e-01
5.827077105641365051e-02
5.954993367195129395e-01
-1.360985338687896729e-01
-1.171260029077529907e-01
5.047087669372558594e-01
3.831019699573516846e-01
-2.133560329675674438e-01
-4.469171464443206787e-01
3.571270108222961426e-01
8.445765972137451172e-01
6.239585280418395996e-01
4.167614579200744629e-01
6.113774776458740234e-01
2.804456353187561035e-01
4.563359916210174561e-01
1.305491179227828979e-01
1.469759941101074219e-01
2.950597107410430908e-01
7.230974435806274414e-01
3.983724415302276611e-01
-1.977832913398742676e-01
8.885304927825927734e-01
-7.411241531372070312e-02
5.236784815788269043e-01
4.978459179401397705e-01
2.217775397002696991e-02
7.873048782348632812e-01
1.495215743780136108e-01
6.220656633377075195e-01
5.985578298568725586e-01
2.488247156143188477e-01
5.952613949775695801e-01
-4.802186787128448486e-01
4.629138708114624023e-01
6.612913012504577637e-01
6.449098587036132812e-01
6.257435083389282227e-01
6.775965690612792969e-01
-4.063110053539276123e-02
3.362139165401458740e-01
4.665313661098480225e-01
2.183008193969726562e-01
1.408347189426422119e-01
2.552317678928375244e-01
-2.256232798099517822e-01
5.905754566192626953e-01
-3.667033612728118896e-01
2.504256963729858398e-01
9.315718412399291992e-01
5.577560067176818848e-01
8.410568237304687500e-01
7.736036181449890137e-01
2.267472445964813232e-01
5.610139369964599609e-01
4.381244778633117676e-01
-4.457230493426322937e-02
-3.382940962910652161e-02
7.553315758705139160e-01
6.324534416198730469e-01
5.189868211746215820e-01
-8.546427637338638306e-02
9.535421431064605713e-02
3.059782087802886963e-01
2.753833234310150146e-01
7.213968038558959961e-01
2.659921944141387939e-01
5.776088833808898926e-01
5.114983320236206055e-01
1.204445883631706238e-01
1.847859621047973633e-01
4.317925870418548584e-01
7.373469471931457520e-01
2.123013287782669067e-01
3.530895411968231201e-01
4.894667863845825195e-01
3.679007589817047119e-01
-8.730459213256835938e-02
4.118288755416870117e-01
-2.303338348865509033e-01
7.967529296875000000e-01
8.125190734863281250e-01
-4.320800304412841797e-01
4.534201323986053467e-01
-1.284526139497756958e-01
8.466907739639282227e-01
5.712172389030456543e-01
-2.569970190525054932e-01
7.616266608238220215e-01
1.173625066876411438e-01
6.932992935180664062e-01
1.727853864431381226e-01
5.593081712722778320e-01
6.671605706214904785e-01
8.092841506004333496e-01
5.609272122383117676e-01
3.543859720230102539e-01
1.985657811164855957e-01
-1.922550350427627563e-01
7.273985147476196289e-01
-2.040026187896728516e-01
1.696279793977737427e-01
5.336793661117553711e-01
4.382277429103851318e-01
7.099201083183288574e-01
-1.422607302665710449e-01
4.689132869243621826e-01
3.893860280513763428e-01
4.739615023136138916e-01
5.098108053207397461e-01
4.851710423827171326e-02
3.083386421203613281e-01
4.532659053802490234e-01
5.889115929603576660e-01
4.583173096179962158e-01
7.443714141845703125e-01
-3.710126578807830811e-01
5.286203026771545410e-01
2.338358759880065918e-01
6.261062622070312500e-01
1.890620440244674683e-01
5.554470419883728027e-01
3.014345169067382812e-01
2.433144152164459229e-01
4.892745018005371094e-01
1.696384549140930176e-01
2.997078746557235718e-02
7.363611459732055664e-01
7.266408205032348633e-01
5.334428548812866211e-01
-1.967929303646087646e-01
4.415833055973052979e-01
-1.650352329015731812e-01
7.334161400794982910e-01
3.493107259273529053e-01
8.068908452987670898e-01
3.998972773551940918e-01
-4.706217721104621887e-02
4.198433160781860352e-01
3.086007833480834961e-01
2.172067165374755859e-01
8.830009698867797852e-01
3.010600507259368896e-01
3.641252219676971436e-01
5.261509418487548828e-01
4.724758863449096680e-01
5.329781770706176758e-01
6.120010614395141602e-01
-2.901369333267211914e-01
2.223971039056777954e-01
-7.523719221353530884e-02
-2.151553779840469360e-01
3.108804225921630859e-01
7.979887127876281738e-01
8.996466398239135742e-01
8.219890594482421875e-01
2.934126257896423340e-01
3.235921859741210938e-01
-1.433170028030872345e-02
-1.443831473588943481e-01
3.188366591930389404e-01
8.145998716354370117e-01
7.834079861640930176e-01
-1.328692883253097534e-01
1.648727357387542725e-01
8.437930941581726074e-01
3.210806548595428467e-01
3.967474400997161865e-01
2.405407577753067017e-01
6.818417310714721680e-01
6.252635121345520020e-01
6.958689689636230469e-01
2.307552695274353027e-01
5.355037450790405273e-01
-6.391541659832000732e-02
6.839907169342041016e-02
2.618486583232879639e-01
5.272012948989868164e-01
5.613557696342468262e-01
1.425884068012237549e-01
4.455187022686004639e-01
-1.311218086630105972e-02
1.937904506921768188e-01
1.276831030845642090e-01
8.082535266876220703e-01
8.094673156738281250e-01
4.330741167068481445e-01
6.340782642364501953e-01
5.329335927963256836e-01
2.571755051612854004e-01
-1.748218536376953125e-01
5.309252142906188965e-01
4.276745393872261047e-02
7.468379139900207520e-01
3.290820168331265450e-03
5.579423904418945312e-01
-8.148205280303955078e-02
4.520379602909088135e-01
7.591900825500488281e-01
2.557429075241088867e-01
5.117402076721191406e-01
3.636685311794281006e-01
-4.682443141937255859e-01
3.445225358009338379e-01
8.016510009765625000e-01
3.413007557392120361e-01
5.976864695549011230e-01
2.898798696696758270e-02
5.642743706703186035e-01
4.921792149543762207e-01
7.291654348373413086e-01
3.845727741718292236e-01
5.027739331126213074e-02
6.344305872917175293e-01
1.912959516048431396e-01
-4.277630522847175598e-02
-1.664712131023406982e-01
6.651658415794372559e-01
3.457834422588348389e-01
6.798870563507080078e-01
2.884005196392536163e-02
4.652654826641082764e-01
8.483456969261169434e-01
4.642075896263122559e-01
7.129175662994384766e-01
2.140989303588867188e-01
8.527876809239387512e-03
4.647343158721923828e-01
4.088214933872222900e-01
-3.143096268177032471e-01
7.634472250938415527e-01
6.915407776832580566e-01
7.130543589591979980e-01
-2.264932990074157715e-01
3.127449154853820801e-01
3.523099720478057861e-01
5.154039859771728516e-01
5.118381381034851074e-01
4.285202920436859131e-01
2.909379303455352783e-01
2.062515765428543091e-01
7.733922600746154785e-01
5.212044715881347656e-01
-2.611111402511596680e-01
3.206173181533813477e-01
5.673414468765258789e-01
7.319855093955993652e-01
5.738587379455566406e-01
-3.232809901237487793e-01
1.183043941855430603e-01
6.830515265464782715e-01
5.575947165489196777e-01
4.799398183822631836e-01
8.349151015281677246e-01
-6.835693120956420898e-01
3.038989305496215820e-01
4.061452448368072510e-01
8.272995352745056152e-01
5.555393099784851074e-01
-8.075829595327377319e-02
1.570557206869125366e-01
6.583310365676879883e-01
4.340756312012672424e-02
1.109622716903686523e-01
3.888211250305175781e-01
5.858650803565979004e-01
2.657559216022491455e-01
3.910989463329315186e-01
4.774582386016845703e-02
5.089636445045471191e-01
2.833153009414672852e-01
5.076302289962768555e-01
6.347137689590454102e-01
2.228488326072692871e-01
4.729533568024635315e-02
9.273718595504760742e-01
6.066174507141113281e-01
1.982539892196655273e-01
5.330362319946289062e-01
-9.641670435667037964e-02
5.919890999794006348e-01
4.921055138111114502e-01
8.075571656227111816e-01
3.291823565959930420e-01
-4.547308385372161865e-01
2.514253854751586914e-01
8.426292538642883301e-01
4.041891694068908691e-01
4.897612333297729492e-01
-2.662179470062255859e-01
7.696253061294555664e-01
3.609746396541595459e-01
5.557889342308044434e-01
6.365736722946166992e-01
1.422715336084365845e-01
2.995265424251556396e-01
3.469243049621582031e-01
5.459131598472595215e-01
2.158970832824707031e-01
7.339851856231689453e-01
7.629953026771545410e-01
1.458372175693511963e-01
-4.185786843299865723e-01
4.270293414592742920e-01
4.651971161365509033e-01
-8.529883623123168945e-02
4.960546195507049561e-01
2.832382321357727051e-01
-1.016891747713088989e-02
-2.025259882211685181e-01
8.198536038398742676e-01
6.461396217346191406e-01
3.908881545066833496e-01
7.435563206672668457e-01
6.359495520591735840e-01
5.889109373092651367e-01
-6.872099041938781738e-01
2.242573350667953491e-01
6.876601576805114746e-01
8.937810659408569336e-01
-1.371101737022399902e-01
5.679511427879333496e-01
8.973828554153442383e-01
4.977363944053649902e-01
2.100904285907745361e-01
-2.224936336278915405e-02
2.454404979944229126e-01
4.237483143806457520e-01
2.999649941921234131e-01
3.314298689365386963e-01
5.423256009817123413e-02
5.597762465476989746e-01
3.707841634750366211e-01
-1.158527359366416931e-01
6.545966267585754395e-01
6.531851291656494141e-01
1.295702457427978516e-01
5.421658158302307129e-01
5.451911687850952148e-01
7.473257184028625488e-01
8.653867840766906738e-01
3.601242005825042725e-01
4.128967598080635071e-02
5.542470216751098633e-01
4.664394259452819824e-01
4.043262079358100891e-02
7.682200074195861816e-01
-4.206575751304626465e-01
3.674291074275970459e-01
7.138549089431762695e-01
5.385313034057617188e-01
5.816680788993835449e-01
3.433521986007690430e-01
4.153739213943481445e-01
-5.429664850234985352e-01
2.608690559864044189e-01
5.629778504371643066e-01
1.657003760337829590e-01
2.503506653010845184e-02
7.298361659049987793e-01
-5.588232888840138912e-04
4.752453789114952087e-02
8.080399632453918457e-01
5.084684491157531738e-01
-4.269303083419799805e-01
5.650047659873962402e-01
7.558351755142211914e-01
4.470534622669219971e-01
1.016059890389442444e-01
9.143735170364379883e-01
1.469424366950988770e-01
3.114790916442871094e-01
1.836251765489578247e-01
4.590006172657012939e-01
4.479604959487915039e-01
4.552938044071197510e-01
7.574079632759094238e-01
6.323506236076354980e-01
1.686453074216842651e-01
5.520735979080200195e-01
2.568953037261962891e-01
8.371971845626831055e-01
1.101875752210617065e-01
3.092017173767089844e-01
6.498680114746093750e-01
1.498889178037643433e-01
-2.841178476810455322e-01
-4.910524934530258179e-02
4.140864312648773193e-01
8.605014085769653320e-01
2.860295474529266357e-01
4.884657859802246094e-01
4.450039267539978027e-01
7.226436734199523926e-01
-1.967412382364273071e-01
5.211450457572937012e-01
8.279035240411758423e-02
4.117392003536224365e-01
2.766708433628082275e-01
-6.503416895866394043e-01
5.159200429916381836e-01
6.328305602073669434e-01
8.426586985588073730e-01
-7.697897404432296753e-02
4.042316377162933350e-01
6.350376605987548828e-01
2.745484411716461182e-01
2.791897356510162354e-01
8.351612687110900879e-01
6.112601161003112793e-01
1.057612597942352295e-01
2.871098816394805908e-01
1.994646489620208740e-01
1.307456195354461670e-01
7.087387442588806152e-01
6.289736032485961914e-01
2.982996404170989990e-01
7.158444523811340332e-01
1.363773643970489502e-01
7.508942484855651855e-01
2.687290906906127930e-01
-1.303523033857345581e-01
-1.673879176378250122e-01
5.212082862854003906e-01
5.597303509712219238e-01
6.993901133537292480e-01
4.821256995201110840e-01
-7.803480327129364014e-02
3.348306417465209961e-01
4.032908976078033447e-01
-5.154981613159179688e-01
5.155707001686096191e-01
5.333604812622070312e-01
3.083636760711669922e-01
3.924155235290527344e-01
7.854213714599609375e-01
3.807024955749511719e-01
2.359021455049514771e-01
5.385757088661193848e-01
-2.773574739694595337e-02
5.249509215354919434e-01
1.943266391754150391e-01
7.042365670204162598e-01
3.615239262580871582e-01
6.580185294151306152e-01
1.826064139604568481e-01
2.440465986728668213e-01
-1.358989328145980835e-01
4.580163955688476562e-01
4.254830479621887207e-01
4.500213861465454102e-01
-2.611733675003051758e-01
6.200357675552368164e-01
4.001755416393280029e-01
7.550285458564758301e-01
7.495945692062377930e-01
6.953215599060058594e-01
2.212705612182617188e-01
-5.712122321128845215e-01
1.890135258436203003e-01
7.023705244064331055e-01
-2.994360625743865967e-01
-5.556665360927581787e-02
4.438557028770446777e-01
6.743599772453308105e-01
3.052836954593658447e-01
9.099860191345214844e-01
5.914617180824279785e-01
6.699187755584716797e-01
4.823368191719055176e-01
8.249238133430480957e-01
9.597626328468322754e-02
9.635907411575317383e-02
7.820367813110351562e-01
1.070757433772087097e-01
3.418807685375213623e-01
4.272679984569549561e-01
1.630016267299652100e-01
4.649815857410430908e-01
4.692584574222564697e-01
3.218603730201721191e-01
3.927870094776153564e-01
1.911226212978363037e-01
-3.739757537841796875e-01
3.739937245845794678e-01
9.826681762933731079e-02
6.619575023651123047e-01
4.891298413276672363e-01
7.155060768127441406e-01
4.358503594994544983e-02
-4.369155764579772949e-01
5.967707037925720215e-01
3.701592981815338135e-01
6.411550045013427734e-01
7.119588255882263184e-01
8.138480037450790405e-02
2.709344923496246338e-01
6.174096465110778809e-01
-2.084497958421707153e-01
-1.197496205568313599e-01
8.942711949348449707e-01
8.103065490722656250e-01
5.732423067092895508e-01
-3.632101118564605713e-01
8.081833124160766602e-01
2.507441639900207520e-01
8.818447589874267578e-01
2.981819212436676025e-01
-5.027646422386169434e-01
6.635797619819641113e-01
1.484880968928337097e-02
1.436368823051452637e-01
2.129323780536651611e-01
4.911051094532012939e-01
3.817141950130462646e-01
-4.768941551446914673e-02
6.753456592559814453e-01
7.688146233558654785e-01
-1.070512179285287857e-02
9.149270057678222656e-01
4.710147678852081299e-01
5.077254176139831543e-01
6.161473989486694336e-01
5.132335424423217773e-01
2.825252711772918701e-01
1.536494493484497070e-01
4.267967939376831055e-01
-2.914008200168609619e-01
7.884246706962585449e-01
-5.841721296310424805e-01
2.831830382347106934e-01
5.119124650955200195e-01
9.493771195411682129e-01
6.912097334861755371e-01
4.209667146205902100e-01
6.034137010574340820e-01
1.450262069702148438e-01
4.952887594699859619e-01
7.236799001693725586e-01
-1.950457692146301270e-01
2.415078505873680115e-02
2.004240453243255615e-01
7.801685333251953125e-01
-1.964657753705978394e-01
-2.885435223579406738e-01
2.167337834835052490e-01
4.415757954120635986e-01
4.390843510627746582e-01
8.913274407386779785e-01
7.302469611167907715e-01
5.821412205696105957e-01
5.729853510856628418e-01
3.491656482219696045e-01
1.301384866237640381e-01
2.501840237528085709e-03
-2.577249519526958466e-02
-1.984306871891021729e-01
6.742014288902282715e-01
8.841339945793151855e-01
3.082197308540344238e-01
5.385993123054504395e-01
9.372137486934661865e-02
5.813634395599365234e-01
7.728242278099060059e-01
4.025639966130256653e-02
3.908149302005767822e-01
-2.042713314294815063e-01
1.965481936931610107e-01
-2.994652986526489258e-01
8.384342789649963379e-01
5.434865355491638184e-01
5.625039339065551758e-01
-1.395567357540130615e-01
7.539397478103637695e-01
7.667072415351867676e-01
4.898563027381896973e-01
2.268992662429809570e-01
6.361083984375000000e-01
9.788792133331298828e-01
9.959247708320617676e-01
9.965659379959106445e-01
9.986730217933654785e-01
9.948616623878479004e-01
9.946274757385253906e-01
9.661700725555419922e-01
9.293675422668457031e-01
9.800744652748107910e-01
8.547005057334899902e-01
8.898066878318786621e-01
6.474654078483581543e-01
-3.443500399589538574e-02
7.344717979431152344e-01
3.763299286365509033e-01
2.869095467031002045e-02
-9.041219949722290039e-01
-8.939048647880554199e-01
-8.716201186180114746e-01
-8.251451253890991211e-01
-7.599219083786010742e-01
-2.245463877916336060e-01
-8.846276998519897461e-01
-6.838409900665283203e-01
-3.326577246189117432e-01
-6.113748550415039062e-01
-5.859597921371459961e-01
5.554508566856384277e-01
5.421170219779014587e-02
1.253344118595123291e-01
1.478746533393859863e-01
4.630674719810485840e-01
7.952706217765808105e-01
3.973599374294281006e-01
4.201453626155853271e-01
-1.130439490079879761e-01
5.215693712234497070e-01
8.545561432838439941e-01
3.347010612487792969e-01
2.527358233928680420e-01
-2.301527410745620728e-01
6.441640853881835938e-01
3.819825947284698486e-01
3.342373073101043701e-01
7.269695401191711426e-01
6.696761250495910645e-01
7.291575670242309570e-01
7.469298243522644043e-01
7.054489254951477051e-01
-1.570542007684707642e-01
-2.800288200378417969e-01
4.609548151493072510e-01
7.569567561149597168e-01
4.894957542419433594e-01
7.271687984466552734e-01
2.268453687429428101e-01
7.421269416809082031e-01
-3.745568692684173584e-01
-8.767195791006088257e-02
4.884594678878784180e-01
4.962210953235626221e-01
-9.162021428346633911e-02
7.377159595489501953e-01
2.566637396812438965e-01
9.191276431083679199e-01
-1.185465082526206970e-01
7.993225455284118652e-01
-1.323788166046142578e-01
7.087099552154541016e-01
3.985716104507446289e-01
3.963479697704315186e-01
8.056349158287048340e-01
2.682369947433471680e-01
3.974570631980895996e-01
6.844704747200012207e-01
4.979368746280670166e-01
-5.469945818185806274e-02
-5.223088860511779785e-01
3.173423931002616882e-02
7.962747216224670410e-01
4.791295230388641357e-01
6.403902769088745117e-01
2.283348143100738525e-01
-1.636614203453063965e-01
7.281581163406372070e-01
7.202098965644836426e-01
5.086489319801330566e-01
5.865271091461181641e-01
-1.399205159395933151e-02
-9.548552334308624268e-03
8.911542892456054688e-01
6.510636210441589355e-01
-2.210355252027511597e-01
6.070918440818786621e-01
4.922015666961669922e-01
5.246942043304443359e-01
8.241862654685974121e-01
-1.133533939719200134e-01
3.247348070144653320e-01
1.656403094530105591e-01
7.948446273803710938e-01
6.921034455299377441e-01
7.764146327972412109e-01
4.949880540370941162e-01
-3.742869496345520020e-01
1.154398471117019653e-01
5.088607072830200195e-01
8.290745317935943604e-02
7.492095232009887695e-01
7.631004452705383301e-01
4.930026829242706299e-01
-2.633969187736511230e-01
1.876950711011886597e-01
-3.503972887992858887e-01
2.440769821405410767e-01
6.171427369117736816e-01
5.373008251190185547e-01
3.234901726245880127e-01
2.938743531703948975e-01
4.826163947582244873e-01
8.235690593719482422e-01
7.239409685134887695e-01
-4.441817402839660645e-01
4.369507431983947754e-01
8.127669692039489746e-01
5.912554264068603516e-01
2.083104848861694336e-01
5.105145573616027832e-01
5.543985962867736816e-01
1.297477781772613525e-01
2.949697375297546387e-01
5.217289924621582031e-01
5.445118546485900879e-01
2.837288975715637207e-01
6.483432650566101074e-01
4.268566966056823730e-01
9.782209992408752441e-02
5.001302361488342285e-01
2.294877916574478149e-01
3.772779703140258789e-01
-6.323060989379882812e-01
-1.046597608365118504e-03
7.247612476348876953e-01
7.871657609939575195e-01
8.304706960916519165e-02
4.683670699596405029e-01
3.220220804214477539e-01
2.006469964981079102e-01
6.394752860069274902e-01
4.976133406162261963e-01
7.045376300811767578e-01
4.940348863601684570e-01
7.353207468986511230e-01
-2.787107825279235840e-01
-1.718553453683853149e-01
4.993441104888916016e-01
8.789303898811340332e-01
4.832348525524139404e-01
4.038172364234924316e-01
-5.252456068992614746e-01
3.503514528274536133e-01
6.295927762985229492e-01
6.054488420486450195e-01
1.084487587213516235e-01
9.470955133438110352e-01
4.025118649005889893e-01
6.265645623207092285e-01
-3.927998244762420654e-02
7.582080960273742676e-01
5.505237579345703125e-01
7.088273763656616211e-01
4.241213202476501465e-01
-1.313374042510986328e-01
2.818102538585662842e-01
3.451565504074096680e-01
-6.145458221435546875e-01
4.064111709594726562e-01
7.177521586418151855e-01
5.550200343132019043e-01
5.794066190719604492e-01
-2.196825295686721802e-01
6.176681518554687500e-01
5.225057601928710938e-01
-1.673803776502609253e-01
2.784329950809478760e-01
2.144448459148406982e-01
8.179622292518615723e-01
-3.675526753067970276e-02
2.570382356643676758e-01
3.639661669731140137e-01
7.407385706901550293e-01
6.099213957786560059e-01
4.717217087745666504e-01
5.930182933807373047e-01
4.489975273609161377e-01
7.963799238204956055e-01
3.158115446567535400e-01
2.523488700389862061e-01
4.228059947490692139e-01
3.359718620777130127e-02
5.153133273124694824e-01
6.312604546546936035e-01
2.608915865421295166e-01
1.454391032457351685e-01
4.837956130504608154e-01
3.216000646352767944e-02
2.972029149532318115e-01
4.949641525745391846e-01
5.316029191017150879e-01
5.946217179298400879e-01
4.585114121437072754e-01
7.825869321823120117e-01
3.738753795623779297e-01
6.693571805953979492e-01
1.265904456377029419e-01
-3.738837689161300659e-02
-5.852926373481750488e-01
3.790671229362487793e-01
4.914646148681640625e-01
6.557896137237548828e-01
1.053674817085266113e-01
-1.699064224958419800e-01
-3.695211559534072876e-02
7.715198397636413574e-01
6.140960454940795898e-01
7.262662053108215332e-01
5.136582851409912109e-01
3.584054708480834961e-01
5.470584332942962646e-02
5.755348801612854004e-01
8.699985742568969727e-01
9.977788478136062622e-02
3.254071176052093506e-01
4.652783870697021484e-01
2.341929078102111816e-01
8.816232085227966309e-01
-4.975183680653572083e-02
4.010410010814666748e-01
5.508399605751037598e-01
6.809005141258239746e-01
-2.281782217323780060e-02
2.290047556161880493e-01
2.456779927015304565e-01
-2.134008407592773438e-01
6.306403279304504395e-01
1.061078011989593506e-01
3.732600510120391846e-01
8.496504276990890503e-02
8.889412879943847656e-01
8.183395862579345703e-01
4.540477693080902100e-01
6.457165479660034180e-01
3.796667754650115967e-01
5.093277692794799805e-01
2.662443518638610840e-01
-9.452868998050689697e-02
5.453483462333679199e-01
-3.828554451465606689e-01
7.280747890472412109e-01
4.437663555145263672e-01
5.851907134056091309e-01
2.684754729270935059e-01
6.446003317832946777e-01
3.994861990213394165e-02
3.736709952354431152e-01
7.127134799957275391e-01
9.023235738277435303e-02
2.123128920793533325e-01
7.961009144783020020e-01
4.208785295486450195e-01
5.400679707527160645e-01
3.456885516643524170e-01
8.613398075103759766e-01
4.612089097499847412e-01
4.885108470916748047e-01
-1.229287609457969666e-01
-6.728475093841552734e-01
1.911276280879974365e-01
7.613878846168518066e-01
5.061826109886169434e-01
3.842946290969848633e-01
4.454923272132873535e-01
5.032329261302947998e-02
4.604845643043518066e-01
5.303596854209899902e-01
3.164660930633544922e-01
-5.105510354042053223e-01
1.063739955425262451e-01
8.355562686920166016e-01
7.024300694465637207e-01
8.402880430221557617e-01
6.507556438446044922e-01
3.048554658889770508e-01
-5.814397241920232773e-03
7.091640233993530273e-01
8.691705018281936646e-02
7.449852228164672852e-01
6.884471178054809570e-01
3.594852089881896973e-01
3.207529783248901367e-01
2.888196408748626709e-01
2.120460420846939087e-01
6.456126272678375244e-02
1.905765831470489502e-01
4.579805433750152588e-01
3.036545515060424805e-01
-8.147029206156730652e-03
3.058973550796508789e-01
6.647716760635375977e-01
7.706184387207031250e-01
5.671243667602539062e-01
1.950856596231460571e-01
5.838803052902221680e-01
7.076314091682434082e-01
1.849694103002548218e-01
6.588179469108581543e-01
2.680583298206329346e-01
-5.294049158692359924e-02
5.649352669715881348e-01
-4.342854321002960205e-01
5.513103604316711426e-01
2.320569753646850586e-01
1.441252976655960083e-01
7.991917133331298828e-01
1.685684621334075928e-01
1.288260370492935181e-01
2.883211374282836914e-01
4.162790179252624512e-01
7.094966769218444824e-01
4.616765379905700684e-01
6.079481840133666992e-01
4.551936984062194824e-01
7.466618418693542480e-01
2.418586611747741699e-01
-2.831676602363586426e-01
8.998115062713623047e-01
5.828414559364318848e-01
-3.612596392631530762e-01
4.488595128059387207e-01
1.600247770547866821e-01
5.701782181859016418e-02
5.493885874748229980e-01
6.765633821487426758e-01
-6.599790602922439575e-02
8.963595032691955566e-01
7.497226595878601074e-01
7.208504676818847656e-01
6.567252278327941895e-01
4.462002217769622803e-01
-6.479550004005432129e-01
1.738775372505187988e-01
7.349298596382141113e-01
6.249346137046813965e-01
6.801866888999938965e-01
2.690347135066986084e-01
6.156643629074096680e-01
-3.630570471286773682e-01
6.348941940814256668e-03
8.351899385452270508e-01
5.124683380126953125e-01
4.579456150531768799e-01
4.509274065494537354e-01
-1.523838639259338379e-01
-2.764415740966796875e-01
6.841712594032287598e-01
3.534145355224609375e-01
3.488328754901885986e-01
4.386048913002014160e-01
7.464124560356140137e-01
-9.835670143365859985e-02
-3.403531387448310852e-03
8.149925470352172852e-01
5.782045722007751465e-01
4.941010177135467529e-01
-1.577915400266647339e-01
6.400690674781799316e-01
7.542226314544677734e-01
3.000209629535675049e-01
3.775171935558319092e-01
7.261035442352294922e-01
3.315910398960113525e-01
4.540386050939559937e-02
3.763975799083709717e-01
4.563840031623840332e-01
8.121296763420104980e-02
8.009445071220397949e-01
6.999129652976989746e-01
3.801406919956207275e-01
-1.147368252277374268e-01
5.180148482322692871e-01
-9.260737895965576172e-02
3.704832494258880615e-01
1.004040539264678955e-01
8.140642642974853516e-01
5.473464131355285645e-01
-6.782236695289611816e-02
-5.823321938514709473e-01
4.715590178966522217e-01
7.632098197937011719e-01
3.605834841728210449e-01
7.179321646690368652e-01
6.632446050643920898e-01
8.711163699626922607e-02
8.435804843902587891e-01
5.216097235679626465e-01
7.475567460060119629e-01
-2.013013064861297607e-01
5.025377273559570312e-01
4.367192387580871582e-01
5.625225901603698730e-01
1.722696572542190552e-01
-4.351876676082611084e-01
6.068652272224426270e-01
3.605537712574005127e-01
7.300316691398620605e-01
4.252874851226806641e-01
2.930415868759155273e-01
4.458780288696289062e-01
3.615652918815612793e-01
3.528194129467010498e-01
-4.627688527107238770e-01
7.575085759162902832e-01
-3.014095127582550049e-01
6.281356215476989746e-01
7.522193789482116699e-01
6.682478785514831543e-01
3.028152585029602051e-01
3.682439625263214111e-01
1.143503934144973755e-01
6.025370359420776367e-01
6.918874382972717285e-01
2.872813045978546143e-01
-3.310479521751403809e-01
6.035551428794860840e-01
8.627989888191223145e-01
4.364921152591705322e-01
3.515864908695220947e-01
4.451718628406524658e-01
-2.068269550800323486e-01
-5.037500858306884766e-01
4.744184017181396484e-01
8.277177214622497559e-01
4.536808133125305176e-01
3.111500442028045654e-01
6.982122659683227539e-01
3.948228061199188232e-01
2.820134460926055908e-01
7.158933877944946289e-01
2.374422997236251831e-01
7.541664838790893555e-01
-2.835797965526580811e-01
3.667350113391876221e-01
5.379027128219604492e-01
5.936489701271057129e-01
-9.623355418443679810e-02
7.113406658172607422e-01
6.028881669044494629e-01
4.401231408119201660e-01
-2.787284851074218750e-01
4.712106287479400635e-01
-2.504565715789794922e-01
8.411483168601989746e-01
-3.368250131607055664e-01
8.598351478576660156e-01
1.234157234430313110e-01
4.442132413387298584e-01
8.814535140991210938e-01
7.440013289451599121e-01
4.060212969779968262e-01
5.319726467132568359e-01
6.202338933944702148e-01
1.592764705419540405e-01
-3.102225065231323242e-01
-2.480124682188034058e-01
7.566638588905334473e-01
7.219043374061584473e-01
1.485038101673126221e-01
4.105330109596252441e-01
4.192050695419311523e-01
2.093945443630218506e-01
4.531172811985015869e-01
8.060246706008911133e-02
3.384955227375030518e-01
5.149894952774047852e-01
7.563839554786682129e-01
7.794616818428039551e-01
6.544237136840820312e-01
1.116396300494670868e-02
7.732650637626647949e-01
-2.757453918457031250e-01
5.089384317398071289e-01
5.105453133583068848e-01
3.517184555530548096e-01
-9.417527914047241211e-02
2.530049979686737061e-01
3.761959373950958252e-01
6.477644443511962891e-01
2.493226230144500732e-01
1.909848004579544067e-01
6.510699987411499023e-01
-2.236272096633911133e-01
5.383238792419433594e-01
5.983338356018066406e-01
6.227757930755615234e-01
7.798424363136291504e-01
-3.492596745491027832e-01
-1.987000405788421631e-01
2.646283805370330811e-01
6.453269720077514648e-01
7.517496943473815918e-01
1.025218293070793152e-01
6.956031322479248047e-01
1.527730002999305725e-02
6.246198415756225586e-01
4.939084351062774658e-01
2.908164262771606445e-01
5.275608897209167480e-01
3.014557063579559326e-01
5.198609828948974609e-01
-4.660464450716972351e-02
7.393114566802978516e-01
2.671897411346435547e-01
8.478990942239761353e-02
4.962971210479736328e-01
7.457717657089233398e-01
8.749287128448486328e-01
-5.886384844779968262e-02
1.496470421552658081e-01
3.345745149999856949e-03
6.310204267501831055e-01
1.224958077073097229e-01
-3.322314918041229248e-01
7.080986499786376953e-01
7.156565785408020020e-01
1.152838170528411865e-01
2.615154087543487549e-01
7.953081727027893066e-01
-1.974347680807113647e-01
8.002523779869079590e-01
5.687675476074218750e-01
7.447531819343566895e-01
8.539682626724243164e-01
4.095287024974822998e-01
-3.847534954547882080e-01
8.524112701416015625e-01
5.536468625068664551e-01
7.587659638375043869e-03
3.303822576999664307e-01
4.514457657933235168e-02
4.026537835597991943e-01
-4.916264116764068604e-01
5.142118334770202637e-01
2.126121670007705688e-01
4.223299622535705566e-01
6.603295803070068359e-01
4.813864529132843018e-01
8.577265739440917969e-01
-9.092655777931213379e-02
6.463224887847900391e-01
1.196289435029029846e-01
3.329951763153076172e-01
8.446556329727172852e-01
7.112563252449035645e-01
-1.356464773416519165e-01
4.126987159252166748e-01
7.216365933418273926e-01
-2.758173346519470215e-01
3.352010548114776611e-01
2.677494287490844727e-01
7.862925529479980469e-01
6.362982988357543945e-01
3.426359891891479492e-01
-2.624140083789825439e-01
7.928268909454345703e-01
-2.448001131415367126e-02
9.228520989418029785e-01
-6.936319470405578613e-01
2.345401644706726074e-01
5.503611564636230469e-01
8.954031467437744141e-01
1.031663045287132263e-01
5.849491953849792480e-01
7.761501669883728027e-01
6.258185505867004395e-01
-1.432275325059890747e-01
5.554823279380798340e-01
8.090972900390625000e-01
-4.962243437767028809e-01
4.688116610050201416e-01
6.827610135078430176e-01
6.820573806762695312e-01
-9.161841124296188354e-02
5.944420695304870605e-01
6.251302957534790039e-01
-6.252461075782775879e-01
6.492306292057037354e-02
2.672727108001708984e-01
7.732259035110473633e-01
6.634186506271362305e-01
6.505627632141113281e-01
7.449864745140075684e-01
6.291942000389099121e-01
-7.796130180358886719e-01
4.178136587142944336e-01
8.716737031936645508e-01
-2.130103707313537598e-01
7.763327956199645996e-01
-3.379831910133361816e-01
3.666706681251525879e-01
7.763625383377075195e-01
6.063020229339599609e-01
2.253936827182769775e-01
6.996423602104187012e-01
3.117074370384216309e-01
-2.359049618244171143e-01
7.510527968406677246e-01
5.945918560028076172e-01
4.489197134971618652e-01
6.721984744071960449e-01
3.080410361289978027e-01
3.870603740215301514e-01
6.897894740104675293e-01
-2.762096524238586426e-01
8.330978751182556152e-01
4.156913757324218750e-01
1.081458032131195068e-01
7.611040472984313965e-01
7.391533255577087402e-01
9.298126399517059326e-02
3.761605322360992432e-01
-1.291947960853576660e-01
6.514410376548767090e-01
8.346594125032424927e-02
1.421151161193847656e-01
3.971078395843505859e-01
-1.223337054252624512e-01
8.251433074474334717e-02
7.806614041328430176e-01
3.703444600105285645e-01
8.181623220443725586e-01
5.622898787260055542e-02
2.440770417451858521e-01
6.567623019218444824e-01
2.452957630157470703e-01
5.106764435768127441e-01
3.755647242069244385e-01
7.749866843223571777e-01
2.957969009876251221e-01
-1.394776701927185059e-01
1.999755203723907471e-01
5.631977915763854980e-01
5.031307935714721680e-01
2.885850071907043457e-01
9.097325056791305542e-02
2.885951399803161621e-01
9.182712435722351074e-01
1.589997559785842896e-01
5.676294565200805664e-01
3.386711776256561279e-01
3.163825571537017822e-01
6.904089450836181641e-01
4.209888875484466553e-01
-4.723073840141296387e-01
6.328405141830444336e-01
7.277669906616210938e-01
6.368969678878784180e-01
-2.922704517841339111e-01
6.379030942916870117e-01
-2.255298495292663574e-01
5.247491598129272461e-01
9.294402003288269043e-01
8.165246844291687012e-01
3.726405203342437744e-01
1.809894740581512451e-01
4.194826781749725342e-01
4.690766707062721252e-02
6.932161450386047363e-01
2.490418255329132080e-01
6.938015669584274292e-02
7.009028196334838867e-01
-3.404043614864349365e-02
3.854504227638244629e-01
4.924922287464141846e-01
7.500840425491333008e-01
-2.078047245740890503e-01
1.177886426448822021e-01
-1.233030259609222412e-01
1.460720449686050415e-01
3.917399048805236816e-01
4.779445528984069824e-01
7.932234406471252441e-01
7.001463174819946289e-01
6.819977760314941406e-01
8.740487694740295410e-01
4.427343606948852539e-01
-2.271299660205841064e-01
5.008068084716796875e-01
7.940391898155212402e-01
5.998809933662414551e-01
-5.955359935760498047e-01
1.666396856307983398e-01
3.372425734996795654e-01
8.920222520828247070e-01
7.926771044731140137e-01
4.655279517173767090e-01
-5.207114219665527344e-01
-2.135554552078247070e-01
5.854804515838623047e-01
8.564229607582092285e-01
-1.795746833086013794e-01
4.750884771347045898e-01
3.273805677890777588e-01
7.857367396354675293e-01
7.825106978416442871e-01
-2.201259583234786987e-01
-3.143710643053054810e-02
8.137137889862060547e-01
4.484728872776031494e-01
2.960665225982666016e-01
5.920985937118530273e-01
2.970131933689117432e-01
6.485187411308288574e-01
1.089001446962356567e-01
4.697313606739044189e-01
8.890948891639709473e-01
5.120585486292839050e-02
4.195533394813537598e-01
-6.429834663867950439e-02
1.546403616666793823e-01
5.307427048683166504e-01
-1.190814301371574402e-01
-2.487164363265037537e-02
5.624038577079772949e-01
7.457228302955627441e-01
6.959750056266784668e-01
7.400186061859130859e-01
7.778020948171615601e-02
7.247713208198547363e-01
2.977811098098754883e-01
4.748018682003021240e-01
5.599135756492614746e-01
-1.894595921039581299e-01
-2.495783269405364990e-01
6.684638857841491699e-01
3.583664894104003906e-01
2.606212906539440155e-02
7.087516784667968750e-01
4.686503708362579346e-01
5.459463000297546387e-01
6.334517002105712891e-01
3.191558122634887695e-01
6.994541287422180176e-01
5.830799341201782227e-01
5.967332720756530762e-01
1.095925793051719666e-01
-6.368687003850936890e-02
3.699161708354949951e-01
5.531288385391235352e-01
2.034472227096557617e-01
-3.369624614715576172e-01
2.730616629123687744e-01
6.653925180435180664e-01
1.989124566316604614e-01
6.042959094047546387e-01
3.481782376766204834e-01
-3.070778846740722656e-01
3.850916624069213867e-01
7.342497706413269043e-01
7.121574282646179199e-01
2.550129890441894531e-01
7.462180256843566895e-01
-1.773497015237808228e-01
6.826645731925964355e-01
2.207569181919097900e-01
3.809832632541656494e-01
4.814893007278442383e-01
6.947597861289978027e-01
2.348325550556182861e-01
8.044410347938537598e-01
-2.256378680467605591e-01
8.007186651229858398e-01
1.265145093202590942e-01
8.019269108772277832e-01
5.478199943900108337e-02
5.283548831939697266e-01
2.580165304243564606e-02
1.199659556150436401e-01
3.143709003925323486e-01
7.697847485542297363e-01
7.324125766754150391e-01
1.195496171712875366e-01
5.736064314842224121e-01
-6.066882014274597168e-01
4.816523790359497070e-01
6.261570453643798828e-01
4.903673231601715088e-01
3.805176168680191040e-02
1.368208080530166626e-01
3.578600287437438965e-01
3.676126897335052490e-01
8.818423748016357422e-01
4.165348410606384277e-01
7.054956555366516113e-01
7.804871201515197754e-01
2.358565777540206909e-01
3.339597582817077637e-01
6.526224613189697266e-01
7.763745784759521484e-01
1.050246208906173706e-01
2.968960404396057129e-01
-1.359812170267105103e-01
1.687207072973251343e-01
-2.967881858348846436e-01
3.849731385707855225e-01
5.634174346923828125e-01
3.666661083698272705e-01
4.585941731929779053e-01
2.560797333717346191e-01
4.579803347587585449e-01
7.396346330642700195e-01
3.264608979225158691e-01
8.361026644706726074e-01
