9.999914169311523438e-01
9.999948740005493164e-01
9.999153017997741699e-01
9.999676346778869629e-01
9.999966621398925781e-01
9.994737505912780762e-01
9.999644160270690918e-01
9.999905228614807129e-01
9.983686804771423340e-01
9.956328868865966797e-01
-4.832728207111358643e-01
-9.876970648765563965e-01
-9.996113181114196777e-01
-9.963209629058837891e-01
-9.998285174369812012e-01
-9.999685287475585938e-01
-9.999247193336486816e-01
-9.994906783103942871e-01
-9.998496770858764648e-01
-9.991179704666137695e-01
-9.950791001319885254e-01
-9.980099797248840332e-01
-9.294015169143676758e-01
-8.336544036865234375e-01
-2.187651544809341431e-01
-2.561596333980560303e-01
8.046084046363830566e-01
5.732160210609436035e-01
-3.286525309085845947e-01
5.665453076362609863e-01
5.919812917709350586e-01
-1.976784914731979370e-01
9.551435112953186035e-01
8.137683868408203125e-01
-8.091451525688171387e-01
9.786581397056579590e-01
9.986003637313842773e-01
6.080284118652343750e-01
-9.832355380058288574e-01
6.489169597625732422e-01
-4.066425263881683350e-01
9.599414467811584473e-01
4.490692019462585449e-01
-9.946110248565673828e-01
-1.882067620754241943e-01
-7.363970875740051270e-01
9.754700660705566406e-01
-3.309894800186157227e-01
7.505128383636474609e-01
-7.121591567993164062e-01
9.399679303169250488e-01
-4.357979446649551392e-02
-5.764260292053222656e-01
-8.315555006265640259e-02
7.234017252922058105e-01
5.996506810188293457e-01
-8.580374717712402344e-01
-2.386870384216308594e-01
4.046220704913139343e-02
6.740713715553283691e-01
4.166173040866851807e-01
-4.747214168310165405e-02
8.453515172004699707e-01
-9.092075228691101074e-01
8.121220469474792480e-01
7.258453369140625000e-01
-9.959111809730529785e-01
-9.526082873344421387e-01
8.302978873252868652e-01
2.243502289056777954e-01
6.294882390648126602e-03
-8.591331243515014648e-01
8.443863391876220703e-01
9.934107661247253418e-01
-8.875149488449096680e-01
1.993725299835205078e-01
4.212039113044738770e-01
-4.172066152095794678e-01
4.673091173171997070e-01
6.991269588470458984e-01
-6.324476003646850586e-01
-4.018087685108184814e-02
-4.487563073635101318e-01
7.129551172256469727e-01
-6.552028656005859375e-02
8.699271678924560547e-01
5.925251841545104980e-01
-9.836125373840332031e-01
-4.340202510356903076e-01
9.224343299865722656e-01
6.376013755798339844e-01
2.024431526660919189e-01
-9.651443958282470703e-01
-9.750517606735229492e-01
9.311647415161132812e-01
-7.418785095214843750e-01
8.694384694099426270e-01
3.434544503688812256e-01
7.912670373916625977e-01
-5.148147940635681152e-01
-7.483231425285339355e-01
9.958778023719787598e-01
3.521274030208587646e-01
-7.526875138282775879e-01
8.705172538757324219e-01
7.406265735626220703e-01
-4.060612618923187256e-01
-9.597397446632385254e-01
-2.732992768287658691e-01
9.628301262855529785e-01
-3.501548171043395996e-01
3.237255513668060303e-01
-3.230543732643127441e-01
-6.931792497634887695e-01
9.314184188842773438e-01
7.947112321853637695e-01
8.095970153808593750e-01
-7.814184427261352539e-01
-4.579937160015106201e-01
-2.762531340122222900e-01
9.882325530052185059e-01
-4.445538222789764404e-01
4.596095383167266846e-01
-8.530869483947753906e-01
9.257527589797973633e-01
-7.651216387748718262e-01
9.684535264968872070e-01
-5.987901091575622559e-01
3.764080703258514404e-01
9.654670357704162598e-01
-9.056402444839477539e-01
-4.970357418060302734e-01
7.557312846183776855e-01
7.317962646484375000e-01
7.368165254592895508e-01
-9.965484142303466797e-01
4.541850686073303223e-01
-1.611154899001121521e-02
5.425446033477783203e-01
-9.174714684486389160e-01
-5.157564878463745117e-01
9.070226550102233887e-01
9.177284240722656250e-01
-7.830356955528259277e-01
-9.797809123992919922e-01
9.594148397445678711e-01
6.315717101097106934e-01
9.091857075691223145e-01
-4.309647679328918457e-01
-9.551355242729187012e-01
-4.362434148788452148e-01
9.319971799850463867e-01
3.507410287857055664e-01
-9.651973843574523926e-01
-4.795336127281188965e-01
9.283615350723266602e-01
8.690807223320007324e-01
-7.951620817184448242e-01
5.320717096328735352e-01
9.344592690467834473e-01
1.396176367998123169e-01
-8.720571398735046387e-01
-5.843317508697509766e-01
5.330397486686706543e-01
2.247085869312286377e-01
9.283748865127563477e-01
-8.499148488044738770e-01
-5.301563143730163574e-01
3.402913212776184082e-01
7.540211677551269531e-01
-4.779378771781921387e-01
9.240075349807739258e-01
-6.891507506370544434e-01
6.703407764434814453e-01
-8.372154086828231812e-02
-7.999614477157592773e-01
9.927943348884582520e-01
6.582229733467102051e-01
-6.673350930213928223e-01
-2.020246982574462891e-01
8.604436516761779785e-01
3.629852235317230225e-01
-8.059977889060974121e-01
9.286569952964782715e-01
-8.344630002975463867e-01
1.384962648153305054e-01
7.313939929008483887e-01
5.573505759239196777e-01
-9.068679809570312500e-01
-7.381325364112854004e-01
9.464523792266845703e-01
3.210075497627258301e-01
4.838523566722869873e-01
-4.883978068828582764e-01
-6.891207098960876465e-01
9.223645925521850586e-01
-9.597378373146057129e-01
9.293850660324096680e-01
-4.863750934600830078e-01
5.620501637458801270e-01
6.070275977253913879e-02
6.788526773452758789e-01
-9.608179926872253418e-01
8.440822362899780273e-01
-3.513846993446350098e-01
7.290177345275878906e-01
5.849224328994750977e-01
-7.768021225929260254e-01
4.806227982044219971e-02
9.671791791915893555e-01
-9.306969642639160156e-01
-3.502646982669830322e-01
3.131915815174579620e-03
7.152372598648071289e-01
-2.516694664955139160e-01
-3.517247140407562256e-01
9.737497568130493164e-01
2.899298071861267090e-01
-5.801515653729438782e-02
-9.215515851974487305e-01
7.788622975349426270e-01
4.659233093261718750e-01
5.758617520332336426e-01
-9.958432912826538086e-01
-9.880402684211730957e-01
9.624338746070861816e-01
6.865365505218505859e-01
-5.767837762832641602e-01
9.023221731185913086e-01
1.020183414220809937e-01
-9.681119918823242188e-01
4.851817488670349121e-01
-7.710056006908416748e-02
9.255604147911071777e-01
-8.123792409896850586e-01
-3.293593227863311768e-01
6.892173290252685547e-01
-2.825041711330413818e-01
9.965343475341796875e-01
-8.499076366424560547e-01
9.903975725173950195e-01
9.860559105873107910e-01
1.498609930276870728e-01
-9.888621568679809570e-01
1.135154366493225098e-01
-8.643152713775634766e-01
2.362968474626541138e-01
9.866235852241516113e-01
2.619712948799133301e-01
-9.648500680923461914e-01
-6.696668267250061035e-01
5.984329581260681152e-01
5.470102429389953613e-01
-7.889226078987121582e-03
8.804480433464050293e-01
-3.425142168998718262e-01
-1.205729171633720398e-01
9.415181875228881836e-01
-4.835799932479858398e-01
-3.157041966915130615e-01
8.486281037330627441e-01
-9.470524191856384277e-01
8.481887578964233398e-01
4.802000522613525391e-01
-9.866949915885925293e-01
8.187341094017028809e-01
-9.945110082626342773e-01
7.381917834281921387e-01
3.478053510189056396e-01
-8.818697333335876465e-01
-6.929799914360046387e-01
9.998168349266052246e-01
9.552790522575378418e-01
5.940756797790527344e-01
-8.694865703582763672e-01
8.177973628044128418e-01
3.794471919536590576e-01
-8.569594621658325195e-01
4.915604367852210999e-02
9.281370639801025391e-01
-9.582817554473876953e-01
6.047269701957702637e-01
5.458006858825683594e-01
-9.512445926666259766e-01
8.530356287956237793e-01
-8.944901227951049805e-01
3.512381315231323242e-01
7.988867163658142090e-01
-3.123488835990428925e-02
-9.706742763519287109e-01
9.421830773353576660e-01
-7.725571990013122559e-01
8.352354168891906738e-01
-9.866371154785156250e-01
4.622485041618347168e-01
4.699982106685638428e-01
9.316223859786987305e-01
-9.637534618377685547e-03
-8.778277039527893066e-01
-8.370301723480224609e-01
9.898520708084106445e-01
8.892502784729003906e-01
2.147819101810455322e-01
8.474944233894348145e-01
-9.324475526809692383e-01
7.204470038414001465e-01
-4.934411644935607910e-01
9.545720815658569336e-01
-9.639014005661010742e-01
-7.516675591468811035e-01
7.750121951103210449e-01
-5.506896376609802246e-01
7.984306216239929199e-01
-9.088005423545837402e-01
3.847754895687103271e-01
-3.180326223373413086e-01
9.605290889739990234e-01
7.784609794616699219e-01
4.875036180019378662e-01
-9.968498945236206055e-01
7.530372738838195801e-01
-1.204660087823867798e-01
-8.179511427879333496e-01
3.709194362163543701e-01
5.228826999664306641e-01
4.076670110225677490e-02
-9.784114360809326172e-01
5.265138745307922363e-01
2.678688168525695801e-01
8.959040045738220215e-01
-8.266140818595886230e-01
2.689911127090454102e-01
8.286121487617492676e-01
-6.387380957603454590e-01
-3.871226608753204346e-01
6.281225085258483887e-01
1.469625532627105713e-01
3.401127457618713379e-01
-8.962361216545104980e-01
7.679108381271362305e-01
-8.337520360946655273e-01
9.817227125167846680e-01
1.606103777885437012e-01
2.732596695423126221e-01
-9.835940599441528320e-01
7.862244248390197754e-01
-3.877649605274200439e-01
-6.951036304235458374e-02
6.588928699493408203e-01
-1.957550495862960815e-01
8.606268763542175293e-01
-3.026729524135589600e-01
-9.372711181640625000e-02
7.957761883735656738e-01
-2.207664698362350464e-01
-3.455885946750640869e-01
8.949222564697265625e-01
-9.649369120597839355e-01
6.734347343444824219e-01
-2.813619077205657959e-01
5.528533458709716797e-01
-8.302998542785644531e-01
7.543001770973205566e-01
3.388504981994628906e-01
-6.073217391967773438e-01
3.488394320011138916e-01
-3.135254085063934326e-01
-1.081048976629972458e-03
8.469371199607849121e-01
-7.688542604446411133e-01
4.560309052467346191e-01
6.254121065139770508e-01
-3.488609790802001953e-01
4.719327092170715332e-01
-9.778704047203063965e-01
9.917646050453186035e-01
-9.849608540534973145e-01
9.979205131530761719e-01
9.307261109352111816e-01
-9.023547768592834473e-01
-9.577150940895080566e-01
9.979792833328247070e-01
5.797539353370666504e-01
5.772831439971923828e-01
5.840947628021240234e-01
-9.848220348358154297e-01
-1.413859128952026367e-01
-4.263017177581787109e-01
9.444816708564758301e-01
5.655657500028610229e-02
-9.313207268714904785e-01
-6.708868145942687988e-01
9.541348814964294434e-01
9.443855285644531250e-01
-3.379228413105010986e-01
6.688660383224487305e-01
5.372827649116516113e-01
-9.619395136833190918e-01
6.070537567138671875e-01
-9.542959928512573242e-01
-2.472752630710601807e-01
-3.223397135734558105e-01
8.233481645584106445e-01
6.898080706596374512e-01
-9.583261609077453613e-01
-7.551407441496849060e-03
6.078431010246276855e-01
5.463209152221679688e-01
8.850797414779663086e-01
8.332787454128265381e-02
-6.917346715927124023e-01
-5.875014066696166992e-01
8.119965195655822754e-01
5.237603187561035156e-01
-6.465549468994140625e-01
-8.426582813262939453e-01
4.638131260871887207e-01
5.727540254592895508e-01
2.164553403854370117e-01
-6.829279661178588867e-01
3.768807053565979004e-01
7.410135269165039062e-01
-8.509075045585632324e-01
8.997287154197692871e-01
7.090831398963928223e-01
-2.326204329729080200e-01
-9.695950150489807129e-01
-8.498279750347137451e-02
5.580619573593139648e-01
9.768968820571899414e-01
-6.868882775306701660e-01
-5.075364112854003906e-01
9.801669977605342865e-03
7.990801930427551270e-01
3.648070991039276123e-01
5.831123590469360352e-01
5.012010335922241211e-01
-6.468530893325805664e-01
-8.999524712562561035e-01
5.214628577232360840e-01
9.283934831619262695e-01
-8.684493303298950195e-01
-4.372727274894714355e-01
7.117453217506408691e-01
-4.602881968021392822e-01
9.956301450729370117e-01
-9.042773842811584473e-01
7.716104388236999512e-01
-7.762812376022338867e-01
8.061053752899169922e-01
-4.348270595073699951e-01
1.159745156764984131e-01
9.840154051780700684e-01
-7.936600446701049805e-01
-6.250409483909606934e-01
9.905105829238891602e-01
9.937427639961242676e-01
7.684347778558731079e-02
-3.856747448444366455e-01
9.414691925048828125e-01
-7.217982411384582520e-01
-3.859331458806991577e-02
1.766262575984001160e-02
3.559372425079345703e-01
-7.760267853736877441e-01
4.729129970073699951e-01
-2.968086898326873779e-01
3.381496965885162354e-01
3.248970210552215576e-01
7.278716564178466797e-01
3.732698783278465271e-02
-9.188929796218872070e-01
-8.178070783615112305e-01
9.762792587280273438e-01
-1.301310956478118896e-01
9.764003157615661621e-01
8.095820993185043335e-02
-3.427360057830810547e-01
-7.345110177993774414e-01
8.185203075408935547e-01
6.123083829879760742e-01
-8.189995288848876953e-01
9.978087544441223145e-01
-4.096241295337677002e-02
-9.216020703315734863e-01
9.692880511283874512e-01
-3.153812587261199951e-01
-7.885181158781051636e-02
-3.636715114116668701e-01
9.894489049911499023e-01
-5.149034261703491211e-01
8.390995860099792480e-01
-7.468951940536499023e-01
3.321792185306549072e-01
8.749824762344360352e-01
-9.013662338256835938e-01
8.185921311378479004e-01
5.447546243667602539e-01
-3.403390645980834961e-01
-6.762354969978332520e-01
-8.229954242706298828e-01
9.535124897956848145e-01
9.506427645683288574e-01
2.001888304948806763e-02
-1.872465014457702637e-01
-8.639124035835266113e-01
9.141924977302551270e-01
6.453641653060913086e-01
5.390264391899108887e-01
-8.947719931602478027e-01
-2.503095865249633789e-01
-2.376092970371246338e-01
9.706759452819824219e-01
-8.674209117889404297e-01
2.323463708162307739e-01
4.779405593872070312e-01
3.163131326436996460e-02
-8.452536463737487793e-01
9.907206892967224121e-01
4.590065181255340576e-01
-2.558227181434631348e-01
-4.901810586452484131e-01
9.262000918388366699e-01
7.375658750534057617e-01
-9.888843894004821777e-01
-6.324814558029174805e-01
8.744116425514221191e-01
8.018539547920227051e-01
-9.821203947067260742e-01
1.865573525428771973e-01
-3.808070719242095947e-01
3.340553939342498779e-01
6.493208408355712891e-01
-2.098634988069534302e-01
8.497017025947570801e-01
1.124560087919235229e-01
-7.018989920616149902e-01
-3.104404211044311523e-01
8.426063656806945801e-01
3.030118346214294434e-01
-4.279025644063949585e-02
-9.302551746368408203e-01
-7.154905200004577637e-01
8.150236606597900391e-01
6.242131590843200684e-01
5.998054891824722290e-02
7.971687316894531250e-01
-6.484846472740173340e-01
6.384658813476562500e-01
8.559462428092956543e-01
-9.922747611999511719e-01
-5.153080224990844727e-01
9.890260696411132812e-01
-7.631967663764953613e-01
8.932526111602783203e-01
-9.869327545166015625e-01
-6.129104495048522949e-01
9.955472946166992188e-01
7.624927759170532227e-01
-3.687189817428588867e-01
8.009502291679382324e-01
-9.809070229530334473e-01
8.329234123229980469e-01
-6.363833546638488770e-01
4.521666467189788818e-01
5.922665596008300781e-01
5.635781288146972656e-01
-3.811432421207427979e-01
-4.990095794200897217e-01
7.747302204370498657e-02
-8.994864821434020996e-01
9.712539911270141602e-01
4.593572914600372314e-01
-6.377590894699096680e-01
-4.867495298385620117e-01
9.630727171897888184e-01
6.673000454902648926e-01
-3.926180899143218994e-01
-6.777299642562866211e-01
9.917820096015930176e-01
7.393226772546768188e-02
8.988376259803771973e-01
-8.668907880783081055e-01
-9.996367692947387695e-01
-3.178835511207580566e-01
9.960204362869262695e-01
9.022040963172912598e-01
6.694946289062500000e-01
-9.041786789894104004e-01
8.283627033233642578e-01
7.895697355270385742e-01
-8.539621829986572266e-01
-6.195451617240905762e-01
8.935975432395935059e-01
-2.031550109386444092e-01
-3.054769635200500488e-01
3.568728566169738770e-01
-9.569517970085144043e-01
7.527738809585571289e-01
9.797617197036743164e-01
-9.725692272186279297e-01
4.091903194785118103e-02
4.584927484393119812e-02
4.457178711891174316e-01
5.688788890838623047e-01
-9.167090058326721191e-01
1.733306944370269775e-01
9.121186137199401855e-01
-8.310409188270568848e-01
5.490231513977050781e-01
1.514127105474472046e-01
9.879570007324218750e-01
-6.807398200035095215e-01
-1.137305349111557007e-01
-9.143223166465759277e-01
8.163337707519531250e-01
7.793598175048828125e-01
-4.721318185329437256e-01
-1.100710257887840271e-01
8.742669820785522461e-01
8.754631280899047852e-01
-9.947855472564697266e-01
9.418154358863830566e-01
-9.728778600692749023e-01
1.027982961386442184e-02
5.868613719940185547e-01
-8.739723563194274902e-01
9.368221163749694824e-01
2.684593200683593750e-04
-9.702575206756591797e-01
4.638939350843429565e-02
9.618982672691345215e-01
5.118805766105651855e-01
4.200418889522552490e-01
-9.796640872955322266e-01
7.239784598350524902e-01
-7.627156376838684082e-01
8.922684788703918457e-01
-8.043172359466552734e-01
-8.276912569999694824e-01
9.874821305274963379e-01
1.469096541404724121e-01
2.487809360027313232e-01
4.828224778175354004e-01
-1.013160124421119690e-02
-9.182851314544677734e-01
9.972851872444152832e-01
9.428699612617492676e-01
-1.187018007040023804e-01
-9.768821001052856445e-01
8.093429207801818848e-01
3.500578105449676514e-01
-7.152258157730102539e-01
7.123603224754333496e-01
-7.762985229492187500e-01
9.375152587890625000e-01
9.251235127449035645e-01
-9.041339755058288574e-01
-1.277111619710922241e-01
-7.302970886230468750e-01
-1.173727959394454956e-01
9.851112961769104004e-01
4.906100034713745117e-01
-7.392944097518920898e-01
9.024060517549514771e-02
-4.469544291496276855e-01
8.550121784210205078e-01
9.545177817344665527e-01
-9.914234280586242676e-01
-7.474496960639953613e-01
9.546871781349182129e-01
9.752631187438964844e-01
-9.672077894210815430e-01
-7.161776423454284668e-01
8.468292951583862305e-01
-5.852120369672775269e-02
9.845784306526184082e-01
-6.040872335433959961e-01
8.721420764923095703e-01
-1.135801598429679871e-01
2.399678528308868408e-01
9.512311220169067383e-01
-8.885133266448974609e-01
-4.137990176677703857e-01
8.905646204948425293e-01
-9.849612116813659668e-01
6.924830079078674316e-01
-6.745101809501647949e-01
4.927033931016921997e-02
5.032290220260620117e-01
-5.308563113212585449e-01
9.041984379291534424e-02
-6.841120719909667969e-01
9.861673116683959961e-01
5.090095400810241699e-01
-9.209903478622436523e-01
8.337314724922180176e-01
9.574487209320068359e-01
-4.572764933109283447e-01
8.094069957733154297e-01
-9.291993826627731323e-02
-9.551957845687866211e-01
8.470320105552673340e-01
-7.693156599998474121e-01
9.336245656013488770e-01
6.879450380802154541e-02
3.620903789997100830e-01
-9.440779089927673340e-01
-6.616944074630737305e-01
9.965339899063110352e-01
5.065256953239440918e-01
3.100023567676544189e-01
-6.143758296966552734e-01
-9.117208719253540039e-01
9.122169017791748047e-01
5.528424382209777832e-01
-1.791296005249023438e-01
9.702495336532592773e-01
-7.833189964294433594e-01
-3.543439507484436035e-01
9.829571247100830078e-01
-7.744241356849670410e-01
9.793289303779602051e-01
-9.796741008758544922e-01
7.248654961585998535e-01
-2.639402449131011963e-01
9.540871381759643555e-01
3.372703194618225098e-01
-9.832201600074768066e-01
9.099618792533874512e-01
-9.078891873359680176e-01
6.114017963409423828e-01
-8.356847167015075684e-01
8.626558184623718262e-01
3.317439854145050049e-01
-5.916165113449096680e-01
9.567027091979980469e-01
-4.284741580486297607e-01
3.358643054962158203e-01
-8.332130908966064453e-01
5.534780621528625488e-01
9.143839478492736816e-01
-9.023561477661132812e-01
9.322385787963867188e-01
-9.723294377326965332e-01
9.754939079284667969e-01
-7.441022396087646484e-01
-2.523828446865081787e-01
8.115873336791992188e-01
9.232376217842102051e-01
-9.226353168487548828e-01
-4.329957365989685059e-01
2.099068611860275269e-01
6.259350180625915527e-01
-3.679475486278533936e-01
9.392787814140319824e-01
-8.273174054920673370e-03
8.411378860473632812e-01
-8.220764398574829102e-01
-8.711940608918666840e-03
4.657325744628906250e-01
1.631763130426406860e-01
-9.207158684730529785e-01
-3.640919029712677002e-01
8.776013851165771484e-01
-1.050168722867965698e-01
2.380657941102981567e-01
-9.095580577850341797e-01
9.317274689674377441e-01
8.960942625999450684e-01
-6.059870719909667969e-01
-6.402257680892944336e-01
9.814185500144958496e-01
7.597286701202392578e-01
-8.126207590103149414e-01
-3.096638917922973633e-01
9.441014528274536133e-01
7.060146331787109375e-01
-6.734392046928405762e-01
3.141544759273529053e-01
3.322063982486724854e-01
-6.539886593818664551e-01
-9.313691854476928711e-01
9.440091252326965332e-01
6.488861441612243652e-01
-6.177949905395507812e-01
2.102329283952713013e-01
2.468337416648864746e-01
-9.365104436874389648e-01
9.869760870933532715e-01
5.842835903167724609e-01
3.864478692412376404e-02
-5.278082564473152161e-02
8.751861751079559326e-02
1.558427363634109497e-01
-6.238335967063903809e-01
-9.246866106986999512e-01
9.988610148429870605e-01
9.930356740951538086e-01
-5.997796654701232910e-01
9.592121243476867676e-01
-9.561197757720947266e-01
8.852378129959106445e-01
4.887952208518981934e-01
-6.291270256042480469e-01
-4.577148556709289551e-01
-8.188967704772949219e-01
9.995151758193969727e-01
5.713847279548645020e-01
7.699456810951232910e-01
-5.736624598503112793e-01
6.383249163627624512e-01
-9.908520579338073730e-01
-1.937210559844970703e-01
3.342271447181701660e-01
8.791313767433166504e-01
1.100242417305707932e-02
-6.451785564422607422e-01
-7.795513272285461426e-01
9.978500008583068848e-01
2.561185657978057861e-01
8.591007590293884277e-01
-6.152282357215881348e-01
-4.385473728179931641e-01
7.762423753738403320e-01
8.779186606407165527e-01
-9.781342744827270508e-01
9.095714688301086426e-01
-7.697358131408691406e-01
-9.784122109413146973e-01
9.975260496139526367e-01
9.489727616310119629e-01
-7.584980726242065430e-01
3.182835280895233154e-01
-2.854602932929992676e-01
9.043648093938827515e-02
5.779213905334472656e-01
-9.424701333045959473e-01
9.638735651969909668e-01
-2.830371260643005371e-01
6.437539458274841309e-01
5.336574912071228027e-01
-8.451255559921264648e-01
3.474031388759613037e-01
-1.974800080060958862e-01
7.384839653968811035e-01
-3.055042624473571777e-01
7.125209569931030273e-01
-7.643176317214965820e-01
2.931552231311798096e-01
-7.192463278770446777e-01
5.401667356491088867e-01
9.881857633590698242e-01
-3.812949061393737793e-01
-8.811916708946228027e-01
9.486699104309082031e-01
6.851661205291748047e-01
-8.943637013435363770e-01
2.589477896690368652e-01
9.740781784057617188e-01
3.012685775756835938e-01
-9.505834579467773438e-01
2.227917015552520752e-01
-8.548262715339660645e-01
9.704970717430114746e-01
9.877095818519592285e-01
-8.588875532150268555e-01
-8.861755728721618652e-01
9.303359985351562500e-01
2.168407142162322998e-01
-7.600029706954956055e-01
7.084574699401855469e-01
7.058599591255187988e-01
6.549524664878845215e-01
-9.853938817977905273e-01
1.299171596765518188e-01
9.276446104049682617e-01
-2.091898471117019653e-01
-7.389788031578063965e-01
-2.255124002695083618e-01
-6.322510838508605957e-01
9.876254200935363770e-01
9.692532420158386230e-01
-1.465882509946823120e-01
-2.981806695461273193e-01
-6.457428336143493652e-01
9.165269136428833008e-01
-5.278497338294982910e-01
8.830429911613464355e-01
6.508132815361022949e-01
-9.576612114906311035e-01
9.919466376304626465e-01
7.355995476245880127e-02
-7.615920305252075195e-01
-9.134679287672042847e-02
9.789971113204956055e-01
-9.230762124061584473e-01
8.586826324462890625e-01
6.341198086738586426e-01
-4.932478666305541992e-01
-4.163652360439300537e-01
-8.080129027366638184e-01
9.796934723854064941e-01
-9.194071292877197266e-01
9.915554523468017578e-01
9.946812391281127930e-01
5.602083802223205566e-01
-8.993353843688964844e-01
-9.052920341491699219e-02
6.487600207328796387e-01
-1.682872176170349121e-01
-9.857472032308578491e-02
3.823507726192474365e-01
-9.004166722297668457e-02
4.526341855525970459e-01
-8.883349299430847168e-01
-6.395643353462219238e-01
9.262819290161132812e-01
4.789559245109558105e-01
-5.369078740477561951e-02
9.837871789932250977e-01
-9.831565022468566895e-01
1.475645303726196289e-01
9.220288395881652832e-01
-8.485617041587829590e-01
6.844082474708557129e-01
-7.156733870506286621e-01
8.042309284210205078e-01
2.845098078250885010e-01
-2.983469963073730469e-01
-7.644711136817932129e-01
9.919369220733642578e-01
-8.022822737693786621e-01
9.332399368286132812e-01
-9.698622226715087891e-01
9.065653681755065918e-01
4.489662647247314453e-01
4.355696439743041992e-01
-6.112823486328125000e-01
-7.897546291351318359e-01
9.927493333816528320e-01
8.673506975173950195e-01
-6.089783906936645508e-01
7.488535046577453613e-01
-9.909477829933166504e-01
8.538293093442916870e-02
2.412212044000625610e-01
3.421792089939117432e-01
2.769963443279266357e-01
-9.059804081916809082e-01
3.078769147396087646e-01
9.008439779281616211e-01
-6.381034255027770996e-01
-3.114252090454101562e-01
5.133025646209716797e-01
9.919776916503906250e-01
-7.357081174850463867e-01
1.492677330970764160e-01
-8.530877232551574707e-01
9.990688562393188477e-01
7.813415527343750000e-01
7.928872704505920410e-01
-7.300484776496887207e-01
9.005156159400939941e-01
-9.956288337707519531e-01
-9.932299852371215820e-01
9.629248976707458496e-01
9.360972046852111816e-01
-5.821188092231750488e-01
-9.592254161834716797e-01
8.316965773701667786e-03
8.572113513946533203e-01
-3.411320149898529053e-01
8.021028637886047363e-01
-9.845390915870666504e-01
9.987803697586059570e-01
7.498891353607177734e-01
-9.585939645767211914e-01
9.876007437705993652e-01
-4.719726443290710449e-01
-3.359648287296295166e-01
-2.788516283035278320e-01
9.744860529899597168e-01
-7.849942445755004883e-01
9.620835185050964355e-01
9.125919938087463379e-01
-8.562532663345336914e-01
-8.653069734573364258e-01
9.778715968132019043e-01
-2.940461039543151855e-01
9.533553123474121094e-01
-8.510263264179229736e-02
-5.197803378105163574e-01
-6.433786153793334961e-01
8.960477709770202637e-01
6.484719514846801758e-01
-6.094375252723693848e-01
6.859708428382873535e-01
-9.537404179573059082e-01
9.896766543388366699e-01
5.853979662060737610e-02
-4.282286167144775391e-01
-1.120209228247404099e-03
8.304665088653564453e-01
9.597344994544982910e-01
-9.973673820495605469e-01
3.900325596332550049e-01
-5.379082560539245605e-01
7.772732377052307129e-01
-3.176192566752433777e-02
-9.251022338867187500e-01
-5.469436645507812500e-01
7.329993844032287598e-01
3.841770589351654053e-01
-4.544715583324432373e-01
1.309743151068687439e-02
9.894298315048217773e-01
6.540439724922180176e-01
-9.642029404640197754e-01
-4.003879129886627197e-01
9.874097108840942383e-01
6.278910636901855469e-01
-9.417877793312072754e-01
-7.145982980728149414e-02
8.254211544990539551e-01
7.660661339759826660e-01
-3.200671374797821045e-01
-9.674157500267028809e-01
5.692346096038818359e-01
7.524169087409973145e-01
7.556745409965515137e-02
-3.996144235134124756e-01
-9.722117185592651367e-01
-1.824318617582321167e-01
7.094258666038513184e-01
9.575335383415222168e-01
-8.502232432365417480e-01
9.066911935806274414e-01
9.380929470062255859e-01
-7.650801539421081543e-01
-9.534023404121398926e-01
9.082176685333251953e-01
9.320430159568786621e-01
-6.907185316085815430e-01
6.752431392669677734e-01
-9.043238162994384766e-01
-7.719311714172363281e-01
9.080343246459960938e-01
7.606134414672851562e-01
-8.222430944442749023e-01
-8.465685695409774780e-02
9.156829118728637695e-01
-8.552096039056777954e-02
9.272305369377136230e-01
-5.142879486083984375e-01
-9.453170895576477051e-01
4.175082147121429443e-01
5.237199664115905762e-01
9.277604222297668457e-01
-1.927478462457656860e-01
-9.256138801574707031e-01
8.530039787292480469e-01
-8.160975575447082520e-01
9.885157346725463867e-01
-7.349663972854614258e-01
9.606009721755981445e-01
7.393079400062561035e-01
-9.839389920234680176e-01
-1.477797776460647583e-01
-7.942836284637451172e-01
8.504718542098999023e-01
6.163651347160339355e-01
-1.118341237306594849e-01
-2.239199131727218628e-01
3.427262306213378906e-01
-9.191800951957702637e-01
9.852974414825439453e-01
9.430714845657348633e-01
-2.854876518249511719e-01
3.111339509487152100e-01
-1.225593909621238708e-01
-9.211665391921997070e-01
9.037838578224182129e-01
9.920403361320495605e-01
-9.919027686119079590e-01
-8.123299479484558105e-01
5.985608696937561035e-01
8.240696787834167480e-01
-6.295453310012817383e-01
7.773971557617187500e-01
-5.641521215438842773e-01
-3.309873640537261963e-01
9.051398038864135742e-01
9.893825054168701172e-01
-4.956498444080352783e-01
2.328384965658187866e-01
-9.965245127677917480e-01
-2.584469914436340332e-01
9.924896359443664551e-01
9.492459297180175781e-01
-9.372144937515258789e-01
-3.144254088401794434e-01
-2.919497489929199219e-01
8.799742460250854492e-01
2.271188944578170776e-01
6.883617639541625977e-01
-6.529855728149414062e-01
3.759966194629669189e-01
8.004778027534484863e-01
-9.035080075263977051e-01
-9.427877068519592285e-01
8.390997052192687988e-01
7.437441945075988770e-01
9.385722130537033081e-02
-9.654699563980102539e-01
8.231407999992370605e-01
-7.867903113365173340e-01
9.735937714576721191e-01
5.547932386398315430e-01
-9.508466124534606934e-01
5.172888562083244324e-02
7.487122416496276855e-01
3.262763023376464844e-01
-5.230021476745605469e-01
-6.758431196212768555e-01
9.982463717460632324e-01
8.342533707618713379e-01
-9.611871242523193359e-01
1.960478276014328003e-01
-2.690953910350799561e-01
9.057836532592773438e-01
1.789819598197937012e-01
-1.332217156887054443e-01
1.096067428588867188e-01
-2.205548249185085297e-02
-5.432854890823364258e-01
9.230413436889648438e-01
2.783632278442382812e-01
-6.333407163619995117e-01
7.643627524375915527e-01
-7.018463015556335449e-01
-2.687455713748931885e-01
9.727662801742553711e-01
-3.652607500553131104e-01
8.606767654418945312e-01
-8.911905288696289062e-01
4.998341798782348633e-01
-5.982462763786315918e-01
1.381448060274124146e-01
7.458217144012451172e-01
9.145098924636840820e-01
-9.883367419242858887e-01
6.156262755393981934e-01
-3.090200424194335938e-01
-8.701114654541015625e-01
9.983687400817871094e-01
8.657140135765075684e-01
-9.939077496528625488e-01
-1.462254524230957031e-01
6.394801735877990723e-01
1.437697187066078186e-02
7.808915525674819946e-02
-9.524602890014648438e-01
9.956774711608886719e-01
9.280387163162231445e-01
-5.895416736602783203e-01
-9.009588956832885742e-01
7.850438952445983887e-01
9.791538715362548828e-01
4.782205820083618164e-01
-8.197416663169860840e-01
4.665564596652984619e-01
4.695468246936798096e-01
-8.279602527618408203e-01
-9.074007272720336914e-01
9.828802943229675293e-01
7.578471302986145020e-01
6.103541254997253418e-01
-9.963456988334655762e-01
-6.322127580642700195e-01
5.163244605064392090e-01
7.220133543014526367e-01
-8.264337182044982910e-01
9.617263078689575195e-01
1.762841492891311646e-01
-9.040238261222839355e-01
-8.425386548042297363e-01
9.992972016334533691e-01
9.237872958183288574e-01
5.748975872993469238e-01
-8.565101623535156250e-01
8.800005316734313965e-01
-6.227250099182128906e-01
-5.876516699790954590e-01
9.880645275115966797e-01
-2.860509455204010010e-01
8.331679701805114746e-01
6.148355603218078613e-01
-9.646165370941162109e-01
-9.916542768478393555e-01
9.017272591590881348e-01
-3.082384821027517319e-03
-6.586977243423461914e-01
9.906066656112670898e-01
9.681680798530578613e-01
-8.005676269531250000e-01
7.293828725814819336e-01
-9.751199483871459961e-01
9.500072598457336426e-01
7.182039618492126465e-01
-8.658184409141540527e-01
2.024299465119838715e-02
6.277825236320495605e-01
-6.170227527618408203e-01
8.867011666297912598e-01
1.162245348095893860e-01
-7.867208123207092285e-01
1.712158769369125366e-01
1.966010630130767822e-01
9.208604693412780762e-01
-5.091582536697387695e-01
-9.698646664619445801e-01
8.980547189712524414e-01
7.763099074363708496e-01
-2.671243846416473389e-01
2.442616671323776245e-01
-6.978902816772460938e-01
5.047821402549743652e-01
-7.772175073623657227e-01
7.981172800064086914e-01
9.318773746490478516e-01
-9.871953725814819336e-01
-8.550525903701782227e-01
9.633541107177734375e-01
8.828136324882507324e-01
5.714996457099914551e-01
2.248659171164035797e-02
-7.267567515373229980e-01
-7.769661396741867065e-02
9.630777239799499512e-01
-9.969591498374938965e-01
8.964385092258453369e-02
8.875905871391296387e-01
-5.814841985702514648e-01
-4.292180538177490234e-01
3.548862934112548828e-01
8.252545595169067383e-01
-9.767126441001892090e-01
9.030941724777221680e-01
4.030963778495788574e-01
-7.111536860466003418e-01
6.199299693107604980e-01
2.672711610794067383e-01
-7.308709025382995605e-01
1.604155302047729492e-01
5.517281889915466309e-01
-6.905526518821716309e-01
9.720811843872070312e-01
-4.738471210002899170e-01
-3.123042583465576172e-01
8.371013998985290527e-01
-7.102609872817993164e-01
5.682771205902099609e-01
-5.061094760894775391e-01
9.956332445144653320e-01
8.852447271347045898e-01
-8.790524601936340332e-01
7.451946139335632324e-01
9.337509423494338989e-02
-2.803985178470611572e-01
-9.044753313064575195e-01
9.872092604637145996e-01
6.305175274610519409e-02
6.257649064064025879e-01
-9.579802155494689941e-01
-8.354163169860839844e-01
9.983109831809997559e-01
8.810589313507080078e-01
-6.685599088668823242e-01
9.205656647682189941e-01
-6.828197836875915527e-01
6.394918560981750488e-01
6.281650066375732422e-01
-9.076998829841613770e-01
7.121738791465759277e-02
-1.127425208687782288e-01
7.109263539314270020e-01
-9.112293720245361328e-01
8.651010394096374512e-01
-9.561073184013366699e-01
9.252009391784667969e-01
3.903143703937530518e-01
-3.490761220455169678e-01
7.206135988235473633e-01
-9.234224557876586914e-01
9.469291567802429199e-01
-5.692080855369567871e-01
9.820219278335571289e-01
4.338843226432800293e-01
-9.961349368095397949e-01
-7.921838164329528809e-01
9.256770014762878418e-01
6.738566756248474121e-01
-2.901541069149971008e-02
4.290837645530700684e-01
-8.162053823471069336e-01
2.803274095058441162e-01
9.321213364601135254e-01
-9.984449148178100586e-01
7.537983059883117676e-01
-9.775349497795104980e-01
7.777906060218811035e-01
3.060839474201202393e-01
-8.281642794609069824e-01
5.139546990394592285e-01
2.254847586154937744e-01
-5.600575804710388184e-01
-8.856926560401916504e-01
9.841395020484924316e-01
9.835774898529052734e-01
8.937557339668273926e-01
-9.343841671943664551e-01
2.147777080535888672e-01
-9.384922385215759277e-01
3.535585105419158936e-01
8.239903450012207031e-01
9.772433638572692871e-01
-7.734572291374206543e-01
-2.895718812942504883e-01
9.935485124588012695e-01
8.149347305297851562e-01
-9.853443503379821777e-01
-7.746539115905761719e-01
9.838939905166625977e-01
3.338276147842407227e-01
-8.572424650192260742e-01
1.854748129844665527e-01
-2.498469501733779907e-02
-3.524158000946044922e-01
7.471545934677124023e-01
1.264340579509735107e-01
6.737023591995239258e-01
-9.923602938652038574e-01
3.539282679557800293e-01
-1.071648299694061279e-01
-5.752226710319519043e-02
9.445008635520935059e-01
-2.749015688896179199e-01
8.965195417404174805e-01
-8.962679505348205566e-01
-5.992183089256286621e-01
7.517541646957397461e-01
6.617568135261535645e-01
-8.739555478096008301e-01
9.494942426681518555e-01
8.714955300092697144e-02
-9.373815655708312988e-01
6.396059393882751465e-01
-7.478923797607421875e-01
9.243404269218444824e-01
9.052406549453735352e-01
-1.449882835149765015e-01
-3.862943500280380249e-02
-9.914682507514953613e-01
9.555631279945373535e-01
-9.516138434410095215e-01
9.838452339172363281e-01
-4.925341904163360596e-01
6.308538913726806641e-01
-4.190509319305419922e-01
8.185346722602844238e-01
-6.222255229949951172e-01
8.466413617134094238e-01
2.591255605220794678e-01
-9.073180556297302246e-01
8.172397613525390625e-01
6.237199306488037109e-01
-7.741611599922180176e-01
3.165841698646545410e-01
-1.619397196918725967e-03
8.976450562477111816e-01
-8.266551494598388672e-01
-2.790966033935546875e-01
2.157503068447113037e-01
-7.488301992416381836e-01
8.041015267372131348e-01
6.662449240684509277e-01
-8.077156543731689453e-01
-8.117231130599975586e-01
9.463367462158203125e-01
8.665469288825988770e-01
-8.228824138641357422e-01
2.734707295894622803e-01
7.925131320953369141e-01
-7.723506689071655273e-01
7.272598743438720703e-01
6.077616214752197266e-01
-4.899832308292388916e-01
2.429980188608169556e-01
-5.310638546943664551e-01
7.911247611045837402e-01
8.165087103843688965e-01
-8.351336717605590820e-01
-9.599734842777252197e-02
9.816767573356628418e-01
-5.090976357460021973e-01
-9.280368685722351074e-01
6.258586049079895020e-01
-7.821281440556049347e-03
-2.495181262493133545e-01
9.269918799400329590e-01
-4.307866692543029785e-01
3.399314358830451965e-03
8.002063632011413574e-01
-5.116196274757385254e-01
1.283201277256011963e-01
-5.058417320251464844e-01
9.670833945274353027e-01
-8.117204308509826660e-01
9.748439192771911621e-01
-2.935520708560943604e-01
9.363574385643005371e-01
-9.698622226715087891e-01
-6.872802972793579102e-01
9.966489076614379883e-01
9.553527832031250000e-01
-2.085361778736114502e-01
4.648531973361968994e-01
-9.028354883193969727e-01
1.010890677571296692e-01
8.105642795562744141e-01
-4.034919142723083496e-01
8.120037913322448730e-01
-9.818236827850341797e-01
6.362141370773315430e-01
5.392816662788391113e-01
6.346101164817810059e-01
-9.976379871368408203e-01
-8.647199869155883789e-01
-2.626295983791351318e-01
9.883334636688232422e-01
7.152118682861328125e-01
-2.361712008714675903e-01
-8.761672377586364746e-01
9.649751186370849609e-01
-1.028040871024131775e-01
9.566886425018310547e-01
-6.713416576385498047e-01
-3.430682420730590820e-01
6.776700615882873535e-01
9.596120119094848633e-01
-9.367899894714355469e-01
-9.237424731254577637e-01
-1.563728451728820801e-01
9.036197662353515625e-01
6.596131324768066406e-01
-5.651915669441223145e-01
8.150579929351806641e-01
-3.755267709493637085e-02
-3.559108972549438477e-01
1.467180252075195312e-01
4.179973006248474121e-01
8.841137886047363281e-01
7.282343506813049316e-01
-9.684388637542724609e-01
7.998343557119369507e-02
-9.540905356407165527e-01
3.976460993289947510e-01
7.485164403915405273e-01
-9.255896806716918945e-01
9.118098616600036621e-01
-8.751542568206787109e-01
-4.483948349952697754e-01
4.366112053394317627e-01
4.240832328796386719e-01
9.470021128654479980e-01
3.964135050773620605e-01
-2.793473899364471436e-01
2.346741855144500732e-01
-8.670572042465209961e-01
-9.817196130752563477e-01
9.847680330276489258e-01
9.952976703643798828e-01
6.288837194442749023e-01
-7.815630435943603516e-01
-8.396167755126953125e-01
1.719993203878402710e-01
7.160447239875793457e-01
6.205196976661682129e-01
2.089518904685974121e-01
7.622253894805908203e-01
-3.734737932682037354e-01
-6.715680360794067383e-01
6.474897861480712891e-01
5.003679990768432617e-01
-2.979122102260589600e-01
-9.959714412689208984e-01
5.552793145179748535e-01
-3.933766186237335205e-01
-7.829848527908325195e-01
5.008220672607421875e-01
6.432768106460571289e-01
7.763582468032836914e-01
-5.979518294334411621e-01
9.436324238777160645e-01
-9.408720731735229492e-01
6.433485746383666992e-01
-3.207845389842987061e-01
9.544832110404968262e-01
-5.742786526679992676e-01
7.121841907501220703e-01
-9.059457778930664062e-01
5.890212059020996094e-01
-7.612016797065734863e-01
9.908338189125061035e-01
6.165677905082702637e-01
9.650012850761413574e-01
-9.059203267097473145e-01
-9.532564878463745117e-01
9.112867116928100586e-01
-8.708268404006958008e-01
5.634546279907226562e-01
-7.236160039901733398e-01
9.804268479347229004e-01
7.822551131248474121e-01
-9.884770512580871582e-01
-3.411713242530822754e-01
-1.508852690458297729e-01
9.895757436752319336e-01
9.784998297691345215e-01
-9.665493965148925781e-01
-1.532955793663859367e-03
9.233619570732116699e-01
-6.906620264053344727e-01
5.135287046432495117e-01
2.637450993061065674e-01
2.619840800762176514e-01
-7.464834451675415039e-01
7.572046518325805664e-01
-4.389522373676300049e-01
-1.806181669235229492e-01
9.926416873931884766e-01
-3.987792134284973145e-01
1.947849690914154053e-01
-9.588234424591064453e-01
8.866745233535766602e-01
-8.480668663978576660e-01
9.933628439903259277e-01
-7.980032563209533691e-01
6.460218429565429688e-01
9.553518891334533691e-01
-3.405998051166534424e-01
4.577580988407135010e-01
2.476161569356918335e-01
1.598398983478546143e-01
-6.004383563995361328e-01
9.308815002441406250e-01
-9.902143478393554688e-01
1.324010342359542847e-01
6.942379474639892578e-01
-1.457930952310562134e-01
-2.871602177619934082e-01
-8.966678977012634277e-01
2.589960694313049316e-01
9.485133290290832520e-01
5.754358768463134766e-01
7.400891184806823730e-01
-2.579852640628814697e-01
-9.295844435691833496e-01
-3.254459500312805176e-01
9.950613379478454590e-01
1.220419630408287048e-01
-6.899957060813903809e-01
-8.205552697181701660e-01
9.464362859725952148e-01
-6.919253617525100708e-02
5.968895554542541504e-01
2.777331471443176270e-01
2.545048296451568604e-01
2.809848487377166748e-01
-8.474786877632141113e-01
9.467972517013549805e-01
-8.017331361770629883e-01
9.235143065452575684e-01
2.241909056901931763e-01
-9.037263393402099609e-01
8.453030586242675781e-01
5.775138735771179199e-01
-1.212715432047843933e-01
-7.092889547348022461e-01
1.275181323289871216e-01
-2.252478450536727905e-01
9.477787464857101440e-02
-6.304944157600402832e-01
9.403504133224487305e-01
-3.435679376125335693e-01
8.255314230918884277e-01
-4.500540196895599365e-01
-6.884118914604187012e-01
5.099353790283203125e-01
9.997509717941284180e-01
-9.501637816429138184e-01
9.743016362190246582e-01
9.033634066581726074e-01
-8.234072923660278320e-01
5.894055962562561035e-02
8.296359777450561523e-01
9.896166920661926270e-01
-9.874162077903747559e-01
-9.934756755828857422e-01
4.253541529178619385e-01
9.466521739959716797e-01
-8.884860873222351074e-01
3.701397478580474854e-01
9.386153817176818848e-01
-3.359828591346740723e-01
-9.861329197883605957e-01
-4.267760515213012695e-01
5.356856621801853180e-03
9.718101024627685547e-01
9.727289676666259766e-01
-9.316031336784362793e-01
9.458306431770324707e-01
-9.453440308570861816e-01
5.172340273857116699e-01
-7.690415382385253906e-01
7.989637851715087891e-01
9.960595369338989258e-01
-3.973000049591064453e-01
-5.919834375381469727e-01
9.990317821502685547e-01
-9.755640625953674316e-01
8.245140910148620605e-01
6.652964949607849121e-01
3.508956432342529297e-01
-4.178312122821807861e-01
1.601357609033584595e-01
4.067996740341186523e-01
-9.925148487091064453e-01
9.618887901306152344e-01
-9.054061174392700195e-01
9.746952056884765625e-01
-9.499442577362060547e-01
5.802296847105026245e-02
8.857950568199157715e-01
1.145330145955085754e-01
-8.260579109191894531e-01
-7.898488044738769531e-01
9.956897497177124023e-01
9.684597849845886230e-01
-2.224193811416625977e-01
5.907295942306518555e-01
-9.332765340805053711e-01
-4.988038539886474609e-01
9.952148795127868652e-01
9.729945659637451172e-01
-4.172083437442779541e-01
7.552106380462646484e-01
-5.941268801689147949e-01
6.770974397659301758e-01
4.014138877391815186e-01
-9.969608783721923828e-01
-9.047814607620239258e-01
9.176203608512878418e-01
7.059198617935180664e-01
-7.016795277595520020e-01
-2.871460914611816406e-01
3.031434714794158936e-01
-3.450554236769676208e-02
-6.815028190612792969e-02
4.893573820590972900e-01
9.841383993625640869e-02
9.413570165634155273e-01
-3.396255970001220703e-01
7.133616209030151367e-01
-9.531581997871398926e-01
5.804083347320556641e-01
-8.650051951408386230e-01
6.180236935615539551e-01
-8.124848008155822754e-01
3.985218405723571777e-01
8.015714287757873535e-01
-3.758102357387542725e-01
6.501815319061279297e-01
-4.293105900287628174e-01
3.950240314006805420e-01
-5.335732102394104004e-01
4.783648252487182617e-01
9.791744947433471680e-01
-2.066477090120315552e-01
-5.955716967582702637e-01
-9.642723202705383301e-01
8.959276676177978516e-01
3.753898441791534424e-01
-8.918439596891403198e-02
2.304800450801849365e-01
9.695454239845275879e-01
-3.782966434955596924e-01
-9.751992225646972656e-01
-6.820134520530700684e-01
9.799153208732604980e-01
9.970069527626037598e-01
8.686906695365905762e-01
-5.603587627410888672e-01
7.465702295303344727e-01
-9.435172080993652344e-01
-7.936630845069885254e-01
9.721820950508117676e-01
7.487658262252807617e-01
-3.801394999027252197e-01
4.674046039581298828e-01
-9.183723330497741699e-01
-8.733792901039123535e-01
9.834812879562377930e-01
8.927809000015258789e-01
-8.095506429672241211e-01
-9.758300781250000000e-01
9.914238452911376953e-01
9.772073030471801758e-01
9.034579992294311523e-01
-9.784523248672485352e-01
-8.921681046485900879e-01
9.055771827697753906e-01
9.899094104766845703e-01
-6.201779246330261230e-01
-6.818710267543792725e-02
-9.424650073051452637e-01
8.133242130279541016e-01
9.611898064613342285e-01
-2.719657123088836670e-01
-1.203938201069831848e-01
-7.060377001762390137e-01
9.761468768119812012e-01
5.409656763076782227e-01
8.077486604452133179e-02
-6.526582241058349609e-01
-6.401131153106689453e-01
9.872912168502807617e-01
5.840234756469726562e-01
-5.847598910331726074e-01
-3.321784436702728271e-01
6.846201419830322266e-01
2.080638557672500610e-01
-7.276730537414550781e-01
8.142559230327606201e-02
9.902260899543762207e-01
7.386315464973449707e-01
-1.327714025974273682e-01
-9.039440155029296875e-01
-4.721202254295349121e-01
8.904271125793457031e-01
9.842329621315002441e-01
2.930319011211395264e-01
-7.768476605415344238e-01
-6.053002476692199707e-01
2.529290318489074707e-01
9.864514470100402832e-01
-6.707022190093994141e-01
5.446197390556335449e-01
-9.138231873512268066e-01
-1.054301578551530838e-02
9.127706289291381836e-01
9.957032799720764160e-01
3.403352797031402588e-01
-9.894075393676757812e-01
-5.947837829589843750e-01
-6.203437689691781998e-03
8.496310710906982422e-01
9.828606247901916504e-01
-1.465729176998138428e-01
-9.824175834655761719e-01
-5.094131827354431152e-01
9.621175527572631836e-01
-7.588419318199157715e-01
5.365492105484008789e-01
3.636126816272735596e-01
-1.845225542783737183e-01
7.434167265892028809e-01
-6.175311803817749023e-01
9.082943201065063477e-01
6.223654747009277344e-01
4.897848665714263916e-01
-8.344886302947998047e-01
-9.164443612098693848e-01
8.427158594131469727e-01
-7.471860051155090332e-01
4.190284609794616699e-01
-5.143573880195617676e-01
6.386187672615051270e-01
9.798969626426696777e-01
-9.483922123908996582e-01
7.468756437301635742e-01
3.746888041496276855e-01
-6.333275437355041504e-01
-5.831327438354492188e-01
-6.848949790000915527e-01
9.712597727775573730e-01
9.842991232872009277e-01
-7.285423278808593750e-01
-5.734264254570007324e-01
8.788571357727050781e-01
8.779448866844177246e-01
-8.990427851676940918e-01
9.878119826316833496e-01
6.095672845840454102e-01
-9.011920094490051270e-01
9.882249832153320312e-01
-6.433813571929931641e-01
7.980209589004516602e-01
1.284669786691665649e-01
-9.991384744644165039e-01
-8.324115276336669922e-01
6.667485237121582031e-01
7.529163360595703125e-01
-6.653403043746948242e-01
-8.564082384109497070e-01
5.607143640518188477e-01
9.933471083641052246e-01
9.594550728797912598e-01
-6.337825655937194824e-01
1.443521082401275635e-01
-6.093826293945312500e-01
7.510285973548889160e-01
6.298048049211502075e-02
-7.033755779266357422e-01
6.353180408477783203e-01
8.669613003730773926e-01
-9.485213160514831543e-01
-1.276119500398635864e-01
9.815167188644409180e-01
8.719315528869628906e-01
-9.306559562683105469e-01
-6.389202922582626343e-02
5.812103748321533203e-01
3.608893454074859619e-01
-8.473262190818786621e-01
-8.235127925872802734e-01
7.918943166732788086e-01
8.395285606384277344e-01
-8.557534813880920410e-01
-8.899965882301330566e-01
8.819611668586730957e-01
9.836775660514831543e-01
4.897319972515106201e-01
-8.017972111701965332e-01
2.954841554164886475e-01
7.251814603805541992e-01
-1.672042906284332275e-01
-9.756270647048950195e-01
9.328403472900390625e-01
9.570344686508178711e-01
-4.982151985168457031e-01
4.019277691841125488e-01
1.162430047988891602e-01
-9.820598363876342773e-01
4.767154455184936523e-01
-9.957486391067504883e-01
-8.553119301795959473e-01
7.658293843269348145e-01
-4.192288815975189209e-01
9.721023440361022949e-01
2.161384522914886475e-01
5.084517002105712891e-01
3.734938800334930420e-01
-2.582136914134025574e-02
1.109596490859985352e-01
4.634969234466552734e-01
-9.792704582214355469e-01
9.757450819015502930e-01
6.018878817558288574e-01
-6.017068028450012207e-01
-9.461250901222229004e-01
5.931601524353027344e-01
2.989250123500823975e-01
-8.745954036712646484e-01
4.461081326007843018e-01
5.158617161214351654e-03
9.545758962631225586e-01
5.466271638870239258e-01
5.905385017395019531e-01
-9.405494332313537598e-01
-9.937907457351684570e-01
1.441261470317840576e-01
9.513869881629943848e-01
8.955557942390441895e-01
-9.832501411437988281e-01
-9.717068076133728027e-01
9.730813503265380859e-01
5.914111137390136719e-01
-8.807070851325988770e-01
-1.703802198171615601e-01
9.553070068359375000e-01
9.974159598350524902e-01
-8.740541934967041016e-01
1.812987327575683594e-01
3.285609483718872070e-01
-4.140673577785491943e-02
6.512772291898727417e-02
8.083851933479309082e-01
-9.603533744812011719e-01
5.243565440177917480e-01
7.864870429039001465e-01
-3.819241225719451904e-01
-9.781665205955505371e-01
3.605353832244873047e-01
-5.712524056434631348e-01
9.805161952972412109e-01
9.047086238861083984e-01
-7.970926761627197266e-01
-6.194933652877807617e-01
8.536264300346374512e-01
2.488992512226104736e-01
2.613681852817535400e-01
8.015258908271789551e-01
4.566090703010559082e-01
-9.880890846252441406e-01
-8.961750864982604980e-01
7.654248178005218506e-02
7.934241890907287598e-01
-1.322036236524581909e-01
-7.414478063583374023e-01
9.146006703376770020e-01
-1.967858523130416870e-02
3.946647644042968750e-01
-7.776380777359008789e-01
9.472615122795104980e-01
-2.780750393867492676e-01
-6.560466885566711426e-01
7.798946499824523926e-01
-1.477001309394836426e-01
6.297208070755004883e-01
-7.736130356788635254e-01
-6.325274109840393066e-01
9.914814233779907227e-01
9.227987527847290039e-01
7.363689541816711426e-01
1.267909258604049683e-01
-9.639180898666381836e-01
9.060857892036437988e-01
-1.820322275161743164e-01
-3.032207190990447998e-01
6.006664037704467773e-01
-8.779888153076171875e-01
-5.138565301895141602e-01
9.018909335136413574e-01
4.661990106105804443e-01
-8.971589207649230957e-01
6.380822658538818359e-01
-7.554487586021423340e-01
4.997486770153045654e-01
7.485092282295227051e-01
1.341680139303207397e-01
-6.897993683815002441e-01
9.402381777763366699e-01
-1.443076580762863159e-01
4.213747978210449219e-01
6.584402173757553101e-02
-7.460235953330993652e-01
7.487645149230957031e-01
-9.430449008941650391e-01
9.120831489562988281e-01
1.388054937124252319e-01
8.288313150405883789e-01
-8.411375284194946289e-01
-9.768387675285339355e-01
9.967099428176879883e-01
4.095530211925506592e-01
6.828355193138122559e-01
-9.210380315780639648e-01
-9.795088320970535278e-02
3.799737691879272461e-01
-6.915488094091415405e-02
3.682601451873779297e-01
2.906006276607513428e-01
7.765800952911376953e-01
-9.099332690238952637e-01
-8.261843919754028320e-01
9.851244091987609863e-01
-1.606795936822891235e-01
8.952287435531616211e-01
-7.800157368183135986e-02
-9.835155010223388672e-01
6.294298917055130005e-02
6.935664415359497070e-01
5.012351274490356445e-01
-8.047251701354980469e-01
7.343800067901611328e-01
9.387493729591369629e-01
-9.243482351303100586e-01
7.551397085189819336e-01
-9.942418336868286133e-01
4.022777974605560303e-01
-4.424064159393310547e-01
-8.645675331354141235e-02
9.843525290489196777e-01
6.803440451622009277e-01
-5.834084749221801758e-01
-2.701827585697174072e-01
-7.457537055015563965e-01
8.281446695327758789e-01
7.860796451568603516e-01
3.755095005035400391e-01
-7.272703051567077637e-01
9.398100972175598145e-01
-3.068934679031372070e-01
-7.681303024291992188e-01
9.828484654426574707e-01
2.950986921787261963e-01
-3.327483236789703369e-01
-6.112715005874633789e-01
6.692959070205688477e-01
-5.107392072677612305e-01
7.778626680374145508e-01
6.194630861282348633e-01
-7.399521470069885254e-01
9.424107670783996582e-01
-7.979267239570617676e-01
-7.046996951103210449e-01
7.700695991516113281e-01
9.350436329841613770e-01
-3.136792778968811035e-01
-4.672490954399108887e-01
-9.640593528747558594e-01
9.075369834899902344e-01
7.692345380783081055e-01
6.108688116073608398e-01
-2.637269198894500732e-01
-2.237985730171203613e-01
-3.623976111412048340e-01
5.801916718482971191e-01
5.439182519912719727e-01
-7.621538639068603516e-01
6.876009106636047363e-01
5.442633032798767090e-01
-9.769371151924133301e-01
-6.504808664321899414e-01
9.609656333923339844e-01
2.325628697872161865e-01
3.145252764225006104e-01
-9.467295408248901367e-01
6.902030706405639648e-01
7.723010182380676270e-01
-8.524015545845031738e-01
-8.731729388236999512e-01
9.379562139511108398e-01
8.984239697456359863e-01
9.391781091690063477e-01
-9.882394075393676758e-01
