-1.726276576519012451e-01
-9.311197698116302490e-02
-8.809968233108520508e-01
1.573443263769149780e-01
-2.362781465053558350e-01
6.978300213813781738e-01
-3.016321063041687012e-01
6.251029968261718750e-01
-9.801449179649353027e-01
-6.896041631698608398e-01
-3.000624179840087891e-01
9.371864795684814453e-01
8.595007061958312988e-01
5.344095826148986816e-01
3.682102560997009277e-01
-4.243090748786926270e-01
9.687721133232116699e-01
-1.796854436397552490e-01
8.323834538459777832e-01
4.754461348056793213e-01
5.748335123062133789e-01
4.534825384616851807e-01
7.034950256347656250e-01
8.518571853637695312e-01
6.703094244003295898e-01
2.297004908323287964e-01
3.338573873043060303e-02
-2.793507277965545654e-01
6.468343734741210938e-01
5.198602676391601562e-01
-3.051050305366516113e-01
4.636386036872863770e-01
8.477861285209655762e-01
-7.434723973274230957e-01
-5.143061280250549316e-02
-3.839119076728820801e-01
-6.288256049156188965e-01
8.060052245855331421e-02
1.143056079745292664e-01
8.013570308685302734e-01
2.703695893287658691e-01
-6.544196605682373047e-01
6.326426565647125244e-02
4.818978011608123779e-01
7.353088855743408203e-01
9.202609658241271973e-01
-1.762608438730239868e-01
-7.886766195297241211e-01
9.853551983833312988e-01
8.751730322837829590e-01
2.968094944953918457e-01
4.587705433368682861e-02
5.828458666801452637e-01
-7.934756278991699219e-01
8.831626176834106445e-01
-6.936193108558654785e-01
8.835045695304870605e-01
-1.988634169101715088e-01
-6.349416971206665039e-01
6.714330315589904785e-01
-2.593833804130554199e-01
-6.676573157310485840e-01
6.210477352142333984e-01
-4.521773755550384521e-01
8.687064051628112793e-01
6.688116788864135742e-01
-7.310687899589538574e-01
4.272311925888061523e-01
-5.776745080947875977e-01
-4.144347608089447021e-01
-2.218656837940216064e-01
-5.994990468025207520e-01
3.603951036930084229e-01
-3.067823946475982666e-01
3.875782787799835205e-01
8.515692502260208130e-02
-7.222285270690917969e-01
-6.594237685203552246e-01
-4.246052801609039307e-01
9.744054079055786133e-01
-2.498590201139450073e-01
-2.634170651435852051e-01
4.659884572029113770e-01
3.416060209274291992e-01
6.193211674690246582e-01
9.525229334831237793e-01
-9.235113263130187988e-01
-2.034618556499481201e-01
-4.877457916736602783e-01
-5.264576673507690430e-01
-7.327526211738586426e-01
-2.593051493167877197e-01
8.076106905937194824e-01
6.662033796310424805e-01
8.812031149864196777e-01
-6.045886278152465820e-01
9.335362911224365234e-01
-3.157679140567779541e-01
-5.412321686744689941e-01
-4.319763481616973877e-01
-1.845281869173049927e-01
9.162534475326538086e-01
4.715513288974761963e-01
3.805649578571319580e-01
-4.644562602043151855e-01
7.124179005622863770e-01
-9.522429108619689941e-01
-9.738904833793640137e-01
-9.001363515853881836e-01
-6.408056020736694336e-01
9.144603610038757324e-01
8.929877877235412598e-01
-9.562234580516815186e-02
-9.862527251243591309e-01
8.517943024635314941e-01
9.610116481781005859e-01
9.700634479522705078e-01
3.580831289291381836e-01
8.091029524803161621e-01
-8.699648976325988770e-01
3.301140069961547852e-01
1.277322918176651001e-01
-7.330775260925292969e-01
-2.201819270849227905e-01
-1.940317749977111816e-01
-5.217218995094299316e-01
-4.022961258888244629e-01
-3.941618800163269043e-01
4.020953774452209473e-01
-7.752708792686462402e-01
-2.562123239040374756e-01
9.169297218322753906e-01
-6.490691900253295898e-01
-7.755257487297058105e-01
2.793246805667877197e-01
3.049280643463134766e-01
-9.345338344573974609e-01
-8.547304868698120117e-01
6.673422455787658691e-01
6.783425211906433105e-01
-9.192382097244262695e-01
3.093579709529876709e-01
6.535105109214782715e-01
3.860683143138885498e-01
-9.054222106933593750e-01
-6.052501201629638672e-01
-3.040640652179718018e-01
1.444480568170547485e-01
-6.416747570037841797e-01
7.641393542289733887e-01
3.551692068576812744e-01
-2.814903855323791504e-01
-7.408794760704040527e-01
-2.216417044401168823e-01
-5.545764565467834473e-01
-1.539363861083984375e-01
8.760913610458374023e-01
7.195483148097991943e-02
1.695042252540588379e-01
-8.797385096549987793e-01
8.974974751472473145e-01
-5.396785736083984375e-01
-1.433259397745132446e-01
-2.324155066162347794e-03
-6.020230650901794434e-01
5.168837904930114746e-01
3.453497588634490967e-01
4.572927057743072510e-01
-4.061721861362457275e-01
9.272140264511108398e-01
7.486255764961242676e-01
-9.756582975387573242e-01
-2.438966035842895508e-01
2.700592875480651855e-01
-8.904044628143310547e-01
9.724498987197875977e-01
-1.675208210945129395e-01
2.197455465793609619e-01
8.799204230308532715e-01
-6.562935709953308105e-01
-4.741480648517608643e-01
-9.834086894989013672e-01
4.877015650272369385e-01
-6.731847524642944336e-01
3.832163512706756592e-01
-8.903157711029052734e-01
4.987371563911437988e-01
-1.990185379981994629e-01
9.381192922592163086e-01
-2.734315395355224609e-01
-9.394181370735168457e-01
1.418136358261108398e-01
6.081952452659606934e-01
-3.956440985202789307e-01
-7.407624721527099609e-01
9.613023996353149414e-01
4.694439768791198730e-01
8.369476199150085449e-01
4.382476508617401123e-01
-1.280549019575119019e-01
-3.295781910419464111e-01
8.002040982246398926e-01
1.791528761386871338e-01
1.247895509004592896e-01
6.926444172859191895e-01
3.100572526454925537e-01
9.560706019401550293e-01
9.808226227760314941e-01
-9.622432589530944824e-01
4.775759279727935791e-01
8.162240982055664062e-01
9.578778743743896484e-01
-1.245707124471664429e-01
9.637340307235717773e-01
-9.422053694725036621e-01
9.176510572433471680e-01
2.382313087582588196e-02
-2.847905755043029785e-01
-5.676118731498718262e-01
-4.382828772068023682e-01
1.478388011455535889e-01
-6.189702749252319336e-01
7.166415452957153320e-01
-7.919133901596069336e-01
-5.125981569290161133e-01
6.905829906463623047e-01
6.989653110504150391e-01
-8.113042451441287994e-03
1.547260284423828125e-01
5.930010080337524414e-01
3.579633533954620361e-01
2.076567709445953369e-01
6.582538485527038574e-01
-9.481878876686096191e-01
5.978072285652160645e-01
9.152742028236389160e-01
-6.825857758522033691e-01
-5.231307744979858398e-01
1.454783678054809570e-01
9.883467555046081543e-01
-6.329236626625061035e-01
5.186928436160087585e-03
8.319930434226989746e-01
-8.025642037391662598e-01
9.757406115531921387e-01
4.448735415935516357e-01
7.917597293853759766e-01
9.239844679832458496e-01
3.446946442127227783e-01
2.795677185058593750e-01
-5.935599803924560547e-01
5.836685299873352051e-01
-4.423162341117858887e-01
3.355460464954376221e-01
-1.383616924285888672e-01
7.209292054176330566e-02
7.882573008537292480e-01
-8.199893683195114136e-02
-8.350384235382080078e-01
-9.465050697326660156e-01
6.519346237182617188e-01
-5.046559572219848633e-01
-3.958654403686523438e-01
8.009426593780517578e-01
-2.704445421695709229e-01
9.708706736564636230e-01
-6.875100135803222656e-01
4.867931902408599854e-01
9.788866639137268066e-01
-6.573385093361139297e-03
-5.646706819534301758e-01
-7.306134700775146484e-02
-7.899437546730041504e-01
5.342110991477966309e-01
9.430273175239562988e-01
1.379704922437667847e-01
8.838965296745300293e-01
-3.169724941253662109e-01
4.081899523735046387e-01
-2.957544475793838501e-02
9.273163676261901855e-01
-5.766708850860595703e-01
1.337748169898986816e-01
-7.985289096832275391e-01
7.058463096618652344e-01
5.578037500381469727e-01
8.931229114532470703e-01
-8.071232438087463379e-01
-3.840223550796508789e-01
8.346326351165771484e-01
-9.744627475738525391e-01
8.936675786972045898e-01
7.995853424072265625e-01
-6.211649179458618164e-01
8.093247413635253906e-01
-3.208854794502258301e-01
8.262770175933837891e-01
-1.796943694353103638e-01
9.551962614059448242e-01
-5.029441118240356445e-01
-1.368840970098972321e-02
2.254620194435119629e-02
-6.879718303680419922e-01
6.724451780319213867e-01
8.956581354141235352e-01
-3.821497559547424316e-01
-7.476465702056884766e-01
8.379865288734436035e-01
-8.206253647804260254e-01
-9.766052365303039551e-01
-2.886975556612014771e-02
-7.484226822853088379e-01
3.636977402493357658e-03
-2.047155648469924927e-01
-5.778679624199867249e-02
5.817798972129821777e-01
2.135755270719528198e-01
5.779035687446594238e-01
-8.327965140342712402e-01
-9.012696743011474609e-01
-9.165442585945129395e-01
9.029697179794311523e-01
5.552057027816772461e-01
5.305370688438415527e-01
-1.631177365779876709e-01
8.989126682281494141e-01
-2.911909222602844238e-01
-1.141087934374809265e-01
9.270289540290832520e-01
-2.885446250438690186e-01
-4.213233590126037598e-01
-7.191063165664672852e-01
-4.533332884311676025e-01
-3.601028621196746826e-01
7.707779407501220703e-01
7.281419634819030762e-01
3.708656728267669678e-01
-3.140718936920166016e-01
4.607898294925689697e-01
-5.488787293434143066e-01
-2.088162004947662354e-01
2.348313033580780029e-01
1.721517443656921387e-01
2.549466192722320557e-01
-3.010896146297454834e-01
-4.908495843410491943e-01
5.464893206954002380e-02
6.815520524978637695e-01
-2.324278205633163452e-01
-7.845311164855957031e-01
-7.170448303222656250e-01
-5.020464062690734863e-01
-2.687002420425415039e-01
3.593772053718566895e-01
-5.341413617134094238e-01
-6.188346743583679199e-01
8.964474201202392578e-01
8.083196282386779785e-01
-5.912610888481140137e-01
-6.303588151931762695e-01
1.824195384979248047e-01
2.807224988937377930e-01
7.171387672424316406e-01
3.563493192195892334e-01
3.011887520551681519e-02
-9.313945770263671875e-01
-7.647765874862670898e-01
-1.679496765136718750e-01
8.322802782058715820e-01
-4.474053382873535156e-01
-9.598211050033569336e-01
3.892616331577301025e-01
-8.693853765726089478e-02
-3.311719298362731934e-01
6.787652969360351562e-01
-8.709816336631774902e-01
-7.439776062965393066e-01
-9.049536585807800293e-01
-4.818640053272247314e-01
8.420925587415695190e-02
-2.703504823148250580e-02
7.066050171852111816e-01
5.090582370758056641e-01
2.130918800830841064e-01
7.706845998764038086e-01
6.197713613510131836e-01
1.526174396276473999e-01
-7.869673371315002441e-01
5.408540368080139160e-01
-7.526383996009826660e-01
-4.737622439861297607e-01
-5.841175913810729980e-01
8.380470275878906250e-01
-7.900130748748779297e-01
-4.849867522716522217e-01
-6.193930506706237793e-01
-8.128587007522583008e-01
-3.319807052612304688e-01
-2.544823884963989258e-01
-7.210152745246887207e-01
5.555283427238464355e-01
2.221532464027404785e-01
3.160554170608520508e-01
-3.737375140190124512e-01
1.445143073797225952e-01
6.699485778808593750e-01
-4.096530377864837646e-01
-8.572471141815185547e-01
-9.286255240440368652e-01
-4.792171716690063477e-01
4.410102367401123047e-01
7.016669958829879761e-02
-1.908337324857711792e-01
-9.987408518791198730e-01
-8.591261506080627441e-01
2.431143820285797119e-01
-9.100543856620788574e-01
-6.562311053276062012e-01
-8.364226222038269043e-01
-8.815873861312866211e-01
5.832257270812988281e-01
5.833842754364013672e-01
-7.344298958778381348e-01
5.849853157997131348e-01
-2.050122320652008057e-01
6.000971794128417969e-01
7.830549478530883789e-01
7.234755158424377441e-01
8.002114892005920410e-01
2.876299917697906494e-01
-7.761939764022827148e-01
-3.218000531196594238e-01
-6.515907049179077148e-01
-6.930681467056274414e-01
-5.950743556022644043e-01
8.803299069404602051e-01
-2.274110466241836548e-01
9.612719416618347168e-01
8.424143791198730469e-01
1.404480934143066406e-01
8.656991124153137207e-01
4.506091773509979248e-01
4.522509872913360596e-01
-8.577159047126770020e-01
7.230576276779174805e-01
-8.382061123847961426e-01
9.003452062606811523e-01
-9.439573287963867188e-01
9.692200422286987305e-01
3.149103522300720215e-01
-5.807969570159912109e-01
4.567200839519500732e-01
-8.068846464157104492e-01
-6.236003637313842773e-01
2.730695903301239014e-01
-1.309083402156829834e-01
1.929426640272140503e-01
-9.040499329566955566e-01
9.268183708190917969e-01
-1.909004710614681244e-02
6.509358286857604980e-01
6.218326687812805176e-01
4.330072999000549316e-01
1.388266086578369141e-01
6.516689062118530273e-01
9.470685720443725586e-01
8.895070552825927734e-01
-3.592041432857513428e-01
8.679536581039428711e-01
6.813724040985107422e-01
8.617058992385864258e-01
-6.199576258659362793e-01
8.676555752754211426e-01
3.449642360210418701e-01
-4.679914414882659912e-01
-5.621557831764221191e-01
-3.612319752573966980e-02
1.020705979317426682e-02
3.735058307647705078e-01
5.679650306701660156e-01
5.656760931015014648e-01
9.245080947875976562e-01
8.769783973693847656e-01
8.870612382888793945e-01
4.540095925331115723e-01
1.255339235067367554e-01
-5.372341275215148926e-01
-3.539866209030151367e-01
-9.027438163757324219e-01
-8.834702968597412109e-01
-1.599697470664978027e-01
1.171931177377700806e-01
8.157405257225036621e-01
1.219373103231191635e-02
6.011522412300109863e-01
-8.407716751098632812e-01
7.993531823158264160e-01
-2.121577262878417969e-01
2.211308479309082031e-02
-2.696049809455871582e-01
-7.120520472526550293e-01
4.424639940261840820e-01
8.379042148590087891e-01
9.428697824478149414e-01
8.425002098083496094e-01
-8.088498115539550781e-01
-7.179925441741943359e-01
-5.054942145943641663e-02
-9.098142385482788086e-01
-7.843016982078552246e-01
-2.413201183080673218e-01
-8.809416890144348145e-01
-8.723043799400329590e-01
6.847290992736816406e-01
-9.346448183059692383e-01
8.997994065284729004e-01
9.674628973007202148e-01
4.244579672813415527e-01
-8.486692905426025391e-01
6.814051866531372070e-01
-4.676988124847412109e-01
6.233116388320922852e-01
8.422248959541320801e-01
-6.980249285697937012e-01
-4.293969273567199707e-01
1.049824059009552002e-01
2.611191868782043457e-01
-7.137846350669860840e-01
1.137992516160011292e-01
6.424384713172912598e-01
-6.249686479568481445e-01
1.711633801460266113e-01
4.678860306739807129e-01
7.266380190849304199e-01
4.708096981048583984e-01
-7.546980977058410645e-01
-1.404107213020324707e-01
-4.163551926612854004e-01
-3.693482279777526855e-01
-6.250907778739929199e-01
4.229974746704101562e-01
-4.476132392883300781e-01
-5.776250958442687988e-01
-2.341577112674713135e-01
-3.979777991771697998e-01
-1.630331873893737793e-01
1.377673447132110596e-01
-7.310249805450439453e-01
3.709791600704193115e-01
6.279636025428771973e-01
-4.956997036933898926e-01
9.052237868309020996e-01
-7.337735891342163086e-01
-7.661647796630859375e-01
-6.389046311378479004e-01
2.105211168527603149e-01
-5.446847081184387207e-01
9.213008284568786621e-01
-5.692244172096252441e-01
-2.798660099506378174e-01
7.684522867202758789e-01
-6.245737671852111816e-01
-9.519417285919189453e-01
-2.461641654372215271e-02
-9.210113883018493652e-01
-9.780873060226440430e-01
6.267367601394653320e-01
-4.433352351188659668e-01
6.312468647956848145e-01
-3.142819106578826904e-01
-7.297732234001159668e-01
1.213639602065086365e-01
3.477612733840942383e-01
-7.006049156188964844e-01
5.370740890502929688e-01
7.992084622383117676e-01
3.368820846080780029e-01
9.426150918006896973e-01
4.870921969413757324e-01
-7.610532641410827637e-01
3.837231695652008057e-01
3.028668463230133057e-01
-7.697712182998657227e-01
-3.361851722002029419e-02
8.884558081626892090e-01
-5.988885760307312012e-01
-3.798411786556243896e-01
-3.308235704898834229e-01
9.015468955039978027e-01
8.947705030441284180e-01
-4.326804578304290771e-01
6.412622332572937012e-01
-4.366668462753295898e-01
-5.730757713317871094e-01
-1.786784827709197998e-01
-7.073789089918136597e-02
-3.045912981033325195e-01
8.956995010375976562e-01
-6.516079306602478027e-01
-5.131554603576660156e-01
4.196287319064140320e-02
5.238903164863586426e-01
-4.824859499931335449e-01
-2.796368598937988281e-01
-6.262394785881042480e-01
9.544171392917633057e-02
2.884178161621093750e-01
-7.781595587730407715e-01
-8.762111663818359375e-01
-8.642245829105377197e-02
5.533747076988220215e-01
8.213338851928710938e-01
5.668464899063110352e-01
-8.179786801338195801e-01
-7.467800974845886230e-01
7.595353126525878906e-01
6.845574975013732910e-01
-1.615141481161117554e-01
4.711163341999053955e-01
7.699647545814514160e-01
-9.093769192695617676e-01
-4.958131164312362671e-02
-1.343144923448562622e-01
4.119874238967895508e-01
2.475691288709640503e-01
-6.342352032661437988e-01
-2.983109951019287109e-01
8.415255546569824219e-01
-6.084949374198913574e-01
9.579452872276306152e-01
4.977433979511260986e-01
-2.183697819709777832e-01
-6.216266751289367676e-01
9.317850470542907715e-01
-1.242316663265228271e-01
1.326252073049545288e-01
-9.204076528549194336e-01
7.883152961730957031e-01
-4.976271092891693115e-01
-6.547574996948242188e-01
-9.457659125328063965e-01
7.121058106422424316e-01
8.981343507766723633e-01
-1.615325510501861572e-01
3.070857524871826172e-01
-8.332929611206054688e-01
6.519716978073120117e-01
9.137418270111083984e-01
9.834278374910354614e-02
4.679766893386840820e-01
-5.543565750122070312e-01
4.141456782817840576e-01
-2.124605514109134674e-02
9.797837138175964355e-01
4.249888360500335693e-01
-8.695501685142517090e-01
8.033823966979980469e-01
-6.666945219039916992e-01
9.521914720535278320e-01
-3.375236690044403076e-01
1.329019814729690552e-01
-6.797462105751037598e-01
-8.819662332534790039e-01
-5.071533322334289551e-01
9.141681790351867676e-01
-8.979604244232177734e-01
7.217022776603698730e-01
-2.466892004013061523e-01
-9.637906551361083984e-01
7.926659584045410156e-01
-9.513232707977294922e-01
4.649002850055694580e-01
-6.936514377593994141e-01
-3.083005733788013458e-02
5.887182429432868958e-02
-2.870469726622104645e-02
-5.865356922149658203e-01
-8.622292280197143555e-01
-8.159530758857727051e-01
-6.301797628402709961e-01
-8.997604250907897949e-01
4.509750306606292725e-01
5.007929205894470215e-01
8.192786574363708496e-01
-6.462793946266174316e-01
9.423409700393676758e-01
4.120756685733795166e-01
9.734158515930175781e-01
7.237511277198791504e-01
-9.731352925300598145e-01
-4.818813502788543701e-02
-8.990370631217956543e-01
-8.822280764579772949e-01
4.232701361179351807e-01
2.587701380252838135e-01
6.156560778617858887e-01
-1.508848369121551514e-01
8.151959776878356934e-01
3.722248226404190063e-02
9.140266180038452148e-01
-6.279619932174682617e-01
-5.826427936553955078e-01
-8.290054202079772949e-01
-8.836458325386047363e-01
3.207132518291473389e-01
-8.168869614601135254e-01
4.925205558538436890e-02
-2.614374160766601562e-01
8.763774037361145020e-01
6.503769159317016602e-01
-5.524504184722900391e-01
6.661707758903503418e-01
-9.188026189804077148e-01
-9.576688408851623535e-01
4.311244785785675049e-01
6.720032691955566406e-01
8.421627283096313477e-01
5.043659210205078125e-01
4.491780698299407959e-01
2.691815197467803955e-01
-4.420363008975982666e-01
8.279256224632263184e-01
4.810820221900939941e-01
3.167751431465148926e-01
-5.907180905342102051e-01
-7.896139621734619141e-01
-7.895146608352661133e-01
-3.867170587182044983e-02
-5.127817392349243164e-01
-4.997822921723127365e-03
8.453510403633117676e-01
-3.648708760738372803e-01
4.983681738376617432e-01
5.325049161911010742e-01
5.491403937339782715e-01
1.237646117806434631e-01
9.254204034805297852e-01
-6.290073990821838379e-01
-5.576093792915344238e-01
2.064895629882812500e-01
2.931714057922363281e-01
6.129084825515747070e-01
3.994148671627044678e-01
-1.889911293983459473e-02
-4.893013536930084229e-01
7.033764123916625977e-01
-4.211138188838958740e-01
7.624859213829040527e-01
9.623364210128784180e-01
6.546356081962585449e-01
2.323232293128967285e-01
3.690471649169921875e-01
-8.571709990501403809e-01
-8.254589438438415527e-01
9.597826600074768066e-01
7.204497456550598145e-01
4.504873454570770264e-01
9.822547435760498047e-01
-5.793145298957824707e-01
2.635217607021331787e-01
3.631635336205363274e-03
7.931099534034729004e-01
7.854121327400207520e-01
3.562307953834533691e-01
1.631910353899002075e-01
5.147921442985534668e-01
-4.700675904750823975e-01
-7.751072049140930176e-01
7.796646356582641602e-01
7.430735826492309570e-01
1.370363086462020874e-01
5.544117689132690430e-01
9.350951313972473145e-01
5.469565391540527344e-01
-7.783935070037841797e-01
-4.134558737277984619e-01
-8.999696373939514160e-01
-9.751234650611877441e-01
8.768981099128723145e-01
8.567511439323425293e-01
9.428454041481018066e-01
2.301265746355056763e-01
9.648328423500061035e-01
9.960529804229736328e-01
9.378741383552551270e-01
4.814603924751281738e-01
4.883445799350738525e-01
1.573882624506950378e-02
9.686871767044067383e-01
-1.115385815501213074e-01
-8.296308517456054688e-01
-5.966569185256958008e-01
-6.104308366775512695e-01
-9.344636797904968262e-01
8.935495018959045410e-01
9.004539251327514648e-01
8.908115625381469727e-01
4.902942180633544922e-01
9.289006590843200684e-01
9.874386787414550781e-01
6.022838354110717773e-01
4.413751959800720215e-01
8.628780841827392578e-01
5.182828307151794434e-01
8.851567506790161133e-01
3.492563068866729736e-01
5.579997301101684570e-01
3.846647143363952637e-01
-7.106206417083740234e-01
9.988529682159423828e-01
-2.545755207538604736e-01
-1.527006030082702637e-01
-4.162063300609588623e-01
-4.130852520465850830e-01
-7.791018486022949219e-01
8.036040663719177246e-01
-2.345833182334899902e-01
-3.791224658489227295e-01
9.275515675544738770e-01
-5.807655453681945801e-01
8.033631443977355957e-01
7.669039964675903320e-01
4.921076297760009766e-01
2.490258365869522095e-01
-2.534381747245788574e-01
7.944330573081970215e-01
-9.128586649894714355e-01
-9.432765841484069824e-01
9.538109898567199707e-01
-7.274012565612792969e-01
-8.771357536315917969e-01
-5.604015588760375977e-01
6.361571550369262695e-01
5.153641104698181152e-01
-1.551051139831542969e-01
-5.510329604148864746e-01
-6.760142445564270020e-01
2.896607518196105957e-01
6.341155767440795898e-01
-8.101494908332824707e-01
-9.658830165863037109e-01
-9.372355341911315918e-01
6.722760796546936035e-01
6.934539079666137695e-01
7.543481588363647461e-01
-2.304964326322078705e-02
-9.349001646041870117e-01
-8.003969788551330566e-01
6.499559283256530762e-01
9.311512112617492676e-01
5.908487439155578613e-01
-4.447243511676788330e-01
7.645751237869262695e-01
-3.153370022773742676e-01
6.459034085273742676e-01
1.143660992383956909e-01
1.381803005933761597e-01
-4.599282145500183105e-01
-2.701275348663330078e-01
3.852509260177612305e-01
8.675839304924011230e-01
-3.881662189960479736e-01
3.773364722728729248e-01
3.532864451408386230e-01
-7.121119499206542969e-01
-7.057089209556579590e-01
-2.185319811105728149e-01
6.786143779754638672e-01
6.031633820384740829e-03
5.953074693679809570e-01
-9.263145923614501953e-02
1.863114982843399048e-01
-6.760454177856445312e-02
-2.702684998512268066e-01
-7.368288636207580566e-01
9.552072286605834961e-01
-1.041721254587173462e-01
-9.612402319908142090e-01
8.759355545043945312e-01
-5.178241133689880371e-01
4.244252741336822510e-01
5.925252437591552734e-01
-3.639705479145050049e-01
-8.014211654663085938e-01
8.728628158569335938e-01
6.383768320083618164e-01
2.993123531341552734e-01
-7.554509639739990234e-01
-4.838893711566925049e-01
-7.796502206474542618e-03
9.406999945640563965e-01
6.798477172851562500e-01
-8.592443466186523438e-01
1.508237868547439575e-01
2.645022273063659668e-01
-9.218586683273315430e-01
-2.149275690317153931e-01
5.218444466590881348e-01
1.590977907180786133e-01
-2.106808125972747803e-01
-3.737938106060028076e-01
-8.655613660812377930e-01
2.311718016862869263e-01
-6.949295997619628906e-01
-4.404648542404174805e-01
5.093148350715637207e-01
6.865218281745910645e-01
-1.307825893163681030e-01
7.301304936408996582e-01
4.356883838772773743e-02
-7.273433804512023926e-01
7.236396074295043945e-01
-9.215199947357177734e-01
-8.823845982551574707e-01
9.058573096990585327e-02
-2.284651547670364380e-01
-9.702765345573425293e-01
-8.016333580017089844e-01
-6.785423755645751953e-01
6.806591749191284180e-01
-7.790867090225219727e-01
-1.025028005242347717e-01
-7.731595039367675781e-01
5.811674594879150391e-01
-3.980683386325836182e-01
-1.627595424652099609e-01
6.806733608245849609e-01
-4.366498291492462158e-01
6.846122145652770996e-01
9.673475027084350586e-01
-6.551511883735656738e-01
-4.337992072105407715e-01
2.864279150962829590e-01
3.661770820617675781e-01
-9.529326111078262329e-02
-9.331448674201965332e-01
-3.128851652145385742e-01
-9.875632524490356445e-01
7.540076375007629395e-01
-8.244792819023132324e-01
-4.915972948074340820e-01
9.497392177581787109e-01
-7.772676944732666016e-01
-6.867246031761169434e-01
-5.847221016883850098e-01
-5.662687420845031738e-01
-7.639693021774291992e-01
9.024482369422912598e-01
-1.269811242818832397e-01
-4.791613519191741943e-01
-8.838056325912475586e-01
2.511876225471496582e-01
1.771917194128036499e-02
-2.380779236555099487e-01
-4.915445446968078613e-01
4.216999411582946777e-01
-1.775164455175399780e-01
8.306299448013305664e-01
-1.671158820390701294e-01
1.768134832382202148e-01
1.382026970386505127e-01
9.295879602432250977e-01
7.037694454193115234e-01
-5.421015620231628418e-01
2.530227005481719971e-01
-6.556586623191833496e-01
6.076450943946838379e-01
9.953279495239257812e-01
-3.338222503662109375e-01
5.086747929453849792e-02
6.320579051971435547e-01
9.725822210311889648e-01
8.175565004348754883e-01
-8.713812828063964844e-01
-8.681752085685729980e-01
6.227178573608398438e-01
9.286913871765136719e-01
8.348898887634277344e-01
6.378464102745056152e-01
-7.137836813926696777e-01
2.361196726560592651e-01
9.315773844718933105e-01
5.180954933166503906e-01
8.913406729698181152e-02
2.543904185295104980e-01
7.706484794616699219e-01
-9.325491786003112793e-01
3.221722543239593506e-01
2.076258882880210876e-02
7.222639024257659912e-02
5.457991957664489746e-01
9.275524020195007324e-01
-2.898202836513519287e-01
6.783038973808288574e-01
7.349443435668945312e-01
-2.435852885246276855e-01
3.249709308147430420e-01
-6.024603843688964844e-01
6.833342313766479492e-01
-9.969029426574707031e-01
-4.789202213287353516e-01
-7.861152291297912598e-01
-7.076759934425354004e-01
-1.262346804141998291e-01
1.220329701900482178e-01
-6.996815558522939682e-03
9.414824247360229492e-01
2.674826979637145996e-01
8.486961126327514648e-01
5.250134468078613281e-01
-1.280340999364852905e-01
-9.257366061210632324e-01
3.522937595844268799e-01
-5.291528105735778809e-01
8.474907279014587402e-01
-1.261129677295684814e-01
2.296117991209030151e-01
-6.679010987281799316e-01
-2.108723819255828857e-01
-1.453648507595062256e-01
8.364570736885070801e-01
8.840709328651428223e-01
8.655121326446533203e-01
9.763368964195251465e-01
-4.295884370803833008e-01
4.740408957004547119e-01
-8.772950172424316406e-01
3.333106637001037598e-01
-2.824510820209980011e-02
4.675686068367213011e-04
8.088623285293579102e-01
2.007549107074737549e-01
-1.498991847038269043e-01
8.052289485931396484e-01
-2.319419682025909424e-01
4.147353470325469971e-01
8.210133314132690430e-01
-6.605100035667419434e-01
7.388160228729248047e-01
-4.508754611015319824e-01
6.287704110145568848e-01
-1.401358544826507568e-01
8.881397843360900879e-01
4.780548810958862305e-01
-5.520780384540557861e-02
-1.861225664615631104e-01
-1.938060075044631958e-01
-3.190005719661712646e-01
5.031174421310424805e-01
-9.124189615249633789e-01
1.095922291278839111e-01
6.364629417657852173e-02
-6.661733388900756836e-01
9.863800406455993652e-01
-7.270497679710388184e-01
-9.632078409194946289e-01
-6.267035603523254395e-01
9.378224015235900879e-01
-7.063196301460266113e-01
-8.625534828752279282e-04
-7.678839564323425293e-01
-9.850084781646728516e-01
7.135114073753356934e-01
-5.373442769050598145e-01
6.689639687538146973e-01
-1.229597553610801697e-01
1.809871755540370941e-02
2.491548955440521240e-01
3.790493011474609375e-01
9.070914983749389648e-01
-7.493032217025756836e-01
-8.402302861213684082e-01
8.356908559799194336e-01
3.093195259571075439e-01
3.593360483646392822e-01
-8.985518813133239746e-01
-5.083259344100952148e-01
7.687035202980041504e-01
8.675196766853332520e-01
1.892724782228469849e-01
-6.439244747161865234e-01
-7.969737648963928223e-01
8.871946930885314941e-01
3.500219881534576416e-01
4.195864796638488770e-01
-2.251001000404357910e-01
-8.339279294013977051e-01
9.787623286247253418e-01
9.228267669677734375e-01
2.599467635154724121e-01
-8.422144651412963867e-01
-3.964145779609680176e-01
-2.254690229892730713e-02
-3.877584338188171387e-01
9.329863190650939941e-01
-7.475887238979339600e-02
-7.127157449722290039e-01
3.014900386333465576e-01
9.260736703872680664e-01
7.147684693336486816e-01
-8.332269787788391113e-01
9.530845880508422852e-01
-8.713762760162353516e-01
-3.290799856185913086e-01
7.079103589057922363e-01
-7.606326341629028320e-01
5.029032826423645020e-01
-4.796978235244750977e-01
8.470474481582641602e-01
-4.403632581233978271e-01
-2.583273351192474365e-01
7.435205578804016113e-01
-2.829041779041290283e-01
6.964094638824462891e-01
4.081929475069046021e-02
-4.873896539211273193e-01
6.215603947639465332e-01
8.425228595733642578e-01
-6.155685782432556152e-01
-3.757722377777099609e-01
-9.328027367591857910e-01
3.981810212135314941e-01
7.074221223592758179e-02
-1.051670685410499573e-02
-9.784304350614547729e-02
4.486858844757080078e-01
-8.001603484153747559e-01
-3.066416680812835693e-01
-5.749886631965637207e-01
-7.681971192359924316e-01
7.374706864356994629e-01
4.300937354564666748e-01
-8.816651701927185059e-01
-5.322423577308654785e-01
9.112370610237121582e-01
-7.979680895805358887e-01
8.259087800979614258e-01
1.627625375986099243e-01
1.045845448970794678e-01
-5.284569263458251953e-01
-9.248821735382080078e-01
9.009181261062622070e-01
2.292704731225967407e-01
7.493779659271240234e-01
-8.255206793546676636e-02
3.916884660720825195e-01
-8.170406222343444824e-01
9.459468126296997070e-01
9.446606636047363281e-01
-9.885382056236267090e-01
-9.207249283790588379e-01
1.459913402795791626e-01
7.900210022926330566e-01
-9.556013345718383789e-01
-7.576503604650497437e-02
-9.074755311012268066e-01
-1.817274689674377441e-01
-5.599793195724487305e-01
8.153536915779113770e-01
-8.194120526313781738e-01
-2.986417412757873535e-01
-9.166008234024047852e-01
-1.169928908348083496e-01
9.739925861358642578e-01
5.054368972778320312e-01
1.500450819730758667e-01
-7.592522501945495605e-01
3.484980165958404541e-01
-1.891189217567443848e-01
7.939911484718322754e-01
5.624997615814208984e-01
1.872859001159667969e-01
-1.744051724672317505e-01
-7.032411694526672363e-01
5.005385875701904297e-01
-9.379827380180358887e-01
8.765696287155151367e-01
-2.763416767120361328e-01
-8.525865077972412109e-01
-2.434005402028560638e-02
5.132884979248046875e-01
5.628746151924133301e-01
-2.801968157291412354e-01
-8.433431982994079590e-01
8.738206326961517334e-02
-9.161433577537536621e-01
-6.828790307044982910e-01
5.921322703361511230e-01
-3.728629648685455322e-01
-9.319002032279968262e-01
-4.811261221766471863e-02
9.726624935865402222e-02
1.288251876831054688e-01
8.450742363929748535e-01
-5.794649124145507812e-01
-9.829973578453063965e-01
-8.913273215293884277e-01
7.408059239387512207e-01
5.894485116004943848e-01
8.786743879318237305e-01
-7.552080154418945312e-01
7.702748775482177734e-01
-8.299170136451721191e-01
-9.655480980873107910e-01
9.425576925277709961e-01
8.736503124237060547e-01
5.817484259605407715e-01
-3.805271387100219727e-01
-5.779724195599555969e-02
4.785418808460235596e-01
1.167339906096458435e-01
1.810805648565292358e-01
-2.122169882059097290e-01
-8.253617286682128906e-01
-9.419599771499633789e-01
-8.696165084838867188e-01
5.402207970619201660e-01
2.119180411100387573e-01
4.963414967060089111e-01
8.196390271186828613e-01
2.788761258125305176e-01
-6.595090627670288086e-01
-4.970872700214385986e-01
2.649746537208557129e-01
-5.149452090263366699e-01
-7.665001749992370605e-01
3.980377316474914551e-01
-5.254897475242614746e-01
-6.577925682067871094e-01
-1.347223967313766479e-01
9.020294547080993652e-01
-9.255436062812805176e-01
-8.014668822288513184e-01
-9.103084206581115723e-01
5.286368727684020996e-02
-3.239235281944274902e-01
8.254043459892272949e-01
2.986380457878112793e-01
2.991651594638824463e-01
3.814830183982849121e-01
1.903641074895858765e-01
-8.388092517852783203e-01
4.153708517551422119e-01
9.527161121368408203e-01
1.339164748787879944e-02
4.447017014026641846e-01
9.340834617614746094e-01
-6.992151737213134766e-01
-7.712442278861999512e-01
-1.622681617736816406e-01
-6.034146547317504883e-01
9.301602840423583984e-01
3.395407199859619141e-01
-9.705613255500793457e-01
3.742594718933105469e-01
-9.559843540191650391e-01
3.654453456401824951e-01
4.540208876132965088e-01
-9.814479202032089233e-02
-1.606014817953109741e-01
5.726866722106933594e-01
-7.563534379005432129e-01
-8.973585963249206543e-01
-4.430468976497650146e-01
-4.244747161865234375e-01
-8.520067930221557617e-01
-6.596990823745727539e-01
-6.323364377021789551e-01
5.377339720726013184e-01
1.480944305658340454e-01
5.520104765892028809e-01
7.647567391395568848e-01
-8.428511023521423340e-01
4.984560012817382812e-01
5.095121860504150391e-01
9.489737153053283691e-01
2.311207503080368042e-01
7.175167798995971680e-01
9.326995015144348145e-01
-2.837600708007812500e-01
2.825423777103424072e-01
-7.962031364440917969e-01
-4.937310889363288879e-02
7.269182801246643066e-01
8.216071724891662598e-01
5.709916949272155762e-01
-3.304553925991058350e-01
2.491261214017868042e-01
-6.816778779029846191e-01
9.424759745597839355e-01
7.494531869888305664e-01
-3.761081397533416748e-01
-5.115274190902709961e-01
1.790309995412826538e-01
-7.299510389566421509e-02
8.168076872825622559e-01
4.420551955699920654e-01
-1.997381821274757385e-02
-4.569792449474334717e-01
3.367998600006103516e-01
-7.255274653434753418e-01
-8.848136067390441895e-01
5.859851241111755371e-01
3.270401656627655029e-01
9.655700325965881348e-01
9.898399114608764648e-01
9.643002748489379883e-01
-2.632890045642852783e-01
9.099736809730529785e-01
8.997756838798522949e-01
3.262710273265838623e-01
-8.891882896423339844e-01
9.402274340391159058e-02
6.964935064315795898e-01
-3.051153719425201416e-01
-8.715735673904418945e-01
-5.014279484748840332e-01
-8.176935315132141113e-01
-4.863024353981018066e-01
6.269220709800720215e-01
5.812070369720458984e-01
-7.562634348869323730e-01
-3.199253678321838379e-01
-9.510417580604553223e-01
6.358874440193176270e-01
3.399554491043090820e-01
6.447000503540039062e-01
9.218270778656005859e-01
9.680719375610351562e-01
-3.708122065290808678e-03
-4.482690989971160889e-01
1.748678982257843018e-01
4.643433094024658203e-01
8.054534196853637695e-01
9.890134334564208984e-01
-9.118076562881469727e-01
4.101810753345489502e-01
7.945419549942016602e-01
8.585678935050964355e-01
-7.782732248306274414e-01
8.208735585212707520e-01
-8.171417117118835449e-01
5.154015421867370605e-01
4.570899531245231628e-03
-3.672754019498825073e-02
3.814589679241180420e-01
3.594319522380828857e-02
3.719572126865386963e-01
-1.608090251684188843e-01
-3.492042720317840576e-01
-2.419306784868240356e-01
8.005427122116088867e-01
8.852053284645080566e-01
-1.201154962182044983e-01
1.095032766461372375e-01
5.222072005271911621e-01
8.276775479316711426e-01
-9.867677688598632812e-01
-4.651803150773048401e-02
7.484787702560424805e-01
1.258950680494308472e-01
-1.336785126477479935e-02
4.161877632141113281e-01
-7.822008132934570312e-01
4.241281747817993164e-01
-8.000360727310180664e-01
-5.935911536216735840e-01
-2.132972180843353271e-01
6.450932621955871582e-01
2.379916608333587646e-01
7.050070762634277344e-01
6.576389074325561523e-01
3.386265933513641357e-01
2.738249897956848145e-01
9.550660848617553711e-01
-3.462905585765838623e-01
7.605616450309753418e-01
2.097330391407012939e-01
9.135841131210327148e-01
-6.819598674774169922e-01
7.665318846702575684e-01
-2.125453501939773560e-01
3.282636702060699463e-01
4.457467198371887207e-01
9.508215188980102539e-01
-8.316355943679809570e-01
8.478550910949707031e-01
6.311368942260742188e-01
6.049109101295471191e-01
7.313167303800582886e-02
-7.033183574676513672e-01
-9.443482160568237305e-01
-6.040455400943756104e-02
-6.390563249588012695e-01
-1.245511844754219055e-01
8.432620763778686523e-01
6.428533196449279785e-01
8.101649880409240723e-01
8.240472674369812012e-01
9.848336577415466309e-01
4.655085802078247070e-01
-5.099506378173828125e-01
1.355137526988983154e-01
6.315590739250183105e-01
5.210253000259399414e-01
-7.032273411750793457e-01
8.086151480674743652e-01
-8.506211042404174805e-01
8.318997025489807129e-01
9.672158360481262207e-01
-2.673355937004089355e-01
2.490909844636917114e-01
-3.470032513141632080e-01
9.259384274482727051e-01
9.202749729156494141e-01
6.935493350028991699e-01
-7.861766815185546875e-01
-9.150173068046569824e-01
-5.377679467201232910e-01
5.597007274627685547e-01
9.634527564048767090e-01
-5.574015974998474121e-01
1.821512281894683838e-01
-6.017827391624450684e-01
3.426929712295532227e-01
1.828157603740692139e-01
7.976957559585571289e-01
-6.835662126541137695e-01
9.095438718795776367e-01
8.703131675720214844e-01
3.774756789207458496e-01
-7.000217437744140625e-01
6.172006130218505859e-01
-8.005023002624511719e-01
5.693039894104003906e-01
-8.657019138336181641e-01
-4.201812669634819031e-02
-2.129113078117370605e-01
-2.497469931840896606e-01
1.215911433100700378e-01
8.001269102096557617e-01
-9.395174980163574219e-01
-4.968577623367309570e-01
-5.002520680427551270e-01
-9.318765401840209961e-01
-5.221197605133056641e-01
9.457143545150756836e-01
-2.589450478553771973e-01
-5.308427214622497559e-01
-9.866201281547546387e-01
8.246146440505981445e-01
9.521551132202148438e-01
9.231033325195312500e-01
5.294243991374969482e-02
-4.558006823062896729e-01
-5.594006776809692383e-01
3.898455798625946045e-01
-2.196014672517776489e-01
6.075046956539154053e-03
-9.057857394218444824e-01
3.283389210700988770e-01
8.623012304306030273e-01
8.949930667877197266e-01
-3.182431459426879883e-01
-5.900868177413940430e-01
-7.112981081008911133e-01
1.525174528360366821e-01
5.524842739105224609e-01
-4.216575995087623596e-02
-2.997563481330871582e-01
-2.475410550832748413e-01
-1.067399531602859497e-01
7.958611249923706055e-01
9.483920931816101074e-01
-9.084324836730957031e-01
-8.419715166091918945e-01
-8.688274621963500977e-01
-5.440886020660400391e-01
9.344586133956909180e-01
-9.780953079462051392e-02
-9.561994671821594238e-01
5.202319025993347168e-01
5.168285369873046875e-01
-8.829679489135742188e-01
7.579893469810485840e-01
-6.419007778167724609e-01
-7.030331492424011230e-01
7.309938073158264160e-01
5.445547103881835938e-01
-9.338496327400207520e-01
9.954819679260253906e-01
-6.785176396369934082e-01
2.647854983806610107e-01
3.908889889717102051e-01
9.515223503112792969e-01
-4.265359938144683838e-01
-5.307997465133666992e-01
6.584734916687011719e-01
-7.148538827896118164e-01
2.541344761848449707e-01
-4.848823249340057373e-01
8.094649314880371094e-01
1.703549623489379883e-01
-4.085507690906524658e-01
8.171971440315246582e-01
-8.520146608352661133e-01
-7.158265113830566406e-01
-4.099761545658111572e-01
2.631152272224426270e-01
2.755430899560451508e-02
-4.147302806377410889e-01
-9.409373402595520020e-01
-8.260056972503662109e-01
-9.643595814704895020e-01
-8.368801474571228027e-01
-2.671923935413360596e-01
9.684689044952392578e-01
-8.102305531501770020e-01
-3.743296861648559570e-01
1.366736292839050293e-01
-2.135741114616394043e-01
-6.832365989685058594e-01
8.769114017486572266e-01
-5.638229250907897949e-01
-9.113879203796386719e-01
7.077126502990722656e-01
-8.093215823173522949e-01
7.585815787315368652e-01
9.156558513641357422e-01
-1.794709563255310059e-01
-8.722684383392333984e-01
-4.166771769523620605e-01
6.763091087341308594e-01
-9.913607835769653320e-01
-7.510070204734802246e-01
3.004636056721210480e-02
-5.923274755477905273e-01
1.590415537357330322e-01
1.462974995374679565e-01
-5.993837714195251465e-01
9.137068986892700195e-01
-4.175832569599151611e-01
-6.931304931640625000e-01
7.329974770545959473e-01
-7.272905111312866211e-01
1.038148254156112671e-01
-5.275512337684631348e-01
-5.181397199630737305e-01
1.303479075431823730e-04
-3.754298388957977295e-01
-7.792754173278808594e-01
-4.098877012729644775e-01
-5.492646694183349609e-01
-2.360164821147918701e-01
5.618417859077453613e-01
-9.644160866737365723e-01
-8.034029603004455566e-01
-4.984216988086700439e-01
5.499303340911865234e-01
-9.043940305709838867e-01
-9.716113656759262085e-02
-4.818072915077209473e-02
1.000139936804771423e-01
-3.465687334537506104e-01
-7.889102697372436523e-01
-7.700424194335937500e-01
9.529564976692199707e-01
-9.263760447502136230e-01
-3.415792584419250488e-01
-9.042398631572723389e-02
-9.269872903823852539e-01
-2.269654422998428345e-01
7.788395881652832031e-01
-3.996680080890655518e-01
5.376552343368530273e-01
2.092141509056091309e-01
-8.831323385238647461e-01
-3.993526399135589600e-01
3.265420496463775635e-01
6.016851663589477539e-01
-8.839860558509826660e-01
5.360965728759765625e-01
8.987861275672912598e-01
-2.106462270021438599e-01
-3.953448235988616943e-01
6.450193524360656738e-01
5.841574668884277344e-01
6.934022903442382812e-01
-5.080468654632568359e-01
9.487382769584655762e-01
-3.998718857765197754e-01
-9.133176207542419434e-01
-7.969812750816345215e-01
6.219406723976135254e-01
-6.109231710433959961e-01
-8.597815632820129395e-01
9.673992991447448730e-01
7.026622295379638672e-01
-8.297024369239807129e-01
2.784761190414428711e-01
-7.936788201332092285e-01
8.174392580986022949e-01
-5.848528742790222168e-01
6.501965522766113281e-01
-6.327667832374572754e-01
6.018918752670288086e-01
4.011986553668975830e-01
5.622324347496032715e-01
-9.631456136703491211e-01
8.069193959236145020e-01
1.067415028810501099e-01
-6.298349499702453613e-01
3.877126574516296387e-01
7.342516183853149414e-01
-9.599433541297912598e-01
-2.934096753597259521e-01
-8.384150266647338867e-01
-5.064021348953247070e-01
9.582720398902893066e-01
3.651756048202514648e-01
-7.634019851684570312e-01
5.740032792091369629e-01
-2.267001569271087646e-01
-1.217561736702919006e-01
-8.496102094650268555e-01
2.084740549325942993e-01
-9.194883704185485840e-01
1.723533421754837036e-01
-2.682195901870727539e-01
8.975384831428527832e-01
-9.246630072593688965e-01
4.255209863185882568e-01
5.964739322662353516e-01
-2.870867401361465454e-02
-4.800691604614257812e-01
-9.571083188056945801e-01
-8.177390098571777344e-01
6.227755546569824219e-01
8.931278586387634277e-01
-7.597291469573974609e-01
7.082657814025878906e-01
-8.496795892715454102e-01
-6.352006793022155762e-01
-2.691335380077362061e-01
9.144599437713623047e-01
-1.846863478422164917e-01
6.872693300247192383e-01
9.648635387420654297e-01
2.885149121284484863e-01
4.827153384685516357e-01
-2.754435241222381592e-01
5.398619174957275391e-01
-6.112402677536010742e-01
-5.634688735008239746e-01
-1.501209735870361328e-01
-9.461215734481811523e-01
-7.715866565704345703e-01
2.861364185810089111e-01
7.333246469497680664e-01
-5.598468184471130371e-01
8.531842827796936035e-01
2.669791877269744873e-01
-3.832075297832489014e-01
3.925260007381439209e-01
-9.918193817138671875e-01
9.276774525642395020e-01
-7.078211307525634766e-01
-8.087812066078186035e-01
7.029002308845520020e-01
1.643578410148620605e-01
8.529828190803527832e-01
8.931336402893066406e-01
-7.826939821243286133e-01
-4.368346035480499268e-01
-5.180537700653076172e-01
4.515671133995056152e-01
2.589963972568511963e-01
-3.317166566848754883e-01
5.990897417068481445e-01
-8.134438395500183105e-01
6.363965868949890137e-01
-7.912374734878540039e-01
3.298494219779968262e-01
-9.579754471778869629e-01
7.288494110107421875e-01
1.603636741638183594e-01
9.220439195632934570e-01
5.858779549598693848e-01
-8.298302888870239258e-01
-5.559215787798166275e-03
5.165436863899230957e-01
6.994974017143249512e-01
-7.013001441955566406e-01
-7.355833649635314941e-01
9.530650973320007324e-01
-5.062804222106933594e-01
1.251797229051589966e-01
-9.379200935363769531e-01
-2.257459461688995361e-01
4.110467731952667236e-01
8.449155092239379883e-01
6.218166351318359375e-01
-2.390819042921066284e-01
2.910238504409790039e-01
-2.640774250030517578e-01
8.783095479011535645e-01
9.872689247131347656e-01
6.242774724960327148e-01
3.422035872936248779e-01
-5.907669067382812500e-01
-6.486841291189193726e-02
-6.594819575548171997e-02
4.701339900493621826e-01
9.639000892639160156e-01
7.426397800445556641e-01
7.625525593757629395e-01
7.330301403999328613e-01
3.948345407843589783e-02
2.953064143657684326e-01
9.892936348915100098e-01
-8.365965485572814941e-01
-7.562270760536193848e-01
8.939220309257507324e-01
-4.651878178119659424e-01
3.907569646835327148e-01
5.948240160942077637e-01
6.034134030342102051e-01
-6.204335689544677734e-01
-9.087660163640975952e-02
-7.142334580421447754e-01
8.407245278358459473e-01
9.479189515113830566e-01
-2.877823449671268463e-02
-9.257656931877136230e-01
9.890800118446350098e-01
-8.193494677543640137e-01
-6.356001496315002441e-01
-8.149122595787048340e-01
-9.187698364257812500e-01
6.205165982246398926e-01
9.841826558113098145e-01
9.324173331260681152e-01
5.939385294914245605e-01
-3.618414700031280518e-01
-9.585936069488525391e-01
6.383417248725891113e-01
-6.073219776153564453e-01
8.573488593101501465e-01
6.871336698532104492e-01
-8.358169794082641602e-01
3.204468190670013428e-01
7.572214603424072266e-01
-3.926846757531166077e-02
-2.593956589698791504e-01
-3.600154519081115723e-01
1.411778926849365234e-01
-6.742661595344543457e-01
-4.905369877815246582e-01
5.583441257476806641e-01
2.688736468553543091e-02
-9.646873474121093750e-01
9.195736646652221680e-01
2.508235275745391846e-01
2.396066039800643921e-01
1.603047400712966919e-01
-6.620174273848533630e-03
-2.356832772493362427e-01
8.699042201042175293e-01
7.625279426574707031e-01
-6.878497600555419922e-01
-8.829631805419921875e-01
-6.097237467765808105e-01
5.786459445953369141e-01
5.742899179458618164e-01
-5.115872025489807129e-01
2.019220590591430664e-01
-9.120924770832061768e-02
3.306739404797554016e-02
7.049602270126342773e-01
4.323456287384033203e-01
-3.348138928413391113e-01
-7.943013310432434082e-01
9.110907465219497681e-02
6.845965385437011719e-01
-2.043593674898147583e-01
-3.043239749968051910e-02
-9.544957876205444336e-01
-8.459380865097045898e-01
-1.234493255615234375e-01
9.419196248054504395e-01
-9.855085015296936035e-01
5.357632040977478027e-01
-9.702202081680297852e-01
3.871017694473266602e-01
-1.179874315857887268e-02
-3.242534101009368896e-01
-2.738126218318939209e-01
-5.142027139663696289e-01
6.124969124794006348e-01
2.915309667587280273e-01
-3.118719458580017090e-01
7.599029541015625000e-01
-1.652583181858062744e-01
4.549842327833175659e-02
-5.323089957237243652e-01
9.478873610496520996e-01
6.563377976417541504e-01
-8.431257009506225586e-01
-4.249549657106399536e-02
8.928904533386230469e-01
2.012591361999511719e-01
-9.088428020477294922e-01
-9.060112237930297852e-01
-7.625623345375061035e-01
-8.612043261528015137e-01
6.031494140625000000e-01
5.982558131217956543e-01
-1.488598287105560303e-01
-4.507960379123687744e-01
8.316621780395507812e-01
-6.712600588798522949e-01
7.959737777709960938e-01
3.519386053085327148e-01
-9.275752305984497070e-02
6.731445193290710449e-01
-3.637410998344421387e-01
4.954966604709625244e-01
7.987886667251586914e-01
9.270398020744323730e-01
-4.331144094467163086e-01
-3.735625743865966797e-01
-4.738706648349761963e-01
2.799428403377532959e-01
-5.087264254689216614e-02
-1.822946220636367798e-01
4.961165487766265869e-01
6.644695997238159180e-01
2.689288258552551270e-01
-5.703882575035095215e-01
8.217824697494506836e-01
5.006979107856750488e-01
-4.957660734653472900e-01
-4.572494626045227051e-01
7.316009998321533203e-01
-4.182206988334655762e-01
2.370054721832275391e-01
4.659036099910736084e-01
6.131002306938171387e-01
-2.712213993072509766e-02
-5.889609456062316895e-01
1.104365102946758270e-02
-8.570467680692672729e-02
9.005354642868041992e-01
-2.204960435628890991e-01
9.219460487365722656e-01
7.856860160827636719e-01
-7.632671594619750977e-01
-4.664499163627624512e-01
-8.437283635139465332e-01
8.207412958145141602e-01
7.087295502424240112e-02
7.948918938636779785e-01
-7.489911913871765137e-01
8.867189288139343262e-01
-9.466857910156250000e-01
-1.849135756492614746e-01
7.798147797584533691e-01
7.963849902153015137e-01
-9.129259586334228516e-01
-1.493572024628520012e-03
-5.113179087638854980e-01
-4.111961424350738525e-01
-4.566104412078857422e-01
-7.024011015892028809e-01
-8.837261795997619629e-01
-8.653866052627563477e-01
2.085836380720138550e-01
2.767419815063476562e-01
6.414797306060791016e-01
9.305577874183654785e-01
5.975556373596191406e-01
3.664770722389221191e-01
8.531116247177124023e-01
9.755908846855163574e-01
4.721393883228302002e-01
-5.820037126541137695e-01
-9.477102756500244141e-01
-3.361753523349761963e-01
5.587777495384216309e-01
3.298346102237701416e-01
3.980953097343444824e-01
-7.086353898048400879e-01
-3.141824901103973389e-01
2.982567250728607178e-01
6.536576747894287109e-01
7.731789350509643555e-01
8.742083311080932617e-01
1.090270802378654480e-01
-4.242193102836608887e-01
1.285295039415359497e-01
-3.477610051631927490e-01
-1.524772197008132935e-01
-1.695880144834518433e-01
-4.019851982593536377e-01
8.683040738105773926e-01
7.791171669960021973e-01
4.163995385169982910e-01
-4.059312641620635986e-01
-5.242561697959899902e-01
9.525661468505859375e-01
6.061455607414245605e-01
-6.565834879875183105e-01
-8.476123213768005371e-01
-8.113631010055541992e-01
5.596062541007995605e-01
2.929710745811462402e-01
-3.561692535877227783e-01
-3.842737292870879173e-03
-7.208869457244873047e-01
4.199894070625305176e-01
-7.878107428550720215e-01
-4.184263348579406738e-01
-3.391198515892028809e-01
9.893631935119628906e-01
-1.282835155725479126e-01
-2.792571485042572021e-01
2.482675313949584961e-01
8.832638263702392578e-01
-9.390678405761718750e-01
3.912236690521240234e-01
-7.991675734519958496e-01
4.197215735912322998e-01
8.008143305778503418e-01
-9.355544447898864746e-01
-4.885483980178833008e-01
7.602942585945129395e-01
9.571164846420288086e-01
2.928531765937805176e-01
7.671772837638854980e-01
8.914160728454589844e-01
5.958017706871032715e-01
-3.917388617992401123e-01
-7.467082142829895020e-01
-3.446501493453979492e-01
-6.140259504318237305e-01
5.406053662300109863e-01
-3.485303819179534912e-01
-9.206820130348205566e-01
-8.674035668373107910e-01
-7.721583247184753418e-01
-1.810580343008041382e-01
8.949680924415588379e-01
2.821398377418518066e-01
9.574211835861206055e-01
8.957097530364990234e-01
1.804068386554718018e-01
5.689634680747985840e-01
4.304893910884857178e-01
9.330320954322814941e-01
-9.481806159019470215e-01
3.725711703300476074e-01
-1.154995188117027283e-01
-1.253114789724349976e-01
1.719643920660018921e-01
7.514762878417968750e-01
-2.164642810821533203e-01
9.194005131721496582e-01
7.768551707267761230e-01
3.987084627151489258e-01
2.011493742465972900e-01
1.183612793684005737e-01
-9.535513520240783691e-01
-7.065952420234680176e-01
-3.098644614219665527e-01
6.414921283721923828e-01
7.205700278282165527e-01
-7.438733577728271484e-01
-4.680176377296447754e-01
5.190175771713256836e-01
-8.057166337966918945e-01
-4.110829532146453857e-01
-4.709240198135375977e-01
9.200968146324157715e-01
4.930801987648010254e-01
5.246510505676269531e-01
9.629232287406921387e-01
4.345772266387939453e-01
-4.629650413990020752e-01
4.149096310138702393e-01
-4.190415516495704651e-02
-6.688007116317749023e-01
-7.330502867698669434e-01
2.914527952671051025e-01
-8.329253196716308594e-01
5.565485954284667969e-01
1.788027733564376831e-01
1.167944744229316711e-01
6.159738302230834961e-01
-2.348248958587646484e-01
6.347433477640151978e-02
5.243533253669738770e-01
-4.926427900791168213e-01
-5.230825543403625488e-01
1.359000504016876221e-01
-1.199926212430000305e-01
7.870448827743530273e-01
2.418646216392517090e-02
1.387313902378082275e-01
8.674789667129516602e-01
-9.590929150581359863e-01
-2.360052317380905151e-01
8.990747332572937012e-01
3.300672471523284912e-01
-3.091066777706146240e-01
-2.173434197902679443e-01
9.289742112159729004e-01
9.224955439567565918e-01
6.869958341121673584e-02
-7.705298066139221191e-01
7.103645205497741699e-01
9.203326106071472168e-01
5.825513005256652832e-01
-2.352224886417388916e-01
9.811342954635620117e-01
-8.820004016160964966e-02
-9.960828423500061035e-01
2.329322397708892822e-01
-6.145161986351013184e-01
-9.104674458503723145e-01
-2.950137853622436523e-01
-9.173626899719238281e-01
9.924657344818115234e-01
1.880189329385757446e-01
-7.564446926116943359e-01
9.163963198661804199e-01
6.137719154357910156e-01
-1.929285936057567596e-02
9.435852169990539551e-01
-2.430518418550491333e-01
3.060504794120788574e-02
9.051728248596191406e-01
1.994049847126007080e-01
8.903783559799194336e-01
2.853507399559020996e-01
6.931780576705932617e-01
-4.070493876934051514e-01
-2.335309535264968872e-01
-7.480078339576721191e-01
