9.758079051971435547e-01
-3.063302040100097656e-01
-8.035911917686462402e-01
-9.133805036544799805e-01
-2.396460473537445068e-01
3.233554661273956299e-01
5.638463497161865234e-01
3.463710248470306396e-01
-8.658143132925033569e-02
-5.477110147476196289e-01
-9.118759036064147949e-01
-9.485977888107299805e-01
-1.655358523130416870e-01
3.723142445087432861e-01
-1.931202411651611328e-01
5.169849991798400879e-01
-9.494143128395080566e-01
-6.001113057136535645e-01
-6.505096554756164551e-01
-8.886835575103759766e-01
-8.190307617187500000e-01
-5.768633484840393066e-01
1.614709794521331787e-01
6.589483022689819336e-01
-8.256860971450805664e-01
-1.303925961256027222e-01
2.140280324965715408e-03
-4.582960903644561768e-02
-8.767481446266174316e-01
-7.298464179039001465e-01
7.186431884765625000e-01
-5.069262385368347168e-01
-7.473644614219665527e-01
8.163369894027709961e-01
-5.449976325035095215e-01
-7.869355082511901855e-01
-8.307459950447082520e-01
-8.877329230308532715e-01
4.178270399570465088e-01
6.923440098762512207e-01
5.333520770072937012e-01
4.197205603122711182e-01
-9.395019412040710449e-01
-4.754261374473571777e-01
-2.359941750764846802e-01
2.667649984359741211e-01
-6.620543450117111206e-02
3.005624711513519287e-01
-6.809393167495727539e-01
-4.532166123390197754e-01
-6.689133644104003906e-01
3.156266212463378906e-01
9.454137682914733887e-01
-4.904614388942718506e-01
-5.630982518196105957e-01
4.830938279628753662e-01
3.910050392150878906e-01
-6.415792107582092285e-01
2.404125332832336426e-01
-9.950917959213256836e-01
-8.126474618911743164e-01
6.746645569801330566e-01
5.717510581016540527e-01
-8.370945453643798828e-01
-9.149582982063293457e-01
-8.222121000289916992e-01
4.073310196399688721e-01
-7.454670071601867676e-01
2.387344092130661011e-02
-3.074301779270172119e-01
5.152265429496765137e-01
-3.075754940509796143e-01
4.478414058685302734e-01
-3.055633604526519775e-01
5.883783102035522461e-01
5.558502674102783203e-02
7.260947227478027344e-01
2.168738096952438354e-01
2.605415880680084229e-01
4.022305309772491455e-01
-8.531202077865600586e-01
4.327992349863052368e-02
-9.236111044883728027e-01
-7.932140231132507324e-01
-9.505534172058105469e-01
-3.865024149417877197e-01
4.626090824604034424e-01
1.688892394304275513e-01
-1.100791245698928833e-01
-4.787638410925865173e-02
9.786516427993774414e-01
-1.829897016286849976e-01
-6.550921201705932617e-01
7.178314328193664551e-01
3.361133933067321777e-01
-5.486834645271301270e-01
-9.632236957550048828e-01
8.056530952453613281e-01
-6.986024975776672363e-01
-6.170371174812316895e-01
9.854121804237365723e-01
-1.697386056184768677e-01
8.371361494064331055e-01
-7.454286795109510422e-03
-8.806135654449462891e-01
-4.966980218887329102e-01
-5.688402056694030762e-01
-1.228673458099365234e-01
-8.323239535093307495e-02
-3.685150444507598877e-01
6.318571567535400391e-01
9.490466713905334473e-01
-9.697648286819458008e-01
-7.107510566711425781e-01
-1.106949001550674438e-01
9.676184654235839844e-01
9.635191559791564941e-01
-3.892987072467803955e-01
-8.336677551269531250e-01
-4.915314912796020508e-01
-8.997718691825866699e-01
5.660080313682556152e-01
5.757424831390380859e-01
-5.951971411705017090e-01
-2.481691241264343262e-01
7.219489216804504395e-01
-7.799432277679443359e-01
-4.083198308944702148e-01
-6.337215900421142578e-01
5.264604091644287109e-01
-9.446095228195190430e-01
8.995985388755798340e-01
-8.234336376190185547e-01
-1.356661505997180939e-02
-2.252718061208724976e-01
2.952577471733093262e-01
-7.306217551231384277e-01
2.830301225185394287e-01
-4.480729401111602783e-01
-5.196053385734558105e-01
-9.430938363075256348e-01
9.778596758842468262e-01
-7.796673476696014404e-02
-6.840078830718994141e-01
2.136216759681701660e-01
9.242479801177978516e-01
-4.401040673255920410e-01
-9.822372794151306152e-01
-4.904235601425170898e-01
-6.163876652717590332e-01
8.123106360435485840e-01
-9.785292148590087891e-01
-2.054703235626220703e-01
-6.423834562301635742e-01
-7.133949995040893555e-01
-5.574235916137695312e-01
-9.874912500381469727e-01
5.696313381195068359e-01
-8.786474466323852539e-01
5.211797356605529785e-01
-5.132663846015930176e-01
-3.322654962539672852e-01
4.442848265171051025e-01
-8.055089116096496582e-01
4.723325371742248535e-01
7.527205348014831543e-01
-9.857729673385620117e-01
-1.131779626011848450e-01
4.404527544975280762e-01
-9.933796525001525879e-01
-4.596036076545715332e-01
-7.616076469421386719e-01
-6.772520542144775391e-01
-8.881643414497375488e-01
-6.999588012695312500e-01
-7.457178831100463867e-01
2.910427050665020943e-03
5.128809213638305664e-01
-4.629396498203277588e-01
-7.139346599578857422e-01
-9.804291725158691406e-01
1.803746223449707031e-01
9.921487653627991676e-04
-1.542710214853286743e-01
5.247310921549797058e-02
5.246407389640808105e-01
-9.163139462471008301e-01
-9.993862509727478027e-01
-9.188643097877502441e-01
4.128087759017944336e-01
-5.777814388275146484e-01
-7.816548347473144531e-01
-4.034563004970550537e-01
-6.897662878036499023e-01
1.272276490926742554e-01
8.184979557991027832e-01
-7.268638014793395996e-01
6.001377105712890625e-01
2.031767815351486206e-01
-8.545016050338745117e-01
-4.430705904960632324e-01
-3.374599516391754150e-01
-8.805087208747863770e-01
7.640514373779296875e-01
8.419198989868164062e-01
-5.364689230918884277e-01
-4.875141978263854980e-01
8.930300474166870117e-01
-9.957094788551330566e-01
-7.078099846839904785e-01
-9.574282765388488770e-01
-1.305521726608276367e-01
-9.123834967613220215e-01
-3.806280344724655151e-02
3.461439311504364014e-01
1.189548894762992859e-01
1.789751499891281128e-01
-2.487194240093231201e-01
3.152043223381042480e-01
7.784346342086791992e-01
7.272474765777587891e-01
5.779905915260314941e-01
2.616561353206634521e-01
-4.814904332160949707e-01
8.798522949218750000e-01
-8.699100017547607422e-01
-9.180854558944702148e-01
-9.931179881095886230e-01
5.942932963371276855e-01
-9.625259041786193848e-01
4.746127128601074219e-01
3.192844688892364502e-01
4.749041423201560974e-02
9.187260270118713379e-01
-7.402563691139221191e-01
7.819528579711914062e-01
3.356579542160034180e-01
-9.560503959655761719e-01
-9.743009805679321289e-01
-8.435986042022705078e-01
-2.257276624441146851e-01
2.825052738189697266e-01
2.508680149912834167e-02
9.445692896842956543e-01
3.012117743492126465e-01
5.858859419822692871e-01
9.547088146209716797e-01
-5.809072256088256836e-01
-7.427647113800048828e-01
6.388812065124511719e-01
8.756616115570068359e-01
8.464936017990112305e-01
-6.765705943107604980e-01
9.673895835876464844e-01
1.592853516340255737e-01
-3.647232949733734131e-01
6.919614672660827637e-01
9.622877240180969238e-01
7.513946890830993652e-01
2.664930224418640137e-01
-6.124662160873413086e-01
-2.056970447301864624e-01
4.979971349239349365e-01
7.880485653877258301e-01
9.188027977943420410e-01
-6.235949322581291199e-02
9.561032652854919434e-01
-2.382715642452239990e-01
9.886124134063720703e-01
-7.036749273538589478e-02
-2.661288157105445862e-02
7.284380197525024414e-01
-4.899877607822418213e-01
8.310083150863647461e-01
5.432408452033996582e-01
9.927813410758972168e-01
8.572347164154052734e-01
3.631431758403778076e-01
-6.516711115837097168e-01
9.330309629440307617e-01
-5.551638007164001465e-01
9.958266280591487885e-03
8.913132548332214355e-01
-7.412942647933959961e-01
2.914155423641204834e-01
9.646907448768615723e-01
-2.175752520561218262e-01
6.875398159027099609e-01
-2.122882157564163208e-01
8.979515433311462402e-01
-1.178176179528236389e-01
8.659889101982116699e-01
3.467365205287933350e-01
6.590332984924316406e-01
5.812876224517822266e-01
-4.013316929340362549e-01
5.265136808156967163e-02
-1.006488781422376633e-02
-2.311128005385398865e-02
4.191317856311798096e-01
7.750064134597778320e-01
-7.061842083930969238e-01
5.640658140182495117e-01
4.639698266983032227e-01
-1.374153699725866318e-02
4.024707078933715820e-01
4.976986348628997803e-01
4.179314672946929932e-01
-5.484709143638610840e-01
-7.878484725952148438e-01
-7.713616639375686646e-02
9.772716164588928223e-01
8.920562863349914551e-01
6.690552830696105957e-01
5.144529342651367188e-01
-1.942745000123977661e-01
-4.392143189907073975e-01
-8.101606369018554688e-01
5.320981144905090332e-01
-7.434156537055969238e-01
2.196086794137954712e-01
9.951675534248352051e-01
1.150238290429115295e-01
2.181124500930309296e-02
5.533052682876586914e-01
-5.879527926445007324e-01
5.865311026573181152e-01
-4.033414125442504883e-01
7.006287574768066406e-02
3.192249238491058350e-01
6.113998293876647949e-01
3.252505958080291748e-01
-2.320857644081115723e-01
3.105956912040710449e-01
-2.942735552787780762e-01
9.926009178161621094e-01
9.398474693298339844e-01
-1.850772947072982788e-01
8.360310457646846771e-03
8.640271425247192383e-01
6.591510772705078125e-01
7.526098489761352539e-01
6.864017248153686523e-01
7.579570263624191284e-02
-7.765605449676513672e-01
8.244830369949340820e-01
2.296266704797744751e-01
-4.691451787948608398e-01
-1.717109382152557373e-01
9.187090396881103516e-01
-6.761375069618225098e-01
4.042884409427642822e-01
9.220246672630310059e-01
2.192449867725372314e-01
-9.672484546899795532e-02
-2.979046404361724854e-01
-6.907463669776916504e-01
9.539417028427124023e-01
3.392085433006286621e-01
-7.197284698486328125e-02
1.371264904737472534e-01
7.837236523628234863e-01
-1.520857810974121094e-01
-3.856093287467956543e-01
2.955529093742370605e-01
3.958496153354644775e-01
-9.328287243843078613e-01
-2.368625700473785400e-01
-1.687333732843399048e-02
8.237292766571044922e-01
9.923546910285949707e-01
-9.913360476493835449e-01
6.952536106109619141e-01
7.410289645195007324e-01
-8.233070969581604004e-01
5.264450907707214355e-01
1.059469878673553467e-01
-3.236861526966094971e-01
-8.575285077095031738e-01
-9.353189170360565186e-02
9.295848011970520020e-01
-8.763505220413208008e-01
2.073428630828857422e-01
4.374680221080780029e-01
9.930676817893981934e-01
-4.937264025211334229e-01
8.941262364387512207e-01
-7.411220073699951172e-01
6.972282528877258301e-01
8.688537478446960449e-01
9.294611811637878418e-01
2.948707044124603271e-01
-1.140842288732528687e-01
8.421393036842346191e-01
-9.583691954612731934e-01
-6.328749060630798340e-01
-4.593522846698760986e-01
-4.573052227497100830e-01
-9.060034155845642090e-02
-5.566734671592712402e-01
1.100262552499771118e-01
2.701624035835266113e-01
7.984312176704406738e-01
-4.795404896140098572e-02
8.307950496673583984e-01
5.348056554794311523e-01
7.342728972434997559e-01
-6.979616880416870117e-01
3.958740830421447754e-01
-9.228196144104003906e-01
-8.382928967475891113e-01
-8.326444029808044434e-01
-2.220499068498611450e-01
-8.005935549736022949e-01
8.879463672637939453e-01
6.766349077224731445e-01
7.937302589416503906e-01
8.002798557281494141e-01
6.183564662933349609e-01
6.646869182586669922e-01
-8.201878070831298828e-01
-4.653600156307220459e-01
-9.132207036018371582e-01
1.844016462564468384e-01
-7.474230527877807617e-01
-1.996872425079345703e-01
7.291324138641357422e-01
7.718911170959472656e-01
-1.666802763938903809e-01
-9.207997918128967285e-01
1.213280186057090759e-01
4.986958503723144531e-01
-4.518655240535736084e-01
9.480429291725158691e-01
-4.705037772655487061e-01
8.079655766487121582e-01
-5.698511600494384766e-01
5.723216533660888672e-01
-2.079238593578338623e-01
9.588673710823059082e-01
6.775336712598800659e-02
-9.681811928749084473e-01
-5.730087757110595703e-01
-4.784451797604560852e-02
8.570514321327209473e-01
8.957814574241638184e-01
-4.518105462193489075e-02
-5.045853257179260254e-01
3.631977736949920654e-01
-9.533230662345886230e-01
-9.863165020942687988e-01
2.186322063207626343e-01
6.127004027366638184e-01
4.861295819282531738e-01
-6.065195202827453613e-01
5.857279896736145020e-01
8.629433512687683105e-01
-7.757247686386108398e-01
7.893025279045104980e-01
-7.680500149726867676e-01
2.213829606771469116e-01
-6.028420925140380859e-01
-4.077979326248168945e-01
-5.684820413589477539e-01
-8.976683020591735840e-01
-1.982645988464355469e-01
-1.366641670465469360e-01
6.699903011322021484e-01
9.790426492691040039e-01
-1.298058778047561646e-01
1.633854657411575317e-01
-9.163184762001037598e-01
-5.088834166526794434e-01
3.004606962203979492e-01
2.099559158086776733e-01
2.680750787258148193e-01
-2.199556380510330200e-01
-3.596870303153991699e-01
-7.908456921577453613e-01
1.437788158655166626e-01
9.455842971801757812e-01
-6.073229908943176270e-01
1.383925825357437134e-01
3.033668398857116699e-01
-9.684461355209350586e-01
-9.944314360618591309e-01
-7.340408563613891602e-01
7.800031304359436035e-01
7.334284782409667969e-01
9.681908786296844482e-02
-9.326848387718200684e-01
-6.912512779235839844e-01
-8.613496422767639160e-01
-7.178512811660766602e-01
-2.968632578849792480e-01
5.671917200088500977e-01
-9.247128367424011230e-01
-4.798310697078704834e-01
-9.117125868797302246e-01
9.829310774803161621e-01
-7.293648123741149902e-01
-7.470712065696716309e-01
7.722466588020324707e-01
-5.741913318634033203e-01
-8.491187691688537598e-01
-6.920933723449707031e-01
-8.149447441101074219e-01
9.032325148582458496e-01
4.074951112270355225e-01
-9.109627604484558105e-01
-3.776094913482666016e-01
4.146381914615631104e-01
-3.517897427082061768e-01
4.911598190665245056e-02
8.716973662376403809e-01
-7.922498583793640137e-01
-8.245466351509094238e-01
-6.972719430923461914e-01
-9.377579092979431152e-01
-8.178048133850097656e-01
-4.712598621845245361e-01
-9.750034809112548828e-01
8.161388635635375977e-01
-5.435542464256286621e-01
4.595986306667327881e-01
6.527326703071594238e-01
8.249089717864990234e-01
-9.588295817375183105e-01
1.715580672025680542e-01
-8.273583650588989258e-01
-9.951711297035217285e-01
-1.607367545366287231e-01
-6.166372895240783691e-01
1.638494133949279785e-01
6.517714858055114746e-01
-7.570838928222656250e-01
-5.070795416831970215e-01
-7.724163532257080078e-01
3.048820197582244873e-01
-3.378961086273193359e-01
-5.342016220092773438e-01
-9.870592355728149414e-01
-3.298478424549102783e-01
-4.880402982234954834e-01
-7.512857913970947266e-01
8.730790019035339355e-01
-7.402485609054565430e-02
8.963745236396789551e-01
-5.606674551963806152e-01
-4.368101358413696289e-01
-3.879512846469879150e-01
-8.983716368675231934e-01
3.582972884178161621e-01
2.478531301021575928e-01
-3.108742237091064453e-01
-6.443843245506286621e-01
-1.232600398361682892e-02
7.924990057945251465e-01
1.726569533348083496e-01
9.283233284950256348e-01
6.241909861564636230e-01
-6.426723599433898926e-01
-7.240205407142639160e-01
-9.525966048240661621e-01
-5.942721366882324219e-01
6.106457710266113281e-01
3.822898566722869873e-01
-9.490203857421875000e-01
-5.473787188529968262e-01
-1.305891722440719604e-01
-2.090227007865905762e-01
7.584882378578186035e-01
-4.634886607527732849e-02
9.246889352798461914e-01
-4.906913340091705322e-01
-6.777528524398803711e-01
-5.091934800148010254e-01
-4.264127612113952637e-01
-4.706461429595947266e-01
-1.675925105810165405e-01
-2.009712755680084229e-01
5.070295929908752441e-01
7.562295198440551758e-01
8.883315920829772949e-01
-3.609024286270141602e-01
-9.738225340843200684e-01
9.311794638633728027e-01
-3.505557179450988770e-01
-8.812566995620727539e-01
-3.020197451114654541e-01
-4.606290906667709351e-02
1.204591467976570129e-01
7.803349494934082031e-01
-4.397152066230773926e-01
1.284700781106948853e-01
3.992463350296020508e-01
4.741800725460052490e-01
-9.148926734924316406e-01
-7.009849548339843750e-01
1.078410372138023376e-01
-3.491495251655578613e-01
7.640845775604248047e-01
1.199311912059783936e-01
5.927031040191650391e-01
-7.738925814628601074e-01
-7.254573702812194824e-01
1.763238310813903809e-01
9.783143401145935059e-01
-1.541384756565093994e-01
-9.381837248802185059e-01
6.936228275299072266e-01
2.364899516105651855e-01
-8.334754705429077148e-01
-5.811000615358352661e-02
9.638027548789978027e-01
7.302793264389038086e-01
5.766069293022155762e-01
-5.268248915672302246e-01
4.602223634719848633e-01
-8.110381960868835449e-01
1.452233791351318359e-01
-7.646612524986267090e-01
-4.880364835262298584e-01
-7.498336434364318848e-01
6.013681292533874512e-01
-2.452102154493331909e-01
-8.701419234275817871e-01
1.085296086966991425e-02
5.228091478347778320e-01
-1.743885874748229980e-01
5.532172322273254395e-01
4.743976294994354248e-01
-4.684395492076873779e-01
6.804922819137573242e-01
-1.399915069341659546e-01
-2.439407855272293091e-01
-2.712713778018951416e-01
-4.188230931758880615e-01
8.373725414276123047e-01
-2.075242400169372559e-01
-6.045298278331756592e-02
-4.502252638339996338e-01
-1.945743262767791748e-01
-9.354814291000366211e-01
9.379463791847229004e-01
5.452032685279846191e-01
-8.873328566551208496e-01
-8.077619075775146484e-01
-5.495041012763977051e-01
5.321132540702819824e-01
8.908799290657043457e-01
8.513631820678710938e-01
-1.231245547533035278e-01
6.065956354141235352e-01
2.852222621440887451e-01
-8.127378821372985840e-01
-3.032825887203216553e-01
-9.758743047714233398e-01
-9.608259201049804688e-01
-9.236352443695068359e-01
5.570763349533081055e-01
3.500206172466278076e-01
9.557808637619018555e-01
8.117359876632690430e-01
8.951551318168640137e-01
-8.908915519714355469e-01
-2.722176015377044678e-01
-9.681091308593750000e-01
-8.861888051033020020e-01
-7.463057637214660645e-01
6.432131528854370117e-01
-5.323962122201919556e-02
4.433461725711822510e-01
-2.434922307729721069e-01
-2.126448750495910645e-01
-5.754019021987915039e-01
5.548169612884521484e-01
-7.906673550605773926e-01
6.924253106117248535e-01
1.819969266653060913e-01
-9.861872792243957520e-01
1.639841645956039429e-01
-1.150168552994728088e-01
-7.603952288627624512e-01
-7.458735108375549316e-01
-6.870874762535095215e-01
-4.917543530464172363e-01
2.680903673171997070e-01
8.060840964317321777e-01
7.861559987068176270e-01
6.895084977149963379e-01
7.688717246055603027e-01
7.494354248046875000e-01
-3.887328505516052246e-01
6.061560511589050293e-01
-6.110343337059020996e-01
-9.859856963157653809e-01
-8.449118137359619141e-01
-8.196610212326049805e-01
9.085336327552795410e-01
3.161622583866119385e-01
-9.437885284423828125e-01
-8.406023979187011719e-01
9.887684583663940430e-01
2.102568745613098145e-02
-9.009663462638854980e-01
6.004288196563720703e-01
-5.058150291442871094e-01
8.184570670127868652e-01
9.148870110511779785e-01
2.599119842052459717e-01
-9.326871633529663086e-01
3.091588914394378662e-01
-6.367461681365966797e-01
-7.566028833389282227e-01
-8.267281651496887207e-01
-5.093060806393623352e-02
8.297812938690185547e-01
2.548224627971649170e-01
-7.460139989852905273e-01
8.479697704315185547e-01
-5.050948262214660645e-01
-9.099214673042297363e-01
-1.516907662153244019e-01
9.093246608972549438e-02
-2.249499559402465820e-01
-6.416288018226623535e-01
6.786702871322631836e-01
4.069305956363677979e-03
9.592668414115905762e-01
-8.434490561485290527e-01
-8.658567070960998535e-02
3.202262520790100098e-01
7.724473476409912109e-01
-4.448291361331939697e-01
-1.029433161020278931e-01
-9.100730419158935547e-01
4.419877752661705017e-02
7.276377677917480469e-01
-8.174609541893005371e-01
-9.176041483879089355e-01
2.502651214599609375e-01
6.228625178337097168e-01
-2.656995356082916260e-01
4.636053740978240967e-01
-2.207263708114624023e-01
-1.733948290348052979e-01
-9.813540577888488770e-01
1.427928507328033447e-01
8.541614413261413574e-01
-5.168645381927490234e-01
-2.191987633705139160e-01
6.579785943031311035e-01
7.932924032211303711e-01
9.236986637115478516e-01
9.328147768974304199e-01
5.997171998023986816e-01
-6.865906715393066406e-01
7.653321027755737305e-01
2.623671106994152069e-02
6.639242768287658691e-01
-2.380246818065643311e-01
9.175021052360534668e-01
-7.552646994590759277e-01
-3.063039481639862061e-01
5.638741254806518555e-01
6.192200779914855957e-01
8.807014673948287964e-03
9.519972205162048340e-01
9.507164359092712402e-01
3.846834003925323486e-01
6.428174972534179688e-01
5.731432437896728516e-01
2.390929758548736572e-01
8.938933014869689941e-01
7.145576477050781250e-01
9.706683158874511719e-01
8.820400238037109375e-01
5.617599487304687500e-01
7.681460976600646973e-01
-4.304110631346702576e-02
9.421269297599792480e-01
-1.087124645709991455e-02
2.687144279479980469e-01
-2.013421654701232910e-01
-7.517749667167663574e-01
5.106878280639648438e-01
8.723924756050109863e-01
-8.806892633438110352e-01
2.249684333801269531e-01
-8.016960024833679199e-01
1.719068288803100586e-01
-9.618954062461853027e-01
3.150958120822906494e-01
5.394200608134269714e-02
7.806060314178466797e-01
-5.675806999206542969e-01
3.511833548545837402e-01
-3.431024253368377686e-01
6.176770925521850586e-01
9.008885622024536133e-01
8.943532109260559082e-01
5.577656030654907227e-01
7.673710584640502930e-01
6.341169029474258423e-02
7.510038018226623535e-01
9.382139444351196289e-01
1.410602591931819916e-03
3.839429318904876709e-01
9.123826026916503906e-01
7.870295643806457520e-01
-5.626360177993774414e-01
2.439828962087631226e-01
-2.471710890531539917e-01
1.832115948200225830e-01
7.095383405685424805e-01
1.186710223555564880e-01
4.674869179725646973e-01
-5.396638512611389160e-01
3.932385146617889404e-01
2.819969654083251953e-01
9.136011004447937012e-01
-3.737208843231201172e-01
-1.376750171184539795e-01
-3.538137674331665039e-01
-3.396836817264556885e-01
-7.979527711868286133e-01
2.001208215951919556e-01
-6.076078414916992188e-01
8.053855299949645996e-01
-2.743518054485321045e-01
7.225189208984375000e-01
-2.511627078056335449e-01
-4.389098882675170898e-01
8.479544520378112793e-01
1.968849450349807739e-01
-9.013271331787109375e-02
-1.016897708177566528e-02
-5.305590629577636719e-01
9.925642609596252441e-01
7.267535924911499023e-01
4.045091867446899414e-01
8.164963126182556152e-01
5.455111265182495117e-01
-2.504045367240905762e-01
8.241564035415649414e-01
-3.265933096408843994e-01
8.002905845642089844e-01
-9.188300967216491699e-01
2.654629945755004883e-01
-8.872944712638854980e-01
-4.997452497482299805e-01
8.395435810089111328e-01
2.752795517444610596e-01
3.314166665077209473e-01
9.885677099227905273e-01
-2.992467880249023438e-01
-7.768024802207946777e-01
-1.074949186295270920e-02
-3.288438618183135986e-01
-8.736962676048278809e-01
-4.789975658059120178e-02
9.159215092658996582e-01
8.593025207519531250e-01
-2.010965198278427124e-01
-6.223995089530944824e-01
6.203554868698120117e-01
8.135736584663391113e-01
5.914168953895568848e-01
-5.800292491912841797e-01
-8.842193484306335449e-01
-2.615559101104736328e-01
-9.194180369377136230e-01
-1.446494460105895996e-01
9.882497191429138184e-01
7.925054430961608887e-01
-5.149126648902893066e-01
6.894474029541015625e-01
9.576872736215591431e-02
4.358211457729339600e-01
-8.696689605712890625e-01
9.449864029884338379e-01
-4.194083809852600098e-01
-9.656335115432739258e-01
-1.169995516538619995e-01
-4.015461802482604980e-01
4.638993740081787109e-02
-5.913472175598144531e-01
-7.677077054977416992e-01
9.795264005661010742e-01
7.293018102645874023e-01
6.412266492843627930e-01
1.458330452442169189e-01
6.359651684761047363e-02
-9.000276327133178711e-01
-7.650167942047119141e-01
-9.692319035530090332e-01
9.668728709220886230e-01
5.243071317672729492e-01
7.238738983869552612e-02
6.120319366455078125e-01
-2.868663668632507324e-01
-5.217927694320678711e-01
9.827601909637451172e-01
6.585303544998168945e-01
-8.693219423294067383e-01
-9.928613901138305664e-01
-9.691698551177978516e-01
1.680472195148468018e-01
-7.417589426040649414e-01
-8.554847240447998047e-01
1.911104321479797363e-01
7.427392601966857910e-01
8.249710202217102051e-01
8.474786281585693359e-01
-7.787858843803405762e-01
-8.315012454986572266e-01
-2.130155116319656372e-01
2.554966211318969727e-01
-1.853267252445220947e-01
-9.073486924171447754e-02
-9.756667613983154297e-01
7.852210402488708496e-01
-8.027324676513671875e-01
6.946552991867065430e-01
-1.406349837779998779e-01
1.108814999461174011e-01
2.411077469587326050e-01
1.208943501114845276e-01
-9.422157406806945801e-01
2.024494707584381104e-01
6.531836986541748047e-01
7.943581938743591309e-01
-6.855454444885253906e-01
-9.409220218658447266e-01
-3.094213902950286865e-01
-9.612645506858825684e-01
-9.781235456466674805e-02
8.232706785202026367e-01
2.480817437171936035e-01
-1.806960701942443848e-01
4.117519557476043701e-01
2.571124732494354248e-01
-6.040235161781311035e-01
-7.281023263931274414e-01
-8.997526168823242188e-01
5.829221606254577637e-01
-8.840515017509460449e-01
9.653009176254272461e-01
3.080799877643585205e-01
2.885277569293975830e-01
-9.483600258827209473e-01
-7.179750204086303711e-01
-9.477633833885192871e-01
-8.849317431449890137e-01
-6.067663431167602539e-01
1.650358289480209351e-01
4.415761232376098633e-01
1.822060346603393555e-01
-6.120581030845642090e-01
-2.489156872034072876e-01
9.538642764091491699e-01
-2.394269853830337524e-01
3.862056434154510498e-01
-3.245250880718231201e-01
-9.899997711181640625e-01
-8.249462842941284180e-01
3.895919919013977051e-01
1.382820606231689453e-01
-9.872594475746154785e-01
-4.853224754333496094e-01
-4.836648330092430115e-02
7.648743987083435059e-01
4.790525138378143311e-01
-9.331232905387878418e-01
-8.034185767173767090e-01
-7.814546823501586914e-01
2.431126981973648071e-01
9.040399193763732910e-01
-3.945734500885009766e-01
-6.038309335708618164e-01
-8.584120869636535645e-01
5.926266312599182129e-01
-4.126783311367034912e-01
-4.177501797676086426e-01
-9.678636789321899414e-01
-9.242787957191467285e-01
5.012604594230651855e-01
-3.663040697574615479e-01
-7.051318883895874023e-01
-8.437756448984146118e-02
-2.278294973075389862e-02
-7.325848340988159180e-01
8.807911872863769531e-01
-5.623689293861389160e-01
-3.408048450946807861e-01
-7.407292127609252930e-01
-7.360423803329467773e-01
7.956720143556594849e-02
-7.943470478057861328e-01
4.109423160552978516e-01
-3.639206886291503906e-01
-9.423593878746032715e-01
-7.828515768051147461e-02
-9.291452765464782715e-01
8.415623903274536133e-01
2.634032368659973145e-01
4.052945673465728760e-01
-2.490034103393554688e-01
3.698286116123199463e-01
-7.215731143951416016e-01
-5.301673412322998047e-01
6.696822047233581543e-01
-5.896331071853637695e-01
2.555055320262908936e-01
3.147855028510093689e-02
2.140523940324783325e-01
2.564076185226440430e-01
-5.534622669219970703e-01
-9.737689495086669922e-01
-9.498659372329711914e-01
-1.071265339851379395e-01
-9.155009388923645020e-01
-6.701899170875549316e-01
-8.748208880424499512e-01
3.232870250940322876e-02
2.683714628219604492e-01
2.026421278715133667e-01
5.517935752868652344e-01
-7.011442780494689941e-01
4.177682474255561829e-02
-8.844752311706542969e-01
-5.719610452651977539e-01
-5.190727114677429199e-01
-6.263784766197204590e-01
5.826113820075988770e-01
9.019563198089599609e-01
-8.913902640342712402e-01
1.940741389989852905e-01
-6.880757212638854980e-02
-7.053920030593872070e-01
-2.003494501113891602e-01
-4.203271865844726562e-01
4.029640182852745056e-02
-7.167569994926452637e-01
-9.614635705947875977e-01
-8.089373111724853516e-01
-5.228409767150878906e-01
8.935230374336242676e-01
-7.617494463920593262e-02
7.290395498275756836e-01
7.024939060211181641e-01
5.595704317092895508e-01
3.342162370681762695e-01
8.824421167373657227e-01
-3.098591268062591553e-01
-9.878675937652587891e-01
-6.027358174324035645e-01
-1.144631281495094299e-01
9.758102707564830780e-03
6.774391531944274902e-01
-7.033438682556152344e-01
6.884765028953552246e-01
2.833773791790008545e-01
-9.750993251800537109e-01
-9.723466634750366211e-01
-9.684483408927917480e-01
-8.696557879447937012e-01
2.111908346414566040e-01
-4.173572361469268799e-01
7.947239279747009277e-01
-6.051225662231445312e-01
9.269537031650543213e-02
9.472072124481201172e-01
7.023907899856567383e-01
-8.907777667045593262e-01
9.039351344108581543e-01
-7.820430397987365723e-01
-2.037219554185867310e-01
2.515168786048889160e-01
8.075482249259948730e-01
-8.589215874671936035e-01
-3.089188225567340851e-02
7.294831871986389160e-01
7.781923413276672363e-01
-4.603491425514221191e-01
9.167240262031555176e-01
-9.609338641166687012e-01
-6.923104524612426758e-01
-8.373073935508728027e-01
8.432430624961853027e-01
-4.612214863300323486e-01
-1.485105752944946289e-01
-6.377263665199279785e-01
-6.950835585594177246e-01
-3.192850947380065918e-01
6.793155074119567871e-01
3.945812284946441650e-01
9.071863293647766113e-01
9.326560497283935547e-01
5.428918600082397461e-01
-8.931555747985839844e-01
-9.246788024902343750e-01
-8.554484248161315918e-01
-5.911044478416442871e-01
9.037078619003295898e-01
8.413524627685546875e-01
-6.639634370803833008e-01
-4.636730849742889404e-01
1.361926496028900146e-01
7.886119484901428223e-01
1.985891610383987427e-01
6.259946227073669434e-01
-3.632263839244842529e-01
8.758097887039184570e-01
-7.318255305290222168e-01
-4.275178536772727966e-02
-9.273067712783813477e-01
-7.921420335769653320e-01
-2.139030098915100098e-01
6.400047540664672852e-01
1.452029198408126831e-01
8.108626604080200195e-01
8.333441019058227539e-01
8.772613853216171265e-02
-5.566120147705078125e-01
4.249339997768402100e-01
-3.538447320461273193e-01
1.524824947118759155e-01
-6.767042279243469238e-01
5.015370845794677734e-01
-4.318918883800506592e-01
-9.974836558103561401e-02
4.041764736175537109e-01
-8.719413280487060547e-01
6.237503290176391602e-01
-2.911785542964935303e-01
-8.093083500862121582e-01
-6.176399588584899902e-01
1.824555397033691406e-01
4.421184360980987549e-01
2.117789387702941895e-01
4.526913762092590332e-01
1.989255659282207489e-02
1.719513908028602600e-02
-6.256356835365295410e-02
8.300762772560119629e-01
7.096068859100341797e-01
-9.099428057670593262e-01
5.067461133003234863e-01
5.143849179148674011e-02
-8.185997605323791504e-01
-4.038040935993194580e-01
-8.097690343856811523e-01
-3.774667978286743164e-01
-9.929122403264045715e-03
-5.613046884536743164e-01
2.351158410310745239e-01
9.443820714950561523e-01
-6.659708619117736816e-01
5.095211267471313477e-01
-1.963141709566116333e-01
1.049054339528083801e-01
-7.216213941574096680e-01
1.472880095243453979e-01
-2.695657908916473389e-01
8.432920575141906738e-01
-5.664016604423522949e-01
-7.914193868637084961e-01
3.088196218013763428e-01
-9.351584315299987793e-01
-9.441822171211242676e-01
-6.912105679512023926e-01
3.278011381626129150e-01
6.929775476455688477e-01
-4.281919002532958984e-01
-8.021854758262634277e-01
-7.742985486984252930e-01
-3.188690915703773499e-02
6.633986532688140869e-02
-3.683591783046722412e-01
5.122157931327819824e-01
-5.585277080535888672e-01
3.093204200267791748e-01
6.065033674240112305e-01
-7.690101265907287598e-01
-4.857871532440185547e-01
-9.652540683746337891e-01
-6.782112717628479004e-01
-6.118960976600646973e-01
-9.718773365020751953e-01
7.864760234951972961e-03
-3.650419116020202637e-01
5.788272023200988770e-01
2.557626068592071533e-01
7.994008809328079224e-02
-6.227552294731140137e-01
-2.054861485958099365e-01
-9.160553216934204102e-01
-5.968329310417175293e-01
-2.405239492654800415e-01
-4.616206884384155273e-01
6.800237298011779785e-01
4.709985107183456421e-02
-3.475862741470336914e-01
-7.861939668655395508e-01
-1.613364219665527344e-01
-1.574354469776153564e-01
-7.755430936813354492e-01
-8.978612422943115234e-01
-8.915097117424011230e-01
-7.493739128112792969e-01
-1.450000852346420288e-01
-4.942670464515686035e-01
3.777258992195129395e-01
-4.688351154327392578e-01
2.452998459339141846e-01
-9.899514317512512207e-01
-9.205049276351928711e-01
-7.462583780288696289e-01
-5.251036882400512695e-01
1.195201948285102844e-01
-9.399154782295227051e-02
-6.421217322349548340e-01
-2.367243617773056030e-01
-3.802495598793029785e-01
-9.051599502563476562e-01
-3.727952539920806885e-01
-7.250502109527587891e-01
-6.870544552803039551e-01
7.188881039619445801e-01
-6.220396608114242554e-02
-7.898244261741638184e-01
5.932990312576293945e-01
3.868389129638671875e-01
3.822543472051620483e-02
-6.753799319267272949e-01
-8.757598996162414551e-01
-7.370964288711547852e-01
-8.394672274589538574e-01
-7.770395278930664062e-01
-8.176521062850952148e-01
6.209769248962402344e-01
-7.778661251068115234e-01
-7.905249595642089844e-01
-1.299018412828445435e-01
4.300759732723236084e-01
-2.585130035877227783e-01
-5.779660940170288086e-01
-8.294504284858703613e-01
-9.755121469497680664e-01
7.328325510025024414e-01
-9.299138784408569336e-01
-6.422843337059020996e-01
2.640719115734100342e-01
-9.783513545989990234e-01
6.232451796531677246e-01
4.863659664988517761e-02
-4.458755254745483398e-01
-6.553941369056701660e-01
-9.136715531349182129e-01
1.189694032073020935e-01
8.149408102035522461e-01
2.834819257259368896e-01
-7.106854915618896484e-01
7.322949767112731934e-01
9.070582389831542969e-01
8.167055435478687286e-03
5.944470763206481934e-01
-1.022031903266906738e-01
4.412857294082641602e-01
-8.861811757087707520e-01
6.584235429763793945e-01
8.979411125183105469e-01
6.581171751022338867e-01
7.958502769470214844e-01
-4.932559430599212646e-01
7.473750710487365723e-01
8.190006613731384277e-01
-8.399491906166076660e-01
3.716337680816650391e-01
-6.846988201141357422e-01
6.687346100807189941e-01
8.871304392814636230e-01
8.763718605041503906e-01
4.659712314605712891e-01
8.482871651649475098e-01
1.721882224082946777e-01
8.424606323242187500e-01
5.687339305877685547e-01
-9.136824011802673340e-01
2.012237608432769775e-01
-1.718736737966537476e-01
4.407318830490112305e-01
9.032082557678222656e-01
9.557240009307861328e-01
-6.161363720893859863e-01
4.722644388675689697e-01
4.652219712734222412e-01
7.889096140861511230e-01
9.043906927108764648e-01
8.088608980178833008e-01
-3.998277485370635986e-01
3.580658435821533203e-01
-4.026544988155364990e-01
2.604320943355560303e-01
4.681774675846099854e-01
5.218798518180847168e-01
-4.999360442161560059e-01
9.792795777320861816e-01
8.408650159835815430e-01
1.549734473228454590e-01
-8.041023612022399902e-01
3.666996955871582031e-01
6.036493778228759766e-01
9.097082912921905518e-02
-6.742485165596008301e-01
8.626438379287719727e-01
-3.526213169097900391e-01
3.635933995246887207e-02
7.843527197837829590e-01
6.397283673286437988e-01
8.941506743431091309e-01
9.433059692382812500e-01
9.404378533363342285e-01
-7.595173716545104980e-01
-9.190967082977294922e-01
-8.156973123550415039e-01
-5.373468995094299316e-01
9.984573721885681152e-01
-2.990941703319549561e-01
5.154281854629516602e-01
-2.563643753528594971e-01
9.421479105949401855e-01
-8.071652054786682129e-01
3.536340296268463135e-01
9.701437950134277344e-01
8.702212572097778320e-01
-2.794494628906250000e-01
-2.776740789413452148e-01
6.208649873733520508e-01
-9.831358492374420166e-02
7.325820922851562500e-01
-8.660582900047302246e-01
-9.018265008926391602e-01
8.671700358390808105e-01
9.757235050201416016e-01
9.975593686103820801e-01
-5.143911242485046387e-01
-4.933481812477111816e-01
3.782426714897155762e-01
-6.113550066947937012e-01
4.470272362232208252e-01
4.465832114219665527e-01
5.248936414718627930e-01
5.834716558456420898e-01
8.281620591878890991e-02
-4.213128387928009033e-01
9.167492985725402832e-01
7.601907849311828613e-01
9.331678748130798340e-01
-4.475544393062591553e-01
-4.566337466239929199e-01
7.134457826614379883e-01
-5.953498929738998413e-02
6.972851753234863281e-01
5.622185468673706055e-01
-9.925433993339538574e-01
-7.556741833686828613e-01
5.341547727584838867e-01
9.490207433700561523e-01
-6.721910238265991211e-01
2.622144520282745361e-01
-6.151906251907348633e-01
1.236892119050025940e-01
9.397443532943725586e-01
-3.760347068309783936e-01
7.612494826316833496e-01
1.946417689323425293e-01
-3.055105730891227722e-02
-2.313132137060165405e-01
-2.795709967613220215e-01
-3.995325267314910889e-01
2.124940156936645508e-01
9.322162866592407227e-01
5.786077976226806641e-01
9.785696864128112793e-01
-4.741091728210449219e-01
-9.494110941886901855e-01
-4.086180329322814941e-01
-7.480469346046447754e-01
-7.449381351470947266e-01
5.136778950691223145e-01
5.398728251457214355e-01
2.245707809925079346e-01
8.752287030220031738e-01
8.388497829437255859e-01
2.405855618417263031e-02
-9.304014444351196289e-01
2.973521351814270020e-01
-3.418243229389190674e-01
8.649782538414001465e-01
5.568354725837707520e-01
5.155455470085144043e-01
-6.000184416770935059e-01
8.021240234375000000e-01
-4.987342357635498047e-01
-6.893486976623535156e-01
-3.471836447715759277e-01
3.516576886177062988e-01
-7.905039191246032715e-01
-9.227838516235351562e-01
3.196187317371368408e-01
2.586646676063537598e-01
9.540763497352600098e-01
7.481558918952941895e-01
7.322686910629272461e-02
-8.725066184997558594e-01
5.776117444038391113e-01
-6.183675527572631836e-01
5.537126213312149048e-02
-6.666354537010192871e-01
8.945639729499816895e-01
-8.490665555000305176e-01
1.129188854247331619e-02
8.211717009544372559e-01
6.295891404151916504e-01
-4.287032485008239746e-01
-5.934880673885345459e-02
8.678710460662841797e-01
-2.111267996951937675e-03
-6.160992980003356934e-01
-4.229101240634918213e-01
-5.836933851242065430e-01
6.998326778411865234e-01
7.087602019309997559e-01
-3.162445127964019775e-01
2.260722666978836060e-01
-9.365240931510925293e-01
6.965980529785156250e-01
-2.971350848674774170e-01
8.761510252952575684e-01
2.389544546604156494e-01
-3.892114758491516113e-01
-9.389649033546447754e-01
8.928009271621704102e-01
4.941493868827819824e-01
-2.303064800798892975e-02
-7.038739323616027832e-01
2.960678040981292725e-01
-9.188008904457092285e-01
-3.629880249500274658e-01
-5.573472380638122559e-02
8.783481121063232422e-01
-4.572725892066955566e-01
-2.582313120365142822e-01
6.228638291358947754e-01
-9.643195271492004395e-01
4.420950114727020264e-01
6.974554061889648438e-01
2.158639878034591675e-01
-2.968523651361465454e-02
-2.032107487320899963e-02
-9.035218954086303711e-01
7.406779527664184570e-01
-3.708696365356445312e-02
-3.749680938199162483e-03
4.996024966239929199e-01
-5.868364572525024414e-01
8.523393273353576660e-01
9.242628812789916992e-01
-5.756136775016784668e-01
-6.428451538085937500e-01
-8.078812360763549805e-01
-4.804024845361709595e-02
-9.188579320907592773e-01
7.894893288612365723e-01
-4.216772317886352539e-02
2.246534675359725952e-01
-1.649536490440368652e-01
5.927219986915588379e-01
-6.007131338119506836e-01
-8.883045911788940430e-01
-1.003443002700805664e-01
-4.398971199989318848e-01
-1.056390441954135895e-02
-4.442506432533264160e-01
6.320444494485855103e-02
-7.828574776649475098e-01
2.319186925888061523e-01
9.591491818428039551e-01
7.378892898559570312e-01
2.549054622650146484e-01
-1.219253391027450562e-01
-8.066957592964172363e-01
1.520855873823165894e-01
-4.029042124748229980e-01
-6.596298217773437500e-01
-4.656391143798828125e-01
8.972466588020324707e-01
-4.366159439086914062e-01
4.266876876354217529e-01
-1.487411707639694214e-01
-1.040525138378143311e-01
-8.840282559394836426e-01
6.460986733436584473e-01
-4.327279627323150635e-01
-4.975681304931640625e-01
1.832798719406127930e-01
-7.941365242004394531e-01
-6.154952049255371094e-01
-5.752231478691101074e-01
-6.739894300699234009e-02
9.866230487823486328e-01
-8.353504538536071777e-01
7.687487006187438965e-01
6.466640233993530273e-01
-7.494753599166870117e-01
-3.216897547245025635e-01
-5.087765455245971680e-01
1.211399957537651062e-01
-1.308805793523788452e-01
-3.678879141807556152e-01
-5.477412343025207520e-01
-9.440497308969497681e-02
2.659988701343536377e-01
-7.191628813743591309e-01
3.261462748050689697e-01
-1.328695565462112427e-01
4.867044091224670410e-01
-8.023421168327331543e-01
1.513236165046691895e-01
3.227375745773315430e-01
2.943518757820129395e-01
-5.114232003688812256e-02
3.026194572448730469e-01
-9.431789517402648926e-01
-4.436353743076324463e-01
-4.042412340641021729e-02
-1.021161675453186035e-01
4.316945970058441162e-01
-7.485872507095336914e-01
3.121326863765716553e-01
-3.788878619670867920e-01
-2.713032253086566925e-02
-2.784926593303680420e-01
4.039665162563323975e-01
-1.960328668355941772e-01
6.620234847068786621e-01
6.639379858970642090e-01
3.470039367675781250e-01
-5.012742877006530762e-01
3.019606471061706543e-01
-7.963411808013916016e-01
-9.645837545394897461e-01
2.567481696605682373e-01
7.207789272069931030e-02
-9.370379447937011719e-01
8.448480963706970215e-01
-9.214739799499511719e-01
6.794423460960388184e-01
-4.233197569847106934e-01
-4.936503991484642029e-02
-8.963631391525268555e-01
9.510936141014099121e-01
-3.603311181068420410e-01
1.251789331436157227e-01
6.530013680458068848e-01
9.645268321037292480e-01
-5.302987098693847656e-01
-5.639465451240539551e-01
-6.250486969947814941e-01
-3.756133615970611572e-01
-4.349209666252136230e-01
-6.277696490287780762e-01
4.958765953779220581e-02
-4.950362443923950195e-01
9.874248504638671875e-01
3.674522042274475098e-01
3.802690207958221436e-01
9.093009829521179199e-01
6.997557878494262695e-01
-7.992938160896301270e-01
-8.359820842742919922e-01
-9.352781176567077637e-01
-3.933980464935302734e-01
2.010383009910583496e-01
8.591278195381164551e-01
-6.530801057815551758e-01
7.803614139556884766e-01
6.207757592201232910e-01
-5.938470959663391113e-01
-4.869752228260040283e-01
-5.525286197662353516e-01
-1.954897791147232056e-01
8.878639340400695801e-01
-3.346031904220581055e-01
3.525747731328010559e-02
-3.659715056419372559e-01
-4.329077303409576416e-01
-4.105888605117797852e-01
3.616882860660552979e-01
6.092696189880371094e-01
-8.523719906806945801e-01
9.333335757255554199e-01
6.092237681150436401e-02
-7.355234026908874512e-01
9.714078903198242188e-01
4.326907396316528320e-01
-1.678491830825805664e-01
-2.147206515073776245e-01
-3.981468975543975830e-01
3.701059222221374512e-01
-9.537784457206726074e-01
3.261939287185668945e-01
-6.074799895286560059e-01
-9.546644687652587891e-01
9.630482196807861328e-01
4.462434947490692139e-01
7.993530035018920898e-01
-7.143156528472900391e-01
-4.933560192584991455e-01
-1.317581087350845337e-01
8.140968680381774902e-01
-6.707150936126708984e-01
4.118123352527618408e-01
-9.462515711784362793e-01
-7.985204458236694336e-01
-4.859372377395629883e-01
-8.431487679481506348e-01
9.839215278625488281e-01
-8.332263827323913574e-01
-7.809150815010070801e-01
-3.730320334434509277e-01
9.077441096305847168e-01
7.843530774116516113e-01
-3.856855332851409912e-01
5.487505793571472168e-01
-9.471065998077392578e-01
-3.923547267913818359e-01
-1.333564668893814087e-01
-6.928619742393493652e-01
-6.320390105247497559e-02
3.646769225597381592e-01
-1.533350795507431030e-01
-8.693153262138366699e-01
4.184863567352294922e-01
-5.199108123779296875e-01
6.226474642753601074e-01
8.653678297996520996e-01
8.913465142250061035e-01
-7.566466331481933594e-01
-5.846232771873474121e-01
-6.041427254676818848e-01
-9.626602530479431152e-01
-7.769532203674316406e-01
2.251121848821640015e-01
-9.260240793228149414e-01
5.822686553001403809e-01
9.767245650291442871e-01
3.963177502155303955e-01
-7.857735753059387207e-01
3.383905291557312012e-01
-9.028198719024658203e-01
-9.850360751152038574e-01
-7.778509855270385742e-01
2.643209397792816162e-01
9.283855557441711426e-01
-6.421290636062622070e-01
-7.079507112503051758e-01
-8.963708281517028809e-01
6.655607819557189941e-01
-8.819302916526794434e-01
-7.464783787727355957e-01
-1.143425256013870239e-01
3.755229115486145020e-01
8.484434485435485840e-01
1.001603156328201294e-02
-6.196786761283874512e-01
2.465569414198398590e-02
9.295494295656681061e-03
-6.282640099525451660e-01
-9.184179902076721191e-01
-8.148890733718872070e-01
-2.349450290203094482e-01
7.769104838371276855e-01
-1.474870294332504272e-01
-9.687609076499938965e-01
-5.530163049697875977e-01
6.679263710975646973e-01
3.144753575325012207e-01
6.463047862052917480e-02
3.839370310306549072e-01
-9.303797483444213867e-01
-7.827000021934509277e-01
1.901028603315353394e-01
-6.183270812034606934e-01
-1.530614644289016724e-01
3.171515166759490967e-01
-7.173770666122436523e-01
-5.662497878074645996e-01
-4.751020073890686035e-01
6.178984642028808594e-01
2.265798598527908325e-01
6.670706868171691895e-01
-3.151807487010955811e-01
-3.601880967617034912e-01
3.423758596181869507e-02
-4.007390141487121582e-01
-7.943646907806396484e-01
-2.449579387903213501e-01
-6.084330081939697266e-01
6.856333613395690918e-01
-8.894038200378417969e-01
3.402149975299835205e-01
3.004767596721649170e-01
-3.519411981105804443e-01
4.658003747463226318e-01
3.614330887794494629e-01
-9.736185669898986816e-01
4.311172962188720703e-01
-2.925567626953125000e-01
-6.089588403701782227e-01
-6.913237571716308594e-01
9.110698699951171875e-01
-9.861627817153930664e-01
-5.131880640983581543e-01
-9.489462375640869141e-01
8.806725740432739258e-01
-8.795197010040283203e-01
9.493445158004760742e-01
2.688606381416320801e-01
-9.540163874626159668e-01
6.193604469299316406e-01
-8.806784749031066895e-01
-9.421613812446594238e-01
-6.328521966934204102e-01
2.143610268831253052e-01
1.968928575515747070e-01
-4.200363159179687500e-02
4.371932446956634521e-01
6.748589873313903809e-02
-5.675691366195678711e-01
-6.588720530271530151e-02
-9.259514808654785156e-01
-6.026202440261840820e-01
-3.092389702796936035e-01
9.450857043266296387e-01
7.981560826301574707e-01
7.713244557380676270e-01
-6.581367254257202148e-01
2.008495181798934937e-01
1.049932911992073059e-01
-6.106587052345275879e-01
-7.334891557693481445e-01
5.226112008094787598e-01
-1.230581551790237427e-01
-9.990532398223876953e-01
-3.299256563186645508e-01
2.702893018722534180e-01
-7.328719496726989746e-01
6.811226010322570801e-01
6.141390800476074219e-01
-2.466423213481903076e-01
2.848458886146545410e-01
-8.712618350982666016e-01
-6.977904438972473145e-01
-5.750333070755004883e-01
-7.664353847503662109e-01
6.805039197206497192e-02
-9.166365861892700195e-02
1.909731030464172363e-01
-4.399721920490264893e-01
-4.719073176383972168e-01
9.669531583786010742e-01
-8.463642001152038574e-01
-6.707958579063415527e-01
-1.798277646303176880e-01
-5.512799620628356934e-01
9.302504062652587891e-01
-9.020484685897827148e-01
-2.059768289327621460e-01
-9.621590971946716309e-01
-2.783575356006622314e-01
6.933355927467346191e-01
7.957902550697326660e-01
9.053513407707214355e-01
8.662698268890380859e-01
2.444853931665420532e-01
1.094240397214889526e-01
-6.095526814460754395e-01
9.506320953369140625e-01
9.961619377136230469e-01
-6.261113882064819336e-01
8.504878282546997070e-01
9.096097350120544434e-01
6.182865500450134277e-01
9.805872440338134766e-01
-2.118809819221496582e-01
3.268602862954139709e-02
9.711295366287231445e-01
-3.873637020587921143e-01
-5.127082467079162598e-01
-2.283194214105606079e-01
1.815887093544006348e-01
-4.794996380805969238e-01
6.061245203018188477e-01
8.949260115623474121e-01
-6.948004364967346191e-01
8.871347308158874512e-01
6.753292083740234375e-01
6.090192198753356934e-01
6.968980431556701660e-01
9.958159923553466797e-01
-6.681212186813354492e-01
4.883454144001007080e-01
-1.172933131456375122e-01
8.223076462745666504e-01
-3.389452099800109863e-01
4.801643192768096924e-01
8.919266462326049805e-01
-8.594131469726562500e-01
4.931531548500061035e-01
7.702943086624145508e-01
1.510200053453445435e-01
3.729449212551116943e-01
3.843758106231689453e-01
7.386953383684158325e-02
-4.390541613101959229e-01
3.638426661491394043e-01
9.949703216552734375e-01
2.518681585788726807e-01
2.253206819295883179e-01
9.065306186676025391e-01
8.293945193290710449e-01
-9.397849440574645996e-01
-7.432755827903747559e-02
-6.804528832435607910e-01
2.516826689243316650e-01
2.862622737884521484e-01
8.253139257431030273e-01
6.664507985115051270e-01
2.160366028547286987e-01
-8.979584574699401855e-01
3.154446780681610107e-01
4.492752552032470703e-01
1.918797045946121216e-01
-1.472204774618148804e-01
-4.205686450004577637e-01
9.383425712585449219e-01
5.525769591331481934e-01
7.779297828674316406e-01
-3.940183296799659729e-02
-6.650912761688232422e-01
6.655706763267517090e-01
-5.701048970222473145e-01
7.278181910514831543e-01
5.551651120185852051e-01
8.959121704101562500e-01
3.952328264713287354e-01
9.343783259391784668e-01
-9.188547730445861816e-01
6.541358232498168945e-01
-7.809565067291259766e-01
-8.876954317092895508e-01
5.915086269378662109e-01
7.759431004524230957e-01
9.594260454177856445e-01
4.392632544040679932e-01
9.688674807548522949e-01
-7.278133034706115723e-01
2.258307933807373047e-01
-8.240556716918945312e-01
8.351962566375732422e-01
9.686924219131469727e-01
3.032401762902736664e-02
-4.863113164901733398e-01
1.122737396508455276e-02
1.532717701047658920e-02
5.834175944328308105e-01
-3.882240355014801025e-01
6.906646490097045898e-01
2.833695113658905029e-01
-3.398796617984771729e-01
6.556757688522338867e-01
-8.549227118492126465e-01
8.647136688232421875e-01
9.235271811485290527e-01
-8.418041467666625977e-01
-7.381870150566101074e-01
4.962156116962432861e-01
9.388886690139770508e-01
5.163837671279907227e-01
1.268850564956665039e-01
5.992968082427978516e-01
9.280377626419067383e-01
-6.272512078285217285e-01
-6.096114516258239746e-01
6.190384626388549805e-01
-8.947826027870178223e-01
6.685258746147155762e-01
5.325827598571777344e-01
-3.711947500705718994e-01
9.849933385848999023e-01
8.971404433250427246e-01
8.120434880256652832e-01
3.037471175193786621e-01
-4.447401762008666992e-01
-9.190598130226135254e-01
6.793965101242065430e-01
-9.895029067993164062e-01
-7.487720847129821777e-01
8.380455374717712402e-01
-7.034177780151367188e-01
6.915341615676879883e-01
3.931476771831512451e-01
4.040305018424987793e-01
-2.362748682498931885e-01
9.218465685844421387e-01
-5.755764245986938477e-01
-9.522051811218261719e-01
-9.824259579181671143e-02
-7.991409301757812500e-01
-2.432701140642166138e-01
9.238539338111877441e-01
-8.697519898414611816e-01
7.758150100708007812e-01
9.160574078559875488e-01
7.572991847991943359e-01
-8.707573413848876953e-01
9.605575203895568848e-01
9.888802766799926758e-01
-8.933654427528381348e-01
2.923322618007659912e-01
-1.095497533679008484e-01
-4.027360975742340088e-01
7.284531593322753906e-01
-9.275854229927062988e-01
7.703339457511901855e-01
7.037096619606018066e-01
-4.842049479484558105e-01
3.911006450653076172e-02
5.172057747840881348e-01
4.069199860095977783e-01
3.424939513206481934e-01
5.636594891548156738e-01
-5.410832762718200684e-01
-6.206071376800537109e-01
-1.102860867977142334e-01
-7.827653288841247559e-01
5.095308423042297363e-01
6.219776868820190430e-01
8.039044141769409180e-01
8.528172969818115234e-01
2.419617772102355957e-01
-9.377415180206298828e-01
-1.504980623722076416e-01
-9.896991252899169922e-01
6.923763453960418701e-02
-2.126006186008453369e-01
9.013133049011230469e-01
5.486416816711425781e-01
-3.638281822204589844e-01
5.548785328865051270e-01
-8.454875946044921875e-01
2.422363311052322388e-01
-8.375997543334960938e-01
-6.119894385337829590e-01
-8.594399690628051758e-01
-7.594754099845886230e-01
-1.797386705875396729e-01
-7.147578597068786621e-01
9.281455874443054199e-01
8.787698745727539062e-01
9.158114790916442871e-01
-8.677123486995697021e-02
7.207326591014862061e-02
-4.857089519500732422e-01
8.860150575637817383e-01
-7.711592912673950195e-01
1.078003644943237305e-01
9.509653449058532715e-01
8.120258450508117676e-01
5.199461579322814941e-01
-1.365139335393905640e-01
-5.738844275474548340e-01
-1.540451943874359131e-01
-5.752947330474853516e-01
-3.598473966121673584e-01
-7.614666223526000977e-01
3.692657053470611572e-01
6.856593489646911621e-01
8.805144429206848145e-01
6.353860497474670410e-01
-9.912720918655395508e-01
3.603228926658630371e-01
-9.282346367835998535e-01
-9.045903086662292480e-01
-2.530192136764526367e-01
-2.562585286796092987e-02
-1.466819196939468384e-01
-4.153883755207061768e-01
5.655836462974548340e-01
-5.353649854660034180e-01
-6.051936373114585876e-02
9.861177206039428711e-01
8.995344042778015137e-01
-9.849565029144287109e-01
-6.949704289436340332e-01
4.900230467319488525e-01
-3.342683911323547363e-01
-8.441876769065856934e-01
-8.243809342384338379e-01
7.926254272460937500e-01
6.712965369224548340e-01
-8.753792643547058105e-01
-6.988483667373657227e-01
-5.355020761489868164e-01
-4.157989919185638428e-01
-3.361032009124755859e-01
-4.272905290126800537e-01
8.801550865173339844e-01
6.588840484619140625e-01
8.004581928253173828e-01
3.262152373790740967e-01
-8.950147628784179688e-01
1.543190479278564453e-01
-8.374296128749847412e-02
-9.184401035308837891e-01
6.534045338630676270e-01
-8.044299483299255371e-02
-8.117145299911499023e-01
-2.607739269733428955e-01
-9.737491607666015625e-01
6.989336013793945312e-02
6.287923455238342285e-01
-1.810976713895797729e-01
-5.562962889671325684e-01
3.852747678756713867e-01
2.254041656851768494e-02
-9.319548010826110840e-01
-2.296206206083297729e-01
5.000844001770019531e-01
4.930138289928436279e-01
-5.171054601669311523e-01
-9.894152283668518066e-01
5.884951949119567871e-01
-2.526726424694061279e-01
