-4.980214238166809082e-01
-8.689712882041931152e-01
-7.730128169059753418e-01
-9.418373107910156250e-01
-7.385522127151489258e-01
-8.555780053138732910e-01
-9.489049911499023438e-01
2.461401075124740601e-01
7.980607151985168457e-01
3.261265158653259277e-01
-8.871254324913024902e-01
-7.134669423103332520e-01
-8.835536241531372070e-02
-2.969862520694732666e-01
7.926360964775085449e-01
3.967929482460021973e-01
-9.592001438140869141e-01
-2.143617868423461914e-01
6.010860204696655273e-01
5.007420182228088379e-01
8.990537524223327637e-01
-6.742727160453796387e-01
-5.285371541976928711e-01
8.896740674972534180e-01
1.913778632879257202e-01
2.590042650699615479e-01
-2.655411660671234131e-01
8.025369048118591309e-01
-4.567880928516387939e-01
4.018269777297973633e-01
1.573839485645294189e-01
4.120181202888488770e-01
-6.994529366493225098e-01
-9.031312465667724609e-01
-6.653363704681396484e-01
7.240757346153259277e-01
-8.526241183280944824e-01
9.601246118545532227e-01
9.888942241668701172e-01
-7.790247797966003418e-01
2.080321013927459717e-01
4.532049596309661865e-02
-1.181835308670997620e-01
2.920350432395935059e-01
4.924038648605346680e-01
4.370599091053009033e-01
7.212249636650085449e-01
-9.531622529029846191e-01
8.531713485717773438e-01
-9.412928819656372070e-01
4.750406146049499512e-01
8.899681568145751953e-01
-8.163200020790100098e-01
7.573677897453308105e-01
-2.628576159477233887e-01
-9.460268020629882812e-01
3.976763784885406494e-01
-5.471610426902770996e-01
-4.523120522499084473e-01
-5.836823582649230957e-01
-7.346658706665039062e-01
8.797904849052429199e-01
4.831729531288146973e-01
8.755793571472167969e-01
5.934938788414001465e-01
7.477005720138549805e-01
8.957775831222534180e-01
-3.242436051368713379e-01
-2.320117354393005371e-01
9.297618269920349121e-01
5.698336362838745117e-01
-4.173929095268249512e-01
7.316935807466506958e-02
1.145980283617973328e-01
3.820521831512451172e-01
5.081846117973327637e-01
-2.678059637546539307e-01
8.518441319465637207e-01
3.150565624237060547e-01
-7.662427425384521484e-01
-1.872348971664905548e-02
-7.109313011169433594e-01
-8.838036060333251953e-01
-8.922145366668701172e-01
-5.735981464385986328e-02
3.602541089057922363e-01
5.954561010003089905e-02
-6.629287600517272949e-01
-3.945443928241729736e-01
4.113899171352386475e-01
-6.372637748718261719e-01
8.501871228218078613e-01
5.739707499742507935e-02
-9.122822880744934082e-01
4.248719811439514160e-01
4.998849630355834961e-01
-5.725029706954956055e-01
3.727266099303960800e-03
8.413793444633483887e-01
9.982620477676391602e-01
-8.799122571945190430e-01
8.762755990028381348e-01
-1.574000865221023560e-01
-5.988645553588867188e-01
-3.123723864555358887e-01
8.691503405570983887e-01
-1.287319660186767578e-01
9.197553396224975586e-01
5.421814918518066406e-01
-3.798272311687469482e-01
9.314125031232833862e-02
-3.680863082408905029e-01
-3.420037776231765747e-02
9.043562412261962891e-01
-4.001149237155914307e-01
9.903759360313415527e-01
8.725631237030029297e-01
9.778743386268615723e-01
-2.123279422521591187e-01
-2.884261012077331543e-01
6.700779199600219727e-01
8.521760702133178711e-01
-6.561376452445983887e-01
-8.084001541137695312e-01
7.534566521644592285e-02
-8.425893783569335938e-01
8.802761435508728027e-01
-9.920161962509155273e-01
1.513346284627914429e-01
8.423104286193847656e-01
9.324238896369934082e-01
-3.634995222091674805e-01
4.584739357233047485e-02
9.488752484321594238e-01
-9.939864277839660645e-01
-9.268825054168701172e-01
-3.486844897270202637e-01
-6.980072855949401855e-01
6.924332380294799805e-01
4.969002008438110352e-01
1.401598900556564331e-01
-4.987278878688812256e-01
8.634057641029357910e-01
7.596136629581451416e-02
1.860233098268508911e-01
5.970102548599243164e-01
3.416314423084259033e-01
1.256694048643112183e-01
-5.748264119029045105e-02
7.749174833297729492e-01
1.823196560144424438e-01
2.456335723400115967e-01
3.944096863269805908e-01
-1.300535723567008972e-02
8.649739623069763184e-01
4.119457304477691650e-01
8.990954756736755371e-01
-9.974378347396850586e-01
8.079026341438293457e-01
3.276630770415067673e-03
-1.782891452312469482e-01
-8.330803364515304565e-02
9.559041261672973633e-01
5.083457380533218384e-02
4.531491994857788086e-01
2.511022984981536865e-01
2.833659648895263672e-01
7.215849161148071289e-01
7.063153982162475586e-01
4.575421214103698730e-01
-8.541306257247924805e-01
9.208614230155944824e-01
-8.012843132019042969e-01
1.276983022689819336e-01
9.276100397109985352e-01
-1.497942805290222168e-01
-9.378230571746826172e-01
-1.267924755811691284e-01
-5.845995545387268066e-01
9.484827518463134766e-01
3.538186103105545044e-02
-2.922475934028625488e-01
6.319524049758911133e-01
-8.560528755187988281e-01
-6.033852696418762207e-01
-9.236729145050048828e-01
-7.681487202644348145e-01
-9.625582695007324219e-01
-1.234903372824192047e-02
-1.002460569143295288e-01
-4.064198732376098633e-01
5.585606098175048828e-01
-1.062303432263433933e-03
-4.829695820808410645e-01
-5.578644573688507080e-02
6.599738597869873047e-01
-5.029519796371459961e-01
-9.341303110122680664e-01
-2.553581595420837402e-01
-4.173238873481750488e-01
-8.481919765472412109e-01
-2.779654227197170258e-02
1.961319521069526672e-02
-9.403644204139709473e-01
4.287196695804595947e-01
-9.783709049224853516e-01
2.713759839534759521e-01
-5.919232368469238281e-01
-7.449887990951538086e-01
-6.062190532684326172e-01
-4.133719801902770996e-01
3.612566590309143066e-01
9.128643274307250977e-01
5.413779020309448242e-01
3.432181477546691895e-01
-7.531921863555908203e-01
6.448116898536682129e-01
-7.070224881172180176e-01
-7.038161754608154297e-01
-5.442077517509460449e-01
-3.344529271125793457e-01
-7.900118827819824219e-01
-3.871397376060485840e-01
2.088137269020080566e-01
8.075878024101257324e-01
9.320292472839355469e-01
6.675207018852233887e-01
-8.599210977554321289e-01
-6.977849006652832031e-01
2.701824009418487549e-01
5.795738697052001953e-01
-3.584000468254089355e-01
-8.950821757316589355e-01
6.345679163932800293e-01
3.054758301004767418e-03
4.666801989078521729e-01
9.660422801971435547e-02
8.338803648948669434e-01
2.376406937837600708e-01
5.818372964859008789e-01
-3.919953107833862305e-01
4.922088980674743652e-01
-9.440121054649353027e-01
5.187338590621948242e-01
9.436625838279724121e-01
-8.684145808219909668e-01
-4.875757545232772827e-02
7.459894418716430664e-01
9.474882483482360840e-01
7.797017693519592285e-02
4.866638183593750000e-01
-9.506659507751464844e-01
6.311459466814994812e-03
3.376991748809814453e-01
-4.208777844905853271e-01
-1.505856662988662720e-01
4.140172898769378662e-01
4.410303831100463867e-01
-5.270063281059265137e-01
-8.123134374618530273e-01
3.410117328166961670e-01
-1.798814982175827026e-01
8.249365687370300293e-01
4.139917194843292236e-01
6.236357092857360840e-01
5.984169244766235352e-01
-4.576621055603027344e-01
3.785916864871978760e-01
-5.893030762672424316e-01
5.556336045265197754e-01
9.208715558052062988e-01
7.271677851676940918e-01
-6.869163513183593750e-01
5.575774312019348145e-01
9.579210877418518066e-01
1.301726251840591431e-01
-9.337846636772155762e-01
8.725075125694274902e-01
7.425491809844970703e-01
-7.599532008171081543e-01
3.874925076961517334e-01
2.347412705421447754e-01
9.100920557975769043e-01
5.165001749992370605e-01
-7.996579408645629883e-01
-4.927218556404113770e-01
1.246598586440086365e-01
4.137661159038543701e-01
3.776853680610656738e-01
9.141817688941955566e-01
9.248769879341125488e-01
-5.418653488159179688e-01
1.714344620704650879e-01
-3.111785948276519775e-01
6.505469083786010742e-01
8.192050457000732422e-01
5.927531719207763672e-01
6.509754657745361328e-01
6.698820739984512329e-02
5.982083678245544434e-01
3.051199615001678467e-01
-5.536808967590332031e-01
-6.469275951385498047e-01
-2.614609003067016602e-01
9.948144853115081787e-02
6.710184812545776367e-01
-1.221620589494705200e-01
7.620969414710998535e-01
-1.703778505325317383e-01
-8.344290256500244141e-01
-8.037688136100769043e-01
-8.033096194267272949e-01
-2.339230924844741821e-01
-6.179082393646240234e-01
5.501137971878051758e-01
-8.587490916252136230e-01
-3.887628018856048584e-01
4.256756901741027832e-01
-7.699339985847473145e-01
5.876254439353942871e-01
6.903810501098632812e-01
-9.709318280220031738e-01
7.613776922225952148e-01
8.281750679016113281e-01
3.151546120643615723e-01
-7.516691684722900391e-01
-7.910315394401550293e-01
5.340181589126586914e-01
7.729923725128173828e-01
-8.406973481178283691e-01
-7.484417557716369629e-01
-7.426319122314453125e-01
-9.241409897804260254e-01
-8.966143131256103516e-01
-1.514874100685119629e-01
3.003184497356414795e-01
-9.804172515869140625e-01
-9.975535869598388672e-01
-4.256688058376312256e-01
7.481681108474731445e-01
-4.415439367294311523e-01
-8.899051547050476074e-01
-9.231227636337280273e-01
2.586858272552490234e-01
-7.518097162246704102e-01
-9.535742402076721191e-01
-6.732106208801269531e-01
-5.590004920959472656e-01
8.902699351310729980e-01
-9.503307342529296875e-01
-3.589496314525604248e-01
-8.151190876960754395e-01
-5.387830138206481934e-01
-9.776081442832946777e-01
7.981282472610473633e-01
-9.684852957725524902e-01
7.869066596031188965e-01
-7.931369543075561523e-01
-7.568404674530029297e-01
-6.314765214920043945e-01
1.073255166411399841e-01
-4.064261019229888916e-01
-5.371661186218261719e-01
6.384810060262680054e-02
6.561582088470458984e-01
8.502297401428222656e-01
2.377801239490509033e-01
-1.916811168193817139e-01
-9.891478419303894043e-01
2.152948826551437378e-01
7.669640183448791504e-01
2.567939162254333496e-01
-7.187079787254333496e-01
-5.253169313073158264e-02
-9.619590044021606445e-01
9.275304675102233887e-01
-2.278051525354385376e-01
-8.567873239517211914e-01
5.145196914672851562e-01
9.901263117790222168e-01
-2.377685904502868652e-01
-6.127041578292846680e-01
5.232504606246948242e-01
-3.870295286178588867e-01
-2.246345132589340210e-01
9.773485660552978516e-01
-5.652306079864501953e-01
6.905679404735565186e-02
-7.973552346229553223e-01
7.113552689552307129e-01
8.703867346048355103e-02
2.521111071109771729e-01
4.580606520175933838e-01
9.434024691581726074e-01
4.838169366121292114e-02
-5.963651537895202637e-01
9.134434461593627930e-01
2.239508628845214844e-01
1.721145957708358765e-01
7.269651293754577637e-01
8.885048031806945801e-01
-4.139833450317382812e-01
-6.097879260778427124e-02
-7.562582492828369141e-01
-4.939813315868377686e-01
-8.296212553977966309e-01
7.619697600603103638e-02
-9.196189045906066895e-01
-7.812011837959289551e-01
-7.949316501617431641e-01
9.763414263725280762e-01
2.422745972871780396e-01
-9.472017288208007812e-01
-4.766919016838073730e-01
-6.480510830879211426e-01
1.719146370887756348e-01
-3.562130928039550781e-01
4.439041912555694580e-01
4.599764943122863770e-01
-9.938169270753860474e-02
5.768328309059143066e-01
1.763005405664443970e-01
2.242265492677688599e-01
1.115886773914098740e-02
1.735486090183258057e-01
-5.185410976409912109e-01
9.520060420036315918e-01
1.906320601701736450e-01
3.576935827732086182e-01
7.310294508934020996e-01
8.242868632078170776e-02
-6.739801764488220215e-01
7.576991319656372070e-01
1.778272911906242371e-03
-9.035319089889526367e-01
-7.559401988983154297e-01
-3.329240977764129639e-01
-5.067818760871887207e-01
-9.271082878112792969e-01
9.168921113014221191e-01
-4.529349505901336670e-02
-7.880289554595947266e-01
-8.510470390319824219e-01
5.685248970985412598e-01
2.169128209352493286e-01
4.882018566131591797e-01
4.551728367805480957e-01
-8.921071290969848633e-01
4.389155805110931396e-01
-7.922247052192687988e-01
-9.264457821846008301e-01
8.877395838499069214e-02
-5.124478340148925781e-01
5.228504538536071777e-01
6.511512994766235352e-01
9.395946860313415527e-01
-8.630433082580566406e-01
-9.775727987289428711e-01
-7.531002759933471680e-01
-6.407091021537780762e-01
-2.813799083232879639e-01
2.322651296854019165e-01
-7.206861972808837891e-01
3.376663625240325928e-01
-8.123295307159423828e-01
-7.368770241737365723e-01
8.548873662948608398e-01
-5.978487133979797363e-01
-9.393488764762878418e-01
-2.678840756416320801e-01
-9.443698525428771973e-01
-6.563788056373596191e-01
-6.693659424781799316e-01
-3.756931424140930176e-01
7.833759188652038574e-01
-6.960766315460205078e-01
6.563459038734436035e-01
-9.882528781890869141e-01
-6.356856822967529297e-01
5.567958205938339233e-02
-1.516784429550170898e-01
-3.054768741130828857e-01
1.007353067398071289e-01
-9.541506320238113403e-02
-6.506594419479370117e-01
-9.695742726325988770e-01
-8.738918304443359375e-01
-3.303590118885040283e-01
-4.717522859573364258e-01
5.577985197305679321e-02
-9.834557771682739258e-01
-4.403969347476959229e-01
-7.656795978546142578e-01
-5.098878741264343262e-01
1.237344220280647278e-01
-2.071651369333267212e-01
-9.687799811363220215e-01
7.591321468353271484e-01
-9.693152904510498047e-01
8.639463782310485840e-01
-2.560773193836212158e-01
7.076649665832519531e-01
3.478640615940093994e-01
-7.298582196235656738e-01
-1.679374575614929199e-01
8.947567343711853027e-01
2.649890184402465820e-01
-6.638763546943664551e-01
-5.348452925682067871e-01
7.249408364295959473e-01
-4.490767121315002441e-01
1.248472854495048523e-01
-8.272998780012130737e-02
-1.408443897962570190e-01
6.021915078163146973e-01
-8.971090316772460938e-01
-8.890405297279357910e-01
-6.957438588142395020e-01
-9.263877272605895996e-01
-7.531598806381225586e-01
-8.980479240417480469e-01
-4.372948110103607178e-01
4.052191078662872314e-01
-9.523361325263977051e-01
-6.167909502983093262e-01
6.435039639472961426e-01
-2.980232834815979004e-01
-7.079857587814331055e-01
4.444350600242614746e-01
2.107895314693450928e-01
1.874875128269195557e-01
7.435613274574279785e-01
-9.010406732559204102e-01
-5.708287358283996582e-01
-9.357526302337646484e-01
7.577508091926574707e-01
-1.162275820970535278e-01
-1.640156805515289307e-01
-6.806829571723937988e-01
9.301167130470275879e-01
9.529585242271423340e-01
6.923957467079162598e-01
-3.117355704307556152e-01
5.615399479866027832e-01
8.964973688125610352e-01
7.471616268157958984e-01
-9.605194926261901855e-01
7.902949452400207520e-01
8.969752192497253418e-01
-1.247202530503273010e-01
-6.023899316787719727e-01
6.382211446762084961e-01
5.235921144485473633e-01
5.035249590873718262e-01
-9.535609483718872070e-01
6.465348601341247559e-01
4.931038916110992432e-01
3.666379451751708984e-01
-1.628664582967758179e-01
-4.444819688796997070e-01
9.179781675338745117e-01
9.256492257118225098e-01
-6.014964580535888672e-01
-3.682964146137237549e-01
7.500612735748291016e-01
8.387283682823181152e-01
-2.242965251207351685e-01
9.000532627105712891e-01
9.137744903564453125e-01
2.953001298010349274e-02
-9.119949936866760254e-01
-7.834814786911010742e-01
-5.502339825034141541e-02
8.591163158416748047e-01
7.720692157745361328e-01
1.156116276979446411e-01
-8.410984873771667480e-01
7.808953523635864258e-01
4.978099167346954346e-01
-4.788498580455780029e-01
-5.282159447669982910e-01
-2.838797569274902344e-01
-6.315792798995971680e-01
7.076418399810791016e-01
-9.319652915000915527e-01
-2.357105612754821777e-01
8.545525372028350830e-02
-9.520384669303894043e-01
-3.006199896335601807e-01
6.037958264350891113e-01
4.801556766033172607e-01
4.079841673374176025e-01
4.041097164154052734e-01
-6.767774224281311035e-01
6.021165251731872559e-01
3.920086026191711426e-01
8.442863225936889648e-01
9.046796560287475586e-01
3.773749573156237602e-03
-3.024030327796936035e-01
-7.859691381454467773e-01
3.971551656723022461e-01
-4.091338813304901123e-01
-7.285324931144714355e-01
-7.591794729232788086e-01
-3.667108714580535889e-01
-4.672878235578536987e-02
2.645155489444732666e-01
-4.060036838054656982e-01
5.177693367004394531e-01
-9.492800831794738770e-01
6.460806727409362793e-01
5.646249055862426758e-01
-9.816873669624328613e-01
4.435723125934600830e-01
6.899057030677795410e-01
8.952109217643737793e-01
-1.773591935634613037e-01
-8.546440601348876953e-01
1.210099309682846069e-01
-7.509549856185913086e-01
-2.891620397567749023e-01
2.666839957237243652e-01
-1.789541244506835938e-01
7.837109565734863281e-01
4.039200246334075928e-01
7.358064502477645874e-02
1.165110468864440918e-01
9.017100334167480469e-01
8.126868009567260742e-01
-6.498536467552185059e-01
4.667709469795227051e-01
-9.952753782272338867e-01
4.729956015944480896e-02
-2.104409635066986084e-01
-4.728835821151733398e-01
2.680279612541198730e-01
7.694712281227111816e-01
3.319219052791595459e-01
8.395206928253173828e-01
-1.781736761331558228e-01
5.627844333648681641e-01
1.794855743646621704e-01
1.421641707420349121e-01
2.888053059577941895e-01
2.783963382244110107e-01
-7.669244408607482910e-01
-9.268392920494079590e-01
-8.231034874916076660e-01
-4.013739824295043945e-01
-9.345183372497558594e-01
-3.934319615364074707e-01
-2.488109022378921509e-01
-9.460913538932800293e-01
8.016889542341232300e-02
-7.634914517402648926e-01
-7.255818843841552734e-01
-5.751120448112487793e-01
-8.470977544784545898e-01
-7.316613793373107910e-01
-2.211828082799911499e-01
-9.330937266349792480e-01
-6.877965927124023438e-01
-8.692841529846191406e-01
7.011544108390808105e-01
-6.403790116310119629e-01
7.302533984184265137e-01
-5.395006537437438965e-01
-8.177511692047119141e-01
8.852685689926147461e-01
-9.867640137672424316e-01
6.488583683967590332e-01
4.704065024852752686e-01
-1.368404924869537354e-01
8.929429650306701660e-01
-9.771800041198730469e-01
-5.090105533599853516e-01
-7.460496425628662109e-01
-5.786637663841247559e-01
-2.297334969043731689e-01
6.928235292434692383e-01
5.711384415626525879e-01
8.439333438873291016e-01
3.928048610687255859e-01
7.421629428863525391e-01
-9.397278428077697754e-01
7.622947096824645996e-01
6.725640296936035156e-01
-6.066951155662536621e-01
-9.940226078033447266e-01
-5.947526097297668457e-01
-1.308044791221618652e-01
-9.928259849548339844e-01
2.895254790782928467e-01
-8.121128678321838379e-01
1.757935136556625366e-01
-4.758346676826477051e-01
5.762543678283691406e-01
-2.077058404684066772e-01
6.574024558067321777e-01
4.014611244201660156e-01
9.420255422592163086e-01
1.086331084370613098e-01
1.018083393573760986e-01
8.034653067588806152e-01
-1.561364233493804932e-01
9.135962128639221191e-01
6.155010461807250977e-01
-9.952929019927978516e-01
4.506430029869079590e-01
6.268725991249084473e-01
-7.792646288871765137e-01
1.356152147054672241e-01
6.134097576141357422e-01
2.488791197538375854e-02
-1.446415781974792480e-01
1.158988922834396362e-01
1.688038110733032227e-01
-8.411653637886047363e-01
-8.399562239646911621e-01
3.691884279251098633e-01
-7.870626449584960938e-01
1.523746997117996216e-01
5.378612875938415527e-01
9.524245858192443848e-01
-2.842416763305664062e-01
-7.317847013473510742e-01
5.965340733528137207e-01
6.939811110496520996e-01
5.051865428686141968e-02
-6.023361682891845703e-01
-2.363173216581344604e-01
-3.424888849258422852e-01
8.732095956802368164e-01
3.013620153069496155e-02
-1.412110924720764160e-01
-4.865901172161102295e-01
-7.588918805122375488e-01
8.877058029174804688e-01
-6.273210644721984863e-01
8.150448799133300781e-01
-9.142073988914489746e-01
-7.293818593025207520e-01
1.148472204804420471e-01
-8.209081888198852539e-01
7.253409624099731445e-01
-5.419957637786865234e-01
2.204468250274658203e-01
-3.648967444896697998e-01
-9.560250043869018555e-01
-2.264045327901840210e-01
4.877098798751831055e-01
-6.570250391960144043e-01
8.817901611328125000e-01
2.433658540248870850e-01
-9.218159317970275879e-01
-9.485684037208557129e-01
2.732033729553222656e-01
-5.141248106956481934e-01
9.265261143445968628e-02
-9.705690741539001465e-01
-1.560240685939788818e-01
-6.490033268928527832e-01
-7.852553129196166992e-01
-4.385847449302673340e-01
1.485245078802108765e-01
-5.524389147758483887e-01
8.423142433166503906e-01
-3.064853847026824951e-01
-1.363965272903442383e-01
-9.642128944396972656e-01
-5.341379046440124512e-01
-9.474619626998901367e-01
2.754081487655639648e-01
-3.215554058551788330e-01
9.794754981994628906e-01
-6.185243725776672363e-01
-8.036423325538635254e-01
-9.875407218933105469e-01
8.754191398620605469e-01
-2.563064098358154297e-01
-7.985972166061401367e-01
-6.782916188240051270e-02
4.374899566173553467e-01
7.615506052970886230e-01
-5.677331089973449707e-01
-2.082244306802749634e-01
-8.588171601295471191e-01
6.917709112167358398e-01
5.116218328475952148e-01
-3.031720779836177826e-02
-1.747127324342727661e-01
9.439945816993713379e-01
-7.825006842613220215e-01
-1.069424524903297424e-01
9.817918539047241211e-01
-8.160192966461181641e-01
-1.302554756402969360e-01
7.551295757293701172e-01
7.195255756378173828e-01
2.250911444425582886e-01
5.711101293563842773e-01
5.978546738624572754e-01
3.659074008464813232e-01
-5.547809414565563202e-03
3.698918819427490234e-01
6.045866608619689941e-01
-5.251095294952392578e-01
-5.444706678390502930e-01
-7.254415750503540039e-01
9.919112920761108398e-01
7.445133924484252930e-01
-9.867753386497497559e-01
-1.031650528311729431e-01
4.965429306030273438e-01
4.685717225074768066e-01
-8.250443935394287109e-01
8.236864805221557617e-01
1.693510115146636963e-01
8.193358182907104492e-01
-6.207073852419853210e-02
8.863497376441955566e-01
7.762934565544128418e-01
-6.674732565879821777e-01
5.405914783477783203e-01
-9.788070917129516602e-01
1.544845402240753174e-01
6.858294010162353516e-01
6.944285035133361816e-01
-5.119900107383728027e-01
5.357154645025730133e-03
2.641519606113433838e-01
3.041347265243530273e-01
-4.388090670108795166e-01
9.620964527130126953e-01
2.129248827695846558e-01
4.333803355693817139e-01
-7.153702527284622192e-02
-8.729507327079772949e-01
-4.086233079433441162e-01
-9.145361781120300293e-01
-8.721798062324523926e-01
3.592465519905090332e-01
-4.637605249881744385e-01
6.084145307540893555e-01
1.521391421556472778e-01
3.247171640396118164e-01
-4.746058583259582520e-01
9.466297924518585205e-03
-4.398469924926757812e-01
9.634889960289001465e-01
-6.563487648963928223e-01
4.851224124431610107e-01
4.060446023941040039e-01
8.481847047805786133e-01
-8.479003310203552246e-01
-7.721653580665588379e-01
9.868994951248168945e-01
8.602984547615051270e-01
-7.344377636909484863e-01
9.765201807022094727e-01
-8.323721289634704590e-01
-7.543362379074096680e-01
-1.804884523153305054e-02
-8.716139197349548340e-01
9.127215743064880371e-01
-9.724164605140686035e-01
5.471177697181701660e-01
-2.533721029758453369e-01
-6.342411041259765625e-01
-8.580455183982849121e-01
-4.438582360744476318e-01
-1.582189463078975677e-02
-5.817931294441223145e-01
5.549505352973937988e-01
3.008756339550018311e-01
-9.451363682746887207e-01
2.242992371320724487e-01
-1.998632550239562988e-01
-3.886616528034210205e-01
9.028358459472656250e-01
-7.408310174942016602e-01
-7.302333712577819824e-01
2.176856249570846558e-01
5.183252692222595215e-01
1.530391871929168701e-01
-8.834763169288635254e-01
9.047679901123046875e-01
7.506933808326721191e-01
-5.238795876502990723e-01
-6.069304943084716797e-01
8.297265172004699707e-01
-8.715140819549560547e-01
-8.798248171806335449e-01
-1.179970204830169678e-01
-4.397067725658416748e-01
-8.565068840980529785e-01
-6.462227702140808105e-01
-1.140114478766918182e-02
5.449606180191040039e-01
5.429814457893371582e-01
-7.638405561447143555e-01
-3.825803101062774658e-01
-2.845194339752197266e-01
-7.824704647064208984e-01
1.638777256011962891e-01
6.214326024055480957e-01
-3.866529762744903564e-01
1.628324948251247406e-02
-2.404729835689067841e-03
4.382323622703552246e-01
-5.747750401496887207e-01
5.992889404296875000e-02
3.600774407386779785e-01
-6.284743547439575195e-01
-9.848626255989074707e-01
9.743670225143432617e-01
-2.776988744735717773e-01
3.413045108318328857e-01
-7.236528396606445312e-01
-9.287204146385192871e-01
2.649371027946472168e-01
8.148168027400970459e-02
4.344846606254577637e-01
8.088489770889282227e-01
2.155499756336212158e-01
8.109277486801147461e-01
5.353748798370361328e-01
-3.464436233043670654e-01
3.235414028167724609e-01
-3.795525431632995605e-01
-9.225349426269531250e-01
-8.580435514450073242e-01
8.088897466659545898e-01
-9.143961071968078613e-01
8.326655626296997070e-01
-8.196409940719604492e-01
-9.720134139060974121e-01
-1.004129946231842041e-01
6.082958579063415527e-01
-6.099728941917419434e-01
-3.790835738182067871e-01
3.385170996189117432e-01
9.880453348159790039e-02
7.485154271125793457e-01
-8.473923802375793457e-01
-9.403446912765502930e-01
8.269513249397277832e-01
8.837932944297790527e-01
-7.322500348091125488e-01
-4.066095054149627686e-01
5.784599184989929199e-01
-3.643459975719451904e-01
-3.577363789081573486e-01
-8.598938584327697754e-01
-8.066151738166809082e-01
4.487981200218200684e-01
-9.162027835845947266e-01
-7.928973436355590820e-01
-8.985541462898254395e-01
6.098322868347167969e-01
-8.959918618202209473e-01
-5.656879544258117676e-01
6.534065604209899902e-01
-3.126078546047210693e-01
-8.203335106372833252e-02
-8.249760866165161133e-01
3.379836678504943848e-01
-2.024684548377990723e-01
-6.586143970489501953e-01
-4.932119548320770264e-01
7.506424784660339355e-01
-1.800714284181594849e-01
-5.268284678459167480e-01
-1.170615106821060181e-01
8.977920413017272949e-01
-8.165844678878784180e-01
9.800426363945007324e-01
-4.886693060398101807e-01
6.260305047035217285e-01
-8.989640474319458008e-01
-5.864385366439819336e-01
1.619400084018707275e-02
-6.552239060401916504e-01
5.531283617019653320e-01
-9.306432604789733887e-01
-3.661447465419769287e-01
-8.178660869598388672e-01
1.408865749835968018e-01
-9.899148344993591309e-01
8.444368243217468262e-01
-4.174454808235168457e-01
9.505321979522705078e-01
6.833929419517517090e-01
9.282377958297729492e-01
4.909901916980743408e-01
2.325843553990125656e-03
-6.591490507125854492e-01
9.536439776420593262e-01
7.612565159797668457e-01
-9.636569619178771973e-01
-6.442403793334960938e-01
2.861651182174682617e-01
6.789087057113647461e-01
-7.909453511238098145e-01
2.848193347454071045e-01
4.809430241584777832e-01
3.735738694667816162e-01
-6.011505126953125000e-01
-7.399282455444335938e-01
3.655740320682525635e-01
6.047786474227905273e-01
3.690800666809082031e-01
7.703750133514404297e-01
-8.206406235694885254e-01
8.382480740547180176e-01
6.689689755439758301e-01
-9.753711819648742676e-01
-7.792140245437622070e-01
8.226385116577148438e-01
7.050819993019104004e-01
5.403969287872314453e-01
1.644172817468643188e-01
-1.497880816459655762e-01
-5.744239687919616699e-01
-8.246263861656188965e-01
-6.938512921333312988e-01
3.836535513401031494e-01
-4.323477447032928467e-01
-9.171038866043090820e-02
7.457424998283386230e-01
7.672718763351440430e-01
5.105770230293273926e-01
6.285694241523742676e-01
-2.568121552467346191e-01
8.825581669807434082e-01
5.747745633125305176e-01
8.860862813889980316e-03
-2.910050153732299805e-01
-8.684497475624084473e-01
8.255860209465026855e-01
-3.077613413333892822e-01
6.728376746177673340e-01
2.879476845264434814e-01
9.102353453636169434e-01
3.642319142818450928e-01
2.905317582190036774e-02
5.151194930076599121e-01
-5.757116675376892090e-01
-1.594797670841217041e-01
1.835798472166061401e-01
-3.045402467250823975e-01
-6.046469211578369141e-01
-1.820469349622726440e-01
-3.070944845676422119e-01
-9.736174345016479492e-01
7.632341384887695312e-01
3.817777335643768311e-01
5.896382927894592285e-01
-6.407263875007629395e-01
-6.383891701698303223e-01
-6.867168843746185303e-02
8.750271797180175781e-01
1.516725271940231323e-01
9.193437695503234863e-01
3.671052157878875732e-01
3.009547889232635498e-01
-7.699002623558044434e-01
9.344794154167175293e-01
8.892745971679687500e-01
8.701457977294921875e-01
7.812037467956542969e-01
-8.099586963653564453e-01
5.210009217262268066e-01
-2.560817301273345947e-01
-2.578420042991638184e-01
-9.505030512809753418e-01
5.423829704523086548e-02
-9.307152628898620605e-01
-8.425915241241455078e-01
-4.210326373577117920e-01
-9.695634245872497559e-01
7.958055138587951660e-01
1.842836141586303711e-01
-7.214729189872741699e-01
-9.333851337432861328e-01
-6.125003099441528320e-01
-3.434403240680694580e-01
-4.069347977638244629e-01
-9.245644211769104004e-01
8.657913804054260254e-01
-9.064988493919372559e-01
-3.265201747417449951e-01
-1.825477480888366699e-01
-7.032527327537536621e-01
-8.636204004287719727e-01
-5.835955142974853516e-01
-8.235576152801513672e-01
-9.803501367568969727e-01
5.382109284400939941e-01
-6.754825115203857422e-01
-6.813501715660095215e-01
-2.631499469280242920e-01
-4.531931579113006592e-01
-7.479705810546875000e-01
3.595260679721832275e-01
-6.228056550025939941e-01
-1.791891604661941528e-01
9.879350662231445312e-01
-6.196496486663818359e-01
4.143021702766418457e-01
-6.533197164535522461e-01
-1.553138643503189087e-01
4.473886638879776001e-02
-1.853012293577194214e-01
4.600611031055450439e-01
-9.141051024198532104e-02
-9.047982096672058105e-01
9.052950739860534668e-01
7.275019288063049316e-01
-6.026997566223144531e-01
-8.734668493270874023e-01
3.122342228889465332e-01
-8.028230071067810059e-01
5.682578086853027344e-01
9.443794190883636475e-02
-5.411071702837944031e-02
-5.451586470007896423e-02
1.609030365943908691e-01
4.244752526283264160e-01
-3.360780179500579834e-01
1.419201791286468506e-01
6.708625555038452148e-01
-6.693190932273864746e-01
-4.204549789428710938e-01
-4.665113687515258789e-01
-2.299325540661811829e-02
3.785331547260284424e-01
8.040861487388610840e-01
-7.366139888763427734e-01
7.625859975814819336e-01
6.072462797164916992e-01
5.315166711807250977e-01
-8.366914391517639160e-01
6.664732098579406738e-01
5.491724610328674316e-01
3.240460753440856934e-01
4.499777853488922119e-01
9.857255816459655762e-01
6.800819039344787598e-01
9.607306718826293945e-01
4.047197997570037842e-01
2.060781270265579224e-01
-8.458245396614074707e-01
-2.222703024744987488e-02
-7.756450176239013672e-01
8.896250724792480469e-01
8.672658801078796387e-01
-4.991044998168945312e-01
1.580965518951416016e-01
8.177208304405212402e-01
-5.483859777450561523e-01
-4.022916257381439209e-01
7.562164664268493652e-01
2.691274583339691162e-01
9.525283575057983398e-01
3.812069818377494812e-02
-1.744934469461441040e-01
2.252939790487289429e-01
8.854907751083374023e-01
-4.014759957790374756e-01
-2.634113430976867676e-01
9.057787060737609863e-01
4.298954606056213379e-01
-9.229479432106018066e-01
-1.407104432582855225e-01
2.995092570781707764e-01
8.090993762016296387e-01
1.661923974752426147e-01
-9.004403352737426758e-01
1.740334481000900269e-01
-8.819039463996887207e-01
-9.578490257263183594e-01
4.397775530815124512e-01
-4.665837287902832031e-01
8.876484036445617676e-01
9.413923621177673340e-01
-4.232479333877563477e-01
-2.778508067131042480e-01
-3.320679366588592529e-01
9.091464281082153320e-01
-7.594855427742004395e-01
-1.467410176992416382e-01
4.185392856597900391e-01
8.544636368751525879e-01
4.637936651706695557e-01
-4.453057423233985901e-02
-6.574486494064331055e-01
-7.913632392883300781e-01
-2.765820026397705078e-01
-6.781346201896667480e-01
4.259087443351745605e-01
8.943260312080383301e-01
-2.291327565908432007e-01
-6.442481875419616699e-01
-2.550735771656036377e-01
-7.416393160820007324e-01
9.813198447227478027e-01
3.405461013317108154e-01
3.336538374423980713e-01
-1.940319091081619263e-01
9.660447239875793457e-01
1.443276926875114441e-02
1.257133334875106812e-01
-5.156458020210266113e-01
6.978811621665954590e-01
5.194019079208374023e-01
9.265738129615783691e-01
-3.769566118717193604e-01
-4.193009808659553528e-02
3.281941115856170654e-01
-5.586155056953430176e-01
-9.425911903381347656e-01
-5.253544449806213379e-01
1.887767761945724487e-01
-2.584052383899688721e-01
-9.049221277236938477e-01
3.776720166206359863e-01
-2.540445625782012939e-01
-1.635397225618362427e-01
-3.533827662467956543e-01
5.447933077812194824e-01
4.299409985542297363e-01
-7.642005085945129395e-01
5.409319996833801270e-01
-9.322323203086853027e-01
-7.583197355270385742e-01
-8.419823050498962402e-01
-5.144475102424621582e-01
5.402568578720092773e-01
-1.411314494907855988e-02
-1.557169556617736816e-01
-5.225642919540405273e-01
2.504273355007171631e-01
9.526599049568176270e-01
1.015386823564767838e-02
9.272261857986450195e-01
8.021441847085952759e-02
-3.251528739929199219e-01
6.590433716773986816e-01
7.758166790008544922e-01
6.001012325286865234e-01
-5.297576785087585449e-01
-7.233855128288269043e-01
-9.982347488403320312e-01
-9.985334277153015137e-01
7.910358905792236328e-01
-8.866615295410156250e-01
8.344733715057373047e-01
-3.555204570293426514e-01
9.655338525772094727e-01
-9.409412741661071777e-01
-5.128301382064819336e-01
7.640452980995178223e-01
8.999372124671936035e-01
-9.866323471069335938e-01
9.896895885467529297e-01
7.321056127548217773e-01
-6.100929379463195801e-01
-8.302839994430541992e-01
-1.529486775398254395e-01
-4.223825335502624512e-01
-6.331140398979187012e-01
3.178423345088958740e-01
8.707159757614135742e-01
8.585313707590103149e-02
9.194995164871215820e-01
8.899734914302825928e-02
3.417091369628906250e-01
3.754996955394744873e-01
7.327432036399841309e-01
9.517106227576732635e-03
9.220302700996398926e-01
-1.729400306940078735e-01
-5.630308985710144043e-01
4.243153929710388184e-01
-4.181300103664398193e-01
-4.536919593811035156e-01
9.209707379341125488e-01
3.426654338836669922e-01
-5.671716332435607910e-01
-4.370788633823394775e-01
7.729615569114685059e-01
-8.769310116767883301e-01
-9.613047838211059570e-01
6.068367362022399902e-01
-6.322766542434692383e-01
6.101426482200622559e-01
9.805589914321899414e-01
-9.052835702896118164e-01
4.494707286357879639e-01
-4.885910749435424805e-01
-5.290708690881729126e-02
7.579832673072814941e-01
-7.042709589004516602e-01
3.143380880355834961e-01
-7.060254365205764771e-02
-7.786393165588378906e-02
-9.590992331504821777e-02
5.206508636474609375e-01
4.596163034439086914e-01
6.725469827651977539e-01
-6.729563474655151367e-01
-8.082100152969360352e-01
3.379945084452629089e-02
7.916044592857360840e-01
9.254301339387893677e-02
-2.610517144203186035e-01
-8.342602252960205078e-01
7.626886367797851562e-01
-8.723160028457641602e-01
-5.464751720428466797e-01
-1.379974335432052612e-01
-9.765880107879638672e-01
-9.839713573455810547e-01
5.107107162475585938e-01
-7.105028629302978516e-01
-8.171069025993347168e-01
-1.166300922632217407e-01
-4.900380373001098633e-01
-2.718821540474891663e-02
1.574666649103164673e-01
-4.878363013267517090e-01
-8.677459955215454102e-01
-6.539785861968994141e-01
-6.257351487874984741e-02
7.233890295028686523e-01
6.971170902252197266e-01
-8.933619260787963867e-01
7.394136786460876465e-01
7.429055571556091309e-01
-1.319104880094528198e-01
-6.147267818450927734e-01
-6.673112511634826660e-01
8.224250674247741699e-01
6.455107331275939941e-01
-9.551229327917098999e-02
4.288503155112266541e-02
-4.965153634548187256e-01
-9.657072424888610840e-01
5.227482318878173828e-01
6.235933899879455566e-01
9.766445159912109375e-01
-6.576388478279113770e-01
-3.650781810283660889e-01
8.580015301704406738e-01
-8.677759021520614624e-02
8.882424831390380859e-01
9.245516657829284668e-01
9.782478809356689453e-01
-3.069199025630950928e-01
-7.998183369636535645e-01
-5.572319030761718750e-01
8.503733277320861816e-01
2.518855929374694824e-01
-3.008326292037963867e-01
-6.339179873466491699e-01
-3.979917466640472412e-01
-7.705132961273193359e-01
-4.064475297927856445e-01
-9.184764027595520020e-01
7.169248461723327637e-01
1.953132599592208862e-01
-5.337167978286743164e-01
7.717500925064086914e-01
2.580263018608093262e-01
6.978135704994201660e-01
8.581764698028564453e-01
4.798143804073333740e-01
6.069835424423217773e-01
-8.450691103935241699e-01
8.611581325531005859e-01
-4.030768573284149170e-01
-2.315367758274078369e-01
-1.453154236078262329e-01
3.160607218742370605e-01
6.996271610260009766e-01
-9.883521199226379395e-01
-2.542682886123657227e-01
9.145627617835998535e-01
-8.561303615570068359e-01
-8.129950761795043945e-01
2.015138864517211914e-01
-5.113885998725891113e-01
-8.362753391265869141e-01
-5.580099225044250488e-01
-3.889855444431304932e-01
8.331746608018875122e-02
4.730730652809143066e-01
5.638094544410705566e-01
-8.388969898223876953e-01
1.100668758153915405e-01
-9.537222385406494141e-01
7.347568273544311523e-01
-7.173699140548706055e-01
-8.776121735572814941e-01
-9.987135529518127441e-01
-8.425529003143310547e-01
-9.243845343589782715e-01
-6.395654678344726562e-01
-4.237990677356719971e-01
6.437267065048217773e-01
-9.212519526481628418e-01
7.676057219505310059e-01
-9.314942955970764160e-01
5.969941616058349609e-01
-8.429956436157226562e-01
5.300301909446716309e-01
7.172041535377502441e-01
-8.443609476089477539e-01
-5.983857437968254089e-02
-7.372868657112121582e-01
-9.671151041984558105e-01
8.556688427925109863e-01
-5.583623051643371582e-01
-6.872413754463195801e-01
-8.856607675552368164e-01
-1.195039153099060059e-01
-9.542536139488220215e-01
-7.647224068641662598e-01
-7.171944379806518555e-01
4.064022898674011230e-01
-9.924402832984924316e-01
-6.769353747367858887e-01
-9.272761940956115723e-01
6.047226190567016602e-01
-6.485494971275329590e-01
-9.890744090080261230e-01
3.934578895568847656e-01
-8.590425848960876465e-01
-6.301172971725463867e-01
-8.520072698593139648e-01
-4.639912545680999756e-01
-8.531954884529113770e-01
7.355285286903381348e-01
-3.255696892738342285e-01
-4.016593396663665771e-01
-6.896861791610717773e-01
-7.427846193313598633e-01
-6.860052347183227539e-01
-8.813800215721130371e-01
-6.793622374534606934e-01
-2.863902151584625244e-01
-4.159142971038818359e-01
4.825455248355865479e-01
-6.049963831901550293e-01
-8.675268888473510742e-01
7.460483908653259277e-01
5.546700358390808105e-01
-8.650726675987243652e-01
3.286142945289611816e-01
-9.764224886894226074e-01
-2.605067193508148193e-01
-6.942046433687210083e-02
-5.810086727142333984e-01
-8.963973522186279297e-01
8.057147264480590820e-01
-2.355151772499084473e-01
3.026463985443115234e-01
-6.931889057159423828e-01
7.585286349058151245e-02
-9.207515120506286621e-01
-4.946750998497009277e-01
-9.749764800071716309e-01
-8.196386694908142090e-01
1.101196929812431335e-01
-8.017523884773254395e-01
-6.804633736610412598e-01
-7.932458519935607910e-01
4.821777641773223877e-01
-7.531690597534179688e-01
4.737734496593475342e-01
-3.891952931880950928e-01
2.720031738281250000e-01
-8.851161003112792969e-01
-7.634699344635009766e-01
-9.607325196266174316e-01
-6.355911493301391602e-01
-7.213751077651977539e-01
-6.514840126037597656e-01
2.420629709959030151e-01
-9.425081014633178711e-01
7.907669544219970703e-01
-9.232448339462280273e-01
1.495114415884017944e-01
-6.597151756286621094e-01
-9.989942908287048340e-01
-4.365397691726684570e-01
8.812155127525329590e-01
1.606559306383132935e-01
-5.329852178692817688e-02
-9.889186024665832520e-01
-7.565743923187255859e-01
-2.133279144763946533e-01
2.882388532161712646e-01
-9.419143795967102051e-01
8.069721609354019165e-02
-4.418035149574279785e-01
-4.617343842983245850e-02
1.164911240339279175e-01
-7.560688853263854980e-01
-7.438665628433227539e-02
-8.515073657035827637e-01
-8.393222093582153320e-01
-9.470596909523010254e-01
-2.237768769264221191e-01
7.108008265495300293e-01
-5.267317295074462891e-01
9.980594515800476074e-01
8.216253519058227539e-01
3.905348777770996094e-01
1.035224124789237976e-01
-5.787819027900695801e-01
7.359898686408996582e-01
6.362942457199096680e-01
-2.726327478885650635e-01
6.904568672180175781e-01
-4.293660521507263184e-01
-9.841588325798511505e-03
-2.380285114049911499e-01
-5.964029431343078613e-01
-9.351384639739990234e-02
4.716018438339233398e-01
3.608509004116058350e-01
4.493777155876159668e-01
2.441620677709579468e-01
2.547354102134704590e-01
8.453084230422973633e-01
-1.851475834846496582e-01
-9.319221973419189453e-02
-6.830893158912658691e-01
-2.349765747785568237e-01
-6.062382459640502930e-01
8.758662939071655273e-01
-2.962591052055358887e-01
9.871832728385925293e-01
-5.132743716239929199e-01
-3.345717787742614746e-01
-6.147060990333557129e-01
5.892416834831237793e-01
7.038672566413879395e-01
-1.243730410933494568e-01
8.572440743446350098e-01
-8.907639384269714355e-01
1.800552904605865479e-01
9.452375173568725586e-01
-3.874962627887725830e-01
9.632362127304077148e-01
-1.046370528638362885e-02
4.773668050765991211e-01
-7.799487560987472534e-02
-9.727680087089538574e-01
8.885983228683471680e-01
4.110262989997863770e-01
-9.139385223388671875e-01
1.428158581256866455e-01
6.792605668306350708e-02
-7.902252674102783203e-01
-6.500946730375289917e-02
-9.294595569372177124e-02
9.888754487037658691e-01
-7.880573272705078125e-01
-5.555862784385681152e-01
2.936415374279022217e-01
1.412590444087982178e-01
-8.387155532836914062e-01
-3.747824132442474365e-01
4.752539694309234619e-01
3.705438375473022461e-01
2.119979858398437500e-01
4.044630378484725952e-02
-6.705409884452819824e-01
-8.747693896293640137e-01
-6.519631743431091309e-01
-7.444891929626464844e-01
9.739236235618591309e-01
4.171268641948699951e-01
-2.568984925746917725e-01
-5.637450516223907471e-02
6.451493501663208008e-01
7.442018985748291016e-01
-5.366581082344055176e-01
-5.622344613075256348e-01
-9.757567197084426880e-02
-4.869219362735748291e-01
-5.808228850364685059e-01
9.054197669029235840e-01
1.127658709883689880e-01
8.911530971527099609e-01
4.323841929435729980e-01
9.890238642692565918e-01
-6.839495301246643066e-01
8.999455571174621582e-01
8.882101178169250488e-01
6.906484365463256836e-01
-7.696352005004882812e-01
4.406705796718597412e-01
-4.003157317638397217e-01
6.681391000747680664e-01
9.772551059722900391e-01
9.595128893852233887e-01
-9.041467308998107910e-02
8.920584321022033691e-01
2.505672276020050049e-01
2.092370837926864624e-01
-4.143613576889038086e-01
9.948374032974243164e-01
-7.383335828781127930e-01
4.574606940150260925e-02
8.795624971389770508e-01
-2.868453562259674072e-01
-5.765364766120910645e-01
8.802363276481628418e-01
-2.735134065151214600e-01
-2.964301705360412598e-01
9.575278162956237793e-01
9.843476414680480957e-01
5.591448545455932617e-01
7.748419046401977539e-02
8.607090115547180176e-01
2.827230095863342285e-01
8.314314484596252441e-01
-8.539463281631469727e-01
4.992483556270599365e-01
5.762259941548109055e-03
1.721464991569519043e-01
7.643566727638244629e-01
-2.235472202301025391e-04
1.464513093233108521e-01
-9.853890538215637207e-01
-7.663891315460205078e-01
-3.881084620952606201e-01
-9.916672110557556152e-01
5.759333968162536621e-01
8.671715855598449707e-01
-6.042700409889221191e-01
-3.809984028339385986e-01
3.089359700679779053e-01
2.882315218448638916e-01
-1.381407380104064941e-01
-5.835524201393127441e-01
6.238473057746887207e-01
-6.407440900802612305e-01
1.228440627455711365e-01
-5.068563222885131836e-01
-5.198905467987060547e-01
-9.493523836135864258e-01
-2.748724222183227539e-01
1.092652380466461182e-01
9.187314510345458984e-01
-4.578644037246704102e-01
-1.028746291995048523e-01
3.525791764259338379e-01
-9.886615276336669922e-01
-9.980446696281433105e-01
-3.278353810310363770e-01
-8.270565867424011230e-01
6.807146072387695312e-01
-9.841163158416748047e-01
-9.881600141525268555e-01
-7.576543092727661133e-01
-7.854783535003662109e-01
-7.194311022758483887e-01
-7.056235522031784058e-02
-4.352684319019317627e-01
8.945582509040832520e-01
-7.536868453025817871e-01
1.239897385239601135e-01
-9.722977876663208008e-01
3.985260128974914551e-01
9.101929068565368652e-01
9.820274114608764648e-01
7.444066405296325684e-01
-7.304406166076660156e-01
-5.933234691619873047e-01
-4.928357154130935669e-02
-9.151144623756408691e-01
1.537690460681915283e-01
8.839874267578125000e-01
7.829639911651611328e-01
3.952042162418365479e-01
-7.006231546401977539e-01
-3.639602959156036377e-01
-8.165501356124877930e-01
9.522911906242370605e-02
-6.467311382293701172e-01
-6.755323410034179688e-01
6.336215138435363770e-02
-9.509157538414001465e-01
-9.882749319076538086e-01
6.717627048492431641e-01
-8.838223814964294434e-01
-4.264877364039421082e-02
8.400902897119522095e-02
-3.857606351375579834e-01
8.074228763580322266e-01
4.327941834926605225e-01
-9.091034531593322754e-01
-3.413789570331573486e-01
9.118126034736633301e-01
-7.665233612060546875e-01
-9.963218569755554199e-01
9.512560963630676270e-01
-8.141824007034301758e-01
3.129368424415588379e-01
-5.858182907104492188e-01
4.310290217399597168e-01
4.448533654212951660e-01
8.606530427932739258e-01
3.113341033458709717e-01
-9.573112130165100098e-01
7.699385881423950195e-01
-3.224885761737823486e-01
1.742715239524841309e-01
-7.891882061958312988e-01
8.830748796463012695e-01
-9.784713387489318848e-01
7.234904766082763672e-01
9.794349074363708496e-01
-3.826968073844909668e-01
-1.843519955873489380e-01
9.465389847755432129e-01
6.459738016128540039e-01
-1.662792712450027466e-01
1.954301297664642334e-01
-3.584170714020729065e-02
-4.460830688476562500e-01
-6.685319542884826660e-01
7.838548421859741211e-01
-4.172048568725585938e-01
-7.149887681007385254e-01
3.959374129772186279e-01
9.551619291305541992e-01
8.816134929656982422e-01
9.076755046844482422e-01
8.660209774971008301e-01
-3.278300166130065918e-01
-5.350333452224731445e-02
-7.797291874885559082e-01
-4.083983898162841797e-01
-9.780021905899047852e-01
4.603997245430946350e-02
6.893740892410278320e-01
9.212123155593872070e-01
6.859469413757324219e-01
5.838965177536010742e-01
2.145064324140548706e-01
7.078351378440856934e-01
8.897531032562255859e-01
-5.441377758979797363e-01
9.610541462898254395e-01
4.556696414947509766e-01
1.672669500112533569e-01
8.760040402412414551e-01
8.372826501727104187e-03
7.290855050086975098e-01
9.105034470558166504e-01
4.745147749781608582e-02
-5.484692454338073730e-01
-6.161769032478332520e-01
-9.986399412155151367e-01
-2.491825371980667114e-01
-8.995338082313537598e-01
-7.850648164749145508e-01
-4.679192900657653809e-01
-9.461908340454101562e-01
-6.063707470893859863e-01
3.885691165924072266e-01
-8.532423377037048340e-01
-6.642836928367614746e-01
-1.971858888864517212e-01
2.431496828794479370e-01
-4.333560466766357422e-01
-8.268614411354064941e-01
-8.545480370521545410e-01
-8.794487118721008301e-01
5.046763420104980469e-01
-1.993434727191925049e-01
-9.425509572029113770e-01
-7.589275240898132324e-01
-6.414131522178649902e-01
-8.112516254186630249e-02
-1.780383735895156860e-01
-4.965841174125671387e-01
7.869141697883605957e-01
6.582704186439514160e-01
-4.164730906486511230e-01
-4.468547105789184570e-01
3.368835747241973877e-01
9.608100652694702148e-01
7.743399739265441895e-01
6.994835734367370605e-01
-6.543379426002502441e-01
-4.082964956760406494e-01
-5.370074510574340820e-01
8.884541988372802734e-01
-1.813653707504272461e-01
-8.916679024696350098e-01
7.742717266082763672e-01
1.848739087581634521e-01
-8.881692886352539062e-01
5.455861687660217285e-01
9.607958793640136719e-01
-7.626614570617675781e-01
6.579200029373168945e-01
-9.883902668952941895e-01
2.937299907207489014e-01
8.110388517379760742e-01
1.318212151527404785e-01
-6.221931576728820801e-01
-9.655689597129821777e-01
1.541915386915206909e-01
9.155301451683044434e-01
8.468165397644042969e-01
8.264080286026000977e-01
-8.261826038360595703e-01
-9.695795178413391113e-01
6.602491736412048340e-01
9.567172825336456299e-02
-8.323106169700622559e-01
-9.498102068901062012e-01
-3.742633461952209473e-01
-9.371263980865478516e-01
-7.255259156227111816e-01
1.757299602031707764e-01
8.829683810472488403e-02
5.017868280410766602e-01
-2.409660965204238892e-01
-9.636874794960021973e-01
-3.609029352664947510e-01
-4.595060348510742188e-01
4.584487974643707275e-01
-7.355032563209533691e-01
1.138070225715637207e-01
5.096425414085388184e-01
1.878358870744705200e-01
-1.126533821225166321e-01
-5.565516352653503418e-01
-9.581437706947326660e-01
-7.127418518066406250e-01
3.637727200984954834e-01
-8.152304887771606445e-01
-3.796271979808807373e-01
8.398193717002868652e-01
-5.017337799072265625e-01
6.316198706626892090e-01
-6.849543750286102295e-02
7.362928986549377441e-01
-6.359766721725463867e-01
2.429735213518142700e-01
-3.654710650444030762e-01
-4.333851337432861328e-01
8.511493913829326630e-03
4.344730451703071594e-02
9.591250419616699219e-01
7.984415292739868164e-01
2.645963728427886963e-01
-7.588111758232116699e-01
-3.956465423107147217e-01
5.520202517509460449e-01
1.247279122471809387e-01
5.515604019165039062e-01
5.645191669464111328e-01
-5.084668993949890137e-01
3.714810013771057129e-01
9.624000191688537598e-01
1.177897229790687561e-01
-1.319705396890640259e-01
-6.734701991081237793e-01
6.299866437911987305e-01
5.439554527401924133e-02
-2.515173554420471191e-01
-7.259176373481750488e-01
4.838647246360778809e-01
-3.433205187320709229e-01
-7.598116993904113770e-01
8.792643547058105469e-01
8.104923963546752930e-01
7.803430557250976562e-01
8.680376410484313965e-01
-9.038470387458801270e-01
7.174611091613769531e-01
9.275317788124084473e-01
-6.637042164802551270e-01
7.270273566246032715e-01
-5.006207823753356934e-01
5.582055449485778809e-01
-4.825598001480102539e-01
-6.594477295875549316e-01
-5.928321480751037598e-01
5.445314645767211914e-01
7.947972416877746582e-01
2.969970703125000000e-01
-6.885402798652648926e-01
8.102743029594421387e-01
7.589287161827087402e-01
2.359673976898193359e-01
7.567413449287414551e-01
2.366169542074203491e-02
9.882900118827819824e-01
9.653645157814025879e-01
6.420499086380004883e-01
2.670539319515228271e-01
6.382390856742858887e-01
8.297024369239807129e-01
6.544604897499084473e-01
4.047738909721374512e-01
-9.838649630546569824e-01
4.306134581565856934e-01
7.624616026878356934e-01
-7.291521430015563965e-01
-9.731143712997436523e-01
-9.580162167549133301e-01
-1.954553574323654175e-01
3.208574056625366211e-01
1.325554102659225464e-01
4.518320858478546143e-01
-8.236668705940246582e-01
9.552141427993774414e-01
8.614531159400939941e-01
-7.004288434982299805e-01
-5.588994026184082031e-01
-2.016720622777938843e-01
2.546893656253814697e-01
3.572165966033935547e-01
-7.345073819160461426e-01
-5.059176087379455566e-01
9.544968008995056152e-01
8.176450133323669434e-01
-2.251683175563812256e-01
-1.048493087291717529e-01
4.014475047588348389e-01
5.670242905616760254e-01
1.061196625232696533e-01
3.255163133144378662e-02
9.346870779991149902e-01
4.169293940067291260e-01
-7.995157241821289062e-01
-8.547869324684143066e-01
8.132558465003967285e-01
7.191365361213684082e-01
1.442036777734756470e-01
-5.875602960586547852e-01
-1.894203722476959229e-01
-2.814942896366119385e-01
5.581768751144409180e-01
-8.183311671018600464e-03
2.398714870214462280e-01
3.111389093101024628e-02
-9.890628457069396973e-01
7.943192124366760254e-02
5.296514630317687988e-01
3.433217108249664307e-01
-5.623973011970520020e-01
-4.937111735343933105e-01
8.347145915031433105e-01
-9.470188617706298828e-01
8.089795112609863281e-01
-4.844025671482086182e-01
8.577311635017395020e-01
-3.997222185134887695e-01
6.886388063430786133e-01
-9.111288189888000488e-01
4.288251399993896484e-01
-4.268505871295928955e-01
-3.343782126903533936e-01
9.171424806118011475e-02
-1.439027935266494751e-01
5.381693840026855469e-01
7.095782160758972168e-01
8.894691467285156250e-01
-8.607299923896789551e-01
-9.891545176506042480e-01
1.546237319707870483e-01
-9.084909558296203613e-01
-5.252515077590942383e-01
2.828982844948768616e-02
-1.219766400754451752e-02
8.162383437156677246e-01
5.565643310546875000e-01
4.093542397022247314e-01
7.019279599189758301e-01
1.120570152997970581e-01
-1.143689379096031189e-01
1.324705928564071655e-01
-6.371724009513854980e-01
-6.124925017356872559e-01
-4.300697743892669678e-01
-3.770833909511566162e-01
-4.358615577220916748e-01
-8.700472712516784668e-01
3.212226629257202148e-01
3.375036120414733887e-01
-2.796248793601989746e-01
-9.324811697006225586e-01
-5.098465681076049805e-01
7.032819390296936035e-01
-8.844134211540222168e-01
7.139457464218139648e-01
2.712120413780212402e-01
-9.042671322822570801e-01
6.547968983650207520e-01
-4.571522772312164307e-01
8.199024200439453125e-01
-5.121911764144897461e-01
6.335146427154541016e-01
-8.687282204627990723e-01
6.685259342193603516e-01
-2.571723759174346924e-01
4.250445365905761719e-01
1.358764171600341797e-01
9.168369174003601074e-01
4.085014462471008301e-01
8.204564452171325684e-01
2.151329666376113892e-01
9.610932469367980957e-01
5.469167828559875488e-01
6.027414202690124512e-01
1.865487247705459595e-01
4.759517312049865723e-01
-1.178777441382408142e-01
7.822907567024230957e-01
-2.254881560802459717e-01
9.415939450263977051e-01
7.592158913612365723e-01
-3.087333738803863525e-01
-2.668062448501586914e-01
4.533122181892395020e-01
9.944341182708740234e-01
-9.309113025665283203e-01
-2.601161785423755646e-02
4.356176853179931641e-01
4.785270690917968750e-01
-8.684344291687011719e-01
6.231356859207153320e-01
8.164820075035095215e-01
7.820166349411010742e-01
-1.690211296081542969e-01
