-1.393546760082244873e-01
9.825532436370849609e-01
-8.334560990333557129e-01
9.427101016044616699e-01
9.920670390129089355e-01
2.962178587913513184e-01
8.106471300125122070e-01
7.756098508834838867e-01
4.840648770332336426e-01
1.708935797214508057e-01
-6.995160579681396484e-01
-6.088288426399230957e-01
7.968600392341613770e-01
-8.322758078575134277e-01
-8.900783210992813110e-02
7.445643544197082520e-01
-5.152223706245422363e-01
-8.002135157585144043e-01
-6.301363557577133179e-02
-3.060632944107055664e-01
-5.735606551170349121e-01
1.743768528103828430e-02
-5.230098962783813477e-01
-7.556387782096862793e-02
-3.777126222848892212e-02
2.977202534675598145e-01
-9.726819396018981934e-01
3.025088310241699219e-01
-6.719148755073547363e-01
-7.973949313163757324e-01
8.272451758384704590e-01
-9.512583017349243164e-01
-4.156876802444458008e-01
-8.226535320281982422e-01
9.620609283447265625e-01
-4.880301356315612793e-01
-8.787310719490051270e-01
7.842470407485961914e-01
-3.520887345075607300e-02
5.083665251731872559e-01
9.856356978416442871e-01
-3.136584460735321045e-01
9.554407596588134766e-01
-8.867364525794982910e-01
-8.549244403839111328e-01
8.292107582092285156e-01
5.352327823638916016e-01
-7.819573283195495605e-01
-2.647087574005126953e-01
-4.382174015045166016e-01
-4.137649759650230408e-02
8.998723030090332031e-01
9.896048307418823242e-01
6.236740946769714355e-01
-2.080796509981155396e-01
-6.234139800071716309e-01
9.568745493888854980e-01
7.111339569091796875e-01
-5.519971847534179688e-01
7.692406177520751953e-01
7.791429758071899414e-01
4.764428734779357910e-01
6.211210489273071289e-01
-6.145873665809631348e-01
8.288150280714035034e-02
9.725195765495300293e-01
5.074931383132934570e-01
-4.467445015907287598e-01
-1.094490960240364075e-01
-9.602723717689514160e-01
8.917428255081176758e-01
1.858977377414703369e-01
5.906839370727539062e-01
9.284809827804565430e-01
-7.904989761300384998e-04
-5.007944703102111816e-01
-5.952784419059753418e-01
-2.575095593929290771e-01
-1.937664449214935303e-01
8.778089284896850586e-01
1.000308394432067871e-01
9.015245437622070312e-01
8.555011749267578125e-01
3.683183789253234863e-01
-8.312382698059082031e-01
5.703007802367210388e-02
-2.386808991432189941e-01
-8.424856066703796387e-01
3.746792674064636230e-01
9.573647975921630859e-01
-5.022463202476501465e-02
-3.271721303462982178e-02
6.528671383857727051e-01
-7.790953516960144043e-01
-4.226614832878112793e-01
1.243256404995918274e-02
-2.302914857864379883e-01
-8.825083971023559570e-01
9.875246882438659668e-01
5.808278322219848633e-01
-9.958547353744506836e-01
1.384658068418502808e-01
-3.441889211535453796e-02
-3.783491551876068115e-01
9.648078680038452148e-01
-5.644214153289794922e-01
7.706245183944702148e-01
-8.400502800941467285e-01
-9.134748578071594238e-01
-5.122473835945129395e-01
8.710010647773742676e-01
4.683547317981719971e-01
-4.455550014972686768e-02
-7.290760874748229980e-01
6.016089916229248047e-01
6.598832607269287109e-01
3.287934064865112305e-01
-8.390815854072570801e-01
-9.035449028015136719e-01
2.807791233062744141e-01
-8.541024327278137207e-01
8.934504985809326172e-01
-8.092918395996093750e-01
2.228812575340270996e-01
-9.381814002990722656e-01
1.577775329351425171e-01
4.450650215148925781e-01
-5.431632399559020996e-01
5.558980107307434082e-01
5.402252078056335449e-01
4.414584934711456299e-01
1.011607348918914795e-01
-5.284377336502075195e-01
-7.239140272140502930e-01
-6.947224140167236328e-01
4.265922009944915771e-01
-9.767185449600219727e-01
-9.645417928695678711e-01
8.021531701087951660e-01
-2.885004878044128418e-01
3.781596124172210693e-01
-9.702025055885314941e-01
5.384190678596496582e-01
4.084291160106658936e-01
-4.003280997276306152e-01
-8.550680279731750488e-01
-4.370285570621490479e-01
-9.899613261222839355e-01
-8.844864964485168457e-01
7.896127104759216309e-01
1.633341312408447266e-01
-2.012786269187927246e-01
7.246375679969787598e-01
8.887886404991149902e-01
-8.005188107490539551e-01
3.032333254814147949e-01
-1.481285840272903442e-01
-8.210923671722412109e-01
-3.756519556045532227e-01
7.071086168289184570e-01
2.329762578010559082e-01
5.641681700944900513e-02
-1.489545702934265137e-01
6.789696216583251953e-01
-8.409069776535034180e-01
-1.300604194402694702e-01
-5.531328320503234863e-01
7.210222482681274414e-01
-9.035730957984924316e-01
6.361368298530578613e-01
9.310316443443298340e-01
4.508941471576690674e-01
9.807717800140380859e-01
5.121305584907531738e-03
-4.321586787700653076e-01
3.449776768684387207e-01
-1.450890749692916870e-01
3.155845999717712402e-01
6.721537709236145020e-01
6.085018515586853027e-01
2.766873240470886230e-01
-3.285258710384368896e-01
7.224145531654357910e-01
2.978174015879631042e-02
-6.535423994064331055e-01
5.188299417495727539e-01
2.604765295982360840e-01
9.427465200424194336e-01
7.024954557418823242e-01
-9.694539308547973633e-01
7.252853363752365112e-02
9.124963879585266113e-01
5.380381941795349121e-01
8.597602248191833496e-01
2.496325373649597168e-01
-7.209499478340148926e-01
8.256973624229431152e-01
-8.220111131668090820e-01
7.609447240829467773e-01
6.682808697223663330e-02
1.333582252264022827e-01
1.484060585498809814e-01
-1.140388548374176025e-01
-5.844044685363769531e-02
8.985359668731689453e-01
4.483858048915863037e-01
-2.882903814315795898e-01
2.225992232561111450e-01
-9.227224439382553101e-02
-4.214269816875457764e-01
4.346791803836822510e-01
8.063073754310607910e-01
-4.486549198627471924e-01
6.153272390365600586e-01
-6.215887069702148438e-01
7.266454696655273438e-01
2.782937586307525635e-01
-9.586703181266784668e-01
-3.313856720924377441e-01
6.642900109291076660e-01
-9.481532573699951172e-01
9.661833643913269043e-01
6.821690201759338379e-01
9.476213455200195312e-01
5.620378851890563965e-01
-6.489214301109313965e-01
8.360193371772766113e-01
6.998443603515625000e-01
-4.405418336391448975e-01
3.443983495235443115e-01
-5.713577270507812500e-01
2.751924991607666016e-01
3.536473810672760010e-01
-8.796449303627014160e-01
9.479387998580932617e-01
-2.642982602119445801e-01
5.173684358596801758e-01
7.039451599121093750e-01
9.777634143829345703e-01
8.139951229095458984e-01
9.247370958328247070e-01
2.851204276084899902e-01
-1.192157045006752014e-01
-7.406122684478759766e-01
-9.803116321563720703e-01
-7.871537208557128906e-01
1.787706166505813599e-01
-9.203888773918151855e-01
-6.378195285797119141e-01
7.376093864440917969e-01
-4.621333628892898560e-02
8.275644183158874512e-01
-9.439119100570678711e-01
5.594359338283538818e-02
9.385039806365966797e-01
2.022166550159454346e-02
-8.660140037536621094e-01
-5.492840409278869629e-01
-8.512963056564331055e-01
-4.318311810493469238e-01
-6.979628205299377441e-01
7.687311172485351562e-01
-5.858737602829933167e-02
-3.428830951452255249e-02
-4.223055839538574219e-01
-8.159290552139282227e-01
-4.721236526966094971e-01
-1.374025642871856689e-01
-8.092984557151794434e-01
1.322167366743087769e-01
2.451401017606258392e-02
-2.073476016521453857e-01
9.556730389595031738e-01
9.922804832458496094e-01
9.544367790222167969e-01
-3.882562220096588135e-01
6.072247624397277832e-01
9.024700522422790527e-01
9.429805278778076172e-01
8.517489433288574219e-01
8.410357236862182617e-01
7.876576781272888184e-01
1.570412367582321167e-01
8.881912827491760254e-01
3.674100935459136963e-01
-3.807301521301269531e-01
1.857775598764419556e-01
3.734624981880187988e-01
6.076122522354125977e-01
9.159640669822692871e-01
-1.517456471920013428e-01
3.257834911346435547e-02
-9.245873093605041504e-01
9.381232261657714844e-01
2.852145135402679443e-01
2.154224365949630737e-01
8.711164593696594238e-01
4.419626891613006592e-01
-7.859462499618530273e-01
8.063192963600158691e-01
2.390328422188758850e-02
-2.431424707174301147e-01
9.890707731246948242e-01
1.751514268107712269e-03
8.812991529703140259e-02
-5.780656337738037109e-01
9.887543320655822754e-02
-5.884213745594024658e-02
7.746612429618835449e-01
4.111695587635040283e-01
-8.417896628379821777e-01
6.257500648498535156e-01
-1.495198011398315430e-01
8.149979114532470703e-01
8.959637284278869629e-01
-6.362141370773315430e-01
1.166732702404260635e-02
7.252196669578552246e-01
5.203655362129211426e-01
9.789149761199951172e-01
-4.515487253665924072e-01
5.526556968688964844e-01
-7.943380475044250488e-01
-1.262697624042630196e-03
-9.340065121650695801e-01
-5.474891066551208496e-01
-5.689583420753479004e-01
8.995764255523681641e-01
4.957430958747863770e-01
9.846877455711364746e-01
4.793860912322998047e-01
4.241190254688262939e-01
2.136417329311370850e-01
-5.276519060134887695e-01
-7.653782367706298828e-01
6.093646287918090820e-01
-1.398544758558273315e-01
-6.181249618530273438e-01
5.598002672195434570e-01
-5.861855745315551758e-01
9.588354825973510742e-01
-9.507827162742614746e-01
7.276042699813842773e-01
-6.049575805664062500e-01
-1.067751497030258179e-01
7.287102341651916504e-01
-1.644981801509857178e-01
9.178628325462341309e-01
-8.076623082160949707e-02
-1.987065076828002930e-01
-8.124397397041320801e-01
9.317708015441894531e-01
-6.608026623725891113e-01
6.187819838523864746e-01
-9.482826590538024902e-01
-1.483214795589447021e-01
5.626903176307678223e-01
-8.652046918869018555e-01
-8.800832033157348633e-01
8.628090023994445801e-01
3.704460263252258301e-01
-5.937142372131347656e-01
-1.664856225252151489e-01
5.057692527770996094e-01
8.662174940109252930e-01
-4.218784868717193604e-01
-3.174016177654266357e-01
-1.089757774025201797e-02
-2.841801643371582031e-01
6.903116703033447266e-01
-6.249572634696960449e-01
-7.974479198455810547e-01
-2.204564064741134644e-01
-9.696545004844665527e-01
7.911888957023620605e-01
7.129881978034973145e-01
2.442690283060073853e-01
-1.264380067586898804e-01
7.346342206001281738e-01
6.564853191375732422e-01
6.644353270530700684e-01
-3.057416379451751709e-01
4.495573788881301880e-02
-4.213514924049377441e-01
5.195634365081787109e-01
-7.429873347282409668e-01
3.939470350742340088e-01
3.250325322151184082e-01
4.178320467472076416e-01
5.498743057250976562e-01
3.658361136913299561e-01
8.034023046493530273e-01
3.242955207824707031e-01
7.313442230224609375e-01
7.197483777999877930e-01
8.033413887023925781e-01
-2.800384163856506348e-01
1.974847018718719482e-01
-7.477555274963378906e-01
8.795853257179260254e-01
4.259316623210906982e-02
-4.136383906006813049e-02
-1.419347822666168213e-01
9.263209700584411621e-01
-9.416372776031494141e-01
-9.497250914573669434e-01
5.005186200141906738e-01
-6.901713609695434570e-01
-7.860864400863647461e-01
6.340969204902648926e-01
-6.823866963386535645e-01
4.948042929172515869e-01
5.795350074768066406e-01
-4.138490557670593262e-01
-6.753901243209838867e-01
4.195882678031921387e-01
-5.423177480697631836e-01
8.448042273521423340e-01
-5.451907515525817871e-01
-5.452309250831604004e-01
-9.265801906585693359e-01
-8.178977966308593750e-01
7.220528274774551392e-02
1.024302244186401367e-01
9.730974435806274414e-01
1.038013845682144165e-01
-7.332431077957153320e-01
-9.780328273773193359e-01
-9.408394098281860352e-01
9.454715251922607422e-01
-4.396482110023498535e-01
-3.751356303691864014e-01
-8.342465162277221680e-01
5.566840767860412598e-01
-7.168447375297546387e-01
1.533865630626678467e-01
7.573059201240539551e-01
2.272738963365554810e-01
7.789170145988464355e-01
9.721152186393737793e-01
-9.539805054664611816e-01
-6.307230591773986816e-01
-2.001332640647888184e-01
-2.251266688108444214e-01
2.565006911754608154e-01
-9.462212771177291870e-02
9.066656231880187988e-01
9.079912304878234863e-01
7.778716683387756348e-01
-3.368562459945678711e-01
9.960833787918090820e-01
-3.496320545673370361e-01
-4.925241768360137939e-01
8.486627787351608276e-02
-3.745337426662445068e-01
5.793130397796630859e-01
-5.517492294311523438e-01
9.123613834381103516e-01
1.816907525062561035e-01
5.748051404953002930e-01
4.223905503749847412e-01
1.796269975602626801e-02
5.072864294052124023e-01
4.972037971019744873e-01
7.574558258056640625e-01
-8.243487477302551270e-01
4.716044366359710693e-01
4.430717229843139648e-01
2.607692182064056396e-01
-4.586726129055023193e-01
-7.346417903900146484e-01
9.882861971855163574e-01
-7.008061408996582031e-01
5.125806853175163269e-02
-8.928397297859191895e-01
7.847791314125061035e-01
-3.198512792587280273e-01
-8.619041442871093750e-01
-6.469663381576538086e-01
-2.690956592559814453e-01
-2.761324867606163025e-02
-6.901834607124328613e-01
8.576660752296447754e-01
-7.046502828598022461e-01
7.999698519706726074e-01
-7.197360396385192871e-01
-2.507266998291015625e-01
1.256276816129684448e-01
9.514527767896652222e-02
1.694458723068237305e-01
-9.247364997863769531e-01
5.219842493534088135e-02
-8.938364982604980469e-01
3.623281717300415039e-01
-9.698365330696105957e-01
3.405543267726898193e-01
-9.141255021095275879e-01
-6.733468268066644669e-03
-9.513837695121765137e-01
-9.310228824615478516e-01
8.144261837005615234e-01
-6.957765221595764160e-01
7.469690591096878052e-02
-4.660785496234893799e-01
-8.326634764671325684e-01
4.842996001243591309e-01
-9.290995597839355469e-01
-5.978952646255493164e-01
-3.296241462230682373e-01
6.880237488076090813e-04
-9.788676500320434570e-01
-9.902178645133972168e-01
-5.902002453804016113e-01
9.175458550453186035e-01
-9.756247401237487793e-01
4.176984727382659912e-01
6.247423291206359863e-01
-7.884493470191955566e-01
-2.730514705181121826e-01
-6.867469549179077148e-01
7.551236748695373535e-01
-8.698876500129699707e-01
-6.075709462165832520e-01
-5.936300754547119141e-01
-6.079332232475280762e-01
-1.382509768009185791e-01
-4.650879502296447754e-01
-1.528627574443817139e-01
9.270673990249633789e-01
5.305080413818359375e-01
9.696580767631530762e-01
8.487452864646911621e-01
8.099852800369262695e-01
-1.981769651174545288e-01
-1.878454238176345825e-01
-7.099884748458862305e-01
9.725377559661865234e-01
-6.230303645133972168e-01
5.369535088539123535e-01
4.697644710540771484e-01
8.289770483970642090e-01
7.884690165519714355e-01
-6.759262681007385254e-01
8.830931186676025391e-01
7.092178463935852051e-01
8.572117686271667480e-01
-8.965752720832824707e-01
-3.762119114398956299e-01
-4.902155697345733643e-01
5.667036771774291992e-01
8.978492021560668945e-01
4.991558790206909180e-01
-2.783384621143341064e-01
9.900003671646118164e-01
3.342982530593872070e-01
8.084443807601928711e-01
-7.678576111793518066e-01
-8.639633655548095703e-01
3.414713144302368164e-01
-3.129580020904541016e-01
-6.203101873397827148e-01
4.689327478408813477e-01
-4.015478193759918213e-01
5.508652701973915100e-02
-5.036039948463439941e-01
-1.630013138055801392e-01
1.062947213649749756e-01
-4.984513521194458008e-01
-8.025677204132080078e-01
-7.141387462615966797e-01
-4.242628812789916992e-01
-9.096080660820007324e-01
-1.177938729524612427e-01
-5.129354000091552734e-01
-7.309903502464294434e-01
5.643912553787231445e-01
7.228755354881286621e-01
6.755610704421997070e-01
-8.184901475906372070e-01
-3.661425709724426270e-01
-3.290228545665740967e-01
-8.005368113517761230e-01
-7.547734975814819336e-01
8.671981692314147949e-01
4.330046176910400391e-01
-6.213142871856689453e-01
-7.218153476715087891e-01
-9.309898018836975098e-01
-9.611610174179077148e-01
7.650499343872070312e-01
-8.594241142272949219e-01
4.417911469936370850e-01
7.197704911231994629e-01
3.547796607017517090e-01
3.219960331916809082e-01
6.379936337471008301e-01
8.475856184959411621e-01
2.516857162117958069e-02
5.365791320800781250e-01
4.452090263366699219e-01
3.112528920173645020e-01
-1.048894748091697693e-01
-8.342133164405822754e-01
2.551462128758430481e-02
1.686874777078628540e-01
-4.224977195262908936e-01
5.895423293113708496e-01
6.307033300399780273e-01
-6.352576613426208496e-01
-9.899696707725524902e-01
8.970977663993835449e-01
2.848535180091857910e-01
-4.413024783134460449e-01
6.706424355506896973e-01
-3.531792163848876953e-01
-6.288131475448608398e-01
3.417698666453361511e-02
4.821702241897583008e-01
-8.753166198730468750e-01
9.328006505966186523e-01
1.265442669391632080e-01
-8.567684292793273926e-01
9.374996423721313477e-01
7.720291614532470703e-01
2.373100966215133667e-01
-5.013613104820251465e-01
3.042899072170257568e-01
2.646548114717006683e-02
-5.683104395866394043e-01
-5.150460600852966309e-01
8.108808398246765137e-01
8.916371464729309082e-01
-7.185680270195007324e-01
-1.950526684522628784e-01
5.253434777259826660e-01
-9.663838148117065430e-01
-6.346068382263183594e-01
-8.645098805427551270e-01
3.588557988405227661e-02
1.205471754074096680e-01
9.882811307907104492e-01
-1.158372908830642700e-01
8.907501697540283203e-01
-9.891739487648010254e-01
-4.625666141510009766e-01
7.136259078979492188e-01
-2.215947955846786499e-03
6.703598499298095703e-01
5.426179766654968262e-01
4.567979276180267334e-01
-9.183305501937866211e-01
8.965132236480712891e-01
3.463203087449073792e-02
-9.419596791267395020e-01
-1.985676735639572144e-01
-8.499954938888549805e-01
7.983347773551940918e-01
5.792193412780761719e-01
6.742245554924011230e-01
-8.485060334205627441e-01
7.896212935447692871e-01
9.572598338127136230e-02
-1.960319131612777710e-01
8.253895044326782227e-01
-2.330913543701171875e-01
2.685547806322574615e-03
2.265166193246841431e-01
-4.318073391914367676e-01
7.510809600353240967e-02
-9.002377986907958984e-01
-4.669515192508697510e-01
-9.303065538406372070e-01
-6.563980877399444580e-02
9.084956645965576172e-01
9.485659003257751465e-01
-4.684891998767852783e-01
-1.623501330614089966e-01
8.072178959846496582e-01
9.746724367141723633e-01
-4.241881892085075378e-02
-3.169280290603637695e-01
-5.440139397978782654e-02
1.687435060739517212e-01
3.852288424968719482e-01
2.452907413244247437e-01
-8.672665357589721680e-01
5.468688607215881348e-01
1.305066198110580444e-01
9.787166118621826172e-01
7.461831569671630859e-01
5.935510396957397461e-01
8.604021072387695312e-01
6.177254915237426758e-01
9.351218938827514648e-01
8.292257785797119141e-02
2.458439320325851440e-01
5.508130788803100586e-01
-4.373726546764373779e-01
3.035964667797088623e-01
8.084615468978881836e-01
4.544209837913513184e-01
-3.990838229656219482e-01
8.914434313774108887e-01
-9.561549425125122070e-01
8.160231113433837891e-01
8.976936340332031250e-02
7.736033201217651367e-01
6.845498681068420410e-01
-9.090753793716430664e-01
8.007643818855285645e-01
4.092085659503936768e-01
-2.726101279258728027e-01
-9.874850511550903320e-02
2.062415480613708496e-01
5.449562668800354004e-01
-3.065250255167484283e-02
-8.216475844383239746e-01
-6.035417914390563965e-01
8.359377980232238770e-01
-9.830358028411865234e-01
9.396219253540039062e-01
4.639587104320526123e-01
-5.206367969512939453e-01
-3.743902444839477539e-01
7.681229710578918457e-01
8.017172813415527344e-01
1.018038541078567505e-01
-6.898354887962341309e-01
9.722323417663574219e-01
9.120965749025344849e-02
6.216987371444702148e-01
9.604240655899047852e-01
-1.405089050531387329e-01
-4.483400881290435791e-01
7.112967967987060547e-01
-8.511390089988708496e-01
-1.997952610254287720e-01
9.268230795860290527e-01
-1.668934375047683716e-01
2.116688638925552368e-01
4.344073832035064697e-01
-2.062103450298309326e-01
-2.792911529541015625e-01
-1.067608245648443699e-03
1.337354034185409546e-01
-4.119353592395782471e-01
-9.331974387168884277e-01
1.164684146642684937e-01
-1.480044573545455933e-01
8.146756291389465332e-01
7.603183388710021973e-01
6.069705486297607422e-01
7.272173166275024414e-01
-3.899195790290832520e-01
-2.334144860506057739e-01
3.334202766418457031e-01
8.719461560249328613e-01
-9.611416459083557129e-01
2.903555929660797119e-01
1.406363546848297119e-01
1.191945001482963562e-01
-5.980028510093688965e-01
-2.870315015316009521e-01
-8.929049968719482422e-01
-3.149592876434326172e-01
-2.489464730024337769e-01
-3.178856372833251953e-01
-6.479005217552185059e-01
-7.519417405128479004e-01
-4.426330029964447021e-01
8.086310029029846191e-01
-7.682568430900573730e-01
3.950704634189605713e-01
4.208920598030090332e-01
2.984825074672698975e-01
-7.025024294853210449e-01
-8.728561401367187500e-01
5.728663206100463867e-01
1.347356736660003662e-01
-7.014551758766174316e-01
-3.541113138198852539e-01
4.667371511459350586e-01
6.873050928115844727e-01
-9.251203536987304688e-01
-4.523209929466247559e-01
-9.460684061050415039e-01
-2.060841768980026245e-01
-5.505583062767982483e-02
6.505218148231506348e-01
-2.783392928540706635e-02
9.164859056472778320e-01
5.138124823570251465e-01
8.548764586448669434e-01
5.847718715667724609e-01
-5.777706503868103027e-01
2.111373692750930786e-01
6.895783543586730957e-01
-3.220065832138061523e-01
-3.901621401309967041e-01
-8.539304733276367188e-01
1.098052226006984711e-02
-3.299656137824058533e-02
4.452898502349853516e-01
-2.794739902019500732e-01
6.460459232330322266e-01
-7.393638789653778076e-02
-2.822796702384948730e-01
3.536885082721710205e-01
-4.107387661933898926e-01
1.980836875736713409e-02
7.644880414009094238e-01
7.033792138099670410e-01
-5.580480098724365234e-01
-3.689447045326232910e-01
3.483463525772094727e-01
8.650619387626647949e-01
-8.267519474029541016e-01
3.204941451549530029e-01
9.830446243286132812e-01
-5.750887393951416016e-01
-9.619581699371337891e-01
6.446462869644165039e-01
-8.959727883338928223e-01
4.776838421821594238e-02
6.064461469650268555e-01
4.201321303844451904e-01
-2.042606286704540253e-02
9.403644800186157227e-01
-1.435966491699218750e-01
-8.150630593299865723e-01
-1.527994871139526367e-01
-1.899878084659576416e-01
9.785128235816955566e-01
8.083668947219848633e-01
1.633309423923492432e-01
-3.907489776611328125e-01
-7.565456628799438477e-01
-3.718491792678833008e-01
9.319761395454406738e-01
-5.738878846168518066e-01
-5.124616026878356934e-01
-2.923809289932250977e-01
-5.032314062118530273e-01
7.969651371240615845e-02
-1.942706406116485596e-01
8.279425501823425293e-01
-6.742185354232788086e-01
-8.536759018898010254e-01
-7.296082377433776855e-01
9.976714253425598145e-01
-6.213484406471252441e-01
7.384033203125000000e-01
7.198523730039596558e-02
-2.733331024646759033e-01
-3.297440707683563232e-01
-6.659724116325378418e-01
-3.221796751022338867e-01
-2.245886474847793579e-01
-5.437289476394653320e-01
-8.270291686058044434e-01
-8.033779859542846680e-01
8.603069186210632324e-01
-2.470353990793228149e-01
-8.470157980918884277e-01
-3.092245757579803467e-01
8.785385489463806152e-01
-9.206001162528991699e-01
-8.388345837593078613e-01
-6.539696455001831055e-01
-4.973079860210418701e-01
-4.226664304733276367e-01
-4.199380055069923401e-02
7.302356958389282227e-01
-4.923997223377227783e-01
-9.514049291610717773e-01
-9.100289344787597656e-01
-8.581680655479431152e-01
-1.370650380849838257e-01
-9.504187107086181641e-01
-1.431413739919662476e-01
6.153144240379333496e-01
1.888307183980941772e-01
-3.501695394515991211e-01
-9.263994693756103516e-01
-3.073858022689819336e-01
8.092924952507019043e-01
8.474351167678833008e-01
8.302835226058959961e-01
1.042902120389044285e-03
5.687907338142395020e-01
-2.964166700839996338e-01
-7.858440279960632324e-01
8.125703334808349609e-01
2.400972545146942139e-01
-9.076552987098693848e-01
-8.628960847854614258e-01
7.772584557533264160e-01
-5.434094071388244629e-01
3.478888571262359619e-01
-5.972932577133178711e-01
2.730543613433837891e-01
8.628870248794555664e-01
4.543747603893280029e-01
-9.192053079605102539e-01
-6.241752505302429199e-01
-4.181638956069946289e-01
1.664193570613861084e-01
-7.804251313209533691e-01
2.698800265789031982e-01
6.755405664443969727e-01
5.516985654830932617e-01
9.465886950492858887e-01
3.249574005603790283e-01
3.832135498523712158e-01
2.056186944246292114e-01
-5.265685319900512695e-01
-7.089499235153198242e-01
-3.642175197601318359e-01
5.030053481459617615e-02
-2.666027657687664032e-02
-1.527183204889297485e-01
8.896142244338989258e-01
4.092853367328643799e-01
3.977626562118530273e-01
7.651348710060119629e-01
8.023725748062133789e-01
7.612235546112060547e-01
3.091318905353546143e-01
7.327301502227783203e-01
4.659753665328025818e-02
8.569533824920654297e-01
4.810740351676940918e-01
-1.663172245025634766e-01
-3.564071655273437500e-01
2.469188161194324493e-02
-6.468059420585632324e-01
-6.978935096412897110e-03
-9.731971621513366699e-01
-1.195342913269996643e-01
7.540966272354125977e-01
7.783980369567871094e-01
8.036485910415649414e-01
-4.114260375499725342e-01
-6.506440043449401855e-01
7.596927285194396973e-01
-8.567379713058471680e-01
8.923617601394653320e-01
-2.447922378778457642e-01
8.627018332481384277e-01
3.478833734989166260e-01
7.878657579421997070e-01
-2.842847630381584167e-02
-7.019156217575073242e-01
5.582630634307861328e-01
-5.619463324546813965e-01
8.598478436470031738e-01
7.952026128768920898e-01
-4.005083739757537842e-01
3.500656485557556152e-01
4.159596562385559082e-01
9.525575637817382812e-01
-4.620122909545898438e-01
1.443819254636764526e-01
-2.634344100952148438e-01
2.342607639729976654e-02
5.445675849914550781e-01
-7.182540297508239746e-01
-5.601629018783569336e-01
7.607791572809219360e-02
-6.527463793754577637e-01
8.572021722793579102e-01
-7.951044440269470215e-01
-8.387362957000732422e-01
-9.480042457580566406e-01
6.008000969886779785e-01
9.714429378509521484e-01
9.944736212491989136e-02
-9.765782952308654785e-01
6.828049421310424805e-01
3.117812275886535645e-01
-3.433705493807792664e-02
9.344868659973144531e-01
9.908097982406616211e-01
4.331097751855850220e-02
8.775007724761962891e-01
-3.857990503311157227e-01
-9.228319525718688965e-01
-5.039340853691101074e-01
6.426728963851928711e-01
8.996051549911499023e-01
6.551727056503295898e-01
-1.071066185832023621e-01
-3.440549075603485107e-01
4.444888532161712646e-01
-2.649156749248504639e-01
-4.450973272323608398e-01
-1.228710338473320007e-01
-5.949041843414306641e-01
5.373874306678771973e-02
-9.321911334991455078e-01
2.400217503309249878e-01
-9.442520737648010254e-01
-9.633142352104187012e-01
-7.094716429710388184e-01
8.487132787704467773e-01
2.581481933593750000e-01
-9.539514183998107910e-01
9.707664251327514648e-01
-2.223137170076370239e-01
-8.262488245964050293e-01
3.523524105548858643e-01
-6.942446827888488770e-01
6.310116052627563477e-01
9.432694911956787109e-01
6.239559650421142578e-01
-2.367596924304962158e-01
-4.394227862358093262e-01
-6.307751685380935669e-02
-9.184973835945129395e-01
7.861993312835693359e-01
7.471203804016113281e-01
9.410359263420104980e-01
-6.734752655029296875e-01
2.509568035602569580e-01
8.973788022994995117e-01
1.792738586664199829e-01
-1.532926708459854126e-01
-3.048933148384094238e-01
3.384609520435333252e-02
4.711956977844238281e-01
-7.753934860229492188e-01
-6.150699257850646973e-01
-6.413545012474060059e-01
8.253033757209777832e-01
-8.116568922996520996e-01
-1.913025230169296265e-01
8.160834312438964844e-01
2.577287554740905762e-01
9.499469399452209473e-01
-6.915768384933471680e-01
-3.194228112697601318e-01
3.401451110839843750e-01
-6.143101304769515991e-02
6.193570494651794434e-01
9.179797172546386719e-01
-8.833585977554321289e-01
-4.645524322986602783e-01
1.706124097108840942e-01
9.567528963088989258e-01
-7.885550856590270996e-01
8.237568140029907227e-01
-8.633666038513183594e-01
-8.850539922714233398e-01
5.957260131835937500e-01
4.846378266811370850e-01
7.965871691703796387e-01
8.722805380821228027e-01
-1.976991295814514160e-01
-7.228340208530426025e-02
2.801768714562058449e-03
8.172469139099121094e-01
6.588082313537597656e-01
8.108329176902770996e-01
3.835156261920928955e-01
3.054673075675964355e-01
5.497602224349975586e-01
-7.182873040437698364e-02
8.201581835746765137e-01
-9.277910590171813965e-01
1.892563551664352417e-01
9.062779545783996582e-01
8.976730704307556152e-01
4.893988966941833496e-01
-3.811031877994537354e-01
9.542801976203918457e-01
2.587979435920715332e-01
6.250752806663513184e-01
-8.852294683456420898e-01
4.146009385585784912e-01
1.994498670101165771e-01
2.207994647324085236e-02
1.099918857216835022e-01
5.458408594131469727e-01
-3.110186755657196045e-01
3.603155016899108887e-01
4.742284715175628662e-01
-3.508971035480499268e-01
-2.834889888763427734e-01
-9.796542525291442871e-01
-9.583640843629837036e-02
-9.053519368171691895e-02
8.612907528877258301e-01
1.183890551328659058e-02
6.666826605796813965e-01
-9.362209439277648926e-01
9.193420410156250000e-01
-6.402802467346191406e-01
-1.547799110412597656e-01
1.393681466579437256e-01
8.876796364784240723e-01
9.273746609687805176e-01
8.528240919113159180e-01
6.587129235267639160e-01
4.757608473300933838e-01
1.752305030822753906e-01
1.221025660634040833e-01
1.923783719539642334e-01
-5.532699227333068848e-01
9.188234210014343262e-01
-8.766597509384155273e-01
8.089973032474517822e-02
5.798122286796569824e-01
8.295899629592895508e-01
-5.961199998855590820e-01
-9.495148658752441406e-01
-2.414582222700119019e-01
8.297399282455444336e-01
-2.285670489072799683e-01
-7.871302366256713867e-01
3.354408144950866699e-01
3.807771503925323486e-01
-4.938319325447082520e-02
9.443910717964172363e-01
9.784674048423767090e-01
-9.131542444229125977e-01
-2.224868685007095337e-01
-4.675197601318359375e-01
-3.557068407535552979e-01
-4.124479591846466064e-01
-7.229632139205932617e-01
-1.626292467117309570e-01
8.625258207321166992e-01
-3.649899065494537354e-01
2.572781443595886230e-01
-8.999410867691040039e-01
-2.382270842790603638e-01
-2.677673995494842529e-01
-9.903554320335388184e-01
-5.319743156433105469e-01
7.030707597732543945e-01
1.425047218799591064e-01
-6.544749140739440918e-01
-9.897322058677673340e-01
-8.814803361892700195e-01
-8.753274083137512207e-01
-8.353946208953857422e-01
7.055230140686035156e-01
4.347391724586486816e-01
-4.389141798019409180e-01
-3.929765224456787109e-01
3.005409538745880127e-01
3.727576434612274170e-01
5.307896137237548828e-01
-7.016870379447937012e-01
-8.294404745101928711e-01
9.771150946617126465e-01
-3.848100006580352783e-01
-9.129281044006347656e-01
-5.347618460655212402e-01
-1.088341251015663147e-01
-8.579445481300354004e-01
-8.334323763847351074e-01
-7.636583447456359863e-01
7.711429893970489502e-02
-6.201210021972656250e-01
4.726873040199279785e-01
8.404037356376647949e-02
-3.917313218116760254e-01
-9.543045610189437866e-02
-5.821326375007629395e-01
7.075927853584289551e-01
6.964747905731201172e-01
-1.510779410600662231e-01
-9.571613073348999023e-01
8.599028587341308594e-01
4.540198147296905518e-01
8.487975597381591797e-01
9.474487304687500000e-01
-5.204169750213623047e-01
6.840565800666809082e-01
7.551528215408325195e-01
9.871792197227478027e-01
-9.459160566329956055e-01
8.638172745704650879e-01
7.138500809669494629e-01
2.142971381545066833e-02
3.304693400859832764e-01
-2.372400164604187012e-01
-7.037069648504257202e-02
-7.008884847164154053e-02
9.324736595153808594e-01
-2.376969605684280396e-01
6.076847314834594727e-01
-2.087342888116836548e-01
-4.701617658138275146e-01
-8.565196394920349121e-01
7.466594576835632324e-01
7.618333697319030762e-01
-9.469699859619140625e-01
-5.288907289505004883e-01
6.675907969474792480e-01
4.009248614311218262e-01
-8.349640965461730957e-01
-4.022198319435119629e-01
8.822548985481262207e-01
6.229893565177917480e-01
-9.084523916244506836e-01
-7.318539619445800781e-01
4.907374680042266846e-01
-6.416133642196655273e-01
7.575882077217102051e-01
-9.379749894142150879e-01
9.246590733528137207e-01
8.424458503723144531e-01
3.783871829509735107e-01
9.334126859903335571e-02
-4.504804313182830811e-01
2.607334852218627930e-01
-7.592939138412475586e-01
9.259624481201171875e-01
-8.770952820777893066e-01
5.548605918884277344e-01
1.917612552642822266e-01
8.293108344078063965e-01
-9.968746900558471680e-01
3.358201086521148682e-01
-9.303960204124450684e-01
2.328995168209075928e-01
1.542360782623291016e-01
6.690541654825210571e-02
3.011115193367004395e-01
5.658257007598876953e-01
-6.473805308341979980e-01
-8.810406923294067383e-01
9.503861069679260254e-01
-2.592895925045013428e-01
3.443501591682434082e-01
4.813885986804962158e-01
-8.588643074035644531e-01
-6.132363900542259216e-02
-7.315145134925842285e-01
-6.317409873008728027e-01
8.266628980636596680e-01
-3.922429978847503662e-01
-9.321764707565307617e-01
5.912819504737854004e-01
-2.937937080860137939e-01
3.443389832973480225e-01
-6.671612262725830078e-01
8.811169266700744629e-01
-7.924303412437438965e-01
-9.613380432128906250e-01
-6.220222115516662598e-01
-6.561757922172546387e-01
-2.917072735726833344e-03
-9.149957299232482910e-01
-4.617069065570831299e-01
-5.021476745605468750e-01
1.377091407775878906e-01
-9.030488729476928711e-01
-7.261129021644592285e-01
4.100214838981628418e-01
7.113231420516967773e-01
3.265947699546813965e-01
-8.101984858512878418e-01
8.887391090393066406e-01
-6.410177350044250488e-01
8.198599219322204590e-01
9.773793816566467285e-01
-8.272485136985778809e-01
-4.447035193443298340e-01
7.191498875617980957e-01
-7.259622812271118164e-01
8.023483157157897949e-01
8.858907222747802734e-01
5.966814160346984863e-01
7.811855673789978027e-01
-5.473641753196716309e-01
3.124001920223236084e-01
-3.973082900047302246e-01
2.050195932388305664e-01
7.656434774398803711e-01
9.896277785301208496e-01
-9.893546998500823975e-02
8.765856623649597168e-01
-9.018707275390625000e-01
4.349460005760192871e-01
2.914391458034515381e-01
-4.712327420711517334e-01
4.010775685310363770e-01
5.826664566993713379e-01
2.285265177488327026e-01
-7.113340497016906738e-01
-6.300143599510192871e-01
5.953568220138549805e-01
-4.512233287096023560e-02
9.907543659210205078e-01
7.029681205749511719e-01
6.117979437112808228e-02
-6.612341850996017456e-02
4.000308513641357422e-01
-7.285620570182800293e-01
5.743867158889770508e-01
1.249522715806961060e-01
1.377481967210769653e-01
-8.121090531349182129e-01
-8.301120400428771973e-01
-8.758024573326110840e-01
7.945858836174011230e-01
1.462078988552093506e-01
9.663860201835632324e-01
1.596711128950119019e-01
-1.128131374716758728e-01
-2.664012312889099121e-01
-3.220869004726409912e-01
7.316170930862426758e-01
5.835790932178497314e-02
6.545003652572631836e-01
6.193654537200927734e-01
-6.276088953018188477e-01
-2.689414024353027344e-01
-7.428718209266662598e-01
-8.405826687812805176e-01
4.641857147216796875e-01
-5.627491697669029236e-02
-3.207662999629974365e-01
-3.527940213680267334e-01
3.034745752811431885e-01
-8.443655371665954590e-01
5.498207807540893555e-01
5.471649765968322754e-01
-9.816586375236511230e-01
-8.959138989448547363e-01
-3.654133081436157227e-01
9.932796955108642578e-01
8.500520586967468262e-01
-3.860895633697509766e-01
7.683161497116088867e-01
-8.845016956329345703e-01
-3.259130120277404785e-01
2.327130883932113647e-01
-7.558509707450866699e-01
-6.523661017417907715e-01
-1.798940300941467285e-01
2.246809303760528564e-01
-1.163152679800987244e-01
9.771908521652221680e-01
4.485085606575012207e-01
-4.863991141319274902e-01
-9.581561088562011719e-01
9.110472202301025391e-01
2.162505239248275757e-01
-1.607417613267898560e-01
-2.588695883750915527e-01
-7.180169224739074707e-01
-7.239759564399719238e-01
-6.778846979141235352e-01
-7.418558597564697266e-01
-5.692325234413146973e-01
-1.191266626119613647e-01
-1.881601065397262573e-01
-8.897495865821838379e-01
-8.750830888748168945e-01
-8.928878307342529297e-01
-2.690471708774566650e-01
5.347161889076232910e-01
-3.767296373844146729e-01
-6.686419248580932617e-01
-8.100947141647338867e-01
6.248794198036193848e-01
-5.593260526657104492e-01
-4.045915603637695312e-01
3.864313960075378418e-01
8.196398615837097168e-01
4.357257485389709473e-01
2.819384634494781494e-01
-9.612816572189331055e-01
-5.452699065208435059e-01
-8.460705876350402832e-01
5.865272283554077148e-01
7.427734136581420898e-01
-8.613060712814331055e-01
-8.966991901397705078e-01
-2.980145812034606934e-01
-9.083930253982543945e-01
9.382870048284530640e-02
-6.163091063499450684e-01
1.180789172649383545e-01
-5.677274465560913086e-01
-1.089336425065994263e-01
-8.807793259620666504e-01
-3.172577619552612305e-01
-7.156122326850891113e-01
-9.205945134162902832e-01
7.070831060409545898e-01
7.584803104400634766e-01
6.348344683647155762e-01
-8.621723055839538574e-01
-7.284645438194274902e-01
6.736652255058288574e-01
-2.083324640989303589e-01
-9.764012694358825684e-01
-4.321638643741607666e-01
5.562537312507629395e-01
-7.317802309989929199e-01
-5.411717891693115234e-01
9.978557229042053223e-01
-3.715858235955238342e-02
-5.604555606842041016e-01
6.820270419120788574e-01
-5.085316896438598633e-01
-5.835942029953002930e-01
2.778010964393615723e-01
-1.672459952533245087e-02
3.165989220142364502e-01
-1.726577579975128174e-01
7.859546542167663574e-01
-2.253925800323486328e-01
5.375233888626098633e-01
7.647291421890258789e-01
-7.765952348709106445e-01
-1.027814745903015137e-01
6.967474818229675293e-01
-9.427229762077331543e-01
9.292134642601013184e-02
-7.839879989624023438e-01
-8.877853155136108398e-01
7.738123536109924316e-01
-6.621190905570983887e-01
4.840221405029296875e-01
-8.614937663078308105e-01
9.631113409996032715e-01
7.855210900306701660e-01
9.807566404342651367e-01
8.731088638305664062e-01
-6.028742790222167969e-01
6.074473261833190918e-01
8.337330222129821777e-01
7.407867312431335449e-01
-1.884453147649765015e-01
-4.930821061134338379e-01
-7.942642569541931152e-01
9.647058248519897461e-01
-4.174598157405853271e-01
-9.874572157859802246e-01
-8.857328891754150391e-01
2.689321637153625488e-01
-7.685118317604064941e-01
-5.181022882461547852e-01
-3.793950080871582031e-01
8.460636138916015625e-01
-9.356881380081176758e-01
6.496879458427429199e-01
6.675280928611755371e-01
8.029471039772033691e-01
7.606898546218872070e-01
-3.133988976478576660e-01
-3.490369617938995361e-01
-9.091429710388183594e-01
4.537915587425231934e-01
-2.171037793159484863e-01
-9.142850637435913086e-01
-8.833980560302734375e-01
3.507086336612701416e-01
-5.805733799934387207e-01
8.327397704124450684e-01
5.136798620223999023e-01
-8.694412112236022949e-01
-6.625941991806030273e-01
-7.471117973327636719e-01
-3.648751378059387207e-01
1.111107990145683289e-01
-4.419243633747100830e-01
-5.401004552841186523e-01
-6.716606616973876953e-01
4.260063469409942627e-01
-8.332235813140869141e-01
-2.432773560285568237e-01
-2.948008179664611816e-01
7.269953489303588867e-01
-8.894562721252441406e-01
5.011689662933349609e-01
8.435380458831787109e-01
5.866241455078125000e-01
-5.784070491790771484e-01
-7.724549770355224609e-01
-6.788244843482971191e-02
-7.107933759689331055e-01
-9.465337395668029785e-01
8.231536746025085449e-01
2.502785027027130127e-01
9.600985646247863770e-01
9.541690349578857422e-01
1.664394438266754150e-01
-6.652829051017761230e-01
7.709296941757202148e-01
7.906833291053771973e-01
9.332482218742370605e-01
-9.015650749206542969e-01
-7.729598879814147949e-01
-9.070388674736022949e-01
2.194150537252426147e-01
3.209199607372283936e-01
-2.788989245891571045e-02
-1.641226559877395630e-01
1.792169660329818726e-01
8.358456939458847046e-02
9.056918025016784668e-01
2.129652947187423706e-01
6.352099180221557617e-01
5.966066122055053711e-01
-3.424348533153533936e-01
-4.733791351318359375e-01
-4.340377449989318848e-01
-5.067923069000244141e-01
6.436614394187927246e-01
-8.293721675872802734e-01
6.382709741592407227e-01
8.111028075218200684e-01
6.889366507530212402e-01
-8.820286393165588379e-01
7.772904634475708008e-01
5.229708552360534668e-01
-3.914993405342102051e-01
2.977378964424133301e-01
6.541473865509033203e-01
-9.712731838226318359e-01
-6.360062360763549805e-01
-5.450290441513061523e-01
7.994025945663452148e-01
-8.653743863105773926e-01
-9.346559643745422363e-01
8.244093656539916992e-01
3.148804306983947754e-01
-7.441914677619934082e-01
3.820379972457885742e-01
7.253297567367553711e-01
3.491306006908416748e-01
-2.291782386600971222e-02
5.217096805572509766e-01
1.210863441228866577e-01
7.067431211471557617e-01
3.584363460540771484e-01
-6.296840906143188477e-01
-8.912867903709411621e-01
-3.657065033912658691e-01
-1.689922809600830078e-02
-4.353310465812683105e-01
-7.766179442405700684e-01
9.205473214387893677e-02
8.486046195030212402e-01
-4.062927961349487305e-01
7.661798596382141113e-01
-6.493825912475585938e-01
-8.684800863265991211e-01
-1.259004175662994385e-01
-5.367422103881835938e-01
-7.096017003059387207e-01
-8.499879240989685059e-01
7.772727012634277344e-01
-6.673460602760314941e-01
-9.800313115119934082e-01
-4.259826838970184326e-01
6.306936144828796387e-01
-7.137256860733032227e-01
-9.930675029754638672e-01
-9.792624711990356445e-01
1.477051675319671631e-01
2.607178092002868652e-01
-8.324267268180847168e-01
-9.308606386184692383e-02
-9.633997082710266113e-01
-1.892942488193511963e-01
-2.688045799732208252e-01
-8.684546500444412231e-02
-1.191816031932830811e-01
-9.229764938354492188e-01
-5.270068049430847168e-01
-8.804394602775573730e-01
-1.730025708675384521e-01
-8.274492025375366211e-01
8.605713844299316406e-01
2.762072719633579254e-02
-8.769751191139221191e-01
-5.919690728187561035e-01
-6.010865569114685059e-01
2.238292992115020752e-01
-8.922123908996582031e-01
1.979193091392517090e-01
8.939939737319946289e-01
-1.388083249330520630e-01
-8.308364152908325195e-01
4.774612188339233398e-01
-7.693244218826293945e-01
4.954304397106170654e-01
-7.797588109970092773e-01
-4.047701135277748108e-02
3.380023837089538574e-01
1.566230654716491699e-01
-4.713700711727142334e-01
-5.880698561668395996e-01
3.503974378108978271e-01
9.726027250289916992e-01
3.689846768975257874e-02
4.197340607643127441e-01
-7.900398373603820801e-01
2.584843337535858154e-01
-3.033244311809539795e-01
-9.367439746856689453e-01
-4.316258132457733154e-01
7.296305298805236816e-01
6.644345521926879883e-01
-1.304845511913299561e-01
-2.673301100730895996e-02
-5.135117173194885254e-01
-4.473459720611572266e-01
-7.352327704429626465e-01
-5.696176290512084961e-01
-6.282348036766052246e-01
3.743558228015899658e-01
9.196797609329223633e-01
-6.180996894836425781e-01
-3.058068454265594482e-01
-3.798100352287292480e-01
-7.251419425010681152e-01
-6.452073454856872559e-01
1.313042193651199341e-01
1.177762821316719055e-01
-8.870100975036621094e-01
-3.343974798917770386e-02
-2.777803540229797363e-01
-6.366296410560607910e-01
5.645951032638549805e-01
-5.719144344329833984e-01
-8.360328078269958496e-01
4.090210795402526855e-01
-5.831956863403320312e-01
-8.658238053321838379e-01
8.432865738868713379e-01
-9.614002108573913574e-01
3.405852317810058594e-01
9.605439305305480957e-01
-7.969915866851806641e-01
-8.363707661628723145e-01
-6.337015628814697266e-01
4.257959127426147461e-01
-4.585696756839752197e-01
7.405871152877807617e-01
-8.075585365295410156e-01
-5.851224064826965332e-01
-7.386794686317443848e-01
1.727590411901473999e-01
-3.777037858963012695e-01
-4.803096055984497070e-01
-7.948682904243469238e-01
7.073259949684143066e-01
-2.531746327877044678e-01
4.222293496131896973e-01
8.962174654006958008e-01
-4.565672874450683594e-01
-9.374906420707702637e-01
-7.693315148353576660e-01
2.507109344005584717e-01
-7.314030528068542480e-01
2.150052338838577271e-01
-7.957130074501037598e-01
3.687390387058258057e-01
-1.299073994159698486e-01
-9.429063200950622559e-01
6.098021268844604492e-01
8.427717685699462891e-01
-8.916860818862915039e-01
-7.196950912475585938e-02
-4.686430692672729492e-01
-7.718514800071716309e-01
6.689087152481079102e-01
-2.799491286277770996e-01
4.168367385864257812e-01
-9.146430492401123047e-01
-5.272114276885986328e-01
-8.425613641738891602e-01
-4.010439515113830566e-01
9.695895314216613770e-01
7.085345983505249023e-01
1.979963481426239014e-01
-6.650509238243103027e-01
9.023849964141845703e-01
-6.318486928939819336e-01
-5.108618736267089844e-01
1.659874469041824341e-01
-5.944364666938781738e-01
-3.456620573997497559e-01
-9.275661110877990723e-01
-8.055862784385681152e-01
2.162912338972091675e-01
-7.355306148529052734e-01
7.506376504898071289e-01
-7.235764861106872559e-01
-9.220460653305053711e-01
-3.247416913509368896e-01
-3.449228405952453613e-01
3.325656652450561523e-01
-7.783494591712951660e-01
9.099693298339843750e-01
-4.569815099239349365e-01
6.697224378585815430e-01
-7.016687840223312378e-02
-8.731018304824829102e-01
-2.398982644081115723e-02
9.831854104995727539e-01
6.341479420661926270e-01
9.107952117919921875e-01
-4.117796123027801514e-01
9.503676891326904297e-01
5.867365002632141113e-01
-6.920654773712158203e-01
2.950608432292938232e-01
7.281570434570312500e-01
9.115037918090820312e-01
3.148336112499237061e-01
-9.486956596374511719e-01
6.009207367897033691e-01
-8.928508311510086060e-02
-6.156600713729858398e-01
-4.049502313137054443e-01
-3.003489077091217041e-01
7.282036542892456055e-02
2.586388885974884033e-01
-8.363358974456787109e-01
9.879630804061889648e-01
7.820631377398967743e-03
-5.511595606803894043e-01
-8.732770085334777832e-01
3.629466891288757324e-01
5.961979627609252930e-01
-8.742672204971313477e-01
7.093162536621093750e-01
8.506807088851928711e-01
3.501711487770080566e-01
6.308302283287048340e-01
8.174270391464233398e-01
-4.270136952400207520e-01
-8.987177014350891113e-01
-7.017518877983093262e-01
-5.087487697601318359e-01
-7.983095049858093262e-01
-6.627413630485534668e-01
-7.192962765693664551e-01
-9.448287487030029297e-01
8.092572093009948730e-01
-4.777969717979431152e-01
-7.320882678031921387e-01
7.929221391677856445e-01
-2.922268956899642944e-02
-4.230655431747436523e-01
9.812339544296264648e-01
7.753641605377197266e-01
1.408187299966812134e-01
-8.903796672821044922e-01
-9.764782786369323730e-01
-6.372070312500000000e-01
-6.739318966865539551e-01
7.471919655799865723e-01
-9.923684597015380859e-01
-9.775316119194030762e-01
5.585793852806091309e-01
-5.647308826446533203e-01
8.382084369659423828e-01
-3.186556696891784668e-02
-7.381235957145690918e-01
-4.584820568561553955e-01
9.125403165817260742e-01
7.565270066261291504e-01
7.406054735183715820e-01
8.666609525680541992e-01
9.118655323982238770e-01
9.296076297760009766e-01
5.496196746826171875e-01
7.113158702850341797e-01
6.286048293113708496e-01
5.581927895545959473e-01
-2.497256696224212646e-01
4.043493568897247314e-01
9.951977990567684174e-03
6.991682648658752441e-01
-4.427661597728729248e-01
-5.576550960540771484e-01
9.518761038780212402e-01
-7.263817191123962402e-01
5.451865196228027344e-01
6.878308653831481934e-01
-6.927503943443298340e-01
5.858443975448608398e-01
-6.595593094825744629e-01
2.597101032733917236e-01
-3.101030290126800537e-01
2.819184064865112305e-01
-7.921450138092041016e-01
-2.136107087135314941e-01
3.389906883239746094e-01
9.443322420120239258e-01
2.049857378005981445e-01
5.438266396522521973e-01
2.254143655300140381e-01
-9.290557503700256348e-01
-1.819839030504226685e-01
4.090197086334228516e-01
8.962775468826293945e-01
2.961313351988792419e-02
1.563602238893508911e-01
4.470054805278778076e-01
-3.724024817347526550e-02
-2.938585281372070312e-01
2.385464906692504883e-01
-8.823370337486267090e-01
8.678908944129943848e-01
-3.192356824874877930e-01
9.826743006706237793e-01
-9.953212738037109375e-01
-6.867138147354125977e-01
7.890112996101379395e-01
-8.383052349090576172e-01
-7.670264244079589844e-01
3.479827642440795898e-01
-3.434875905513763428e-01
1.236434560269117355e-02
6.033846735954284668e-01
-6.158872246742248535e-01
-2.117169052362442017e-01
9.126097559928894043e-01
-6.850025653839111328e-01
9.717541933059692383e-01
-8.700748085975646973e-01
-3.083183169364929199e-01
-7.730746269226074219e-01
6.597701907157897949e-01
9.622221589088439941e-01
4.186356663703918457e-01
3.939510583877563477e-01
8.844748139381408691e-01
2.017007470130920410e-01
8.345663547515869141e-01
9.655834436416625977e-01
6.747598946094512939e-02
-4.276870489120483398e-01
6.893492341041564941e-01
7.633530497550964355e-01
-5.324944257736206055e-01
1.764395534992218018e-01
-7.880567908287048340e-01
-2.877114340662956238e-02
-4.948052167892456055e-01
1.783217191696166992e-01
-1.577935516834259033e-01
-5.723173022270202637e-01
4.830006361007690430e-01
-9.315096735954284668e-01
-9.251821041107177734e-01
-8.413720130920410156e-02
4.592943191528320312e-01
-8.804963231086730957e-01
-6.463685035705566406e-01
-3.346690535545349121e-01
-4.757144749164581299e-01
-8.960421085357666016e-01
5.711501836776733398e-01
2.184084653854370117e-01
9.928881525993347168e-01
-5.386945605278015137e-01
7.282057404518127441e-01
6.230276823043823242e-01
-8.615974187850952148e-01
-9.276277422904968262e-01
-2.880117893218994141e-01
-8.043900132179260254e-01
5.762493610382080078e-01
-1.601505875587463379e-01
2.382184565067291260e-02
-2.569214105606079102e-01
4.854165613651275635e-01
-2.343210577964782715e-01
-5.599737167358398438e-01
2.262102514505386353e-01
-5.577982068061828613e-01
-9.634624123573303223e-01
-1.609788537025451660e-01
-6.435447931289672852e-01
-7.705176472663879395e-01
-3.440593481063842773e-01
-9.218061566352844238e-01
9.723260402679443359e-01
-3.668928146362304688e-01
1.929538100957870483e-01
-8.141728043556213379e-01
5.096520185470581055e-01
-8.168070316314697266e-01
-5.570983290672302246e-01
-7.531373500823974609e-01
2.904913425445556641e-01
-8.824179321527481079e-02
-3.909180164337158203e-01
5.939974188804626465e-01
9.252818226814270020e-01
-6.683720946311950684e-01
-8.033314347267150879e-01
-4.091410338878631592e-01
-8.906270265579223633e-01
-3.212240040302276611e-01
4.917396605014801025e-01
-3.044115602970123291e-01
6.966700553894042969e-01
9.804984927177429199e-01
5.940112471580505371e-01
7.386215329170227051e-01
-1.130241230130195618e-01
4.335670769214630127e-01
-3.900305628776550293e-01
-4.314805865287780762e-01
9.526040554046630859e-01
-6.727758646011352539e-01
2.204065024852752686e-01
1.149530038237571716e-01
8.836697936058044434e-01
-5.573808550834655762e-01
-1.580879688262939453e-01
-6.486398577690124512e-01
8.675826787948608398e-01
1.127537861466407776e-01
7.559750676155090332e-01
-7.308568954467773438e-01
-7.187405824661254883e-01
4.757438302040100098e-01
-5.191733241081237793e-01
6.832154393196105957e-01
-1.866789311170578003e-01
-6.627562046051025391e-01
-9.185516834259033203e-01
4.840243458747863770e-01
5.302089452743530273e-01
3.377058804035186768e-01
-3.478465080261230469e-01
8.544933795928955078e-01
-9.756067991256713867e-01
-8.445140719413757324e-01
-4.750077426433563232e-01
-1.490567773580551147e-01
4.817934334278106689e-01
7.714908719062805176e-01
-5.019397139549255371e-01
-2.854378223419189453e-01
-3.942249715328216553e-01
6.605948805809020996e-01
-1.126438900828361511e-01
5.709449052810668945e-01
4.725921750068664551e-01
-3.932655453681945801e-01
-8.951851129531860352e-01
5.979286432266235352e-01
9.210845232009887695e-01
6.204268336296081543e-01
-7.015456557273864746e-01
9.982591867446899414e-01
6.549531221389770508e-01
5.248321294784545898e-01
1.736960262060165405e-01
9.378472566604614258e-01
5.131227374076843262e-01
9.515866041183471680e-01
-6.580845117568969727e-01
-1.610716432332992554e-02
3.513558804988861084e-01
9.503390192985534668e-01
8.021389842033386230e-01
9.165840744972229004e-01
1.462700217962265015e-01
8.082906007766723633e-01
6.738518476486206055e-01
1.300590187311172485e-01
-8.249288201332092285e-01
-2.154291868209838867e-01
4.126066863536834717e-01
8.482037782669067383e-01
-1.995822489261627197e-01
-1.302575469017028809e-01
9.614853858947753906e-01
-6.350611448287963867e-01
7.948046922683715820e-01
-8.746451735496520996e-01
8.775081038475036621e-01
-6.225987672805786133e-01
7.805072665214538574e-01
-2.577459812164306641e-01
-6.954437494277954102e-01
-4.275866150856018066e-01
7.670856118202209473e-01
-4.395411014556884766e-01
4.936460256576538086e-01
-8.544396758079528809e-01
-7.608835101127624512e-01
6.992185711860656738e-01
-8.455248475074768066e-01
-7.304085493087768555e-01
6.452625989913940430e-01
4.256190955638885498e-01
6.799277067184448242e-01
2.414775192737579346e-01
5.012272596359252930e-01
-8.241795301437377930e-01
-1.996532827615737915e-01
1.013818532228469849e-01
8.102992773056030273e-01
8.698129057884216309e-01
-9.716535806655883789e-01
5.446408390998840332e-01
-4.110639691352844238e-01
7.707550525665283203e-01
6.432707309722900391e-01
8.678961992263793945e-01
7.029916644096374512e-01
-4.235185384750366211e-01
9.588684439659118652e-01
-7.334343194961547852e-01
-4.722975790500640869e-01
8.550614118576049805e-01
-7.946638506837189198e-04
6.574953794479370117e-01
1.004166528582572937e-01
-9.693865776062011719e-01
8.563088774681091309e-01
-5.279192328453063965e-01
6.648224592208862305e-01
-1.375015974044799805e-01
6.984333395957946777e-01
9.911086559295654297e-01
-9.677729606628417969e-01
9.524664878845214844e-01
-5.672081112861633301e-01
-2.921189069747924805e-01
6.632918715476989746e-01
-4.525937139987945557e-01
8.568639308214187622e-02
9.339337795972824097e-02
-8.257191181182861328e-01
-5.580942630767822266e-01
7.190112024545669556e-02
8.659627437591552734e-01
4.465547204017639160e-01
8.604894876480102539e-01
