5.093815550208091736e-02
2.007812559604644775e-01
2.073543816804885864e-01
1.400889307260513306e-01
4.691458344459533691e-01
2.718223631381988525e-01
3.031318187713623047e-01
2.255534082651138306e-01
1.268992293626070023e-02
-4.150564968585968018e-02
3.300361335277557373e-01
4.380102455615997314e-02
2.683486640453338623e-01
-5.355747789144515991e-02
5.507831275463104248e-02
2.355659455060958862e-01
3.396380245685577393e-01
1.566556394100189209e-01
1.537914276123046875e-01
1.708088675513863564e-03
1.070674359798431396e-01
6.059945095330476761e-03
1.560664772987365723e-01
1.486678123474121094e-01
1.260523051023483276e-01
2.434146553277969360e-01
2.191050946712493896e-01
1.198473274707794189e-01
1.010258793830871582e-01
3.454611599445343018e-01
7.313263416290283203e-02
2.093585766851902008e-02
9.388957172632217407e-02
1.910351067781448364e-01
-7.912514847703278065e-04
2.948367595672607422e-01
5.495574325323104858e-02
2.411943674087524414e-02
1.839722841978073120e-01
2.527306079864501953e-01
3.489249348640441895e-01
1.721523255109786987e-01
2.759860157966613770e-01
3.600322008132934570e-01
2.470725625753402710e-01
9.211887419223785400e-02
2.881362140178680420e-01
4.008251428604125977e-01
1.440766453742980957e-01
3.158025443553924561e-02
2.504822313785552979e-01
4.337289556860923767e-02
2.115899324417114258e-01
3.448064029216766357e-01
2.722270190715789795e-01
1.826380193233489990e-01
-1.786162704229354858e-01
3.608961403369903564e-01
8.955709636211395264e-02
3.199935555458068848e-01
-1.197888795286417007e-02
3.599612787365913391e-02
3.137793540954589844e-01
9.088471531867980957e-02
1.636830568313598633e-01
1.605661064386367798e-01
3.061110675334930420e-01
1.244048625230789185e-01
-1.325442492961883545e-01
-1.364825963973999023e-01
-1.734396368265151978e-01
1.126561313867568970e-01
3.727114200592041016e-01
2.229174971580505371e-01
6.708713620901107788e-02
1.301981061697006226e-01
2.117397189140319824e-01
3.042030334472656250e-01
8.539474755525588989e-02
3.130342662334442139e-01
3.166117072105407715e-01
2.139733135700225830e-01
9.429610520601272583e-02
2.269428372383117676e-01
1.566568613052368164e-01
-3.273467347025871277e-02
3.320807814598083496e-01
2.891035676002502441e-01
9.973102062940597534e-02
1.544420570135116577e-01
3.406522870063781738e-01
1.133216079324483871e-02
4.926066473126411438e-02
-2.112133987247943878e-02
-2.523769810795783997e-02
4.205476045608520508e-01
2.936686761677265167e-02
2.424554675817489624e-01
3.369574546813964844e-01
1.523588895797729492e-01
2.854747772216796875e-01
2.972595579922199249e-02
5.072956681251525879e-01
1.469069123268127441e-01
2.258173972368240356e-01
3.108703494071960449e-01
1.818481236696243286e-01
2.091219089925289154e-02
1.781416833400726318e-01
-1.120149046182632446e-01
2.949489280581474304e-02
1.302994489669799805e-01
1.784402132034301758e-01
1.813608407974243164e-01
1.703956425189971924e-01
3.595006465911865234e-01
-1.799433864653110504e-02
1.011991575360298157e-01
1.556846797466278076e-01
8.987938612699508667e-02
2.392732501029968262e-01
8.223098516464233398e-02
3.134962618350982666e-01
-7.839906215667724609e-02
2.081838101148605347e-01
2.069955617189407349e-01
3.058942221105098724e-02
2.025850862264633179e-01
8.937773853540420532e-02
1.361008882522583008e-01
1.262190639972686768e-01
2.352679818868637085e-01
3.742613494396209717e-01
2.479912489652633667e-01
1.454911977052688599e-01
5.136369466781616211e-01
2.572846114635467529e-01
2.532151937484741211e-01
2.684234976768493652e-01
2.449835985898971558e-01
1.413420438766479492e-01
7.873425632715225220e-02
4.912909865379333496e-02
2.535363733768463135e-01
1.886886954307556152e-01
6.185866892337799072e-02
1.693173050880432129e-01
1.723694056272506714e-01
9.712637960910797119e-02
3.670407831668853760e-01
1.186633035540580750e-01
-1.887835115194320679e-01
2.575824558734893799e-01
3.204530775547027588e-01
6.991007179021835327e-02
1.102679893374443054e-01
1.306475847959518433e-01
2.699627876281738281e-01
-8.320295065641403198e-02
-1.051071509718894958e-01
-1.390927881002426147e-01
6.044596061110496521e-02
2.275890856981277466e-01
1.423409134149551392e-01
2.872255146503448486e-01
3.453741595149040222e-02
1.294825673103332520e-01
1.862485408782958984e-01
7.057114690542221069e-02
4.921398162841796875e-01
1.354540735483169556e-01
3.902680575847625732e-01
1.896243989467620850e-01
1.524059921503067017e-01
4.106119573116302490e-01
2.101689577102661133e-01
1.555100828409194946e-01
2.248504459857940674e-01
3.607428073883056641e-01
3.024333715438842773e-01
3.350291550159454346e-01
2.556196153163909912e-01
-1.195066347718238831e-01
9.198731929063796997e-02
-1.650114953517913818e-01
1.967427730560302734e-01
1.286155283451080322e-01
4.000577926635742188e-01
1.563619375228881836e-01
3.630436658859252930e-01
4.073447585105895996e-01
-1.085268519818782806e-02
1.649667769670486450e-01
1.091931089758872986e-01
3.210691809654235840e-01
3.422203958034515381e-01
2.297314703464508057e-01
1.638110727071762085e-01
1.767991036176681519e-01
-2.501917630434036255e-02
2.039511501789093018e-01
-1.513969600200653076e-01
5.692797154188156128e-02
1.034446284174919128e-01
2.007170468568801880e-01
2.356320023536682129e-01
3.374862670898437500e-01
1.071738358587026596e-02
2.478760629892349243e-01
2.105742543935775757e-01
2.288416773080825806e-01
2.739551663398742676e-01
2.283514440059661865e-01
3.176741898059844971e-01
6.302056461572647095e-02
1.767620444297790527e-01
9.831442683935165405e-02
-2.717238664627075195e-02
4.462016373872756958e-02
2.089311331510543823e-01
1.321107149124145508e-01
2.124587446451187134e-01
2.501956224441528320e-01
1.818821132183074951e-01
2.537996470928192139e-01
4.096770584583282471e-01
8.009752631187438965e-02
1.827278733253479004e-01
4.491559863090515137e-01
1.127420272678136826e-02
1.103803366422653198e-01
1.501613259315490723e-01
5.837481841444969177e-02
3.642591834068298340e-01
1.556766331195831299e-01
1.249165385961532593e-01
3.559436649084091187e-02
9.696047008037567139e-02
2.032327204942703247e-01
1.511294096708297729e-01
3.300366103649139404e-01
3.737270832061767578e-01
3.071732521057128906e-01
-1.282894238829612732e-02
2.134414166212081909e-01
-6.635675579309463501e-02
2.251560539007186890e-01
2.314902991056442261e-01
-1.639401316642761230e-01
2.876449227333068848e-01
3.361800312995910645e-01
1.759283095598220825e-01
1.504620164632797241e-01
1.364985853433609009e-01
2.533477842807769775e-01
9.574676305055618286e-02
1.888337135314941406e-01
3.434146642684936523e-01
1.204749196767807007e-01
7.302076369524002075e-02
2.051433324813842773e-01
2.257087826728820801e-01
3.027762472629547119e-01
7.643740624189376831e-02
-4.541968554258346558e-02
1.764904111623764038e-01
1.900794953107833862e-01
1.227025315165519714e-01
2.533952891826629639e-01
8.675351738929748535e-02
3.681591749191284180e-01
1.213551685214042664e-01
1.836399585008621216e-01
4.396775066852569580e-01
2.844564914703369141e-01
2.861310243606567383e-01
3.597996011376380920e-02
8.010829985141754150e-02
1.643726378679275513e-01
2.293818295001983643e-01
1.426222026348114014e-01
2.444285750389099121e-01
1.633783876895904541e-01
7.352906465530395508e-02
-3.186024725437164307e-02
3.222781047224998474e-02
4.388019442558288574e-01
1.266455203294754028e-01
2.376138120889663696e-01
4.014068469405174255e-02
2.910713553428649902e-01
2.801371812820434570e-01
2.477651536464691162e-01
1.597533673048019409e-01
1.491364985704421997e-01
-1.220622286200523376e-01
1.632779091596603394e-01
-2.369963526725769043e-01
3.825819790363311768e-01
1.974889487028121948e-01
4.544007778167724609e-01
1.735614538192749023e-01
1.205958947539329529e-01
4.245677292346954346e-01
5.724657326936721802e-02
2.225295156240463257e-01
2.261216342449188232e-01
9.319114685058593750e-02
1.973888278007507324e-01
3.739015758037567139e-01
2.443229109048843384e-01
-1.497037112712860107e-01
1.202109381556510925e-01
2.371837645769119263e-01
5.696132406592369080e-02
1.163293141871690750e-02
-4.654997214674949646e-02
8.168856799602508545e-02
4.744556844234466553e-01
6.658182293176651001e-02
3.115997910499572754e-01
1.604668498039245605e-01
7.678252458572387695e-02
2.492891699075698853e-01
4.227046296000480652e-02
1.555840522050857544e-01
2.680987715721130371e-01
1.512004584074020386e-01
3.311506286263465881e-02
1.341973543167114258e-01
2.144109904766082764e-01
4.470637738704681396e-01
3.899876773357391357e-02
-4.669559746980667114e-02
2.374240607023239136e-01
3.195287287235260010e-01
2.480360716581344604e-01
2.895066738128662109e-01
3.224096596240997314e-01
3.323780000209808350e-01
7.560346275568008423e-02
-4.537160694599151611e-02
2.059756070375442505e-01
1.718280613422393799e-01
2.163015902042388916e-01
1.704417020082473755e-01
2.954891920089721680e-01
2.210455834865570068e-01
1.092621833086013794e-01
2.354968190193176270e-01
2.812015116214752197e-01
7.618057727813720703e-02
2.842149436473846436e-01
8.832820504903793335e-02
2.825623452663421631e-01
2.869699597358703613e-01
-8.555583655834197998e-02
9.567218273878097534e-02
-1.314755380153656006e-01
-1.085891351103782654e-01
1.160124093294143677e-01
1.928369402885437012e-01
2.340723574161529541e-01
-4.051970317959785461e-02
2.521248757839202881e-01
3.944729268550872803e-01
2.233991473913192749e-01
7.619665469974279404e-03
1.920769661664962769e-01
3.367612361907958984e-01
5.975823104381561279e-02
3.608857393264770508e-01
3.564538657665252686e-01
2.173945456743240356e-01
-5.052798613905906677e-02
2.330486327409744263e-01
4.755315482616424561e-01
2.876528203487396240e-01
1.021788939833641052e-01
-9.760932624340057373e-02
1.324416846036911011e-01
2.951375246047973633e-01
3.875727057456970215e-01
2.686952650547027588e-01
1.010713279247283936e-01
1.924165785312652588e-01
2.304012030363082886e-01
3.219684064388275146e-01
-8.580931276082992554e-02
-2.023730427026748657e-02
2.592036128044128418e-01
3.495227694511413574e-01
-2.784350328147411346e-02
3.064280143007636070e-03
2.623365223407745361e-01
3.374507427215576172e-01
4.799848049879074097e-02
-5.942601710557937622e-02
1.959898769855499268e-01
1.873099505901336670e-01
3.520900309085845947e-01
4.241627156734466553e-01
1.481612622737884521e-01
1.633347123861312866e-01
2.647629976272583008e-01
2.864335179328918457e-01
4.421944320201873779e-01
1.978278011083602905e-01
1.593382507562637329e-01
-1.333588510751724243e-01
2.793772220611572266e-01
2.186888754367828369e-01
2.521697580814361572e-01
-1.004088483750820160e-02
1.009522378444671631e-01
1.365823596715927124e-01
1.758590340614318848e-01
2.668359875679016113e-01
1.411716341972351074e-01
2.055531442165374756e-01
1.737907826900482178e-01
2.126964926719665527e-01
1.509290337562561035e-01
1.487756222486495972e-01
2.137113548815250397e-02
2.730660736560821533e-01
9.332699328660964966e-02
2.915141582489013672e-01
6.700391322374343872e-02
1.301457434892654419e-01
1.089848056435585022e-01
4.254113137722015381e-01
1.896412223577499390e-01
3.185066878795623779e-01
2.455353289842605591e-01
1.639427840709686279e-01
6.513426452875137329e-02
1.224630177021026611e-01
1.054445281624794006e-01
3.663156926631927490e-01
2.239196896553039551e-01
-7.343085948377847672e-03
1.812571585178375244e-01
2.080935090780258179e-01
9.772905707359313965e-02
1.825144290924072266e-01
-6.993506848812103271e-02
9.216148406267166138e-02
2.372640520334243774e-01
2.563401460647583008e-01
1.819539368152618408e-01
1.617505401372909546e-01
-1.496947109699249268e-01
2.383199632167816162e-01
3.968952298164367676e-01
1.534223407506942749e-01
1.025821641087532043e-01
7.577017694711685181e-02
3.250233232975006104e-01
1.192716360092163086e-01
1.196175813674926758e-01
3.726407289505004883e-01
1.706781983375549316e-01
1.134764477610588074e-01
4.873175323009490967e-01
2.693293094635009766e-01
-1.081935912370681763e-01
1.588705629110336304e-01
2.419122904539108276e-01
1.658948957920074463e-01
-2.827421016991138458e-02
3.120768070220947266e-01
1.608967632055282593e-01
-7.776277512311935425e-02
1.993928253650665283e-01
3.762288987636566162e-01
2.708735764026641846e-01
2.961277961730957031e-01
3.493735566735267639e-02
3.111838549375534058e-02
2.221552580595016479e-01
3.661391437053680420e-01
3.174851238727569580e-01
1.619594544172286987e-01
2.025245726108551025e-01
-4.222144372761249542e-03
1.896989196538925171e-01
3.173289299011230469e-01
7.487390935420989990e-02
6.136395037174224854e-02
1.562695354223251343e-01
2.544872760772705078e-01
1.356782168149948120e-01
3.240359127521514893e-01
1.803046017885208130e-01
1.977147758007049561e-01
-1.422002445906400681e-02
2.909847199916839600e-01
-7.774122059345245361e-03
3.906674683094024658e-01
1.665774881839752197e-01
1.679817438125610352e-01
-1.278420165181159973e-02
5.416712723672389984e-03
1.770125180482864380e-01
2.352208346128463745e-01
1.160760521888732910e-01
-5.366363096982240677e-03
1.763449460268020630e-01
3.498504757881164551e-01
2.410584539175033569e-01
1.711948662996292114e-01
5.581997334957122803e-02
7.454674225300550461e-03
1.780470460653305054e-01
4.836130514740943909e-02
2.053126692771911621e-01
2.665086090564727783e-01
8.806261420249938965e-02
-1.124592199921607971e-01
2.334638684988021851e-01
1.338798999786376953e-01
2.347728610038757324e-01
4.692454338073730469e-01
-7.636428624391555786e-02
1.778611727058887482e-02
2.446164339780807495e-01
3.067182004451751709e-01
3.700431585311889648e-01
8.263406157493591309e-02
1.079009026288986206e-01
4.040398597717285156e-01
1.148161068558692932e-01
1.960796117782592773e-01
1.802944839000701904e-01
2.839045226573944092e-01
3.562376499176025391e-01
2.475216835737228394e-01
3.294137716293334961e-01
1.910371631383895874e-01
2.035627812147140503e-01
2.084972560405731201e-01
4.260012805461883545e-01
1.088253483176231384e-01
2.292626649141311646e-01
4.002752155065536499e-02
1.000698730349540710e-01
-3.112678648903965950e-03
1.711063645780086517e-02
1.898245066404342651e-01
3.049525320529937744e-01
1.493176370859146118e-01
1.366106122732162476e-01
7.973060011863708496e-02
2.760870456695556641e-01
2.957808673381805420e-01
2.470946311950683594e-01
1.680566668510437012e-01
3.871893584728240967e-01
1.765295863151550293e-01
-1.308926660567522049e-02
-1.420089509338140488e-02
-3.049476817250251770e-02
8.424571156501770020e-02
-3.634034423157572746e-03
-4.408197011798620224e-03
2.273650318384170532e-01
3.071381449699401855e-01
3.698209226131439209e-01
1.294784992933273315e-01
3.152087032794952393e-01
1.891189813613891602e-01
2.841888926923274994e-02
1.386926043778657913e-02
2.357798516750335693e-01
1.256832927465438843e-01
2.145496904850006104e-01
2.141471207141876221e-01
4.979881048202514648e-01
3.566876947879791260e-01
4.554498791694641113e-01
1.710027754306793213e-01
2.733797729015350342e-01
5.970661342144012451e-02
4.108324646949768066e-01
1.894061118364334106e-01
5.507834255695343018e-02
1.329436898231506348e-01
2.177992761135101318e-01
3.154733777046203613e-01
3.292558342218399048e-02
8.419802784919738770e-02
1.103607863187789917e-01
-5.495268478989601135e-02
2.346384227275848389e-01
2.955662012100219727e-01
1.732646971940994263e-01
4.130986332893371582e-02
1.470913887023925781e-01
2.856526337563991547e-02
3.957201838493347168e-01
4.749259054660797119e-01
1.117633432149887085e-01
1.450644284486770630e-01
-7.837764173746109009e-02
4.742030054330825806e-02
1.102324500679969788e-01
3.309599161148071289e-01
2.214007675647735596e-01
1.038245409727096558e-01
2.022394984960556030e-01
8.889658749103546143e-02
2.732988893985748291e-01
2.453156113624572754e-01
2.435588389635086060e-01
1.165298298001289368e-01
3.497281074523925781e-01
1.252302974462509155e-01
1.458137780427932739e-01
3.047971725463867188e-01
2.010413110256195068e-01
3.137578666210174561e-01
2.048961222171783447e-01
5.817599967122077942e-02
8.402546495199203491e-02
7.236246019601821899e-02
2.005718052387237549e-01
3.437701761722564697e-01
2.594676911830902100e-01
1.383881121873855591e-01
1.491051316261291504e-01
2.410871386528015137e-01
-1.845723949372768402e-02
2.483347654342651367e-01
3.192508220672607422e-01
3.105014860630035400e-01
5.689923092722892761e-02
3.187384083867073059e-02
3.424060940742492676e-01
2.811417579650878906e-01
3.203482925891876221e-01
2.693144679069519043e-01
3.305021524429321289e-01
3.952337205410003662e-01
2.686785757541656494e-01
1.366047114133834839e-01
1.397488415241241455e-01
2.520307525992393494e-02
-7.553131133317947388e-02
3.482512831687927246e-01
7.273762673139572144e-02
2.823019623756408691e-01
1.713991463184356689e-01
2.111574709415435791e-01
-2.497342973947525024e-02
1.169457659125328064e-01
1.004861295223236084e-01
9.870621562004089355e-02
-1.520214043557643890e-02
3.409495353698730469e-01
5.098958015441894531e-01
-4.409325122833251953e-02
7.986840605735778809e-02
-1.119901090860366821e-01
6.180960685014724731e-02
2.469847798347473145e-01
4.807696342468261719e-01
3.379534482955932617e-01
1.712049245834350586e-01
3.400726020336151123e-01
7.099607586860656738e-02
2.707699835300445557e-01
7.623115926980972290e-02
6.436450779438018799e-02
3.004890680313110352e-01
1.009582355618476868e-01
2.713363766670227051e-01
3.794612884521484375e-01
3.004041314125061035e-01
1.709094494581222534e-01
1.765083074569702148e-01
1.474610567092895508e-01
1.127695515751838684e-01
4.383036866784095764e-02
4.365665465593338013e-02
-7.464423030614852905e-02
2.675901949405670166e-01
2.526772618293762207e-01
4.587190151214599609e-01
2.950717806816101074e-01
7.474881410598754883e-02
2.748156189918518066e-01
2.870955467224121094e-01
2.404976040124893188e-01
2.393656969070434570e-01
2.560669481754302979e-01
2.341984361410140991e-01
1.787108331918716431e-01
1.100800186395645142e-01
3.825612962245941162e-01
-1.963985385373234749e-03
8.091841638088226318e-02
5.561812594532966614e-02
2.800709009170532227e-01
1.116485744714736938e-01
-1.692404597997665405e-02
3.797509968280792236e-01
3.551109135150909424e-01
2.291733920574188232e-01
9.143408387899398804e-02
2.458949983119964600e-01
-2.296660244464874268e-01
2.574376761913299561e-01
3.019551932811737061e-01
-8.626504242420196533e-02
-2.285758778452873230e-02
1.658507287502288818e-01
2.165736705064773560e-01
2.279114425182342529e-01
2.273359894752502441e-01
3.690086901187896729e-01
2.318384647369384766e-01
2.426153570413589478e-01
-2.781655453145503998e-02
3.199559152126312256e-01
2.405877560377120972e-01
2.890595495700836182e-01
1.755678802728652954e-01
2.426512241363525391e-01
2.112056687474250793e-02
4.269813299179077148e-01
1.662553995847702026e-01
8.582993596792221069e-02
1.919159293174743652e-01
2.600677311420440674e-01
-2.246664837002754211e-02
7.598070800304412842e-02
1.762357056140899658e-01
2.042766213417053223e-01
1.005989909172058105e-01
4.026325345039367676e-01
5.388706340454518795e-04
-2.287374809384346008e-02
9.630655497312545776e-02
2.145125567913055420e-01
-4.252088814973831177e-02
1.721806451678276062e-02
1.604612618684768677e-01
-3.958745300769805908e-02
6.553333997726440430e-02
-4.323197156190872192e-02
2.730437219142913818e-01
2.036517709493637085e-01
3.096760809421539307e-01
4.810765683650970459e-01
2.661545872688293457e-01
3.900859653949737549e-01
8.437775075435638428e-02
3.096294105052947998e-01
2.115676552057266235e-01
2.789866924285888672e-02
2.855410277843475342e-01
1.254903823137283325e-01
2.884142994880676270e-01
1.767588704824447632e-01
3.317290842533111572e-01
2.549740076065063477e-01
1.105372756719589233e-01
2.262226045131683350e-01
2.681328356266021729e-01
2.483549267053604126e-01
3.829677104949951172e-01
7.969644665718078613e-02
3.269907534122467041e-01
1.825815439224243164e-01
2.363494336605072021e-01
1.863932795822620392e-02
3.644692152738571167e-02
3.262694478034973145e-01
1.180647909641265869e-01
4.316357672214508057e-01
-2.157247364521026611e-01
4.123780429363250732e-01
7.623511552810668945e-02
2.820776775479316711e-02
1.366274356842041016e-01
-1.586021110415458679e-02
2.675687968730926514e-01
1.946324557065963745e-01
3.530855476856231689e-02
1.181560009717941284e-01
9.274923801422119141e-02
1.700813919305801392e-01
1.437752391211688519e-03
-7.069028913974761963e-02
3.923199772834777832e-01
1.011867970228195190e-01
2.366672307252883911e-01
3.169415295124053955e-01
4.494210183620452881e-01
1.176331415772438049e-01
1.812594532966613770e-01
2.469833195209503174e-01
3.321410343050956726e-02
1.873219609260559082e-01
2.309933751821517944e-01
2.531237900257110596e-01
1.521186903119087219e-02
9.512498974800109863e-02
1.525928527116775513e-01
3.064020872116088867e-01
3.086976148188114166e-02
3.079631924629211426e-01
2.515739798545837402e-01
4.467155784368515015e-02
3.321927189826965332e-01
1.844734251499176025e-01
2.826598584651947021e-01
2.944461442530155182e-02
2.066398262977600098e-01
1.287268996238708496e-01
2.178945690393447876e-01
2.976341359317302704e-02
2.118707597255706787e-01
4.281976222991943359e-01
1.181449815630912781e-01
1.687045097351074219e-01
1.046802774071693420e-01
1.616661101579666138e-01
1.487003713846206665e-01
6.956139951944351196e-02
2.688384354114532471e-01
1.345440894365310669e-01
3.723439276218414307e-01
1.646017134189605713e-01
3.140804767608642578e-01
4.060342013835906982e-01
9.812023490667343140e-02
7.572384923696517944e-02
1.377596408128738403e-01
-2.435720898211002350e-02
-2.936339937150478363e-03
9.705296903848648071e-02
1.310955733060836792e-01
2.834925055503845215e-01
1.990694701671600342e-01
1.690802276134490967e-01
1.201819032430648804e-01
2.486855089664459229e-01
2.353741526603698730e-01
4.498115479946136475e-01
1.162183880805969238e-01
2.948780655860900879e-01
8.290748298168182373e-02
3.419564068317413330e-01
2.119336724281311035e-01
3.385422378778457642e-02
7.132617756724357605e-03
1.689452081918716431e-01
3.650854229927062988e-01
3.452138602733612061e-02
3.049733936786651611e-01
3.396129012107849121e-01
3.280725777149200439e-01
8.036700636148452759e-02
3.027508966624736786e-02
9.526160359382629395e-02
9.677314013242721558e-02
-1.093159243464469910e-02
9.261259436607360840e-02
1.476534903049468994e-01
3.094794750213623047e-01
2.204825282096862793e-01
4.285192191600799561e-01
1.195204854011535645e-01
2.369019538164138794e-01
8.150382339954376221e-02
3.726332485675811768e-01
4.604090750217437744e-02
1.396752595901489258e-01
2.667961120605468750e-01
3.868685662746429443e-01
3.335220813751220703e-01
1.066694185137748718e-01
9.302843362092971802e-02
2.529955208301544189e-01
1.084707975387573242e-01
1.096534654498100281e-01
1.513265371322631836e-01
1.881865710020065308e-01
-2.009751200675964355e-01
2.156603187322616577e-01
-2.831168659031391144e-02
8.661827445030212402e-02
2.809872627258300781e-01
2.422735095024108887e-01
2.335869967937469482e-01
4.072917997837066650e-01
1.243533864617347717e-01
6.129593029618263245e-02
4.096223711967468262e-01
3.509647250175476074e-01
1.925240904092788696e-01
8.296290040016174316e-02
1.904741227626800537e-01
2.984195351600646973e-01
2.710923850536346436e-01
3.046512901782989502e-01
1.984286457300186157e-01
-8.330867625772953033e-03
1.172937527298927307e-01
2.619437873363494873e-01
2.240395098924636841e-01
2.103728009387850761e-03
1.537369787693023682e-01
1.528929471969604492e-01
1.584509909152984619e-01
1.190609708428382874e-01
2.239709533751010895e-02
2.170811295509338379e-01
2.082958817481994629e-01
7.722748816013336182e-02
1.001867800951004028e-01
6.905746459960937500e-02
2.626169621944427490e-01
2.353847324848175049e-01
3.403446078300476074e-01
4.815807938575744629e-02
-8.240402489900588989e-02
3.768144845962524414e-01
1.934478133916854858e-01
1.900140643119812012e-01
3.877808153629302979e-01
1.860162019729614258e-01
2.966533899307250977e-01
3.511674404144287109e-01
3.881708383560180664e-01
2.644501626491546631e-01
3.039332926273345947e-01
2.301660329103469849e-01
1.271774619817733765e-01
1.154489442706108093e-01
7.285568118095397949e-02
3.224933743476867676e-01
9.408140182495117188e-02
-3.658628091216087341e-02
-9.136498719453811646e-02
4.158770143985748291e-01
3.508864343166351318e-01
2.468906044960021973e-01
2.091674879193305969e-02
-2.670727297663688660e-02
3.148627653717994690e-02
3.250783681869506836e-01
6.842466443777084351e-02
1.336727440357208252e-01
-1.240759938955307007e-01
2.868275046348571777e-01
2.442362457513809204e-01
3.292163014411926270e-01
1.672937273979187012e-01
1.847156733274459839e-01
5.382663384079933167e-02
2.665301263332366943e-01
4.412146657705307007e-02
2.227023392915725708e-01
2.050600945949554443e-01
3.130093514919281006e-01
1.374894194304943085e-02
3.063580393791198730e-01
1.007815077900886536e-01
2.356080561876296997e-01
3.198836743831634521e-01
2.416631877422332764e-01
1.239136233925819397e-01
1.959529817104339600e-01
2.524717450141906738e-01
2.515493333339691162e-01
-3.236914798617362976e-02
-5.821698810905218124e-03
2.220991700887680054e-01
2.953529953956604004e-01
2.170419245958328247e-01
1.982269585132598877e-01
7.521086931228637695e-02
6.627679616212844849e-02
1.938689649105072021e-01
2.447379827499389648e-01
4.033492207527160645e-01
3.583974391222000122e-02
4.270521998405456543e-01
1.620631217956542969e-01
3.087216615676879883e-01
1.090654879808425903e-01
2.746936082839965820e-01
5.598877370357513428e-02
1.465419530868530273e-01
2.369506508111953735e-01
7.548201084136962891e-02
1.837031543254852295e-01
-2.073086239397525787e-02
7.087495923042297363e-02
1.364476829767227173e-01
4.946875572204589844e-02
2.281504422426223755e-01
-1.023594066500663757e-01
1.796676591038703918e-02
2.533372044563293457e-01
1.292210370302200317e-01
2.625219523906707764e-01
3.790381848812103271e-01
9.504872560501098633e-02
2.635986506938934326e-01
3.003951907157897949e-01
3.953179717063903809e-01
-1.230750083923339844e-01
2.975914478302001953e-01
3.379026055335998535e-01
3.020197749137878418e-01
3.028039932250976562e-01
-1.172636356204748154e-02
1.310464590787887573e-01
2.148259282112121582e-01
1.549321115016937256e-01
9.059051424264907837e-02
2.204001992940902710e-01
3.466113209724426270e-01
2.106356471776962280e-01
2.019663751125335693e-01
2.962305247783660889e-01
2.911804914474487305e-01
8.782213926315307617e-02
-1.610044576227664948e-02
1.379800736904144287e-01
4.037578701972961426e-01
1.674962937831878662e-01
6.661435961723327637e-02
3.767263889312744141e-02
2.569863796234130859e-01
2.629638612270355225e-01
-3.345035389065742493e-02
9.989756345748901367e-02
-1.293350756168365479e-01
2.628991603851318359e-01
2.391720712184906006e-01
2.584437429904937744e-01
-8.466999232769012451e-02
-1.528347134590148926e-01
2.021289244294166565e-02
2.445652782917022705e-01
-2.575963735580444336e-04
2.109310328960418701e-01
2.162086814641952515e-01
1.224468052387237549e-01
1.417391747236251831e-01
2.755663692951202393e-01
2.475352883338928223e-01
4.392375946044921875e-01
3.570356965065002441e-01
3.870775699615478516e-01
2.558144927024841309e-01
3.069462478160858154e-01
1.339949965476989746e-01
1.508545428514480591e-01
2.489696145057678223e-01
1.112051308155059814e-01
-7.412217557430267334e-02
1.094611361622810364e-01
6.013425588607788086e-01
3.100721538066864014e-01
1.282982975244522095e-01
3.271686434745788574e-01
2.073274701833724976e-01
3.276278078556060791e-01
2.916943430900573730e-01
-2.625414635986089706e-03
3.399368524551391602e-01
9.287946857511997223e-03
1.331912726163864136e-01
3.271698653697967529e-01
2.255484908819198608e-01
8.714398741722106934e-02
8.966642618179321289e-02
2.396908849477767944e-01
1.147546172142028809e-01
4.108927212655544281e-03
1.168109551072120667e-01
-5.915179103612899780e-02
9.564153105020523071e-02
7.542363554239273071e-02
1.683364659547805786e-01
2.195643931627273560e-01
1.960845738649368286e-01
1.472526192665100098e-01
9.665820747613906860e-02
3.386623859405517578e-01
3.115986883640289307e-01
-4.290653765201568604e-02
1.066417992115020752e-01
1.936711072921752930e-01
4.233056008815765381e-01
8.632806688547134399e-02
3.526874184608459473e-01
9.904217720031738281e-02
1.850762516260147095e-01
1.911466941237449646e-02
1.678254902362823486e-01
3.444637954235076904e-01
2.312770336866378784e-01
1.953222751617431641e-01
2.560491859912872314e-01
5.433970093727111816e-01
1.009515970945358276e-01
1.269052922725677490e-01
8.630287647247314453e-02
3.016527295112609863e-01
-1.526652602478861809e-03
1.554524898529052734e-01
-3.272410482168197632e-02
2.941515743732452393e-01
2.104446738958358765e-01
1.493785828351974487e-01
2.685060203075408936e-01
3.387671411037445068e-01
4.782713204622268677e-02
-1.156730018556118011e-02
2.272114455699920654e-01
6.641408056020736694e-02
8.883317001163959503e-03
6.702232360839843750e-02
3.281135261058807373e-01
4.544052779674530029e-01
2.056097239255905151e-01
2.384728640317916870e-01
9.078828990459442139e-02
1.384284496307373047e-01
3.018275834619998932e-02
-1.054638251662254333e-02
-6.557668559253215790e-03
4.327429533004760742e-01
1.913739591836929321e-01
1.526596248149871826e-01
2.782508730888366699e-01
2.830654978752136230e-01
5.020108222961425781e-01
4.265295341610908508e-02
2.479769289493560791e-01
4.407748952507972717e-02
2.492703646421432495e-01
2.276603877544403076e-01
2.117167264223098755e-01
7.741095870733261108e-02
3.537325561046600342e-01
1.794233769178390503e-01
8.860927820205688477e-02
1.595564782619476318e-01
3.491729795932769775e-01
2.062070369720458984e-01
2.458215355873107910e-01
1.830521970987319946e-01
2.857248485088348389e-01
3.532971739768981934e-01
1.936369389295578003e-01
2.137215733528137207e-01
3.069136738777160645e-01
-6.293140351772308350e-02
1.687699556350708008e-01
1.814986765384674072e-01
2.062549889087677002e-01
2.488194033503532410e-02
5.405187979340553284e-02
2.600619755685329437e-02
2.693445980548858643e-01
4.669680073857307434e-02
1.104958653450012207e-01
-1.153780221939086914e-01
2.428311705589294434e-01
5.783550068736076355e-02
2.582220733165740967e-01
4.269786477088928223e-01
2.426474839448928833e-01
2.276390790939331055e-01
4.265982657670974731e-03
-7.006984204053878784e-02
3.643111884593963623e-01
2.921716272830963135e-01
2.678788900375366211e-01
1.687380522489547729e-01
2.072743475437164307e-01
-3.479678556323051453e-02
6.515886634588241577e-02
2.436963021755218506e-01
2.228137254714965820e-01
9.399401396512985229e-02
9.405175596475601196e-02
2.664906978607177734e-01
1.450303196907043457e-01
1.356847137212753296e-01
2.240445762872695923e-01
9.969753213226795197e-03
1.098544374108314514e-01
3.247345983982086182e-01
3.811291158199310303e-01
3.535938560962677002e-01
1.913706958293914795e-01
1.866502314805984497e-01
2.115409672260284424e-01
-9.981568157672882080e-02
2.892676293849945068e-01
1.142389625310897827e-01
1.455188393592834473e-01
1.966369450092315674e-01
1.538965106010437012e-01
1.382617652416229248e-01
1.618180572986602783e-01
1.139694266021251678e-02
1.475646197795867920e-01
2.192879319190979004e-01
9.573384374380111694e-02
9.473104774951934814e-02
8.808656036853790283e-02
3.612530827522277832e-01
4.892173409461975098e-01
3.405474126338958740e-01
2.158539742231369019e-01
3.825253248214721680e-01
1.970382928848266602e-01
1.516022682189941406e-01
-3.827982023358345032e-02
1.195329427719116211e-01
2.052303105592727661e-01
-3.022556006908416748e-02
3.209868073463439941e-01
3.349499404430389404e-01
2.615856230258941650e-01
1.721386909484863281e-01
7.832834124565124512e-02
4.106939733028411865e-01
9.681923687458038330e-02
1.994042694568634033e-01
-1.181657984852790833e-01
1.382632255554199219e-01
2.531985342502593994e-01
2.022968232631683350e-01
4.890617728233337402e-02
1.675893813371658325e-01
4.169710278511047363e-01
2.879820466041564941e-01
2.312485724687576294e-01
1.652565449476242065e-01
-8.162567764520645142e-02
2.676385045051574707e-01
1.007906720042228699e-01
2.553800642490386963e-01
2.206305116415023804e-01
2.446046769618988037e-01
4.080456867814064026e-02
-1.697540730237960815e-01
9.171108901500701904e-02
6.848747283220291138e-02
1.528053879737854004e-01
1.750349849462509155e-01
2.336628884077072144e-01
1.763327121734619141e-01
2.040072083473205566e-01
2.739830911159515381e-01
-1.445668488740921021e-01
2.627384662628173828e-01
1.390723437070846558e-01
2.643557786941528320e-01
7.241781800985336304e-02
2.142042964696884155e-01
1.982806622982025146e-01
2.512359917163848877e-01
1.468405425548553467e-01
1.773069947957992554e-01
9.073191136121749878e-02
2.765380740165710449e-01
4.400004148483276367e-01
1.595703214406967163e-01
1.345401108264923096e-01
3.484929203987121582e-01
2.893466055393218994e-01
1.607787460088729858e-01
1.281458139419555664e-01
2.533593475818634033e-01
4.090852141380310059e-01
2.263274639844894409e-01
2.764657139778137207e-01
1.427158713340759277e-02
6.208900734782218933e-02
1.714383810758590698e-01
2.954005897045135498e-01
6.623157113790512085e-02
-1.898928433656692505e-01
-3.917272388935089111e-02
2.011007964611053467e-01
2.619614303112030029e-01
5.106528997421264648e-01
-9.548964351415634155e-02
2.127982228994369507e-01
2.992246113717556000e-02
2.663125693798065186e-01
1.382848322391510010e-01
1.981903314590454102e-01
5.202583074569702148e-01
3.248767852783203125e-01
1.711710542440414429e-01
2.130921334028244019e-01
3.039349019527435303e-01
2.672250568866729736e-01
7.457538694143295288e-02
3.040446639060974121e-01
3.242164552211761475e-01
2.459209263324737549e-01
-1.481244415044784546e-01
3.941992819309234619e-01
3.285165429115295410e-01
1.681480109691619873e-01
1.843641847372055054e-01
2.538642883300781250e-01
1.295849382877349854e-01
2.166302502155303955e-01
1.102181971073150635e-01
1.174916326999664307e-01
1.539714336395263672e-01
1.785233467817306519e-01
1.709430292248725891e-02
2.056930810213088989e-01
2.630474269390106201e-01
8.160603232681751251e-03
-8.191102743148803711e-02
2.384635210037231445e-01
2.622730731964111328e-01
1.897837370634078979e-01
1.454363614320755005e-01
1.260481923818588257e-01
6.851049512624740601e-02
2.624722421169281006e-01
2.133105844259262085e-01
-5.932020768523216248e-02
1.024416387081146240e-01
1.065112128853797913e-01
1.738814413547515869e-01
1.715642958879470825e-01
3.699177205562591553e-01
-4.888760298490524292e-02
1.543853580951690674e-01
3.085390627384185791e-01
3.249868452548980713e-01
1.906811892986297607e-01
2.455392479896545410e-01
2.971699833869934082e-01
3.131975233554840088e-01
3.217673003673553467e-01
1.285602450370788574e-01
8.334710448980331421e-02
-6.507923454046249390e-02
1.053845603018999100e-02
1.178496703505516052e-01
2.208492010831832886e-01
-1.536236517131328583e-02
2.193749547004699707e-01
3.057267367839813232e-01
1.810268312692642212e-01
2.396125495433807373e-01
2.288199812173843384e-01
3.487703502178192139e-01
1.203157380223274231e-01
1.639942973852157593e-01
1.980796903371810913e-01
2.409673929214477539e-01
1.908653974533081055e-01
1.899135708808898926e-01
4.141371846199035645e-01
1.727705299854278564e-01
1.962231993675231934e-01
2.305496335029602051e-01
2.602707445621490479e-01
2.702497243881225586e-01
2.139768600463867188e-01
1.806294173002243042e-01
4.394746124744415283e-01
4.613313972949981689e-01
-8.553046733140945435e-02
2.073512375354766846e-01
8.357237279415130615e-02
3.533681109547615051e-02
8.891451358795166016e-02
2.252409458160400391e-01
1.699703931808471680e-01
7.487987726926803589e-02
7.260764390230178833e-02
1.945150047540664673e-01
3.463717997074127197e-01
2.426874078810214996e-02
1.982715874910354614e-01
2.507747709751129150e-01
2.047275602817535400e-01
-8.377442508935928345e-02
9.635236929170787334e-04
1.421703398227691650e-01
1.899876445531845093e-01
2.562161087989807129e-01
2.047679722309112549e-01
3.548428118228912354e-01
-1.012770459055900574e-02
7.125715166330337524e-02
-2.297173067927360535e-02
1.536207646131515503e-01
1.843328922986984253e-01
1.541154682636260986e-01
9.019885957241058350e-02
2.696458399295806885e-01
3.458839356899261475e-01
1.315003335475921631e-01
-3.461102768778800964e-02
2.523138225078582764e-01
2.965114414691925049e-01
2.164460569620132446e-01
2.412428110837936401e-01
1.792732328176498413e-01
4.091620445251464844e-01
-3.600019961595535278e-02
3.367831707000732422e-01
6.206953898072242737e-02
1.576132327318191528e-01
3.032415807247161865e-01
1.883174777030944824e-01
1.768245100975036621e-01
3.860212266445159912e-01
1.683069318532943726e-01
4.902747273445129395e-02
1.543365865945816040e-01
4.313923791050910950e-02
1.057889461517333984e-01
3.236031234264373779e-01
-1.435944288969039917e-01
4.555840790271759033e-02
4.733907878398895264e-01
2.074358165264129639e-01
2.752329707145690918e-01
-8.548724651336669922e-02
4.038465917110443115e-01
6.471401453018188477e-02
1.911578774452209473e-01
3.526569008827209473e-01
9.991980344057083130e-02
-1.110479161143302917e-01
-2.499916218221187592e-02
2.561202645301818848e-01
2.285367697477340698e-01
4.934863448143005371e-01
-6.350937485694885254e-02
2.732566297054290771e-01
3.598201870918273926e-01
2.404197603464126587e-01
2.100461721420288086e-01
3.388530015945434570e-02
-3.794406354427337646e-02
2.863205373287200928e-01
1.906226575374603271e-02
3.723224699497222900e-01
-6.669116020202636719e-02
1.289022415876388550e-01
1.340648829936981201e-01
1.183277964591979980e-01
-4.388378933072090149e-02
3.451660871505737305e-01
2.896788716316223145e-01
-2.204086184501647949e-01
-6.377357058227062225e-03
3.135414421558380127e-01
2.724789381027221680e-01
2.649856805801391602e-01
3.228335976600646973e-01
8.001362532377243042e-02
2.881966829299926758e-01
2.829456329345703125e-01
1.282285600900650024e-01
1.800882667303085327e-01
2.533189654350280762e-01
3.026408851146697998e-01
3.632376492023468018e-01
2.487017065286636353e-01
4.085531234741210938e-01
3.314795717597007751e-02
2.968089878559112549e-01
-6.098407879471778870e-02
3.449799120426177979e-01
3.862778842449188232e-01
2.964939475059509277e-01
1.701324135065078735e-01
2.652718722820281982e-01
2.338142693042755127e-02
1.907884627580642700e-01
2.417675778269767761e-02
1.251568943262100220e-01
2.491670995950698853e-01
9.005093574523925781e-02
-6.038597971200942993e-02
1.878946460783481598e-02
1.256109774112701416e-01
5.598963238298892975e-03
1.664476692676544189e-01
1.014071926474571228e-01
7.178143411874771118e-02
1.380962729454040527e-01
1.105810403823852539e-01
1.993061751127243042e-01
1.930800229310989380e-01
3.584544360637664795e-02
3.145811855792999268e-01
1.035781800746917725e-01
1.345684528350830078e-01
1.985739767551422119e-01
1.146255880594253540e-01
1.212009266018867493e-01
1.269396692514419556e-01
-3.277488350868225098e-01
-2.109322994947433472e-01
-3.123887777328491211e-01
-2.244816869497299194e-01
-1.673373728990554810e-01
-5.160505324602127075e-02
-4.712733626365661621e-01
-3.155048191547393799e-01
-2.302000820636749268e-01
-2.363480031490325928e-01
-1.736946552991867065e-01
1.587773859500885010e-02
8.389373309910297394e-03
4.341312125325202942e-02
-2.165723741054534912e-01
-5.284299850463867188e-01
-4.321672022342681885e-01
-1.987887471914291382e-01
-2.826158702373504639e-01
-2.514737248420715332e-01
-1.486581563949584961e-01
1.233609765768051147e-01
3.237836658954620361e-01
3.721608817577362061e-01
8.208636939525604248e-02
1.871659159660339355e-01
4.911780059337615967e-01
3.196876049041748047e-01
4.003349244594573975e-01
2.092720866203308105e-01
3.571697473526000977e-01
7.523648440837860107e-02
2.123230509459972382e-02
1.191732212901115417e-01
3.154025971889495850e-01
-3.164178878068923950e-02
8.778115734457969666e-03
-8.938695490360260010e-02
-8.542886003851890564e-03
1.852589249610900879e-01
1.167959198355674744e-01
-1.288133859634399414e-01
-1.135803312063217163e-01
-4.597922042012214661e-02
7.749091833829879761e-02
-3.204690217971801758e-01
-2.944604456424713135e-01
-5.796661227941513062e-02
-1.036339402198791504e-01
-2.963775396347045898e-01
-5.938538908958435059e-02
-2.571433782577514648e-01
-5.638692528009414673e-03
-4.641564190387725830e-02
-1.161125209182500839e-02
7.317771762609481812e-02
-2.100433968007564545e-02
4.326258003711700439e-01
3.690005540847778320e-01
2.515909969806671143e-01
1.918144226074218750e-01
2.318568229675292969e-01
1.742098480463027954e-01
2.913915216922760010e-01
2.133725583553314209e-01
5.174680948257446289e-01
2.644749581813812256e-01
7.428698986768722534e-02
9.562370181083679199e-02
1.875221431255340576e-01
2.055597305297851562e-01
3.791746497154235840e-01
3.598381578922271729e-02
2.874562740325927734e-01
-3.671377897262573242e-02
1.987766176462173462e-01
1.706063598394393921e-01
4.033012390136718750e-01
1.698339134454727173e-01
3.005663752555847168e-01
3.150582015514373779e-01
3.566502034664154053e-01
4.387994110584259033e-01
2.475806027650833130e-01
1.590635627508163452e-01
3.336250185966491699e-01
7.490006834268569946e-02
3.838182091712951660e-01
2.656636238098144531e-01
2.956145107746124268e-01
1.447423398494720459e-01
1.981280297040939331e-01
1.957010924816131592e-01
3.188849985599517822e-01
7.256931811571121216e-02
3.748337924480438232e-02
7.916450500488281250e-02
3.014130890369415283e-01
1.630454808473587036e-01
1.412027478218078613e-01
1.203705593943595886e-01
1.891777813434600830e-01
1.514499038457870483e-01
-6.564819067716598511e-02
2.459422051906585693e-01
5.531116202473640442e-02
1.244951710104942322e-01
2.359941899776458740e-01
1.822453290224075317e-01
9.207426756620407104e-02
-1.971343159675598145e-01
-7.829460501670837402e-02
1.561753302812576294e-01
-1.890936940908432007e-01
1.627170294523239136e-01
-4.842556547373533249e-03
5.555519089102745056e-02
4.379717111587524414e-01
1.541282534599304199e-01
1.300203800201416016e-01
1.907420307397842407e-01
2.127666771411895752e-01
2.950807213783264160e-01
2.901686429977416992e-01
3.407745435833930969e-02
1.487776190042495728e-01
3.163245320320129395e-01
2.316988408565521240e-01
1.269901841878890991e-01
-8.792357891798019409e-02
2.157904952764511108e-01
3.227082788944244385e-01
2.854727506637573242e-01
2.843734622001647949e-01
3.603723943233489990e-01
2.905682027339935303e-01
8.376580476760864258e-02
2.302450239658355713e-01
2.061295509338378906e-01
2.723355293273925781e-01
2.508171200752258301e-01
1.244242563843727112e-01
3.011176586151123047e-01
4.087268561124801636e-02
1.318422853946685791e-01
4.499233886599540710e-02
2.181058824062347412e-01
1.122689619660377502e-01
1.574868112802505493e-01
-1.437535732984542847e-01
-4.931841976940631866e-03
1.956506669521331787e-01
1.466233134269714355e-01
5.810656398534774780e-02
2.250014543533325195e-01
2.394170910120010376e-01
9.234116226434707642e-02
9.006410837173461914e-02
6.102588400244712830e-02
1.560667306184768677e-01
-1.275575011968612671e-01
1.485553979873657227e-01
1.695386469364166260e-01
2.884927988052368164e-01
4.348185360431671143e-01
7.717499136924743652e-02
1.343909800052642822e-01
2.672493755817413330e-01
3.762741759419441223e-02
-1.737395860254764557e-02
3.147410452365875244e-01
3.037036955356597900e-01
4.803560078144073486e-01
1.702281534671783447e-01
-3.531395271420478821e-02
2.887954413890838623e-01
-1.517483592033386230e-01
-1.195114254951477051e-01
3.935540020465850830e-01
4.473641142249107361e-02
1.594984233379364014e-01
2.759582400321960449e-01
1.109115779399871826e-01
2.627476453781127930e-01
1.846650689840316772e-01
2.436448037624359131e-01
3.019919395446777344e-01
3.651821911334991455e-01
2.441052794456481934e-01
3.570876643061637878e-02
-7.519720494747161865e-02
2.494762837886810303e-01
-3.355550114065408707e-03
2.091357409954071045e-01
1.145303770899772644e-01
-3.829822316765785217e-02
1.803814806044101715e-02
2.745544016361236572e-01
2.325402200222015381e-01
3.386832773685455322e-01
1.304646581411361694e-01
-2.461911924183368683e-02
3.691486120223999023e-01
3.296394944190979004e-01
1.925599277019500732e-01
1.933727711439132690e-01
3.363474011421203613e-01
9.075174480676651001e-02
1.134034842252731323e-01
7.720823865383863449e-03
1.276890337467193604e-01
1.728432029485702515e-01
2.405687421560287476e-02
8.350264281034469604e-02
7.083124667406082153e-02
1.571441888809204102e-01
1.101164817810058594e-01
2.532588243484497070e-01
2.038833498954772949e-01
1.230943948030471802e-01
3.223641216754913330e-01
2.879658341407775879e-01
3.034529387950897217e-01
1.588099598884582520e-01
2.507412135601043701e-01
2.567327022552490234e-01
3.527199029922485352e-01
9.873032569885253906e-02
2.631912827491760254e-01
-1.010797470808029175e-01
-3.443343937397003174e-02
2.422811239957809448e-01
3.535061776638031006e-01
1.810890138149261475e-01
9.238870441913604736e-02
7.563692331314086914e-02
1.818704754114151001e-01
1.986331045627593994e-01
2.021217197179794312e-01
-2.175805717706680298e-02
-1.332917958498001099e-01
8.455071598291397095e-02
1.280679404735565186e-01
3.601095676422119141e-01
1.959515037015080452e-03
9.759177267551422119e-02
2.286914587020874023e-01
1.636424660682678223e-01
1.249092146754264832e-01
1.981432139873504639e-01
2.967889010906219482e-01
2.611965537071228027e-01
2.285496294498443604e-01
3.514361679553985596e-01
2.039278447628021240e-01
1.593440473079681396e-01
3.208654373884201050e-02
1.153058037161827087e-01
2.271816432476043701e-01
1.348742693662643433e-01
8.712604641914367676e-02
3.210355639457702637e-01
1.864602714776992798e-01
2.751122713088989258e-01
-4.912362247705459595e-02
3.247357308864593506e-01
1.885283142328262329e-01
2.421755641698837280e-01
3.381143808364868164e-01
3.507739603519439697e-01
2.713576257228851318e-01
3.044801056385040283e-01
-7.441611588001251221e-02
3.584010154008865356e-02
6.813652068376541138e-02
-1.209307461977005005e-01
6.461638212203979492e-02
2.250054478645324707e-01
3.006473481655120850e-01
2.084947675466537476e-01
1.080226153135299683e-01
2.966448664665222168e-01
3.661746382713317871e-01
1.086780354380607605e-01
2.192204296588897705e-01
1.600612252950668335e-01
4.892548546195030212e-03
-6.117430701851844788e-02
-1.555993407964706421e-01
-1.855409331619739532e-02
3.542010858654975891e-02
-2.553838863968849182e-02
7.932072132825851440e-02
1.703670471906661987e-01
3.270801603794097900e-01
2.818800508975982666e-01
2.757091224193572998e-01
2.506904006004333496e-01
8.606196939945220947e-02
1.098042502999305725e-01
1.736916005611419678e-01
2.568424046039581299e-01
3.220292031764984131e-01
2.128328531980514526e-01
2.932522892951965332e-01
1.924614608287811279e-01
-2.521077357232570648e-02
7.211667299270629883e-02
1.761430948972702026e-01
-1.905101910233497620e-02
9.556315839290618896e-03
7.534316740930080414e-03
3.908282816410064697e-01
6.525105983018875122e-02
2.057676762342453003e-01
2.411099337041378021e-02
3.541791439056396484e-01
8.147266507148742676e-02
-7.706215977668762207e-02
2.281812131404876709e-01
-1.015490964055061340e-01
3.629213273525238037e-01
1.225821152329444885e-01
3.417999446392059326e-01
5.121211409568786621e-01
3.402639031410217285e-01
3.053529262542724609e-01
2.185441553592681885e-01
9.090244770050048828e-02
9.470494091510772705e-02
1.357809901237487793e-01
1.824471503496170044e-01
-7.852735929191112518e-03
-7.724783569574356079e-02
1.846880763769149780e-01
1.246647611260414124e-01
4.220933318138122559e-01
4.607647657394409180e-02
3.625861108303070068e-01
8.109988272190093994e-02
3.817205131053924561e-01
1.726483404636383057e-01
2.024123966693878174e-01
1.491556912660598755e-01
1.618303544819355011e-02
4.052219688892364502e-01
2.910107374191284180e-01
1.126635223627090454e-01
1.738969832658767700e-01
1.855500042438507080e-01
1.757135614752769470e-03
1.040345653891563416e-01
-2.554809860885143280e-02
6.656533479690551758e-02
1.613200157880783081e-01
2.037881016731262207e-01
3.118809461593627930e-01
2.459949813783168793e-02
2.987640202045440674e-01
2.941931486129760742e-01
1.763882935047149658e-01
-2.857422642409801483e-02
-9.253802895545959473e-02
2.552416324615478516e-01
1.705464124679565430e-01
2.526614367961883545e-01
7.352740317583084106e-02
1.289045363664627075e-01
1.657481044530868530e-01
3.746254146099090576e-01
9.599964320659637451e-02
1.242307648062705994e-01
8.231609314680099487e-02
1.841476932168006897e-02
2.678607404232025146e-01
2.597217559814453125e-01
-1.870165467262268066e-01
6.662952154874801636e-02
2.216022312641143799e-01
9.057306498289108276e-02
3.727553784847259521e-01
2.710656821727752686e-01
1.224864497780799866e-01
2.866039574146270752e-01
-3.280073404312133789e-02
2.980579733848571777e-01
3.229830265045166016e-01
2.054707854986190796e-01
1.158958747982978821e-01
3.331365287303924561e-01
-1.993745714426040649e-01
3.064254224300384521e-01
3.616881072521209717e-01
3.001042306423187256e-01
2.829531431198120117e-01
6.082132086157798767e-02
1.142156273126602173e-01
5.343243479728698730e-01
1.026285961270332336e-01
3.009927570819854736e-01
-4.388786479830741882e-02
1.487699300050735474e-01
3.314667046070098877e-01
7.526175677776336670e-02
1.287696510553359985e-01
2.035061866044998169e-01
1.613693237304687500e-01
9.982220828533172607e-02
9.478852897882461548e-02
2.272137850522994995e-01
2.196945995092391968e-01
3.424164056777954102e-01
2.221547961235046387e-01
2.601007521152496338e-01
2.729366421699523926e-01
1.587887406349182129e-01
4.079894348978996277e-02
-1.589738279581069946e-01
2.540326416492462158e-01
-7.673113793134689331e-02
2.630627751350402832e-01
2.742570638656616211e-01
2.885412573814392090e-01
2.794368863105773926e-01
3.105078339576721191e-01
-1.027625724673271179e-01
9.680078923702239990e-02
2.539644837379455566e-01
4.300021380186080933e-02
2.823033630847930908e-01
1.046784818172454834e-01
1.127875521779060364e-01
3.066953122615814209e-01
-1.154680624604225159e-01
1.256178319454193115e-01
2.308182418346405029e-01
3.158109188079833984e-01
3.915217220783233643e-01
1.785702854394912720e-01
2.168408632278442383e-01
4.459456074982881546e-03
7.989910244941711426e-02
-1.555961072444915771e-01
1.000257059931755066e-01
1.885189712047576904e-01
2.396117337048053741e-02
9.320035576820373535e-02
1.470773667097091675e-01
1.688452959060668945e-01
3.787046074867248535e-01
1.751491874456405640e-01
1.576107740402221680e-01
3.415438830852508545e-01
1.776042282581329346e-01
4.336276054382324219e-01
1.257568597793579102e-01
2.348876893520355225e-01
3.523700237274169922e-01
1.009739637374877930e-01
9.350669384002685547e-02
3.248395323753356934e-01
1.446218341588973999e-01
1.598642021417617798e-01
4.988122880458831787e-01
1.565376222133636475e-01
3.039401173591613770e-01
4.919745922088623047e-01
-5.088882893323898315e-02
3.024977445602416992e-01
2.077025473117828369e-01
9.669265896081924438e-02
1.182167083024978638e-01
1.212578453123569489e-02
-2.806821651756763458e-02
4.133602678775787354e-01
1.472336947917938232e-01
7.887981832027435303e-02
-1.643656492233276367e-01
-2.770066726952791214e-03
2.202381342649459839e-01
1.110310927033424377e-01
2.433816157281398773e-02
1.466281712055206299e-01
-1.015692297369241714e-02
1.380856782197952271e-01
1.820452064275741577e-01
3.403536081314086914e-01
3.028194308280944824e-01
1.475990563631057739e-01
8.181206136941909790e-02
2.742127180099487305e-01
1.187459230422973633e-01
3.037746250629425049e-01
2.470547556877136230e-01
9.170224517583847046e-02
1.700982153415679932e-01
1.432831436395645142e-01
3.830128312110900879e-01
5.680749192833900452e-02
2.519671320915222168e-01
9.226621687412261963e-02
2.377904206514358521e-01
1.902175992727279663e-01
1.460699737071990967e-01
3.972830772399902344e-01
1.849770843982696533e-01
1.151136010885238647e-01
3.307515382766723633e-01
1.248844414949417114e-01
3.765170276165008545e-02
2.436142563819885254e-01
4.103611707687377930e-01
1.305628567934036255e-01
2.836707830429077148e-01
3.935278058052062988e-01
8.199310302734375000e-02
9.464607387781143188e-02
1.091301441192626953e-01
2.420447915792465210e-01
8.317819237709045410e-02
7.563547790050506592e-02
2.140944451093673706e-01
3.331049680709838867e-01
1.860293596982955933e-01
2.549027800559997559e-01
9.014095366001129150e-02
1.025768965482711792e-01
3.450587391853332520e-01
1.762761473655700684e-01
