9.234104156494140625e+01
1.831576728820800781e+01
-9.871898651123046875e+01
-8.753584289550781250e+01
1.627044296264648438e+01
-8.230437469482421875e+01
7.087290883064270020e-01
-7.464985656738281250e+01
-6.380092620849609375e+01
6.586007690429687500e+01
9.210881042480468750e+01
9.509696197509765625e+01
-8.927954101562500000e+01
-9.842672729492187500e+01
-4.453910827636718750e+01
-1.688860893249511719e+01
9.932183837890625000e+01
-9.987432098388671875e+01
-9.996077728271484375e+01
-9.948110961914062500e+01
-9.279110717773437500e+01
-9.958465576171875000e+01
-8.453697967529296875e+01
-9.849350738525390625e+01
-9.365254211425781250e+01
-4.177578353881835938e+01
-9.232795715332031250e+01
-2.433563232421875000e+01
4.366947174072265625e+01
9.996989440917968750e+01
9.078455352783203125e+01
8.574761962890625000e+01
8.972920227050781250e+01
7.757153320312500000e+01
7.868107604980468750e+01
7.098239898681640625e+01
5.935109329223632812e+01
7.893024444580078125e+01
8.658797454833984375e+01
-7.757396697998046875e+01
-6.383421325683593750e+01
-2.675101852416992188e+01
-8.458489418029785156e+00
8.901147460937500000e+01
9.262879180908203125e+01
9.735861968994140625e+01
9.092719268798828125e+01
-9.960745239257812500e+01
-7.660431671142578125e+01
-2.139828872680664062e+01
8.229973602294921875e+01
7.952264404296875000e+01
9.728631591796875000e+01
-6.014271926879882812e+01
-9.960374450683593750e+01
-1.168521213531494141e+01
-4.555501174926757812e+01
1.096681475639343262e+00
8.674370574951171875e+01
9.653222656250000000e+01
-1.116445541381835938e+01
-6.233823776245117188e+01
3.981067657470703125e+01
-9.778738403320312500e+01
-9.380603790283203125e+01
7.746311187744140625e+01
9.815496063232421875e+01
8.938750457763671875e+01
9.914360809326171875e+01
1.665763473510742188e+01
-6.760600280761718750e+01
-9.481712341308593750e+01
-9.078414916992187500e+01
-3.317980957031250000e+01
9.381410980224609375e+01
5.894206619262695312e+01
7.800158691406250000e+01
7.876895141601562500e+01
-9.541432189941406250e+01
9.434211730957031250e+01
-7.827162170410156250e+01
-7.034244537353515625e+01
5.865879058837890625e+01
9.926166534423828125e+01
1.922210311889648438e+01
-8.491882324218750000e+01
-9.933181762695312500e+01
-8.504685974121093750e+01
-7.050915527343750000e+01
9.471867370605468750e+01
9.943323516845703125e+01
9.786162567138671875e+01
-9.342229843139648438e+00
-6.289971923828125000e+01
-8.928376770019531250e+01
7.774691772460937500e+01
9.702909088134765625e+01
9.787014007568359375e+01
9.954965972900390625e+01
-9.877777099609375000e+01
-8.837830352783203125e+01
-8.233448791503906250e+01
9.435823822021484375e+01
9.847135162353515625e+01
4.724564361572265625e+01
7.841047668457031250e+01
8.481517791748046875e+01
-8.985263824462890625e+01
-9.356678009033203125e+01
-9.881478118896484375e+01
-6.154356002807617188e+01
9.203956604003906250e+01
8.984019470214843750e+01
9.878656005859375000e+01
8.505915832519531250e+01
-9.991999816894531250e+01
-7.016927337646484375e+01
-5.399996566772460938e+01
-7.915621185302734375e+01
-5.639915466308593750e+00
7.083278656005859375e+01
9.788777923583984375e+01
-7.555022430419921875e+01
-9.832120513916015625e+01
-9.543830871582031250e+01
5.768703842163085938e+01
8.062149047851562500e+01
9.938973999023437500e+01
5.127857208251953125e+01
9.041393280029296875e+01
2.684977722167968750e+01
-4.545453262329101562e+01
-5.179337692260742188e+01
6.223720169067382812e+01
8.843952178955078125e+01
9.835279083251953125e+01
-1.322693347930908203e+01
-9.349348449707031250e+01
-5.455269813537597656e+00
-7.821975708007812500e+01
8.376624298095703125e+01
-8.609977722167968750e+00
9.064805603027343750e+01
3.271499252319335938e+01
7.488382720947265625e+01
-8.546393585205078125e+01
-3.065822982788085938e+01
7.860137176513671875e+01
8.886772155761718750e+01
-5.932780456542968750e+01
8.868796539306640625e+01
-9.850957489013671875e+01
6.833900451660156250e+01
-5.697372436523437500e+01
-3.503393936157226562e+01
-9.996259808540344238e-01
-6.606702423095703125e+01
9.762700653076171875e+01
9.998479461669921875e+01
4.642976379394531250e+01
8.043816375732421875e+01
-4.960129165649414062e+01
-2.159043693542480469e+01
6.716529846191406250e+01
9.744386291503906250e+01
9.990989685058593750e+01
7.447860717773437500e+01
9.422021484375000000e+01
5.285682678222656250e+01
-4.706141662597656250e+01
-9.960797119140625000e+01
-9.814003753662109375e+01
-7.095548248291015625e+01
7.009380340576171875e+01
6.190253067016601562e+01
6.077698516845703125e+01
-9.565792846679687500e+01
-6.883210182189941406e+00
-9.982489013671875000e+01
-9.887070465087890625e+01
5.928643417358398438e+01
6.260095214843750000e+01
6.773268127441406250e+01
8.171619415283203125e+01
-1.029585170745849609e+01
-9.489597320556640625e+01
-9.620419311523437500e+01
5.375505828857421875e+01
1.627182364463806152e+00
8.181649017333984375e+01
-9.662670135498046875e+01
-2.558687400817871094e+01
5.774205780029296875e+01
-9.611325836181640625e+01
-8.965419769287109375e+01
-6.073012542724609375e+01
7.092793273925781250e+01
9.760395812988281250e+01
-1.857977676391601562e+01
9.418870544433593750e+01
1.664268875122070312e+01
-8.499401092529296875e+01
-5.945558547973632812e+01
9.900554656982421875e+01
9.888332366943359375e+01
9.967010498046875000e+01
5.549247741699218750e+01
8.784210968017578125e+01
-6.432774353027343750e+01
-9.940946197509765625e+01
-1.962965583801269531e+01
8.532518768310546875e+01
9.629747772216796875e+01
9.943160247802734375e+01
8.285957336425781250e+01
2.261602210998535156e+01
-9.839955139160156250e+01
-9.554414367675781250e+01
-7.342972564697265625e+01
-9.963916778564453125e+01
-9.437789916992187500e+01
-9.712664031982421875e+01
-5.362356662750244141e+00
-2.991222381591796875e+01
8.404148101806640625e+01
5.032093429565429688e+01
-8.709449005126953125e+01
-9.389725494384765625e+01
4.954003143310546875e+01
-1.431162166595458984e+01
-8.931925964355468750e+01
6.317412948608398438e+01
6.149573516845703125e+01
9.223858642578125000e+01
8.518798065185546875e+01
5.885695648193359375e+01
9.449635314941406250e+01
-6.887203216552734375e+01
9.523696899414062500e+01
2.320421218872070312e+00
9.647470092773437500e+01
1.033009624481201172e+01
-5.410820388793945312e+01
5.113103866577148438e+01
-9.520542907714843750e+01
2.729894256591796875e+01
2.695722961425781250e+01
1.154476356506347656e+01
-9.866203308105468750e+01
-9.697592163085937500e+01
-9.997561645507812500e+01
-5.340555191040039062e+01
1.442868709564208984e+00
-5.108861923217773438e+01
-9.330063629150390625e+01
9.830877685546875000e+01
7.778207397460937500e+01
-5.859902572631835938e+01
-4.229679107666015625e+00
-9.825881958007812500e+01
2.297309112548828125e+01
9.920088958740234375e+01
4.632338714599609375e+01
9.699739074707031250e+01
9.295037078857421875e+01
-2.298604202270507812e+01
-5.177318954467773438e+01
9.714768218994140625e+01
1.941836738586425781e+01
-5.355130386352539062e+01
9.770928955078125000e+01
2.407316780090332031e+01
4.779122161865234375e+01
-9.438362884521484375e+01
-9.989538574218750000e+01
-9.844737243652343750e+01
-7.773371887207031250e+01
7.483433532714843750e+01
6.947864532470703125e+01
-9.886468505859375000e+01
-7.890283966064453125e+01
-9.885800170898437500e+01
-4.943445205688476562e+01
8.063916015625000000e+01
5.949038696289062500e+01
9.818435668945312500e+01
8.607715606689453125e+01
9.274745178222656250e+01
-8.612889862060546875e+01
-3.233658599853515625e+01
-2.505143547058105469e+01
8.876796722412109375e+01
3.166543769836425781e+01
9.985704040527343750e+01
-4.014352798461914062e+01
-4.455052566528320312e+01
-8.167971038818359375e+01
9.635429382324218750e+01
8.457780456542968750e+01
7.713903045654296875e+01
9.164754486083984375e+01
2.208614730834960938e+01
-1.210666465759277344e+01
8.309863281250000000e+01
7.543584442138671875e+01
-5.382352828979492188e+00
4.619582366943359375e+01
-2.106236457824707031e+01
-5.631042861938476562e+01
6.319211196899414062e+01
-6.503462219238281250e+01
4.957625579833984375e+01
-6.523749542236328125e+01
-9.891948699951171875e+01
9.408256530761718750e+01
8.663726043701171875e+01
-9.052823638916015625e+01
-5.731080627441406250e+01
-9.382543945312500000e+01
7.586177062988281250e+01
9.830144500732421875e+01
3.695623779296875000e+01
-1.177681541442871094e+01
-8.461223602294921875e+01
-5.285145568847656250e+01
-8.461400604248046875e+01
7.953121948242187500e+01
9.045290374755859375e+01
6.260893249511718750e+01
9.798226165771484375e+01
2.596636772155761719e+01
-8.295504760742187500e+01
-9.756553649902343750e+01
7.253679656982421875e+01
9.932460021972656250e+01
5.640594863891601562e+01
6.030437850952148438e+01
-9.654077148437500000e+01
-9.098262786865234375e+01
-8.489163208007812500e+01
-9.949108123779296875e+01
9.394677734375000000e+01
8.221929168701171875e+01
9.728572082519531250e+01
-8.994200134277343750e+01
-2.679466629028320312e+01
-8.592650604248046875e+01
-8.287919616699218750e+01
8.235184478759765625e+01
9.989026641845703125e+01
9.955714416503906250e+01
9.986750793457031250e+01
7.513117218017578125e+01
-9.108720397949218750e+01
9.383889770507812500e+01
1.711548233032226562e+01
-8.978745269775390625e+01
1.503798675537109375e+01
1.730127716064453125e+01
-2.882018661499023438e+01
-7.977217102050781250e+01
-9.951536560058593750e+01
-9.837285614013671875e+01
9.427547454833984375e+01
-2.658050727844238281e+01
7.659110260009765625e+01
-6.157415008544921875e+01
-8.926828002929687500e+01
-4.069605255126953125e+01
1.470607662200927734e+01
9.540979003906250000e+01
9.194359588623046875e+01
8.089122772216796875e+01
8.168464660644531250e+01
5.073462677001953125e+01
9.048050880432128906e+00
-8.702104187011718750e+01
-9.027394104003906250e+01
-8.350302124023437500e+01
9.354727935791015625e+01
7.246811676025390625e+01
8.900418090820312500e+01
-7.209485626220703125e+01
-8.299900054931640625e+01
-5.128617858886718750e+01
-7.834977722167968750e+01
5.980459976196289062e+01
8.556876373291015625e+01
9.952927589416503906e+00
1.883455276489257812e+01
-6.707300567626953125e+01
-3.914746475219726562e+01
-8.523808288574218750e+01
9.936209869384765625e+01
-6.742860412597656250e+01
6.465505218505859375e+01
9.410288238525390625e+01
7.139619445800781250e+01
-9.895010375976562500e+01
-9.102253723144531250e+01
-9.240552520751953125e+01
-7.731542205810546875e+01
-5.182261657714843750e+01
9.457520294189453125e+01
9.830724334716796875e+01
6.781448364257812500e+01
7.627223968505859375e+01
-4.189649963378906250e+01
-7.982939910888671875e+01
7.788720703125000000e+01
9.473617553710937500e+01
9.594806671142578125e+01
-6.928912353515625000e+01
5.328314971923828125e+01
8.436757659912109375e+01
8.235158538818359375e+01
9.058752441406250000e+01
-9.975455474853515625e+01
-9.841973114013671875e+01
-9.968443298339843750e+01
-9.218524932861328125e+01
8.525437164306640625e+01
-7.256581115722656250e+01
-9.745566558837890625e+01
-9.880265808105468750e+01
-8.619424438476562500e+01
-7.331549835205078125e+01
-3.649921798706054688e+01
9.763653564453125000e+01
8.866269683837890625e+01
9.912385559082031250e+01
1.470422744750976562e+01
6.021794509887695312e+01
9.938312530517578125e+01
9.232947540283203125e+01
6.369672393798828125e+01
-3.911316680908203125e+01
9.234813690185546875e+01
8.609546661376953125e+01
9.160424804687500000e+01
9.374028015136718750e+01
-7.915654754638671875e+01
9.308325958251953125e+01
-9.404615783691406250e+01
-7.962625122070312500e+01
7.349002075195312500e+01
9.434316253662109375e+01
-6.535389709472656250e+01
9.051448059082031250e+01
-9.399991607666015625e+01
-9.975774383544921875e+01
-8.845546722412109375e+01
8.040348052978515625e+01
5.399469757080078125e+01
4.665718078613281250e+01
9.355664825439453125e+01
-9.796121978759765625e+01
-9.716716003417968750e+01
-9.941274261474609375e+01
-3.876379394531250000e+01
5.391347503662109375e+01
7.732259368896484375e+01
4.483723831176757812e+01
-8.849441528320312500e+01
8.478452301025390625e+01
-8.672015380859375000e+01
-9.662964630126953125e+01
-6.826612091064453125e+01
9.841623687744140625e+01
8.347383117675781250e+01
6.513664245605468750e+01
-8.308467864990234375e+01
-9.878569030761718750e+01
-3.227436447143554688e+01
8.849292755126953125e+01
-5.247733116149902344e+00
4.452156066894531250e+00
9.802075958251953125e+01
9.607578277587890625e+01
2.457401847839355469e+01
-3.616883087158203125e+01
-4.122606754302978516e+00
9.166950988769531250e+01
9.751773834228515625e+01
5.989521789550781250e+01
-8.715953826904296875e+01
7.425794124603271484e+00
-5.227030944824218750e+01
9.176961517333984375e+01
-8.609429931640625000e+01
3.436568021774291992e+00
1.669622993469238281e+01
6.788165283203125000e+01
1.279298496246337891e+01
-9.963750457763671875e+01
-9.247415924072265625e+01
-3.071702766418457031e+01
-9.961728668212890625e+01
9.802204895019531250e+01
-5.614993667602539062e+01
-8.966242980957031250e+01
4.531863403320312500e+01
-3.829553222656250000e+01
-6.007614898681640625e+01
6.754466247558593750e+01
9.399573516845703125e+01
6.588836669921875000e+01
-6.077339553833007812e+01
6.525167846679687500e+01
6.827516174316406250e+01
-4.213001728057861328e+00
8.100746917724609375e+01
4.128512573242187500e+01
-3.652302932739257812e+01
-8.878601837158203125e+01
-8.908599853515625000e+01
-8.859894561767578125e+01
9.023004150390625000e+01
-4.464080047607421875e+01
6.820243835449218750e+01
8.454489135742187500e+01
7.095330047607421875e+01
-2.855430603027343750e+00
6.588103485107421875e+01
4.596038818359375000e+01
6.793350982666015625e+01
-9.393226623535156250e+01
-7.591719055175781250e+01
9.581688690185546875e+01
9.750879669189453125e+01
7.251685333251953125e+01
-9.208695983886718750e+01
-2.291969299316406250e+00
-8.461421966552734375e+01
-7.121446132659912109e+00
9.994162750244140625e+01
9.910964965820312500e+01
7.618290710449218750e+01
-5.523442077636718750e+01
-8.392206573486328125e+01
-9.316473388671875000e+01
-2.943630218505859375e+01
9.927907562255859375e+01
9.978490447998046875e+01
9.947042083740234375e+01
7.498229217529296875e+01
4.229032135009765625e+01
-9.415048980712890625e+01
-9.890336608886718750e+01
3.450662612915039062e+01
7.356530761718750000e+01
6.410989379882812500e+01
-4.960316848754882812e+01
-6.796810913085937500e+01
-9.772983551025390625e+01
-1.884348106384277344e+01
4.287117004394531250e+00
9.846335601806640625e+01
-4.396690368652343750e+01
9.746369934082031250e+01
8.239774322509765625e+01
-2.132029342651367188e+01
8.399775505065917969e+00
2.665198326110839844e+00
6.616414642333984375e+01
-9.519950866699218750e+01
-9.623520660400390625e+01
-7.027392578125000000e+01
7.723324584960937500e+01
-9.912802886962890625e+01
9.092572021484375000e+01
-1.085595893859863281e+01
-9.443853759765625000e+01
7.332337188720703125e+01
5.742390823364257812e+01
-1.855716896057128906e+01
6.505829620361328125e+01
8.260208129882812500e+01
9.973725128173828125e+01
-7.171430206298828125e+01
-6.594148254394531250e+01
-1.508129978179931641e+01
9.488818359375000000e+01
4.963897705078125000e+01
-5.945164108276367188e+01
-3.662638473510742188e+01
6.090644073486328125e+01
9.177661132812500000e+01
7.223422241210937500e+01
-5.634205245971679688e+01
9.689624023437500000e+01
1.052663898468017578e+01
-2.866774177551269531e+01
-4.624633026123046875e+01
-3.603984069824218750e+01
9.757567596435546875e+01
-3.659443664550781250e+01
9.538480377197265625e+01
1.018531227111816406e+01
6.956353759765625000e+01
-9.583535766601562500e+01
-8.703633880615234375e+01
3.275356292724609375e+01
9.858222961425781250e+01
9.314060211181640625e+01
6.415613555908203125e+01
-9.044458007812500000e+01
-9.850571441650390625e+01
-3.057949447631835938e+01
9.754302978515625000e+01
-2.199363136291503906e+01
7.217055511474609375e+01
2.085366249084472656e+01
3.262745666503906250e+01
-6.672437286376953125e+01
-9.936723327636718750e+01
-9.756580352783203125e+01
-9.757135772705078125e+01
-8.844318389892578125e+01
-9.471575927734375000e+01
-7.283964538574218750e+01
-6.508861541748046875e+01
-9.739373779296875000e+01
-4.536798477172851562e+01
-6.712519836425781250e+01
-5.234313201904296875e+01
-7.418383026123046875e+01
7.322427368164062500e+01
8.197943878173828125e+01
3.642699432373046875e+01
-1.559205913543701172e+01
8.059440612792968750e+01
9.641748046875000000e+01
5.840658569335937500e+01
9.748449707031250000e+01
3.159938812255859375e+01
8.715763854980468750e+01
8.109114837646484375e+01
8.870521545410156250e+01
7.307840728759765625e+01
-1.921495437622070312e+01
-8.467325592041015625e+01
-7.632538604736328125e+01
7.939549255371093750e+01
9.420127868652343750e+00
-7.820481872558593750e+01
6.107179641723632812e+01
-9.054674530029296875e+01
-9.294782257080078125e+01
-3.420365905761718750e+01
-8.968147277832031250e+01
8.451431274414062500e+01
-5.623391723632812500e+01
7.371394348144531250e+01
7.979454040527343750e+01
-6.910343170166015625e+01
-5.400277376174926758e-01
4.027732372283935547e+00
8.475714874267578125e+01
9.981606292724609375e+01
1.700113105773925781e+01
-9.357852935791015625e+01
-1.156897258758544922e+01
-6.547414398193359375e+01
5.611367034912109375e+01
5.543339157104492188e+01
9.502437591552734375e+01
-4.220274353027343750e+01
-4.486443328857421875e+01
7.172000885009765625e+01
7.753403472900390625e+01
-9.463620758056640625e+01
9.664653778076171875e+01
1.283550739288330078e+01
-9.915394592285156250e+01
-9.056749725341796875e+01
-6.915502166748046875e+01
-9.381695556640625000e+01
7.117790985107421875e+01
9.133751678466796875e+01
5.802334594726562500e+01
-8.670848846435546875e+01
-9.571714782714843750e+01
-9.574187469482421875e+01
7.613190460205078125e+01
9.863949584960937500e+01
9.910456848144531250e+01
9.639108276367187500e+01
8.651564788818359375e+01
-9.516229248046875000e+01
-9.439548492431640625e+01
-6.637301921844482422e+00
1.736921119689941406e+01
9.941246795654296875e+01
9.694489288330078125e+01
9.576442718505859375e+01
-9.766320800781250000e+01
-9.969226074218750000e+01
-9.938915252685546875e+01
5.099837112426757812e+01
5.172247314453125000e+01
1.411977577209472656e+01
-9.215972137451171875e+01
-9.709165954589843750e+01
-3.715000915527343750e+01
-9.795169830322265625e+01
3.583257293701171875e+01
4.296334838867187500e+01
8.980651092529296875e+01
-7.982513427734375000e+00
-8.935723304748535156e+00
-9.012815093994140625e+01
1.324784755706787109e+01
-8.434285163879394531e+00
8.846636962890625000e+01
9.572776794433593750e+01
-8.721240997314453125e+00
8.941630554199218750e+01
-2.147455215454101562e+01
-2.707911109924316406e+01
9.201300811767578125e+01
9.819385528564453125e+01
9.992227172851562500e+01
5.952768325805664062e+01
8.111898040771484375e+01
3.317993927001953125e+01
-4.093162155151367188e+01
-8.945444488525390625e+01
9.096977996826171875e+01
9.801784515380859375e+01
9.687021636962890625e+01
6.698782348632812500e+01
8.164762496948242188e+00
-9.852561187744140625e+01
-9.812681579589843750e+01
-9.902692413330078125e+01
5.103840637207031250e+01
2.585856914520263672e+00
-5.974571228027343750e+00
-9.932144927978515625e+01
-8.911300659179687500e+01
-9.997750091552734375e+01
6.228720092773437500e+01
-8.327651214599609375e+01
8.271906852722167969e+00
-8.422560119628906250e+01
-7.955287933349609375e+01
-8.324916076660156250e+01
-3.788327026367187500e+01
9.864984130859375000e+01
9.638629150390625000e+01
9.971524810791015625e+01
-4.000935363769531250e+01
4.880987548828125000e+01
-2.940515518188476562e+01
4.533747100830078125e+01
9.385126495361328125e+01
9.259978485107421875e+01
8.701520538330078125e+01
3.966418457031250000e+01
5.187404632568359375e+01
-5.930334854125976562e+01
-4.095782470703125000e+01
3.969194030761718750e+01
9.607029724121093750e+01
-1.643646430969238281e+01
7.733757781982421875e+01
-6.456700897216796875e+01
-8.744524383544921875e+01
-9.216685485839843750e+01
-8.791259765625000000e+01
9.587480163574218750e+01
9.572164916992187500e+01
-1.065125942230224609e+01
-7.894774627685546875e+01
-8.636458587646484375e+01
-8.864186096191406250e+01
3.809183502197265625e+01
9.879399108886718750e+01
9.976381683349609375e+01
9.976369476318359375e+01
9.901845550537109375e+01
-2.351460266113281250e+01
9.044541931152343750e+01
-4.164186477661132812e+01
8.724271392822265625e+01
9.139046478271484375e+01
6.423498535156250000e+01
9.515847015380859375e+01
-8.174652862548828125e+01
-2.922134780883789062e+01
-8.812076568603515625e+01
5.260865020751953125e+01
9.851309967041015625e+01
9.639342498779296875e+01
-2.764572381973266602e+00
-9.665301513671875000e+01
-9.875397491455078125e+01
-7.564004516601562500e+01
8.750197601318359375e+01
6.767250061035156250e+00
9.979461669921875000e+01
9.561444091796875000e+01
8.325889587402343750e+01
-8.256964874267578125e+01
-9.062808227539062500e+01
-8.825169372558593750e+01
-4.865716934204101562e+01
-8.183491516113281250e+01
9.606468200683593750e+01
9.983348083496093750e+01
8.735478210449218750e+01
-6.962845611572265625e+01
-7.995952606201171875e+01
-7.534039306640625000e+01
1.804735565185546875e+01
9.662409210205078125e+01
-9.014678955078125000e+01
-8.945730590820312500e+01
-9.190887451171875000e+01
-3.129406547546386719e+01
-7.802038574218750000e+01
-9.839627075195312500e+01
-8.761835479736328125e+01
-6.457608795166015625e+01
8.653681182861328125e+01
-7.441955566406250000e+01
-7.666772460937500000e+01
7.297661590576171875e+01
-9.217879486083984375e+01
-1.219333553314208984e+01
9.909722900390625000e+01
9.997551727294921875e+01
8.990863800048828125e+01
9.774964904785156250e+01
9.883779144287109375e+01
7.799726867675781250e+01
9.931212615966796875e+01
8.922987365722656250e+01
9.988576507568359375e+01
9.529031372070312500e+01
9.856566619873046875e+01
9.458225250244140625e+01
9.425219726562500000e+01
-6.073737335205078125e+01
-9.834168243408203125e+01
7.468301391601562500e+01
-6.127034378051757812e+01
-2.089871406555175781e+01
6.635926055908203125e+01
2.416647720336914062e+01
-4.913573455810546875e+01
-9.334248352050781250e+01
-9.944091796875000000e+01
-9.507502746582031250e+01
6.384593009948730469e+00
-1.687543869018554688e+00
8.733895111083984375e+01
-9.714242553710937500e+01
6.145838928222656250e+01
7.747969150543212891e+00
-9.037922668457031250e+01
-9.992761230468750000e+01
3.840549468994140625e+01
7.169354248046875000e+01
-4.468274307250976562e+01
-3.052350044250488281e+01
-9.577896881103515625e+01
-2.196995735168457031e+01
-2.419495201110839844e+01
9.694351196289062500e+01
1.033437061309814453e+01
-2.719722747802734375e+01
9.974535369873046875e+01
9.449634552001953125e+01
6.020335006713867188e+01
8.493119812011718750e+01
-2.930546951293945312e+01
9.785501861572265625e+01
8.776237487792968750e+01
2.072751617431640625e+01
-6.442617034912109375e+01
9.072351074218750000e+01
2.460754585266113281e+01
-7.929792785644531250e+01
-3.121017837524414062e+01
-3.980444717407226562e+01
7.442510223388671875e+01
9.652095794677734375e+01
-2.035885238647460938e+01
-9.575133514404296875e+01
-9.503356170654296875e+01
-6.965450763702392578e+00
-6.270765686035156250e+01
8.861916351318359375e+01
9.994377136230468750e+01
8.712982940673828125e+01
9.784080505371093750e+01
8.837540435791015625e+01
8.616815948486328125e+01
5.079475021362304688e+01
-7.470993041992187500e+01
-9.966709899902343750e+01
-8.961808013916015625e+01
9.732223510742187500e+01
-9.204119110107421875e+01
2.900322723388671875e+01
-5.279465484619140625e+01
-8.091252136230468750e+01
-9.945851898193359375e+01
8.161276245117187500e+01
5.856156158447265625e+01
-1.648877334594726562e+01
-4.438355636596679688e+01
-6.993502044677734375e+01
6.743590545654296875e+01
1.638614273071289062e+01
3.143028068542480469e+01
9.548343420028686523e-01
-8.041808319091796875e+01
-9.102106475830078125e+01
9.499692535400390625e+01
6.411914062500000000e+01
8.777951812744140625e+01
8.489440155029296875e+01
-9.488880920410156250e+01
-9.607576751708984375e+01
-9.760122680664062500e+01
6.252561950683593750e+01
9.932246398925781250e+01
8.068926239013671875e+01
8.850502014160156250e+01
-8.380584716796875000e+01
-9.978670501708984375e+01
-2.529522514343261719e+01
-9.505716705322265625e+01
7.364736938476562500e+01
9.141668701171875000e+01
9.985700225830078125e+01
-1.681280136108398438e+01
-5.149695968627929688e+01
-9.095129394531250000e+01
6.712312316894531250e+01
8.856315612792968750e+01
3.842696380615234375e+01
7.739747619628906250e+01
-4.422077941894531250e+01
6.250461959838867188e+01
-8.972283935546875000e+01
-9.229103088378906250e+01
7.354785919189453125e+01
7.298053741455078125e+01
-4.579062652587890625e+01
3.092195320129394531e+01
-5.743509674072265625e+01
-8.831037139892578125e+01
-9.763609886169433594e+00
6.928582763671875000e+01
8.001895904541015625e+01
9.930196380615234375e+01
5.140925216674804688e+01
-7.098323822021484375e+01
-9.687460327148437500e+01
-4.794955444335937500e+01
8.905790710449218750e+01
-2.903965759277343750e+01
9.944445037841796875e+01
9.492558288574218750e+01
3.337100601196289062e+01
-4.770271301269531250e+01
3.028057289123535156e+01
3.587606906890869141e+00
4.188474273681640625e+01
-3.828081893920898438e+01
9.316929626464843750e+01
6.722336578369140625e+01
5.838000106811523438e+01
-9.484623718261718750e+01
-9.333155059814453125e+01
-9.521863555908203125e+01
5.103765106201171875e+01
-7.561942291259765625e+01
-9.602301788330078125e+01
6.323509216308593750e+01
1.379177093505859375e+01
-9.508319854736328125e+01
-9.884879302978515625e+01
-9.974094390869140625e+01
-9.687711334228515625e+01
-8.788093566894531250e+01
6.462033843994140625e+01
9.947446441650390625e+01
9.535902404785156250e+01
5.214810180664062500e+01
-8.590676879882812500e+01
-1.448788642883300781e+01
-3.439451217651367188e+01
8.097113037109375000e+01
-9.995398521423339844e+00
5.331679534912109375e+01
9.955279541015625000e+01
9.867687225341796875e+01
-9.821340179443359375e+01
9.565622711181640625e+01
9.107542419433593750e+01
6.377727508544921875e+01
6.512433624267578125e+01
9.824860382080078125e+01
-7.547659301757812500e+01
7.338446044921875000e+01
1.857859611511230469e+01
-3.449547195434570312e+01
-3.912707519531250000e+01
-7.821619415283203125e+01
8.922229003906250000e+01
-1.037084197998046875e+01
8.513057708740234375e+01
-9.760172271728515625e+01
-9.987200164794921875e+01
-9.178307342529296875e+01
-9.761803436279296875e+01
-9.974076843261718750e+01
-5.639473342895507812e+01
-9.162419891357421875e+01
-9.491166687011718750e+01
-3.752509689331054688e+01
5.875154876708984375e+01
2.835362625122070312e+01
5.609553909301757812e+01
-4.938684844970703125e+01
-4.341839981079101562e+01
9.287049102783203125e+01
4.942266845703125000e+01
9.847993469238281250e+01
9.983895111083984375e+01
7.747309875488281250e+01
9.585316467285156250e+01
4.120691299438476562e+00
9.623843383789062500e+01
1.108905673027038574e+00
7.453748321533203125e+01
-7.718050384521484375e+01
-9.973217010498046875e+01
-3.002565002441406250e+01
-9.621413421630859375e+01
7.461869049072265625e+01
-5.494696426391601562e+01
-1.265818023681640625e+01
4.857316970825195312e+01
1.650888061523437500e+01
-2.666644477844238281e+01
-9.886417388916015625e+01
5.935338211059570312e+01
9.773041534423828125e+01
-7.276168060302734375e+01
9.540477752685546875e+01
3.371270370483398438e+01
4.706178188323974609e+00
1.052108955383300781e+01
-6.552661895751953125e+01
-8.599897766113281250e+01
-4.894931793212890625e+01
4.449857234954833984e+00
8.082332611083984375e+01
4.360925292968750000e+01
-8.569925689697265625e+01
-9.416810607910156250e+01
-9.977079010009765625e+01
-9.337702178955078125e+01
-4.080304718017578125e+01
9.883629608154296875e+01
9.460333251953125000e+01
3.506340789794921875e+01
-7.867021179199218750e+01
7.140349388122558594e+00
-3.056869506835937500e+01
-9.311677551269531250e+01
2.158084869384765625e+01
9.680665588378906250e+01
4.695895004272460938e+01
7.855741119384765625e+01
6.630258941650390625e+01
-9.665196228027343750e+01
-6.311032104492187500e+01
6.069902038574218750e+01
1.342722892761230469e+01
-9.199996948242187500e+01
5.027932357788085938e+01
8.623748779296875000e+01
-9.651033020019531250e+01
-9.672272491455078125e+01
-7.917318725585937500e+01
-8.444751739501953125e+01
1.233818721771240234e+01
-4.174882888793945312e+01
-1.731991386413574219e+01
-2.468211936950683594e+01
3.381644821166992188e+01
4.570258712768554688e+01
4.099530410766601562e+01
-3.601200819015502930e+00
-6.111756134033203125e+01
-6.442643737792968750e+01
9.918280029296875000e+01
9.990176391601562500e+01
9.798732757568359375e+01
7.271593093872070312e+00
8.005529785156250000e+01
-8.096909332275390625e+01
9.324221801757812500e+01
8.494044494628906250e+01
-4.727996349334716797e+00
-6.102763366699218750e+01
8.853390502929687500e+01
8.880169677734375000e+01
6.976744842529296875e+01
-7.022309112548828125e+01
1.020747852325439453e+01
-9.590370941162109375e+01
-9.643435668945312500e+01
3.750026702880859375e+00
4.111696624755859375e+01
-6.673037719726562500e+01
-9.686972808837890625e+01
-9.332777404785156250e+01
4.301893615722656250e+01
6.137087345123291016e+00
-9.747798156738281250e+01
-9.968036651611328125e+01
-8.832889556884765625e+01
5.329211425781250000e+01
9.846764373779296875e+01
8.892934417724609375e+01
-4.448989486694335938e+01
-9.748085784912109375e+01
-4.850133895874023438e+01
1.647154617309570312e+01
9.960702514648437500e+01
9.860249328613281250e+01
9.604384613037109375e+01
-7.274354553222656250e+01
-5.662752914428710938e+01
-1.282035541534423828e+01
6.086585617065429688e+01
8.674851989746093750e+01
9.974765014648437500e+01
9.751415252685546875e+01
9.840616607666015625e+01
-9.797852325439453125e+01
7.245135498046875000e+01
-9.969686889648437500e+01
2.711218833923339844e+01
7.946644592285156250e+01
-3.367014694213867188e+01
-9.227045440673828125e+01
-1.430666255950927734e+01
9.595673370361328125e+01
-4.906213760375976562e+01
-7.394934082031250000e+01
9.893417358398437500e+01
8.436180877685546875e+01
8.003180694580078125e+01
-7.687117767333984375e+01
-7.984843444824218750e+01
-5.198877334594726562e+01
1.286682796478271484e+01
-8.038585782051086426e-01
9.614921569824218750e+01
8.094420623779296875e+01
-1.264670753479003906e+01
-7.515438079833984375e+01
-9.689094543457031250e+01
2.363160324096679688e+01
2.675919532775878906e+00
9.823194122314453125e+01
6.579444885253906250e+01
2.068288612365722656e+01
-9.496204376220703125e+01
-8.216826629638671875e+01
7.817922210693359375e+01
9.388646697998046875e+01
-6.444391727447509766e+00
3.773288345336914062e+01
3.059784507751464844e+01
-2.268743324279785156e+01
2.955640602111816406e+01
-7.116815948486328125e+01
6.298629760742187500e+01
8.219129943847656250e+01
-8.620127105712890625e+01
-9.835446929931640625e+01
-9.905078887939453125e+01
6.353199005126953125e+01
8.328232574462890625e+01
-6.520503997802734375e+01
7.421394348144531250e+01
8.180968475341796875e+01
-9.897943115234375000e+01
-9.694547271728515625e+01
5.709215545654296875e+01
-7.934386444091796875e+01
6.265830993652343750e+01
7.981428527832031250e+01
-3.005587196350097656e+01
-9.856504058837890625e+01
-9.868194580078125000e+01
-7.657169342041015625e+01
7.151949310302734375e+01
-9.166315460205078125e+01
9.879336547851562500e+01
9.871459960937500000e+01
5.706338882446289062e+01
9.176940155029296875e+01
-7.043112182617187500e+01
-9.239811706542968750e+01
-9.178491210937500000e+01
9.982129669189453125e+01
-9.943872070312500000e+01
-9.995165252685546875e+01
-9.592395019531250000e+01
-8.662824249267578125e+01
-9.454685211181640625e+01
-9.177658081054687500e+01
-8.866796875000000000e+01
1.083669948577880859e+01
9.360903930664062500e+01
3.783975982666015625e+01
-9.022144317626953125e+01
-9.795585632324218750e+01
-9.715206909179687500e+01
8.680421447753906250e+01
9.695306396484375000e+01
8.319693756103515625e+01
7.749460601806640625e+01
-8.850334167480468750e+00
2.726090621948242188e+01
4.150816345214843750e+01
-2.468072700500488281e+01
9.147890472412109375e+01
9.261862945556640625e+01
3.308463287353515625e+01
8.653459167480468750e+01
-6.398376846313476562e+01
-3.234583282470703125e+01
-6.888885498046875000e+01
6.401774597167968750e+01
9.102724456787109375e+01
5.705034637451171875e+01
-3.196561622619628906e+01
-6.402390289306640625e+01
9.878554534912109375e+01
-8.476405334472656250e+01
-7.629224395751953125e+01
-4.958075714111328125e+01
9.836975860595703125e+01
9.978355407714843750e+01
9.842191314697265625e+01
-9.482569122314453125e+01
-4.852741622924804688e+01
1.718573760986328125e+01
9.762373352050781250e+01
9.297575378417968750e+01
8.737249755859375000e+01
2.569434738159179688e+01
-4.635396957397460938e+01
-5.093217468261718750e+01
4.816292953491210938e+01
-6.507878112792968750e+01
9.975335693359375000e+01
8.969972991943359375e+01
-7.926028442382812500e+01
-9.203890991210937500e+01
-9.962985992431640625e+01
-8.652707672119140625e+01
2.838232231140136719e+01
9.909654235839843750e+01
8.870834350585937500e+01
-5.552539062500000000e+01
-9.577290344238281250e+01
2.041991424560546875e+01
2.233976745605468750e+01
-9.795024871826171875e+01
9.355066680908203125e+01
-7.859620666503906250e+01
-1.152924060821533203e+01
-4.728566360473632812e+01
2.956539916992187500e+01
9.658312988281250000e+01
-2.278931617736816406e+01
-6.462545776367187500e+01
5.597834014892578125e+01
8.841590881347656250e+01
9.459053802490234375e+01
-8.467557525634765625e+01
9.736518859863281250e+01
-7.206095886230468750e+01
4.935598754882812500e+01
8.087223052978515625e+01
-2.917221450805664062e+01
6.772530364990234375e+01
9.304194641113281250e+01
7.827800750732421875e+01
-7.927783966064453125e+01
-4.803472900390625000e+01
5.168625259399414062e+01
4.435589599609375000e+01
-9.757525634765625000e+01
-7.697554016113281250e+01
-7.528881835937500000e+01
-9.774181365966796875e+01
7.768083953857421875e+01
5.753818988800048828e+00
7.671357727050781250e+01
-8.891395568847656250e+01
-6.175766944885253906e+00
-8.899985504150390625e+01
-9.896878051757812500e+01
7.313623046875000000e+01
9.967794799804687500e+01
6.997411346435546875e+01
-1.200948715209960938e+01
3.159183883666992188e+01
-4.899026870727539062e+01
-9.609971618652343750e+01
8.602918243408203125e+01
9.174783325195312500e+01
9.948841857910156250e+01
9.868004608154296875e+01
2.020021438598632812e+01
4.810683822631835938e+01
-4.379596710205078125e+01
-9.584169006347656250e+01
-6.843420410156250000e+01
6.908293151855468750e+01
9.950208282470703125e+01
9.549076843261718750e+01
-4.842915344238281250e+01
-9.950866699218750000e+01
-9.505263519287109375e+01
-9.268144989013671875e+01
-6.034079742431640625e+01
6.807309150695800781e+00
9.577902221679687500e+01
8.994789123535156250e+01
-7.586830902099609375e+01
-8.519242095947265625e+01
-9.420919036865234375e+01
8.714998626708984375e+01
8.372239685058593750e+01
9.814361572265625000e+01
2.799869155883789062e+01
-4.043687438964843750e+01
4.949850845336914062e+01
1.077878093719482422e+01
-8.018889617919921875e+01
8.576043701171875000e+01
5.477572250366210938e+01
-2.805955505371093750e+01
8.042481994628906250e+01
-7.613751220703125000e+01
-2.039335823059082031e+01
-8.329725646972656250e+01
-6.282534027099609375e+01
-6.173754882812500000e+01
9.944572448730468750e+01
9.564326477050781250e+01
9.364173126220703125e+01
-2.735821533203125000e+01
2.909180450439453125e+01
-5.423460006713867188e+01
-2.689377403259277344e+01
9.969501495361328125e+01
9.902045440673828125e+01
9.859403228759765625e+01
-2.989696502685546875e+01
-8.218865203857421875e+01
-2.884812736511230469e+01
5.630154037475585938e+01
9.274168395996093750e+01
4.089352798461914062e+01
-1.093940544128417969e+01
9.495019912719726562e-03
8.535498046875000000e+01
6.142858982086181641e+00
-7.492539215087890625e+01
4.175264358520507812e+01
8.475419616699218750e+01
9.466812896728515625e+01
-8.057102203369140625e+01
7.508143901824951172e+00
7.315246582031250000e+01
-9.481273651123046875e+01
-6.533235931396484375e+01
-6.356717300415039062e+01
-8.341970062255859375e+01
1.200674438476562500e+01
-6.034067916870117188e+01
-5.678308486938476562e+01
-2.476524353027343750e+01
9.799745941162109375e+01
9.020817565917968750e+01
5.412027359008789062e+01
8.947438812255859375e+01
-4.565822219848632812e+01
-7.158835601806640625e+01
8.616532897949218750e+01
-5.161633300781250000e+01
9.929474639892578125e+01
7.695320892333984375e+01
-3.263654708862304688e+01
-7.744529724121093750e+01
8.663301086425781250e+01
-9.824669647216796875e+01
9.051612854003906250e+01
9.723793029785156250e+01
8.610550689697265625e+01
4.000784301757812500e+01
-9.074700164794921875e+01
-9.873358917236328125e+01
-9.425780487060546875e+01
-8.945970916748046875e+01
-5.315130996704101562e+01
-9.527990722656250000e+01
-9.938776397705078125e+01
-9.018621826171875000e+01
-5.460441207885742188e+01
-1.482961750030517578e+01
-1.031124401092529297e+01
-8.841448211669921875e+01
9.955414581298828125e+01
9.312757110595703125e+01
9.391069030761718750e+01
9.998973846435546875e+01
9.866818237304687500e+01
9.995142364501953125e+01
9.984474945068359375e+01
9.729817199707031250e+01
9.997357177734375000e+01
9.673544311523437500e+01
8.634577941894531250e+01
9.952171325683593750e+01
7.703119659423828125e+01
8.022915649414062500e+01
-5.852336120605468750e+01
6.382883548736572266e+00
-6.651321411132812500e+01
-8.642391204833984375e+01
-6.400796508789062500e+01
-4.714575195312500000e+01
-5.462067794799804688e+01
-2.884605789184570312e+01
5.112780761718750000e+01
-7.917177581787109375e+01
7.720909881591796875e+01
-9.867036437988281250e+01
9.407398104667663574e-02
-6.141809844970703125e+01
-6.505007171630859375e+01
5.115088272094726562e+01
9.309132385253906250e+01
9.870825958251953125e+01
-3.837892532348632812e+01
-3.910900497436523438e+01
-4.091525650024414062e+01
9.938459014892578125e+01
7.268076324462890625e+01
7.634104156494140625e+01
9.899472045898437500e+01
-6.110217571258544922e+00
9.350774383544921875e+01
-8.370033264160156250e+01
9.945311737060546875e+01
9.013471984863281250e+01
9.639885711669921875e+01
6.642487335205078125e+01
1.043778705596923828e+01
5.042702484130859375e+01
5.751084518432617188e+01
-9.947344207763671875e+01
-8.968762969970703125e+01
-7.180512237548828125e+01
8.673914337158203125e+01
3.412577438354492188e+01
-4.424094009399414062e+01
-9.875293731689453125e+01
-9.891299438476562500e+01
-7.627236938476562500e+01
-9.951021575927734375e+01
-9.994369506835937500e+01
-8.477023315429687500e+01
7.933536529541015625e+01
-6.262482833862304688e+01
-6.805851745605468750e+01
-8.834578704833984375e+01
1.899217987060546875e+01
8.631275177001953125e+01
6.835906219482421875e+01
-5.056360244750976562e+01
8.434013366699218750e+01
2.581749534606933594e+01
6.147883605957031250e+01
8.365011596679687500e+01
-3.633929061889648438e+01
7.900939941406250000e+01
8.928269958496093750e+01
9.414322662353515625e+01
1.490861797332763672e+01
6.966044616699218750e+01
-9.602858734130859375e+01
9.791683959960937500e+01
-3.310783767700195312e+01
-3.907973098754882812e+01
3.839017868041992188e+01
-9.533083343505859375e+01
4.877304840087890625e+01
-7.525894165039062500e+01
-9.680345916748046875e+01
-9.456085968017578125e+01
-8.905220031738281250e+01
-6.777037048339843750e+01
5.022447204589843750e+01
1.281004142761230469e+01
1.549075126647949219e+01
3.831604003906250000e+01
-7.517782592773437500e+01
-7.940113830566406250e+01
-7.756668090820312500e+01
2.910638236999511719e+01
9.918618774414062500e+01
8.626419067382812500e+01
-4.713235855102539062e+01
-5.149704742431640625e+01
-4.834576416015625000e+01
1.973626017570495605e+00
8.636146545410156250e+01
-8.136236190795898438e+00
5.396352386474609375e+01
3.898321533203125000e+01
5.260184478759765625e+01
-6.098278808593750000e+01
6.873491668701171875e+01
-9.648439025878906250e+01
9.500150299072265625e+01
8.776276397705078125e+01
7.468473815917968750e+01
2.557719421386718750e+01
3.335149765014648438e+01
-9.955657958984375000e+01
-9.560763549804687500e+01
-1.950155639648437500e+01
2.322783470153808594e+01
6.505348968505859375e+01
2.547338867187500000e+01
-9.893026733398437500e+01
-9.191052246093750000e+01
-6.735897827148437500e+01
-9.976875305175781250e+01
-9.041832733154296875e+01
9.444456481933593750e+01
2.129035568237304688e+01
-7.388955688476562500e+01
-8.943201446533203125e+01
-6.469821166992187500e+01
-6.647917938232421875e+01
3.757581710815429688e+01
9.852048492431640625e+01
9.913320922851562500e+01
-8.058161163330078125e+01
-8.984272766113281250e+01
9.336360931396484375e+01
9.014061737060546875e+01
9.200039672851562500e+01
9.509687805175781250e+01
-8.354255676269531250e+00
8.757061767578125000e+01
9.618076324462890625e+01
9.693585205078125000e+01
5.387815093994140625e+01
-5.684257125854492188e+01
-3.675431823730468750e+01
8.238313293457031250e+01
-2.121326446533203125e+01
-3.346640014648437500e+01
-1.668497848510742188e+01
9.647370910644531250e+01
9.396073150634765625e+01
8.051187133789062500e+01
-7.856124877929687500e+01
-6.450711059570312500e+01
-8.537828063964843750e+01
7.488621520996093750e+01
9.756310272216796875e+01
9.976810455322265625e+01
9.912425994873046875e+01
6.499087524414062500e+01
-3.144983100891113281e+01
-9.280334472656250000e+01
7.065795898437500000e+01
8.343798065185546875e+01
-1.057053279876708984e+01
9.631680297851562500e+01
-8.916487884521484375e+01
-4.088245773315429688e+01
-7.708665466308593750e+01
7.653286743164062500e+01
4.395183944702148438e+01
4.091244125366210938e+01
-5.130200195312500000e+01
-7.563493347167968750e+01
-9.899947357177734375e+01
-9.664350891113281250e+01
9.113671112060546875e+01
9.860185241699218750e+01
9.816131591796875000e+01
5.462961959838867188e+01
-9.844090270996093750e+01
-2.306772232055664062e+01
-9.995584869384765625e+01
-9.961515045166015625e+01
-9.963980102539062500e+01
-6.262742996215820312e+01
-9.498164367675781250e+01
-9.967078399658203125e+01
-9.975141143798828125e+01
-9.737272644042968750e+01
1.944228410720825195e+00
-5.022874450683593750e+01
6.926943206787109375e+01
6.411153411865234375e+01
-8.583081054687500000e+01
8.242128753662109375e+01
2.755674362182617188e+01
-4.256990051269531250e+01
6.984427642822265625e+01
7.642978668212890625e+01
9.803400421142578125e+01
9.972672271728515625e+01
9.881137084960937500e+01
-9.543250083923339844e+00
8.654363250732421875e+01
-2.360693740844726562e+01
-4.283513641357421875e+01
8.998657989501953125e+01
8.726687622070312500e+01
-9.113498687744140625e+01
9.600177001953125000e+01
5.564267730712890625e+01
-6.559656524658203125e+01
8.831494140625000000e+01
-6.677860260009765625e+01
1.431873917579650879e+00
-5.301368331909179688e+01
9.967282104492187500e+01
5.556088638305664062e+01
2.745016860961914062e+01
-9.853401184082031250e+01
-9.908660125732421875e+01
-9.806423950195312500e+01
8.695260620117187500e+01
8.322132110595703125e+01
-6.006843566894531250e+01
7.480410003662109375e+01
4.919865798950195312e+01
-7.689530944824218750e+01
-9.801110839843750000e+01
-9.723468780517578125e+01
8.822004699707031250e+01
9.824171447753906250e+01
4.202820205688476562e+01
-9.000186157226562500e+01
-9.925791168212890625e+01
-3.739131546020507812e+01
-9.853402376174926758e-01
9.503692626953125000e+01
-2.958456611633300781e+01
9.956932067871093750e+01
6.601563262939453125e+01
-7.102624511718750000e+01
-4.559210968017578125e+01
-3.624948501586914062e+01
8.006080627441406250e+01
9.975858306884765625e+01
9.588206481933593750e+01
9.924773406982421875e+01
-6.735252380371093750e+01
-1.431864356994628906e+01
5.710742568969726562e+01
4.767481994628906250e+01
9.306513977050781250e+01
-6.434057617187500000e+01
1.626652526855468750e+01
9.684230804443359375e+01
9.961931610107421875e+01
1.760428619384765625e+01
9.411481475830078125e+01
9.747845458984375000e+01
-9.545494079589843750e+01
-5.919412231445312500e+01
-9.965917968750000000e+01
9.413604736328125000e+01
-7.800536346435546875e+01
-6.567308044433593750e+01
-7.446453857421875000e+01
-4.343897628784179688e+01
-9.869492340087890625e+01
-3.962523269653320312e+01
-1.278559398651123047e+01
8.924839782714843750e+01
-8.794810485839843750e+01
7.644760131835937500e+01
8.479880523681640625e+01
6.488256835937500000e+01
-3.160032272338867188e+00
8.914206695556640625e+01
2.727821111679077148e+00
-8.737895965576171875e+01
9.475607299804687500e+01
3.980709075927734375e+01
9.062123107910156250e+01
-5.250819396972656250e+01
8.625797271728515625e+01
-8.761497497558593750e+01
-1.983991432189941406e+01
7.185301208496093750e+01
7.718109130859375000e+01
-3.650787734985351562e+01
-6.729220581054687500e+01
-5.863259506225585938e+01
5.198207092285156250e+01
5.801711654663085938e+01
7.420989990234375000e+01
8.159847259521484375e+01
-7.399117279052734375e+01
-9.864132690429687500e+01
-9.694403076171875000e+01
-9.291073608398437500e+01
9.029899597167968750e+01
9.796170806884765625e+01
9.904483032226562500e+01
-6.206818771362304688e+01
-2.604720306396484375e+01
7.314680576324462891e+00
1.005328178405761719e+01
3.955413818359375000e+01
-8.620093345642089844e+00
1.893877601623535156e+01
-8.251588439941406250e+01
7.638623046875000000e+01
5.945023345947265625e+01
2.861564254760742188e+01
-8.641791534423828125e+01
-7.001764678955078125e+01
1.263427925109863281e+01
1.943399238586425781e+01
1.339011764526367188e+01
-9.879417419433593750e+01
-9.990673065185546875e+01
-9.868677520751953125e+01
-7.377664947509765625e+01
-9.719541931152343750e+01
-7.609981536865234375e+01
-7.591667175292968750e+01
9.184162139892578125e+01
1.545851230621337891e+01
2.466604804992675781e+01
8.890650939941406250e+01
-8.781965637207031250e+01
-9.905944824218750000e+01
7.305767822265625000e+01
7.722063446044921875e+01
6.137618255615234375e+01
9.994207000732421875e+01
8.410099792480468750e+01
-9.679397583007812500e+01
-9.572141265869140625e+01
-6.551992034912109375e+01
-6.757417297363281250e+01
8.917223358154296875e+01
8.977804565429687500e+01
9.382823944091796875e+01
8.192001342773437500e+01
8.400111389160156250e+01
-9.865563201904296875e+01
-9.627935028076171875e+01
1.245320987701416016e+01
7.044219207763671875e+01
1.231908893585205078e+01
-6.999613952636718750e+01
-1.040182590484619141e+01
-9.136452484130859375e+01
-7.864680480957031250e+01
-9.334256744384765625e+01
-8.582805633544921875e+01
9.238947296142578125e+01
3.564733505249023438e+01
-8.653733825683593750e+01
-9.134715270996093750e+01
-6.522373962402343750e+01
5.378165817260742188e+01
9.920761871337890625e+01
9.071353912353515625e+01
6.426046752929687500e+01
9.687892913818359375e+01
6.786913299560546875e+01
9.513703918457031250e+01
4.635284805297851562e+01
-2.150693321228027344e+01
-8.744717407226562500e+01
-8.348357391357421875e+01
6.820188999176025391e+00
6.566986083984375000e+01
9.394943237304687500e+01
-6.784301757812500000e+01
-8.219750976562500000e+01
-7.637007141113281250e+01
2.518775558471679688e+01
8.875671386718750000e+01
-9.965567016601562500e+01
-9.948591613769531250e+01
-8.175712585449218750e+01
-9.012278747558593750e+01
-9.853622436523437500e+01
-6.778393554687500000e+01
-9.519733428955078125e+01
-2.226417160034179688e+01
8.489051818847656250e+01
-2.014777183532714844e+01
6.398605346679687500e+00
-4.071717071533203125e+01
7.283802795410156250e+01
2.456877708435058594e+01
9.848656654357910156e+00
-5.032916259765625000e+01
8.988616180419921875e+01
9.894298553466796875e+01
9.397666931152343750e+01
5.397319793701171875e+01
9.743060302734375000e+01
9.764501953125000000e+01
9.573099517822265625e+01
9.308010101318359375e+01
-9.546519470214843750e+01
-9.762097930908203125e+01
1.119005203247070312e+01
-9.360578918457031250e+01
7.461835479736328125e+01
3.359877014160156250e+01
-1.266956329345703125e+01
-9.914949798583984375e+01
-9.996493530273437500e+01
-9.909097290039062500e+01
-4.058351516723632812e+01
-1.630665969848632812e+01
9.271443176269531250e+01
9.813619232177734375e+01
6.069989013671875000e+01
-3.002767181396484375e+01
-9.646413421630859375e+01
-7.067687988281250000e+01
8.452328491210937500e+01
9.922779846191406250e+01
9.909661102294921875e+01
9.801077270507812500e+01
9.111989593505859375e+01
8.908837127685546875e+01
4.503715896606445312e+01
-9.653321838378906250e+01
-9.631382751464843750e+01
-8.667965888977050781e+00
9.192751312255859375e+01
9.880684661865234375e+01
-3.714292526245117188e+01
-9.984951782226562500e+01
-8.356307983398437500e+01
-8.568244934082031250e+01
6.914407348632812500e+01
-4.772978591918945312e+01
9.989746093750000000e+01
8.766464233398437500e+01
-3.772563171386718750e+01
6.328372955322265625e+01
4.020095825195312500e+01
4.306676864624023438e+01
-4.321871185302734375e+01
2.956529045104980469e+01
8.763105010986328125e+01
9.484611511230468750e+01
-1.682283210754394531e+01
5.641478729248046875e+01
-8.227372741699218750e+01
-8.795507812500000000e+01
-2.022780418395996094e+01
4.435527420043945312e+01
2.701354980468750000e+01
-9.417211151123046875e+01
2.133715057373046875e+01
-9.958267211914062500e+01
-9.622946929931640625e+01
-1.161943721771240234e+01
7.234631347656250000e+01
3.206830215454101562e+01
-1.150030422210693359e+01
-1.956497192382812500e+01
9.319767761230468750e+01
-9.684346008300781250e+01
-7.680295562744140625e+01
-2.134137344360351562e+01
1.913218617439270020e+00
9.394360351562500000e+01
9.847818756103515625e+01
-6.255419158935546875e+01
3.204210281372070312e+01
-2.804297256469726562e+01
-1.937929153442382812e+01
9.163260650634765625e+01
9.917928314208984375e+01
9.899478912353515625e+01
9.793490600585937500e+01
9.284192657470703125e+01
7.645129394531250000e+01
8.876389312744140625e+01
7.769096374511718750e+01
5.742526626586914062e+01
7.898433685302734375e+01
-9.954189300537109375e+01
-9.900173187255859375e+01
-9.955493164062500000e+01
-6.466246032714843750e+01
-8.224588012695312500e+01
-8.026140594482421875e+01
-9.352203369140625000e+01
-9.888259124755859375e+01
7.889732718467712402e-01
-9.234922790527343750e+01
-4.597103500366210938e+01
7.721030426025390625e+01
-9.325646972656250000e+01
-5.581098175048828125e+01
9.688250732421875000e+01
7.340459442138671875e+01
5.805623626708984375e+01
9.962154388427734375e+01
9.699024200439453125e+01
9.205737304687500000e+01
9.816173553466796875e+01
9.838668823242187500e+00
-7.476373291015625000e+01
1.495020580291748047e+01
9.037328338623046875e+01
-9.872560119628906250e+01
-9.237961578369140625e+01
-9.884614562988281250e+01
-9.630991363525390625e+01
7.038147735595703125e+01
-8.213077545166015625e+01
-9.427391815185546875e+01
-6.036809539794921875e+01
8.849971008300781250e+01
-4.819513702392578125e+01
7.765219879150390625e+01
6.683210754394531250e+01
2.308323287963867188e+01
-7.125628662109375000e+01
8.113403320312500000e+01
-1.017928218841552734e+01
1.639526128768920898e+00
7.482494354248046875e+01
2.924574661254882812e+01
1.779582405090332031e+01
-7.846716308593750000e+01
-8.892503356933593750e+01
-8.744298553466796875e+01
6.162089538574218750e+01
9.980352783203125000e+01
9.263822174072265625e+01
6.023109054565429688e+01
-9.963769531250000000e+01
-9.965557098388671875e+01
-9.818817901611328125e+01
7.444992065429687500e+01
9.492954254150390625e+01
-1.276796722412109375e+01
3.693802642822265625e+01
4.890268325805664062e+01
-9.791891479492187500e+01
-9.947722625732421875e+01
-9.820583343505859375e+01
6.579220581054687500e+01
1.221344757080078125e+01
5.586234283447265625e+01
5.115893554687500000e+01
-9.174073028564453125e+01
-9.970406341552734375e+01
-8.688024902343750000e+01
-9.856689453125000000e+01
2.984762573242187500e+01
3.834362792968750000e+01
4.043188858032226562e+01
8.028546905517578125e+01
-5.629174804687500000e+01
-9.643032836914062500e+01
-4.846031951904296875e+01
-9.855574798583984375e+01
9.762588500976562500e+01
9.912672424316406250e+01
9.946202850341796875e+01
8.370889282226562500e+01
-9.871968078613281250e+01
-9.864778900146484375e+01
3.045778846740722656e+01
9.354426574707031250e+01
-9.833699798583984375e+01
1.912241458892822266e+00
6.520822906494140625e+01
-8.883627319335937500e+01
6.874270629882812500e+01
8.772161102294921875e+01
-9.980390930175781250e+01
-9.653581237792968750e+01
-9.619792938232421875e+01
-9.929571533203125000e+01
-9.578809356689453125e+01
-9.902373504638671875e+01
-8.450656890869140625e+01
-7.088528442382812500e+01
-9.643193817138671875e+01
-8.370073699951171875e+01
2.513200569152832031e+01
8.228538513183593750e+01
8.442016601562500000e+01
7.273395538330078125e+01
5.362934875488281250e+01
9.273874664306640625e+01
9.764088439941406250e+01
-2.894304656982421875e+01
4.849159240722656250e+00
-1.640996932983398438e+01
4.818436431884765625e+01
8.891123199462890625e+01
9.448068237304687500e+01
8.243465423583984375e+01
6.091145324707031250e+01
-7.763654327392578125e+01
-9.810047149658203125e+01
-6.280226898193359375e+01
8.908788299560546875e+01
7.409915161132812500e+01
-9.177210998535156250e+01
