-7.175539731979370117e-01
-7.104258537292480469e-01
-5.935544967651367188e-01
-4.099862873554229736e-01
-2.646725773811340332e-01
-1.183477118611335754e-01
1.143283117562532425e-02
-5.313258618116378784e-02
-1.026651486754417419e-01
-1.733574122190475464e-01
-9.472873806953430176e-02
-8.425446227192878723e-03
2.978351339697837830e-02
4.143199697136878967e-02
2.144487500190734863e-01
3.180469274520874023e-01
3.246383368968963623e-01
3.726786077022552490e-01
4.739107787609100342e-01
4.911216497421264648e-01
4.510774314403533936e-01
5.503708720207214355e-01
3.442071080207824707e-01
3.195890188217163086e-01
4.363253116607666016e-01
2.820397913455963135e-01
2.833856046199798584e-01
2.007280290126800537e-01
5.588112398982048035e-02
1.676693260669708252e-01
5.714572593569755554e-02
9.246882796287536621e-02
-6.225259508937597275e-03
9.601503610610961914e-02
9.306553006172180176e-02
8.430359512567520142e-02
4.603483155369758606e-02
3.886244818568229675e-02
-1.533791869878768921e-01
5.168881639838218689e-02
-6.627665832638740540e-03
-4.819222912192344666e-02
6.158325076103210449e-02
6.708981096744537354e-02
-2.857672050595283508e-02
4.853129014372825623e-02
-1.694892533123493195e-02
4.533706232905387878e-02
2.228917554020881653e-02
1.008520424365997314e-01
1.586026698350906372e-02
-8.113376796245574951e-02
-2.853199606761336327e-03
5.038255080580711365e-02
-3.229385241866111755e-02
6.786827743053436279e-02
9.233949705958366394e-03
6.565541774034500122e-02
1.172423213720321655e-01
1.087522655725479126e-01
4.070611670613288879e-03
-5.452327057719230652e-02
-3.531167283654212952e-02
1.143167018890380859e-01
-1.053232513368129730e-02
-1.067245602607727051e-01
1.246929243206977844e-01
-5.032936856150627136e-02
2.555655315518379211e-03
1.461717784404754639e-01
-3.882332146167755127e-02
-8.869531750679016113e-02
1.188472062349319458e-01
-6.023809686303138733e-02
4.612561687827110291e-02
-2.947236597537994385e-02
2.956479229032993317e-02
-3.326236037537455559e-03
3.624977171421051025e-02
6.169131770730018616e-02
-2.299596555531024933e-02
3.851872682571411133e-02
1.023125350475311279e-01
-6.163050979375839233e-02
3.287344472482800484e-03
2.738361014053225517e-03
-6.085693370550870895e-03
9.849134832620620728e-02
9.195348247885704041e-03
-2.811489067971706390e-02
9.505140781402587891e-02
1.612920686602592468e-02
6.602602452039718628e-02
4.305407404899597168e-02
1.047218367457389832e-01
3.072851710021495819e-02
-5.647884681820869446e-02
6.129829585552215576e-02
6.451831758022308350e-02
-7.381844520568847656e-02
-8.379610627889633179e-02
3.591775894165039062e-02
-4.317737370729446411e-02
-6.480655074119567871e-02
-5.096771195530891418e-02
4.437967389822006226e-02
-5.914127826690673828e-02
1.184894442558288574e-01
2.355014905333518982e-02
3.615853935480117798e-02
8.657372742891311646e-02
-9.883166849613189697e-02
2.504658512771129608e-02
-4.486316069960594177e-02
1.383164376020431519e-01
3.779248520731925964e-02
-2.527792379260063171e-02
3.470973670482635498e-02
-1.448507606983184814e-01
8.345634490251541138e-02
2.718711830675601959e-02
3.668548539280891418e-02
3.368446230888366699e-02
-4.447998479008674622e-02
1.576979905366897583e-01
-3.532485337927937508e-03
-1.262746658176183701e-02
5.708078294992446899e-02
8.923364430665969849e-02
-1.106854826211929321e-01
-9.290441870689392090e-03
-6.000641360878944397e-02
8.492690324783325195e-02
-1.710620895028114319e-02
4.825641959905624390e-02
-6.767380982637405396e-02
1.166165620088577271e-01
-2.847718819975852966e-02
-3.221901506185531616e-02
7.683240622282028198e-02
6.440787017345428467e-02
3.468858450651168823e-02
-5.431190133094787598e-02
1.026445417664945126e-03
1.558397412300109863e-01
5.182285234332084656e-02
1.093351691961288452e-01
-5.561164766550064087e-02
9.442425332963466644e-03
9.169045835733413696e-02
-2.273286692798137665e-02
2.784599736332893372e-02
2.771134302020072937e-02
-6.853069365024566650e-02
-6.358122080564498901e-02
-9.289865382015705109e-03
-7.229341566562652588e-02
-4.185597598552703857e-02
1.091678217053413391e-01
2.883140556514263153e-02
-3.180841729044914246e-02
1.701986603438854218e-02
-5.445906892418861389e-03
1.614170521497726440e-01
8.304232358932495117e-02
8.556432276964187622e-02
-3.600291162729263306e-02
1.340902149677276611e-01
-5.905113369226455688e-02
6.091513484716415405e-02
5.451342836022377014e-02
-1.380562130361795425e-02
4.910036548972129822e-02
-5.265480279922485352e-02
1.424384769052267075e-02
4.089137539267539978e-02
2.895649522542953491e-03
-2.041196078062057495e-02
-6.176360696554183960e-02
-1.325455754995346069e-01
3.398729488253593445e-02
7.766060996800661087e-03
4.682860150933265686e-02
1.070802733302116394e-01
8.068951219320297241e-02
6.463727355003356934e-02
-4.972479119896888733e-02
1.831629425287246704e-01
1.363878399133682251e-01
-1.294747143983840942e-01
1.221815124154090881e-02
-1.870243437588214874e-02
7.803735882043838501e-02
1.147328317165374756e-01
2.384085021913051605e-02
-6.424218416213989258e-02
9.587752632796764374e-03
1.186860143207013607e-03
3.340758383274078369e-02
7.181576220318675041e-04
9.527403861284255981e-02
1.024081557989120483e-01
-1.068812608718872070e-02
1.059237122535705566e-01
2.741181477904319763e-02
-8.374430239200592041e-02
4.429684206843376160e-02
2.036779969930648804e-01
5.326258763670921326e-02
-4.304030537605285645e-02
-1.171103715896606445e-01
3.580884542316198349e-03
1.209520082920789719e-02
-3.654156997799873352e-02
-8.704017847776412964e-03
5.971794947981834412e-02
3.534612432122230530e-02
3.500187024474143982e-02
7.796280086040496826e-02
9.714552760124206543e-02
-4.630706086754798889e-02
3.402460366487503052e-02
5.983585864305496216e-02
4.192079231142997742e-02
-1.917344704270362854e-02
1.539817899465560913e-01
-1.129239946603775024e-01
1.306551396846771240e-01
1.352930557914078236e-03
6.622941792011260986e-02
1.507617980241775513e-01
-9.453433007001876831e-02
7.749960571527481079e-02
-3.541284799575805664e-02
3.279566392302513123e-02
-7.777112070471048355e-03
-4.087739437818527222e-02
8.995274454355239868e-02
6.756696105003356934e-02
-8.129350841045379639e-02
-5.733779072761535645e-02
1.980520784854888916e-01
6.668331474065780640e-02
-1.542005408555269241e-02
1.285924017429351807e-01
1.913965046405792236e-01
-1.176421344280242920e-01
-5.950855091214179993e-02
-1.302336622029542923e-02
1.031041517853736877e-01
4.063368216156959534e-02
-1.188245564699172974e-01
6.453960388898849487e-02
1.201410219073295593e-01
1.693930774927139282e-01
-7.029633969068527222e-02
1.038505416363477707e-02
-2.441276051104068756e-02
1.109839230775833130e-01
3.552491217851638794e-02
6.412966549396514893e-02
9.939541108906269073e-03
-6.060134619474411011e-02
-1.320312917232513428e-02
4.003815352916717529e-02
-1.020167395472526550e-02
6.725583970546722412e-02
3.795577213168144226e-02
-1.838173717260360718e-02
2.765133418142795563e-02
1.685434132814407349e-01
6.146612390875816345e-02
3.159066662192344666e-02
-3.322747722268104553e-02
9.388040751218795776e-03
4.918706044554710388e-02
5.489115044474601746e-02
6.846992671489715576e-02
2.415842376649379730e-03
5.642779543995857239e-02
3.539245203137397766e-02
-4.095683619379997253e-02
1.706705391407012939e-01
-7.752305269241333008e-02
-5.613945052027702332e-02
1.045107170939445496e-01
7.492157816886901855e-02
-8.324457332491874695e-03
1.360698603093624115e-02
6.818912178277969360e-02
-1.008887365460395813e-01
-5.511933937668800354e-02
7.601818442344665527e-02
5.089559592306613922e-03
3.651256859302520752e-02
2.956427820026874542e-02
2.065294049680233002e-02
9.692141413688659668e-02
9.501437097787857056e-02
2.367263101041316986e-02
2.851195400580763817e-03
-1.254848111420869827e-02
5.317008122801780701e-02
1.900786720216274261e-02
6.297767162322998047e-02
1.083915904164314270e-01
7.034577429294586182e-02
-1.995184645056724548e-02
-7.593255490064620972e-02
7.782924175262451172e-02
-8.541856706142425537e-02
1.031006947159767151e-01
1.331198145635426044e-03
2.611105442047119141e-01
1.448106113821268082e-02
-7.467922568321228027e-02
4.393552895635366440e-03
2.055229246616363525e-02
3.680959716439247131e-02
-3.991297259926795959e-02
4.208452254533767700e-02
1.967155374586582184e-02
2.391943708062171936e-02
9.075360745191574097e-02
1.000843849033117294e-02
4.719546809792518616e-02
5.327343940734863281e-02
1.195438951253890991e-02
5.751122534275054932e-02
-9.333290159702301025e-02
8.542827516794204712e-02
1.044269949197769165e-01
6.211296096444129944e-02
9.757466614246368408e-03
-3.934768214821815491e-02
2.754301950335502625e-02
2.079644985496997833e-02
-2.880180999636650085e-02
9.152834862470626831e-02
-3.757580742239952087e-02
7.371400017291307449e-03
1.827763170003890991e-01
1.184339541941881180e-02
1.856583869084715843e-03
-8.256508968770503998e-03
6.035444885492324829e-02
6.077307835221290588e-02
3.167147934436798096e-02
9.557546675205230713e-02
-9.437771141529083252e-02
-3.733576508238911629e-03
7.601143419742584229e-02
-1.431734859943389893e-01
1.920067071914672852e-01
5.190148204565048218e-02
-5.040887370705604553e-02
7.196355611085891724e-02
-2.163147181272506714e-02
4.956930503249168396e-02
1.244107782840728760e-01
3.828449174761772156e-02
-2.063998579978942871e-02
-4.221009463071823120e-02
3.585743904113769531e-02
9.205291420221328735e-02
1.232121661305427551e-01
3.585096448659896851e-02
1.229493618011474609e-01
5.560821667313575745e-02
7.505860645323991776e-03
-3.333747759461402893e-02
-1.349522080272436142e-02
5.244931578636169434e-02
-2.272653020918369293e-02
1.771755889058113098e-02
1.734519302845001221e-01
-1.128835678100585938e-01
2.917796745896339417e-02
-3.639738261699676514e-02
6.623021513223648071e-02
2.889262139797210693e-02
-2.289627306163311005e-02
1.371241956949234009e-01
-7.498825341463088989e-02
-2.430111728608608246e-02
1.231889277696609497e-01
3.434365149587392807e-03
1.113924309611320496e-01
-2.021883428096771240e-02
1.166534423828125000e-02
5.035506933927536011e-02
6.494344770908355713e-02
-6.419481243938207626e-03
1.050197798758745193e-02
9.026098996400833130e-02
5.292694270610809326e-02
1.134881228208541870e-01
-2.810356765985488892e-02
5.129816383123397827e-02
1.511907130479812622e-01
-1.541844289749860764e-02
5.045142397284507751e-02
-1.307659689337015152e-02
1.348384767770767212e-01
-6.835740059614181519e-02
-6.620908156037330627e-03
-2.196167036890983582e-02
1.861598528921604156e-02
-3.064239164814352989e-03
1.762967109680175781e-01
8.369046449661254883e-02
-3.347922489047050476e-02
8.593418449163436890e-02
5.699804797768592834e-02
3.467317670583724976e-02
1.289728749543428421e-02
-3.258618339896202087e-02
-1.412191092967987061e-01
2.066177576780319214e-01
3.836147114634513855e-02
9.277264028787612915e-02
-8.134735375642776489e-02
3.548911213874816895e-02
8.793398737907409668e-02
-3.518776968121528625e-02
7.351692765951156616e-02
4.772617667913436890e-02
5.742530524730682373e-02
4.959333688020706177e-02
8.560948073863983154e-02
8.962005376815795898e-02
4.220015183091163635e-02
5.619325116276741028e-02
-9.653972089290618896e-02
6.994607299566268921e-02
-6.187773495912551880e-02
-4.457980103325098753e-04
-1.710276491940021515e-02
-3.844950115308165550e-03
1.108036637306213379e-01
5.219342932105064392e-02
1.311397105455398560e-01
-4.561061039566993713e-02
5.891925841569900513e-02
2.196693979203701019e-02
-1.446077041327953339e-02
9.528963267803192139e-02
-2.141438890248537064e-03
1.507203429937362671e-01
7.630296796560287476e-02
-5.066838115453720093e-02
-9.060589224100112915e-02
9.665058553218841553e-02
2.181841880083084106e-01
-1.034619063138961792e-01
1.920190900564193726e-01
-1.660702168010175228e-03
1.210280656814575195e-01
-1.200770065188407898e-01
-3.385601565241813660e-03
9.925020486116409302e-02
2.577055059373378754e-02
-7.105738669633865356e-02
1.399808973073959351e-01
1.429014205932617188e-01
-3.188173100352287292e-02
-4.135630559176206589e-03
1.047343295067548752e-02
-8.875360712409019470e-03
3.779761493206024170e-02
-8.948873728513717651e-02
9.483366273343563080e-03
3.208309039473533630e-02
-6.229491438716650009e-03
9.064851701259613037e-02
9.946140646934509277e-02
2.957350341603159904e-03
1.674969643354415894e-01
1.412735432386398315e-01
-3.539362549781799316e-02
-1.015732586383819580e-01
1.206501126289367676e-01
4.140938166528940201e-03
2.029865235090255737e-01
-4.620122537016868591e-02
-7.161600980907678604e-03
-6.004268769174814224e-03
5.398027226328849792e-02
8.587215840816497803e-02
3.897221758961677551e-02
2.826810255646705627e-02
6.576757133007049561e-02
-8.005706220865249634e-02
1.049223821610212326e-02
1.225635483860969543e-01
-2.228980138897895813e-02
5.320059135556221008e-02
-9.387978911399841309e-02
7.459650188684463501e-02
2.525667473673820496e-02
6.864598393440246582e-02
8.819934725761413574e-02
-4.378015175461769104e-02
-2.313997223973274231e-02
1.260946132242679596e-02
6.470281630754470825e-02
1.823123991489410400e-01
3.632132336497306824e-02
2.910022856667637825e-03
4.247486963868141174e-02
7.071862369775772095e-02
-3.532023727893829346e-02
1.982534825801849365e-01
-1.050995960831642151e-01
8.443904668092727661e-02
8.979219943284988403e-02
1.798158288002014160e-01
3.831494972109794617e-02
2.642272599041461945e-02
-1.904936321079730988e-02
-1.056863516569137573e-01
1.133022308349609375e-01
-4.754682257771492004e-02
1.949759386479854584e-02
4.020298272371292114e-02
8.297771960496902466e-02
9.102454781532287598e-02
2.677272306755185127e-03
8.378247171640396118e-02
-8.683773130178451538e-02
-8.868930488824844360e-02
1.654212325811386108e-01
3.971081227064132690e-02
4.739644378423690796e-02
1.067516282200813293e-01
2.919388748705387115e-02
1.381213515996932983e-01
2.783943898975849152e-02
-1.002192273736000061e-01
6.752729415893554688e-02
2.071895822882652283e-02
3.455468639731407166e-02
-1.448706910014152527e-02
5.812825169414281845e-03
5.166491959244012833e-03
1.815840303897857666e-01
4.495860263705253601e-02
9.093222022056579590e-02
6.706538051366806030e-02
-1.993084885179996490e-02
1.630111634731292725e-01
1.190382242202758789e-02
-3.203015401959419250e-02
8.756572008132934570e-02
-3.303850069642066956e-03
5.163422785699367523e-03
2.105841040611267090e-02
4.628447815775871277e-02
-6.251922994852066040e-02
5.889660865068435669e-02
7.367328554391860962e-02
-1.479052007198333740e-04
8.395073562860488892e-02
7.141510397195816040e-02
1.449354737997055054e-01
-6.306927651166915894e-02
-8.006244152784347534e-02
6.554377079010009766e-02
6.570185720920562744e-02
1.879609525203704834e-01
-9.464351087808609009e-02
2.746162936091423035e-02
3.661170601844787598e-02
6.951368600130081177e-02
1.154799684882164001e-01
1.104837581515312195e-01
1.862055435776710510e-02
1.410640180110931396e-01
-1.552763730287551880e-01
7.973950356245040894e-02
5.307406932115554810e-02
1.236810088157653809e-01
6.602801382541656494e-02
3.858887776732444763e-02
-2.886947058141231537e-02
1.396033465862274170e-01
-5.551474168896675110e-02
7.785627245903015137e-02
1.676219142973423004e-02
-1.602278202772140503e-01
1.647171229124069214e-01
6.108808144927024841e-02
-1.183630302548408508e-01
1.652003526687622070e-01
9.415572881698608398e-02
4.875582829117774963e-02
1.708891242742538452e-02
-3.313561901450157166e-02
1.448882073163986206e-01
1.677421480417251587e-02
5.673528183251619339e-03
-1.513830153271555901e-03
-3.595334291458129883e-02
1.949657350778579712e-01
-1.570926904678344727e-01
1.706880703568458557e-02
1.541413217782974243e-01
4.358455166220664978e-02
6.919544935226440430e-02
-4.958531633019447327e-02
1.413053274154663086e-01
7.348949089646339417e-03
-7.240250706672668457e-03
1.922716200351715088e-02
1.504880338907241821e-01
6.104700267314910889e-02
1.962975710630416870e-01
-1.182376756332814693e-03
-3.283146768808364868e-02
1.975744776427745819e-02
8.455494046211242676e-02
1.382405757904052734e-01
-1.603757217526435852e-02
-6.873194128274917603e-02
2.634057961404323578e-02
1.393776088953018188e-01
-1.309898030012845993e-02
1.645995676517486572e-01
-9.596120566129684448e-02
2.789844200015068054e-02
6.696838885545730591e-02
1.605504900217056274e-01
-1.896802708506584167e-02
3.430551663041114807e-02
5.529840942472219467e-03
-5.037057679146528244e-03
3.053762950003147125e-02
6.630303710699081421e-02
8.546531945466995239e-02
-1.289850920438766479e-01
1.023619621992111206e-02
1.144781187176704407e-01
2.627389691770076752e-02
9.111391007900238037e-02
1.389361023902893066e-01
5.959811061620712280e-02
4.317991808056831360e-02
-1.970690488815307617e-02
-5.280167609453201294e-02
1.622753143310546875e-01
4.174765571951866150e-02
1.250552684068679810e-01
-1.416978240013122559e-02
2.958116121590137482e-02
-1.073689460754394531e-01
8.263504132628440857e-03
7.978207617998123169e-02
4.344276338815689087e-02
7.742911577224731445e-02
-1.287177670747041702e-02
6.893477588891983032e-02
4.638392943888902664e-03
8.316713571548461914e-02
4.291643202304840088e-02
-6.281942129135131836e-02
1.329709887504577637e-01
1.382295489311218262e-01
1.740600541234016418e-02
7.290773093700408936e-02
3.823371231555938721e-02
1.369801163673400879e-02
-1.262405142188072205e-02
4.387827217578887939e-02
1.714604347944259644e-01
6.332070380449295044e-02
-2.128890715539455414e-02
9.217914193868637085e-02
1.771643199026584625e-02
4.660077393054962158e-02
-9.571371600031852722e-03
1.969817467033863068e-02
-4.184269905090332031e-02
4.095416143536567688e-02
8.009325712919235229e-03
1.959709264338016510e-02
4.064913094043731689e-02
1.696983277797698975e-01
-5.347955971956253052e-02
2.673849463462829590e-02
5.715826898813247681e-02
2.265596762299537659e-02
2.521515265107154846e-02
-1.048090681433677673e-02
1.282064169645309448e-01
1.005073040723800659e-01
6.286116689443588257e-02
-1.087619662284851074e-01
1.649861335754394531e-01
5.293047800660133362e-02
3.725389391183853149e-02
1.435207426548004150e-01
-1.669352501630783081e-02
8.705630153417587280e-02
-6.578578054904937744e-02
9.685186296701431274e-02
-9.653042256832122803e-02
1.344549208879470825e-01
3.589739557355642319e-03
4.375061765313148499e-02
1.202351376414299011e-01
8.991561830043792725e-03
-4.708542302250862122e-02
2.093965411186218262e-01
-5.364603176712989807e-02
1.519141253083944321e-02
9.760777652263641357e-02
-1.947391778230667114e-02
-3.252117335796356201e-02
8.396631479263305664e-02
2.846061950549483299e-03
2.739784866571426392e-02
7.509975880384445190e-02
7.212387025356292725e-02
1.396835893392562866e-01
-5.581915006041526794e-02
-7.888048887252807617e-03
-3.377436101436614990e-02
1.237541288137435913e-01
6.228724122047424316e-02
6.226649880409240723e-02
9.480431675910949707e-02
5.525981262326240540e-02
4.085887223482131958e-02
-2.142019942402839661e-02
-7.312592864036560059e-02
7.802717387676239014e-02
3.675740584731101990e-02
8.150082826614379883e-02
-1.383640021085739136e-01
1.277060657739639282e-01
8.995346724987030029e-02
-2.169041521847248077e-02
4.147836565971374512e-02
1.285036653280258179e-01
8.603968471288681030e-02
4.472255334258079529e-02
3.368605300784111023e-02
1.670023775659501553e-03
1.391629781574010849e-02
1.537354588508605957e-01
-5.481917783617973328e-02
6.226532161235809326e-02
9.337615966796875000e-02
-2.216810360550880432e-02
1.270826905965805054e-01
9.046830236911773682e-02
-1.290473937988281250e-01
1.595681998878717422e-03
8.710961043834686279e-02
1.385464519262313843e-01
5.667276680469512939e-02
3.556761890649795532e-02
-7.760109752416610718e-02
6.174014881253242493e-02
-1.037460193037986755e-02
-4.021633416414260864e-02
6.719184666872024536e-02
8.238098025321960449e-02
1.207762435078620911e-01
6.823611259460449219e-02
-4.148257896304130554e-02
-1.100450605154037476e-01
1.369217187166213989e-01
2.243015915155410767e-02
1.185806095600128174e-01
4.796105623245239258e-02
1.162234023213386536e-01
-7.037833333015441895e-03
1.037241891026496887e-01
-2.909924648702144623e-02
5.794855207204818726e-02
2.162241190671920776e-02
1.317400671541690826e-02
-5.113616585731506348e-03
1.125977635383605957e-01
-1.424434501677751541e-02
-8.742847479879856110e-03
8.773168548941612244e-03
-1.185771357268095016e-02
1.730216890573501587e-01
1.308371275663375854e-01
1.525282859802246094e-02
7.799439877271652222e-02
7.294548302888870239e-02
-3.116318024694919586e-02
9.622016549110412598e-02
2.736294409260153770e-03
1.930278725922107697e-02
1.772299408912658691e-01
8.157337084412574768e-03
-5.513531714677810669e-02
3.532515093684196472e-02
-1.585367135703563690e-02
8.851123601198196411e-02
8.112116158008575439e-02
-7.042948901653289795e-02
1.528066545724868774e-01
5.421345680952072144e-02
-8.271742612123489380e-03
-6.698098033666610718e-02
1.218163594603538513e-01
9.194657206535339355e-02
-4.813810065388679504e-02
-7.992236060090363026e-04
5.929692997597157955e-04
1.647558063268661499e-01
-3.361300379037857056e-02
1.328123360872268677e-01
9.301135689020156860e-02
-1.050201877951622009e-01
-6.265036761760711670e-02
1.468764692544937134e-01
1.368581205606460571e-01
3.451676666736602783e-02
6.887107342481613159e-02
1.028471961617469788e-01
-6.281971931457519531e-02
9.162855893373489380e-02
1.053243651986122131e-01
3.194525837898254395e-02
-1.020826697349548340e-01
1.381188482046127319e-01
-6.104401871562004089e-02
9.443878382444381714e-02
2.893509902060031891e-02
-6.093931943178176880e-02
2.488279715180397034e-02
7.091975957155227661e-02
2.665298432111740112e-02
1.198567077517509460e-01
9.255949407815933228e-02
-6.563854962587356567e-02
7.143172621726989746e-02
-3.649508580565452576e-02
1.602721810340881348e-01
1.115071326494216919e-01
-4.270433261990547180e-02
3.445954620838165283e-02
1.231119409203529358e-01
1.430161949247121811e-02
-4.588736221194267273e-02
1.518629193305969238e-01
1.233020424842834473e-02
1.570802554488182068e-02
2.473108470439910889e-04
1.211333274841308594e-02
-6.153654307126998901e-02
1.006863489747047424e-01
1.652059555053710938e-01
7.669776678085327148e-02
-3.759222850203514099e-02
1.089015528559684753e-01
4.276467487215995789e-03
1.212663203477859497e-01
-1.831780746579170227e-02
7.238353043794631958e-02
1.671199947595596313e-01
5.050728470087051392e-02
-1.656630635261535645e-01
1.405254602432250977e-01
-3.735399618744850159e-02
1.120615378022193909e-01
-3.268944472074508667e-02
1.087778732180595398e-01
2.158713527023792267e-02
-4.385003447532653809e-02
1.877988874912261963e-02
-1.797804236412048340e-02
1.939198672771453857e-01
5.405102297663688660e-02
6.241937726736068726e-02
3.667825832962989807e-02
4.269887879490852356e-02
6.116975098848342896e-02
6.786999106407165527e-02
-5.675086006522178650e-02
1.042263060808181763e-01
6.030974909663200378e-02
1.982604525983333588e-02
6.961004342883825302e-03
8.073985576629638672e-02
2.597545832395553589e-02
1.216735690832138062e-01
6.874699890613555908e-02
-5.478191189467906952e-03
-9.621784090995788574e-02
3.563278168439865112e-02
-1.800431124866008759e-02
6.949575245380401611e-02
1.908733993768692017e-01
-2.768716309219598770e-03
6.333290785551071167e-02
2.314117550849914551e-01
1.950495690107345581e-02
4.819268360733985901e-02
-1.687208004295825958e-02
7.524355500936508179e-02
-1.177338063716888428e-01
5.365065857768058777e-02
8.094593882560729980e-02
1.109591200947761536e-01
1.471296548843383789e-01
-1.911591738462448120e-02
-5.007366091012954712e-02
-7.308354973793029785e-02
8.237778395414352417e-02
1.699707359075546265e-01
3.847605735063552856e-02
1.401729583740234375e-01
-2.319251652806997299e-03
4.072537645697593689e-02
-2.651641517877578735e-02
-9.498340636491775513e-02
1.469563394784927368e-01
7.046988699585199356e-03
1.242087781429290771e-01
7.447382062673568726e-02
1.107372343540191650e-01
5.813282728195190430e-02
4.356177151203155518e-02
5.316032841801643372e-02
1.106105279177427292e-02
-3.244185820221900940e-02
6.028144806623458862e-02
1.548086293041706085e-02
-2.018806897103786469e-02
3.335194289684295654e-02
1.076450943946838379e-01
-1.270857602357864380e-01
8.106421679258346558e-02
1.302320212125778198e-01
8.371901512145996094e-02
6.722240149974822998e-02
1.215672418475151062e-01
-1.565964333713054657e-02
1.506963670253753662e-01
-4.193855822086334229e-02
-2.373481914401054382e-02
1.200409606099128723e-01
2.115688286721706390e-02
7.196485996246337891e-02
9.035133570432662964e-02
4.374043270945549011e-02
4.280387982726097107e-02
1.044027954339981079e-01
-2.925828658044338226e-02
3.699531406164169312e-02
2.353317290544509888e-02
1.201513633131980896e-01
1.211748085916042328e-02
-2.110053552314639091e-03
-5.657115206122398376e-02
1.370638757944107056e-01
1.286187171936035156e-01
4.023222625255584717e-02
-2.283051982522010803e-02
-4.028030857443809509e-02
7.782423496246337891e-02
7.124558091163635254e-02
5.298888310790061951e-02
1.988949999213218689e-02
7.002447545528411865e-02
7.811377942562103271e-02
-8.602633327245712280e-02
2.219223231077194214e-01
3.689485415816307068e-02
-1.132942270487546921e-03
2.967956289649009705e-02
-1.034155488014221191e-02
1.011221781373023987e-01
7.725901156663894653e-02
-2.236298918724060059e-01
1.059002503752708435e-01
9.722001850605010986e-02
2.371085137128829956e-01
-2.697219140827655792e-02
6.450210511684417725e-02
6.581640988588333130e-02
6.316158175468444824e-02
-5.448491498827934265e-02
3.972391411662101746e-02
1.660608500242233276e-01
1.298962160944938660e-04
1.115767359733581543e-01
-1.994335325434803963e-03
7.276722043752670288e-02
1.126213669776916504e-01
-1.463895887136459351e-01
1.709773577749729156e-02
1.029515638947486877e-01
-2.909947931766510010e-02
-3.636444360017776489e-02
2.732754051685333252e-01
2.143339999020099640e-02
-8.842089027166366577e-02
1.449928134679794312e-01
8.176670968532562256e-02
8.837132900953292847e-02
-1.691403388977050781e-01
5.991761758923530579e-02
6.062567979097366333e-02
1.872459240257740021e-02
1.163448020815849304e-02
1.138946637511253357e-01
1.919637620449066162e-01
-5.213944613933563232e-02
-1.655120775103569031e-02
1.113620251417160034e-01
-5.097439885139465332e-02
8.866120129823684692e-02
1.141114681959152222e-01
-3.503910452127456665e-02
1.467249095439910889e-01
8.204419910907745361e-02
-1.201330777257680893e-02
-4.845717921853065491e-02
4.261109977960586548e-02
2.416268922388553619e-02
1.931794881820678711e-01
8.256723731756210327e-02
1.063429489731788635e-01
-5.345695838332176208e-02
5.327758938074111938e-02
-1.029488723725080490e-02
-6.288625299930572510e-02
7.243383675813674927e-02
1.261995583772659302e-01
8.694815635681152344e-02
8.880843967199325562e-02
2.467938698828220367e-02
-8.590341359376907349e-02
1.064964532852172852e-01
9.239103645086288452e-02
1.230413541197776794e-01
-7.422742899507284164e-03
-7.394337654113769531e-02
-9.190717339515686035e-02
1.278512328863143921e-01
1.205750480294227600e-01
7.545078638941049576e-03
8.498724550008773804e-02
3.801969811320304871e-02
2.237977646291255951e-02
-2.780851209536194801e-03
1.235223282128572464e-02
6.645787507295608521e-02
6.554231792688369751e-02
-2.327097207307815552e-02
1.587755233049392700e-02
1.606617718935012817e-01
1.124851480126380920e-01
5.932628735899925232e-02
1.206847932189702988e-02
7.297072559595108032e-02
-5.545061826705932617e-02
6.940276920795440674e-02
-7.572916895151138306e-02
2.898275554180145264e-01
-4.269345104694366455e-02
6.626966595649719238e-02
1.132117286324501038e-01
2.824041061103343964e-03
-8.612262457609176636e-02
5.283939838409423828e-02
1.079207062721252441e-01
1.090519726276397705e-01
-5.843716114759445190e-02
6.807003170251846313e-02
-5.812065210193395615e-03
-5.326490476727485657e-02
1.091336682438850403e-01
1.206993474625051022e-03
9.997329860925674438e-02
7.845353335142135620e-02
9.831745177507400513e-03
1.149623319506645203e-01
7.361196912825107574e-03
1.340505033731460571e-01
-6.419294327497482300e-02
-1.037051621824502945e-02
6.761048734188079834e-02
9.965031594038009644e-02
7.775411754846572876e-02
8.586079627275466919e-02
1.275346577167510986e-01
-3.132396563887596130e-02
3.331414982676506042e-02
-5.254464969038963318e-02
-4.611970856785774231e-02
2.407987564802169800e-01
6.361890584230422974e-02
-3.919422999024391174e-02
9.629575908184051514e-02
1.553322076797485352e-01
1.848881132900714874e-02
-1.416105628013610840e-01
1.427641808986663818e-01
-8.214350044727325439e-02
1.344893574714660645e-01
-1.118181273341178894e-02
8.406601846218109131e-02
8.355043083429336548e-02
-1.540321623906493187e-03
1.033658236265182495e-01
-3.018598072230815887e-02
1.252636462450027466e-01
-5.638677626848220825e-02
6.669761240482330322e-02
5.109922587871551514e-02
1.363398432731628418e-01
-4.498438537120819092e-02
3.139187395572662354e-02
1.741749793291091919e-01
4.808316752314567566e-02
-1.337594687938690186e-01
-8.543366193771362305e-02
1.574121564626693726e-01
3.171223029494285583e-02
1.075213477015495300e-01
-2.772331424057483673e-02
7.325240224599838257e-02
1.636673063039779663e-01
-2.903383597731590271e-02
4.073673859238624573e-02
-4.216371476650238037e-02
7.488231360912322998e-02
9.115004539489746094e-02
5.192789807915687561e-02
7.855883240699768066e-02
2.961314097046852112e-02
1.984326541423797607e-02
2.424652427434921265e-01
-1.517534852027893066e-01
3.136429190635681152e-02
8.425994962453842163e-02
9.196158498525619507e-02
9.643337875604629517e-02
3.661005944013595581e-02
-1.085009872913360596e-01
8.140249550342559814e-02
5.714640766382217407e-02
1.179221868515014648e-01
6.878824532032012939e-02
2.994299866259098053e-02
-1.045254096388816833e-01
5.184631794691085815e-02
1.367744207382202148e-01
4.114406555891036987e-02
1.490313857793807983e-01
-5.238610133528709412e-02
-6.809628754854202271e-02
1.928658336400985718e-01
-8.434826880693435669e-02
1.267123371362686157e-01
-1.213774457573890686e-02
1.406747698783874512e-01
-1.980155706405639648e-02
4.811258614063262939e-02
-2.776660257950425148e-03
1.121980920433998108e-01
4.180193319916725159e-02
-5.144915357232093811e-02
1.162580847740173340e-01
-6.463333964347839355e-02
1.076086014509201050e-01
3.375962376594543457e-02
6.414626538753509521e-02
-3.193839266896247864e-02
1.159932389855384827e-01
4.005458205938339233e-02
1.770715415477752686e-01
-6.526798941195011139e-03
2.837770804762840271e-02
7.585814595222473145e-02
-3.584822639822959900e-02
7.906319946050643921e-02
9.186735004186630249e-02
-8.769067376852035522e-02
3.546355664730072021e-02
1.641342341899871826e-01
3.238768130540847778e-02
-1.064129993319511414e-01
5.392973870038986206e-02
1.211357116699218750e-01
5.051581561565399170e-02
1.244553849101066589e-01
-8.604330569505691528e-02
7.507637888193130493e-02
1.150059774518013000e-01
6.651849299669265747e-02
-2.898613223806023598e-03
1.489595919847488403e-01
-4.684811085462570190e-02
-1.907464116811752319e-02
1.594167016446590424e-02
1.201654300093650818e-01
-1.196864433586597443e-02
9.150656312704086304e-02
-1.170965749770402908e-02
1.436880081892013550e-01
-1.132280193269252777e-02
7.216452062129974365e-02
1.346516460180282593e-01
-5.201893672347068787e-02
7.571902126073837280e-02
1.068640500307083130e-01
4.558449983596801758e-02
-1.715763211250305176e-01
1.673199981451034546e-01
9.737311303615570068e-02
-4.875386133790016174e-02
1.577576994895935059e-01
2.146029099822044373e-02
-1.600591093301773071e-02
5.843654740601778030e-03
1.462606713175773621e-02
1.012227609753608704e-01
2.482729777693748474e-02
1.522988080978393555e-01
3.946710377931594849e-02
1.047335565090179443e-01
6.765252351760864258e-02
3.772696480154991150e-02
-1.132689490914344788e-01
6.943381158635020256e-04
1.017367765307426453e-01
8.364067971706390381e-02
1.090350598096847534e-01
-3.825533390045166016e-02
1.703704008832573891e-03
4.232633113861083984e-02
-5.327228829264640808e-02
1.074862256646156311e-01
-2.647184999659657478e-03
-3.848031535744667053e-02
5.577526986598968506e-02
1.104314252734184265e-01
2.145476788282394409e-01
-9.772589057683944702e-02
1.425822079181671143e-01
-2.830678783357143402e-02
1.347350478172302246e-01
2.884158398956060410e-03
1.693593524396419525e-02
-1.719130319543182850e-03
4.866585507988929749e-02
1.486254036426544189e-01
-4.053414240479469299e-02
-5.899845808744430542e-02
6.965696811676025391e-02
1.729359775781631470e-01
-1.603682339191436768e-02
1.184434965252876282e-01
-3.947855904698371887e-02
1.961437165737152100e-01
2.596192434430122375e-02
3.899723291397094727e-02
-6.441377103328704834e-02
8.557266741991043091e-02
1.617894172668457031e-01
-3.511578217148780823e-02
8.725166320800781250e-02
3.448577225208282471e-02
4.692551493644714355e-02
-4.745620116591453552e-02
4.424525424838066101e-02
5.816726759076118469e-02
2.394799515604972839e-02
-1.749565638601779938e-02
3.859917446970939636e-02
-1.362624578177928925e-02
-2.619888074696063995e-02
1.754964739084243774e-01
7.018431276082992554e-02
1.773717068135738373e-02
6.779448688030242920e-02
1.091155856847763062e-01
3.033830784261226654e-02
9.868814796209335327e-02
2.456367947161197662e-02
2.269002050161361694e-02
4.950065538287162781e-02
3.511322289705276489e-02
3.345464915037155151e-02
1.375611573457717896e-01
-4.616805166006088257e-02
6.217571720480918884e-02
4.641389474272727966e-02
1.859959959983825684e-01
-1.999247819185256958e-01
1.370687782764434814e-01
-6.023341417312622070e-02
2.263271361589431763e-01
-6.995820254087448120e-02
-1.875986531376838684e-02
1.359941363334655762e-01
-8.567362278699874878e-02
1.806979030370712280e-01
1.782595179975032806e-02
3.789729624986648560e-02
1.648418754339218140e-01
-3.425720334053039551e-02
-1.070166844874620438e-02
1.583347767591476440e-01
-3.770938515663146973e-02
1.173795759677886963e-01
-6.441000103950500488e-02
1.880749911069869995e-01
-2.705947495996952057e-03
1.658410578966140747e-01
8.923903852701187134e-02
-1.705010831356048584e-01
-2.561091817915439606e-02
1.719715446233749390e-01
9.989963844418525696e-03
1.090278774499893188e-01
2.557978034019470215e-02
8.932355046272277832e-02
-7.259784732013940811e-03
1.416218280792236328e-01
-3.902269899845123291e-02
1.841723918914794922e-02
8.754282444715499878e-02
-9.408468753099441528e-02
1.606692820787429810e-01
7.273513078689575195e-02
-9.831334650516510010e-02
2.868883311748504639e-02
7.772554457187652588e-02
2.771573513746261597e-02
3.587188199162483215e-02
-1.977336825802922249e-03
1.495270133018493652e-01
5.532925575971603394e-02
2.025594711303710938e-01
-3.315282240509986877e-02
1.449240893125534058e-01
9.035260230302810669e-02
5.502946674823760986e-02
-8.794555068016052246e-02
5.828498676419258118e-02
-5.795400217175483704e-02
6.588053703308105469e-02
2.313309162855148315e-02
-2.891594730317592621e-02
1.580929458141326904e-01
3.296636417508125305e-02
1.389514356851577759e-01
-7.651556283235549927e-02
7.021925598382949829e-02
1.314859837293624878e-01
7.333604991436004639e-02
3.912643343210220337e-02
4.225033335387706757e-03
9.230524301528930664e-02
-3.248023241758346558e-02
-2.636990882456302643e-02
1.514000445604324341e-01
1.179274395108222961e-01
1.085906848311424255e-01
8.434669673442840576e-02
-9.665080346167087555e-03
1.583127304911613464e-02
8.941553533077239990e-02
5.915133282542228699e-03
-7.778315991163253784e-02
2.599481306970119476e-02
5.681496858596801758e-02
1.708362400531768799e-01
9.403095464222133160e-04
-2.037972398102283478e-02
2.000242769718170166e-01
7.739846594631671906e-03
2.561507932841777802e-02
-1.771148294210433960e-02
1.073585972189903259e-01
9.915329515933990479e-02
7.899972051382064819e-02
-1.262459717690944672e-02
2.139449492096900940e-02
3.115046396851539612e-02
3.986874222755432129e-02
-1.891153492033481598e-02
1.476313620805740356e-01
7.216184586286544800e-02
-6.200081482529640198e-02
5.153338238596916199e-02
2.939566038548946381e-03
2.926485240459442139e-02
8.232456445693969727e-02
-2.314429171383380890e-02
8.041328191757202148e-02
4.505497217178344727e-02
1.295951604843139648e-01
-3.710838407278060913e-02
2.075409740209579468e-01
1.262164711952209473e-01
-9.394048899412155151e-02
6.715127080678939819e-02
-5.119089782238006592e-02
7.761978358030319214e-02
1.279166936874389648e-01
5.104376748204231262e-02
8.382462710142135620e-02
8.889663219451904297e-02
-5.210181698203086853e-03
4.537199437618255615e-02
8.033156394958496094e-03
1.041921880096197128e-02
2.412254922091960907e-03
6.879273336380720139e-03
2.145139575004577637e-01
-1.134722828865051270e-01
1.188252773135900497e-02
3.069677390158176422e-02
1.101602166891098022e-01
7.750626653432846069e-02
1.777210682630538940e-01
-4.498051106929779053e-02
1.307776477187871933e-02
1.178248673677444458e-01
9.478154033422470093e-02
2.992869168519973755e-02
-5.760087072849273682e-02
9.128382802009582520e-02
-5.159320309758186340e-02
1.359970718622207642e-01
1.007719114422798157e-01
-7.403384149074554443e-02
1.278848350048065186e-01
-9.063282608985900879e-02
1.757531017065048218e-01
3.949142619967460632e-02
-3.450500965118408203e-02
1.291410326957702637e-01
6.723654456436634064e-03
6.964988075196743011e-03
1.223661750555038452e-01
3.654493764042854309e-02
-6.789648532867431641e-02
6.572443991899490356e-02
2.308889776468276978e-01
6.532575003802776337e-03
9.800470620393753052e-02
-1.077047083526849747e-02
3.321560472249984741e-02
-6.611422449350357056e-02
1.847199052572250366e-01
-5.701673775911331177e-02
1.899949461221694946e-02
1.120854616165161133e-01
2.663353458046913147e-02
1.824722997844219208e-02
7.208673655986785889e-02
6.964174658060073853e-02
6.725847721099853516e-02
1.579744517803192139e-01
-7.529767602682113647e-02
4.512527585029602051e-02
7.485911995172500610e-02
3.779744356870651245e-02
3.380157053470611572e-02
1.090481653809547424e-01
-9.578779339790344238e-03
7.500667124986648560e-02
-6.499118357896804810e-02
2.291309647262096405e-02
1.240467652678489685e-01
2.102525830268859863e-01
-1.489069014787673950e-01
1.376253217458724976e-01
1.088168248534202576e-01
-9.796462953090667725e-02
1.903841793537139893e-01
-2.671604044735431671e-02
-1.193171963095664978e-01
2.136058956384658813e-01
8.435229770839214325e-03
1.714884489774703979e-01
-3.618846088647842407e-02
1.135967746376991272e-01
8.334114402532577515e-02
-5.268531385809183121e-03
1.348131056874990463e-02
1.701920852065086365e-02
-3.030747734010219574e-02
4.454233869910240173e-02
1.482767164707183838e-01
-2.317138202488422394e-02
6.144310161471366882e-02
1.220234036445617676e-01
-9.058656543493270874e-02
7.093197107315063477e-02
7.184989750385284424e-02
1.125643849372863770e-01
1.820779219269752502e-02
9.601424634456634521e-02
-3.257439658045768738e-02
5.756904929876327515e-02
1.798313707113265991e-01
7.102613151073455811e-02
4.795865342020988464e-02
-8.735936880111694336e-02
2.000648714601993561e-02
1.444914042949676514e-01
-7.692416198551654816e-03
4.991520941257476807e-02
1.195487678050994873e-01
1.040255427360534668e-01
-4.020044952630996704e-02
1.158281788229942322e-01
-3.808424249291419983e-02
4.749634768813848495e-03
6.893792003393173218e-02
4.835255444049835205e-02
2.226508036255836487e-02
8.504156768321990967e-02
1.013614013791084290e-01
1.091505307704210281e-02
1.996663957834243774e-01
-8.442114293575286865e-02
-5.608071386814117432e-02
1.556499600410461426e-01
-1.766921021044254303e-02
2.151839435100555420e-01
3.152763843536376953e-02
-3.760720789432525635e-02
3.263617306947708130e-02
5.525118112564086914e-02
1.869258880615234375e-01
1.148567199707031250e-01
-3.659885004162788391e-02
5.816627666354179382e-02
1.843843376263976097e-03
-2.279613725841045380e-02
1.274231355637311935e-02
-3.105752915143966675e-02
2.787867486476898193e-01
4.919373989105224609e-02
4.726802185177803040e-02
4.415740072727203369e-02
4.911905527114868164e-02
6.876515597105026245e-02
2.738188952207565308e-02
3.408299013972282410e-02
1.257638931274414062e-01
-5.676542967557907104e-02
-4.103522747755050659e-02
1.281689554452896118e-01
1.092452257871627808e-01
1.824404299259185791e-02
1.879891031421720982e-03
1.064255908131599426e-01
1.984361372888088226e-02
1.044693365693092346e-01
4.421557486057281494e-02
3.108598478138446808e-02
9.348227083683013916e-02
1.189490780234336853e-01
4.757572337985038757e-02
-2.086894065141677856e-01
1.319506913423538208e-01
1.552163362503051758e-01
1.069965884089469910e-01
-1.859040185809135437e-02
-5.185206979513168335e-02
1.879044473171234131e-01
5.369657278060913086e-02
5.980245769023895264e-02
3.857208788394927979e-02
-3.724131733179092407e-02
6.532032787799835205e-02
4.359524324536323547e-02
1.345858629792928696e-02
8.072085678577423096e-02
8.632975816726684570e-02
7.860796153545379639e-02
-1.075806245207786560e-01
2.148358374834060669e-01
1.069350242614746094e-01
-1.723819039762020111e-02
1.020496040582656860e-01
8.442679536528885365e-04
2.114512920379638672e-01
-1.699656248092651367e-01
9.673051536083221436e-02
1.918520778417587280e-01
-2.725486643612384796e-02
-7.473102957010269165e-02
-4.633199889212846756e-03
1.461490988731384277e-01
1.126325055956840515e-01
1.512016952037811279e-01
4.485260322690010071e-02
-2.514934167265892029e-04
1.419289559125900269e-01
-3.541366010904312134e-02
-1.522850990295410156e-02
1.134731322526931763e-01
1.351678185164928436e-02
3.390302881598472595e-02
8.131828904151916504e-02
3.297863528132438660e-02
1.010506600141525269e-01
-2.527115680277347565e-02
5.457581952214241028e-02
4.901870712637901306e-02
4.926441609859466553e-02
8.365782350301742554e-02
2.628490142524242401e-02
9.905801713466644287e-02
2.075500041246414185e-02
1.816519051790237427e-01
4.393352568149566650e-02
-4.021454975008964539e-02
-9.598533622920513153e-03
-1.177897956222295761e-02
1.100693047046661377e-01
1.892023235559463501e-01
-1.271901652216911316e-02
-9.001129120588302612e-02
1.144196465611457825e-01
6.328529119491577148e-02
4.180853068828582764e-02
7.541240751743316650e-02
4.284835234284400940e-02
3.614674881100654602e-02
1.130839511752128601e-01
3.593686502426862717e-03
1.257961392402648926e-01
5.825641006231307983e-02
3.829174116253852844e-02
8.105843514204025269e-02
-5.963264033198356628e-02
-6.505456566810607910e-02
1.815146952867507935e-01
1.071425527334213257e-01
-2.318480424582958221e-02
-6.655825767666101456e-03
8.148912340402603149e-02
1.896614581346511841e-01
-5.788669362664222717e-02
5.446864664554595947e-02
9.338106960058212280e-02
4.380970448255538940e-02
4.717997834086418152e-02
1.509538739919662476e-01
1.894262433052062988e-02
6.337220966815948486e-02
8.282254636287689209e-02
3.061230992898344994e-03
1.337401717901229858e-01
-8.810718357563018799e-02
6.728611886501312256e-02
-7.559417933225631714e-02
1.085208505392074585e-01
1.659224331378936768e-01
1.538963802158832550e-02
7.846673578023910522e-02
-1.324483305215835571e-01
4.007176682353019714e-02
1.665996164083480835e-01
-1.215451583266258240e-01
2.225477397441864014e-01
-3.271793574094772339e-02
1.586553640663623810e-02
7.841269485652446747e-03
1.659933477640151978e-01
7.772254198789596558e-02
9.498735517263412476e-02
-7.236853707581758499e-03
9.585765004158020020e-02
3.312350064516067505e-02
1.140109747648239136e-01
3.618305176496505737e-02
-1.933379285037517548e-02
7.691264152526855469e-02
4.063812270760536194e-02
9.700348228216171265e-02
-9.586835652589797974e-02
1.860069036483764648e-01
6.499753892421722412e-02
-5.773111060261726379e-02
6.073615700006484985e-02
-3.886526077985763550e-02
1.029628962278366089e-01
-9.630888700485229492e-03
8.100328594446182251e-02
1.396453082561492920e-01
-3.035727702081203461e-02
1.595380157232284546e-01
3.223570063710212708e-03
9.577407687902450562e-02
1.257071346044540405e-01
2.252671681344509125e-02
-6.688082218170166016e-02
1.071143522858619690e-01
3.132602199912071228e-02
-5.749426782131195068e-03
2.158360928297042847e-01
6.929276138544082642e-02
-4.850789159536361694e-02
7.056653499603271484e-02
6.990951299667358398e-02
4.192024469375610352e-02
9.426201879978179932e-02
1.548489462584257126e-02
7.095518708229064941e-02
-7.380070537328720093e-02
5.827061086893081665e-02
1.261928770691156387e-02
6.252664327621459961e-02
8.767689764499664307e-02
1.944395154714584351e-01
1.407119333744049072e-01
-7.524878531694412231e-02
1.072964258491992950e-02
1.355851590633392334e-01
4.490916058421134949e-02
-1.987969316542148590e-02
1.460635196417570114e-02
-2.860818058252334595e-02
3.949330374598503113e-02
4.817087948322296143e-02
2.656838893890380859e-01
-3.597135469317436218e-02
7.224903441965579987e-03
2.737493021413683891e-03
2.254783064126968384e-01
1.450070440769195557e-01
-2.618503198027610779e-02
-1.890684477984905243e-02
8.219614624977111816e-02
-3.670761361718177795e-02
-4.741171374917030334e-02
1.414827257394790649e-01
3.050883999094367027e-03
1.547289490699768066e-01
2.232482880353927612e-01
-1.031759604811668396e-01
1.560117006301879883e-01
5.827642977237701416e-02
8.039291948080062866e-03
1.305410265922546387e-01
-3.305181488394737244e-02
4.106559604406356812e-02
9.404104202985763550e-02
1.283251494169235229e-01
5.828563868999481201e-02
-1.357538159936666489e-02
6.208787858486175537e-02
1.856120973825454712e-01
-1.177439093589782715e-02
2.273706719279289246e-02
1.093907505273818970e-01
-3.872847557067871094e-02
4.018350318074226379e-02
1.584864109754562378e-01
-3.136715665459632874e-02
5.260832607746124268e-02
1.154354140162467957e-01
3.438866138458251953e-02
4.547916725277900696e-02
1.224827468395233154e-01
-4.522129520773887634e-02
3.029241599142551422e-02
-4.211152717471122742e-02
2.339531183242797852e-01
4.137250129133462906e-03
-1.103984713554382324e-01
2.264436781406402588e-01
6.233598291873931885e-02
1.024363413453102112e-01
2.462909929454326630e-02
1.623376756906509399e-01
-4.287932813167572021e-02
3.397297561168670654e-01
-1.846319437026977539e-01
1.135417446494102478e-01
2.948509156703948975e-02
3.388846293091773987e-03
-8.925022557377815247e-03
1.848913282155990601e-01
1.159700229763984680e-01
-4.125258326530456543e-02
7.045635581016540527e-02
1.351585239171981812e-01
4.810748249292373657e-02
5.240222811698913574e-02
1.585410982370376587e-01
-1.096668280661106110e-02
-6.176489964127540588e-02
1.642215102910995483e-01
1.433207653462886810e-02
8.691129833459854126e-02
9.422178566455841064e-02
4.586032032966613770e-02
1.301753968000411987e-01
4.390233755111694336e-02
5.253640562295913696e-02
-3.004752658307552338e-02
1.565649211406707764e-01
8.471047133207321167e-02
-9.708379954099655151e-02
1.623095273971557617e-01
-1.026261821389198303e-01
3.500140458345413208e-02
9.683711081743240356e-02
2.649183869361877441e-01
1.023811101913452148e-01
-1.098705902695655823e-01
5.597492307424545288e-02
8.387356996536254883e-02
1.491827517747879028e-01
-5.186555907130241394e-02
-1.149417683482170105e-01
2.386081367731094360e-01
4.496305435895919800e-02
1.604148894548416138e-01
-2.191993035376071930e-02
1.717882044613361359e-02
1.264995783567428589e-01
-2.631712891161441803e-02
1.230263486504554749e-01
2.246922403573989868e-01
9.954085946083068848e-02
-3.674840182065963745e-02
7.968885451555252075e-02
5.708210542798042297e-02
-6.937050819396972656e-02
2.434052377939224243e-01
3.479018062353134155e-02
-2.636629901826381683e-02
-5.364603549242019653e-02
8.767669647932052612e-02
2.732710838317871094e-01
9.414845705032348633e-02
-9.381212294101715088e-02
2.377756126224994659e-02
5.515087395906448364e-03
2.168521881103515625e-01
3.908435627818107605e-02
4.613940604031085968e-03
7.973307371139526367e-02
1.492502540349960327e-01
-2.663982473313808441e-02
6.938800681382417679e-03
1.926432996988296509e-01
-7.348614186048507690e-02
2.677208483219146729e-01
-1.773908734321594238e-01
1.687775403261184692e-01
-2.235365100204944611e-02
1.063156574964523315e-01
1.434814780950546265e-01
3.715418279170989990e-02
4.912623390555381775e-02
2.056115493178367615e-02
1.285721361637115479e-01
7.508657872676849365e-02
4.947315901517868042e-02
-3.364729508757591248e-02
1.542302072048187256e-01
7.196733355522155762e-02
8.921148627996444702e-02
1.897462271153926849e-02
9.496875852346420288e-02
1.444198377430438995e-02
9.765224158763885498e-02
9.189184010028839111e-02
8.460075408220291138e-02
1.399682611227035522e-01
-9.270687587559223175e-03
-6.749368458986282349e-02
5.325032398104667664e-02
6.837967038154602051e-02
6.037614494562149048e-02
1.996690630912780762e-01
-4.039458185434341431e-02
1.918219216167926788e-02
2.264682352542877197e-01
-6.185417529195547104e-03
1.159148439764976501e-01
3.640130907297134399e-02
7.863020151853561401e-02
-3.824908286333084106e-03
1.853605359792709351e-01
-4.790576174855232239e-02
2.127256542444229126e-01
-4.740467295050621033e-02
9.433335810899734497e-02
7.196305692195892334e-02
1.893074065446853638e-02
1.677456647157669067e-01
8.844039589166641235e-02
1.021810546517372131e-01
-6.635919678956270218e-03
9.918420575559139252e-03
4.428924061357975006e-03
1.278030872344970703e-01
9.699092060327529907e-02
8.910681307315826416e-02
1.202023029327392578e-01
7.590542081743478775e-03
1.345094144344329834e-01
6.180166453123092651e-02
1.208692416548728943e-01
-4.149674996733665466e-02
1.480679512023925781e-01
1.250769793987274170e-01
2.164098992943763733e-02
6.475211679935455322e-02
7.405040413141250610e-02
-1.852341368794441223e-02
1.243435591459274292e-01
8.772482722997665405e-02
4.829483851790428162e-02
-1.554712653160095215e-04
1.762759089469909668e-01
5.959692597389221191e-02
2.124834619462490082e-02
2.853692770004272461e-01
-4.288588836789131165e-02
4.061022400856018066e-02
1.640370637178421021e-01
-5.128842219710350037e-02
3.663501515984535217e-02
1.066043078899383545e-01
1.992633193731307983e-01
6.400028616189956665e-02
-3.116700612008571625e-02
7.148037850856781006e-02
1.268781442195177078e-02
2.560772374272346497e-02
2.531492710113525391e-01
8.608435094356536865e-02
1.771448738873004913e-02
6.079975515604019165e-02
2.152568250894546509e-01
4.121213033795356750e-02
-4.547852650284767151e-02
9.082748740911483765e-02
7.059009373188018799e-02
8.795241266489028931e-02
1.259413659572601318e-01
1.335460245609283447e-01
7.313568890094757080e-02
-6.057619466446340084e-04
1.896397471427917480e-01
-6.187543272972106934e-02
6.446181982755661011e-02
2.980696856975555420e-01
-3.080692328512668610e-02
6.156291812658309937e-02
-2.314313687384128571e-02
1.475485861301422119e-01
2.054047733545303345e-01
9.855717420578002930e-02
-1.865417510271072388e-01
3.664702549576759338e-02
7.624743133783340454e-02
8.030806481838226318e-02
2.291532307863235474e-01
3.417813405394554138e-02
4.523107409477233887e-02
2.121220976114273071e-01
1.431493461132049561e-01
3.254647552967071533e-02
1.388454884290695190e-01
-2.162304893136024475e-02
8.425898849964141846e-02
8.265292644500732422e-02
1.020269468426704407e-01
1.981286257505416870e-01
1.058386862277984619e-01
7.501018233597278595e-03
-5.421999096870422363e-02
1.522946655750274658e-01
6.527650356292724609e-02
3.495202586054801941e-02
1.552826464176177979e-01
3.446912020444869995e-02
1.358504146337509155e-01
-9.436252526938915253e-03
2.160281091928482056e-01
4.083709418773651123e-02
1.911519020795822144e-01
1.343382596969604492e-01
3.854428976774215698e-02
-1.155538856983184814e-01
1.806659102439880371e-01
1.792791634798049927e-01
2.243710868060588837e-02
-1.034873258322477341e-02
1.072640642523765564e-01
-4.723871871829032898e-02
2.084349654614925385e-02
3.178099691867828369e-01
1.401662826538085938e-01
1.851712167263031006e-02
1.034519374370574951e-01
1.341915726661682129e-01
8.143503218889236450e-02
1.884545683860778809e-01
1.069858204573392868e-02
2.546134218573570251e-02
-1.268391124904155731e-02
5.889196693897247314e-02
1.075167208909988403e-01
1.473568081855773926e-01
6.973469257354736328e-02
1.016295403242111206e-01
8.202171325683593750e-02
2.063806354999542236e-01
8.787965029478073120e-02
1.968555003404617310e-01
-3.657236695289611816e-02
6.296499073505401611e-02
1.253318637609481812e-01
1.435222178697586060e-01
1.509858816862106323e-01
-6.612747907638549805e-02
-3.542974300216883421e-04
2.606994807720184326e-01
4.971271380782127380e-03
4.605558514595031738e-02
5.868651717901229858e-02
1.173538714647293091e-01
1.562495678663253784e-01
1.485723406076431274e-01
5.775959044694900513e-02
7.723666727542877197e-02
1.653824299573898315e-01
-7.333103567361831665e-02
5.045887827873229980e-02
1.327191144227981567e-01
2.628487348556518555e-01
3.931316733360290527e-02
