5.634632110595703125e-01
-3.808261156082153320e-01
-9.966199398040771484e-01
-9.912335276603698730e-01
-9.905097484588623047e-01
-7.780104875564575195e-01
-7.441698312759399414e-01
3.374631702899932861e-01
7.980828285217285156e-01
9.009359478950500488e-01
8.774965405464172363e-01
8.899435400962829590e-01
8.681257963180541992e-01
8.886418938636779785e-01
8.667832016944885254e-01
8.796817064285278320e-01
7.386786937713623047e-01
5.089831948280334473e-01
3.420073688030242920e-01
8.644132316112518311e-02
-1.797545701265335083e-02
1.682405620813369751e-01
5.552487075328826904e-02
1.757558435201644897e-02
-3.654105588793754578e-02
3.895024536177515984e-03
8.927859365940093994e-02
1.799050271511077881e-01
1.956816166639328003e-01
4.603524804115295410e-01
2.619467973709106445e-01
-2.980722580105066299e-03
2.031223773956298828e-01
8.756075799465179443e-02
1.391660701483488083e-02
4.814577996730804443e-01
2.427463047206401825e-02
3.129026889801025391e-01
2.601624131202697754e-01
3.138515651226043701e-01
1.038780137896537781e-01
1.688251048326492310e-01
7.853426784276962280e-02
3.166478574275970459e-01
2.987727522850036621e-01
-1.818677037954330444e-01
7.670426964759826660e-01
-6.254498362541198730e-01
9.586731791496276855e-01
-6.580016613006591797e-01
9.851906299591064453e-01
-4.402432739734649658e-01
9.517616629600524902e-01
7.322383671998977661e-02
5.129563212394714355e-01
-1.181388720870018005e-01
6.700519323348999023e-01
-5.748464539647102356e-02
1.279323399066925049e-01
2.334326058626174927e-01
3.435656726360321045e-01
-2.682136371731758118e-02
4.798953831195831299e-01
-3.128242492675781250e-01
8.260799050331115723e-01
-5.654394030570983887e-01
9.573268294334411621e-01
-5.610929131507873535e-01
9.597424268722534180e-01
-4.263811707496643066e-01
8.935441970825195312e-01
-6.162657737731933594e-01
9.856148958206176758e-01
-7.706827521324157715e-01
9.909284710884094238e-01
-4.874222874641418457e-01
9.894765615463256836e-01
-3.469074517488479614e-02
6.828410625457763672e-01
-5.120820999145507812e-01
9.849252104759216309e-01
-3.219886124134063721e-01
8.212269544601440430e-01
-7.181528210639953613e-01
9.889444112777709961e-01
-8.301482200622558594e-01
9.957881569862365723e-01
4.376501441001892090e-01
-5.395885556936264038e-02
4.555841684341430664e-01
-2.299009561538696289e-01
8.512426018714904785e-01
-7.501369118690490723e-01
9.949815273284912109e-01
-9.032382369041442871e-01
9.957836270332336426e-01
-3.431351184844970703e-01
9.931550025939941406e-01
2.843855321407318115e-01
3.759239912033081055e-01
1.926694810390472412e-02
5.787379741668701172e-01
-7.344743609428405762e-01
9.921829700469970703e-01
-9.079759120941162109e-01
9.946281909942626953e-01
6.532814353704452515e-02
8.956426978111267090e-01
-7.500717043876647949e-01
9.869547486305236816e-01
-8.530727624893188477e-01
9.941280484199523926e-01
-6.483682394027709961e-01
9.910510182380676270e-01
5.050997138023376465e-01
1.070989817380905151e-01
5.507374405860900879e-01
-4.057211577892303467e-01
9.791787266731262207e-01
-7.992832064628601074e-01
9.944522976875305176e-01
-7.083286643028259277e-01
9.921620488166809082e-01
-4.540012180805206299e-01
9.832674264907836914e-01
-1.046397015452384949e-01
8.007147908210754395e-01
-9.225292801856994629e-01
9.965711236000061035e-01
-9.715305566787719727e-01
9.961972832679748535e-01
-5.048114061355590820e-01
9.934440851211547852e-01
6.649063825607299805e-01
-6.577014923095703125e-02
6.544252038002014160e-01
-6.652656793594360352e-01
9.921800494194030762e-01
-7.561567425727844238e-01
9.944991469383239746e-01
-4.274563491344451904e-01
9.937564730644226074e-01
-7.379019260406494141e-01
9.911307692527770996e-01
-9.068514704704284668e-01
9.957769513130187988e-01
-1.666465774178504944e-02
9.865380525588989258e-01
-3.579353988170623779e-01
9.870850443840026855e-01
-8.265777826309204102e-01
9.932605624198913574e-01
-9.687383174896240234e-01
9.954569339752197266e-01
-8.047586679458618164e-01
9.932948946952819824e-01
5.071773529052734375e-01
7.958571910858154297e-01
-8.929450511932373047e-01
9.938516616821289062e-01
-7.077834010124206543e-01
9.954947233200073242e-01
5.294828414916992188e-01
1.828579604625701904e-01
1.924921423196792603e-01
8.649437874555587769e-02
4.283702373504638672e-01
-7.175891995429992676e-01
9.941115379333496094e-01
-9.423215985298156738e-01
9.965016841888427734e-01
-6.488957405090332031e-01
9.907770752906799316e-01
4.584797024726867676e-01
6.830738186836242676e-01
-9.570804238319396973e-01
9.955462813377380371e-01
-9.539075493812561035e-01
9.960228204727172852e-01
3.494598865509033203e-01
7.350444197654724121e-01
-3.004189431667327881e-01
9.651293158531188965e-01
-9.824396371841430664e-01
9.960252642631530762e-01
-9.572862982749938965e-01
9.948749542236328125e-01
-3.416466116905212402e-01
9.911517500877380371e-01
-3.916849941015243530e-02
9.648510217666625977e-01
-9.735569953918457031e-01
9.922465682029724121e-01
-9.578270316123962402e-01
9.949272871017456055e-01
1.598823070526123047e-01
9.385356903076171875e-01
-4.882614910602569580e-01
9.825485348701477051e-01
-9.441763162612915039e-01
9.949504137039184570e-01
-8.859807848930358887e-01
9.943985342979431152e-01
1.646089553833007812e-01
9.481709003448486328e-01
-2.087936364114284515e-02
8.083969354629516602e-01
-9.715141057968139648e-01
9.916132688522338867e-01
-9.611393213272094727e-01
9.958456754684448242e-01
-8.829138875007629395e-01
9.939302206039428711e-01
2.433414608240127563e-01
8.355340361595153809e-01
-1.621503233909606934e-01
7.928299903869628906e-01
-9.576035737991333008e-01
9.964948892593383789e-01
-9.375957846641540527e-01
9.924697875976562500e-01
-5.874836444854736328e-02
9.900798201560974121e-01
2.632313072681427002e-01
6.701117008924484253e-02
3.072775304317474365e-01
-5.160256028175354004e-01
9.902490377426147461e-01
-9.354222416877746582e-01
9.951300621032714844e-01
-8.244379758834838867e-01
9.935320615768432617e-01
6.697381734848022461e-01
9.345183372497558594e-01
-9.745870232582092285e-01
9.898090958595275879e-01
-9.614397287368774414e-01
9.943341016769409180e-01
-8.955497741699218750e-01
9.933041930198669434e-01
2.382308989763259888e-01
9.097700715065002441e-01
2.527729272842407227e-01
-1.624262630939483643e-01
6.511524319648742676e-01
-9.364116787910461426e-01
9.959053993225097656e-01
-9.304662346839904785e-01
9.965549111366271973e-01
-4.619602262973785400e-01
9.922046065330505371e-01
4.420318901538848877e-01
9.110525250434875488e-01
-9.670790433883666992e-01
9.929515123367309570e-01
-9.713595509529113770e-01
9.959169030189514160e-01
-7.722164392471313477e-01
9.902107119560241699e-01
6.304975152015686035e-01
8.714435696601867676e-01
-9.704300165176391602e-01
9.940070509910583496e-01
-9.573678970336914062e-01
9.958900213241577148e-01
-8.093105554580688477e-01
9.967451095581054688e-01
5.567405819892883301e-01
9.573377966880798340e-01
-9.822490811347961426e-01
9.925594329833984375e-01
-9.270279407501220703e-01
9.952312707901000977e-01
-8.041433095932006836e-01
9.965072274208068848e-01
6.952428817749023438e-01
9.837175160646438599e-02
8.942941427230834961e-01
-9.816713333129882812e-01
9.948588013648986816e-01
-9.575744271278381348e-01
9.975578188896179199e-01
-8.106417655944824219e-01
9.951589107513427734e-01
3.670231699943542480e-01
9.749084115028381348e-01
-8.125894665718078613e-01
9.902696013450622559e-01
-9.514555335044860840e-01
9.969201683998107910e-01
-7.501238584518432617e-01
9.951477050781250000e-01
6.746963858604431152e-01
7.016571611166000366e-02
8.724541664123535156e-01
-9.732577204704284668e-01
9.944674372673034668e-01
-9.664024114608764648e-01
9.969119429588317871e-01
-7.930248975753784180e-01
9.943066239356994629e-01
6.798548102378845215e-01
6.877321004867553711e-01
-8.528683185577392578e-01
9.910221099853515625e-01
-9.614143371582031250e-01
9.979602694511413574e-01
-6.097974777221679688e-01
9.945060014724731445e-01
6.243680715560913086e-01
-7.621877789497375488e-01
9.959582090377807617e-01
-7.896927595138549805e-01
9.960607290267944336e-01
6.477279067039489746e-01
-6.904596686363220215e-01
9.953867793083190918e-01
-8.751092553138732910e-01
9.960940480232238770e-01
4.932999014854431152e-01
6.487703323364257812e-01
-9.350279569625854492e-01
9.975683093070983887e-01
-8.653014898300170898e-01
9.968820214271545410e-01
-3.152229785919189453e-01
9.933722615242004395e-01
-1.296626403927803040e-02
8.805450797080993652e-01
-9.721494317054748535e-01
9.966105222702026367e-01
-8.986486196517944336e-01
9.967112541198730469e-01
-5.555361509323120117e-01
9.952700138092041016e-01
6.731699109077453613e-01
-1.922477781772613525e-02
6.264525055885314941e-01
-9.446402192115783691e-01
9.962875843048095703e-01
-9.201697707176208496e-01
9.968636035919189453e-01
-4.906622767448425293e-01
9.935286641120910645e-01
5.693213343620300293e-01
6.745724678039550781e-01
-9.567602872848510742e-01
9.964144825935363770e-01
-9.635280966758728027e-01
9.963865876197814941e-01
-6.497715711593627930e-01
9.953181147575378418e-01
6.631358265876770020e-01
8.255875110626220703e-01
-9.807015061378479004e-01
9.893705248832702637e-01
-9.611592888832092285e-01
9.957776069641113281e-01
-9.266061782836914062e-01
9.929131269454956055e-01
6.787495017051696777e-01
1.528267115354537964e-01
9.477102160453796387e-01
-9.825671911239624023e-01
9.947091341018676758e-01
-9.294655919075012207e-01
9.975977540016174316e-01
-8.617777824401855469e-01
9.926167726516723633e-01
5.997559428215026855e-01
8.599565625190734863e-01
-9.098940491676330566e-01
9.914532303810119629e-01
-9.653457403182983398e-01
9.969097971916198730e-01
-7.624553442001342773e-01
9.962550997734069824e-01
6.555973291397094727e-01
9.177587628364562988e-01
-9.783733487129211426e-01
9.886426329612731934e-01
-9.617355465888977051e-01
9.982929229736328125e-01
-8.207156658172607422e-01
9.967809319496154785e-01
6.655954718589782715e-01
2.326640039682388306e-01
8.562927246093750000e-01
-9.745458364486694336e-01
9.928877949714660645e-01
-9.769206047058105469e-01
9.971424341201782227e-01
-8.947111964225769043e-01
9.959836602210998535e-01
3.829322457313537598e-01
9.504379034042358398e-01
-7.612911462783813477e-01
9.940613508224487305e-01
-9.591271281242370605e-01
9.961325526237487793e-01
-9.383013248443603516e-01
9.927753806114196777e-01
6.044071316719055176e-01
7.320048213005065918e-01
-3.512410819530487061e-01
9.650759100914001465e-01
-9.758080840110778809e-01
9.961701035499572754e-01
-9.205294251441955566e-01
9.971364736557006836e-01
-1.959588825702667236e-01
9.946381449699401855e-01
3.060979582369327545e-02
9.666612148284912109e-01
-9.806530475616455078e-01
9.948605298995971680e-01
-9.539075493812561035e-01
9.939933419227600098e-01
-7.860573530197143555e-01
9.957986474037170410e-01
4.476228654384613037e-01
9.672088027000427246e-01
-9.087077379226684570e-01
9.945610761642456055e-01
-9.420218467712402344e-01
9.979121088981628418e-01
-8.304662704467773438e-01
9.964623451232910156e-01
5.776322484016418457e-01
6.546012759208679199e-01
-6.109641790390014648e-01
9.871428012847900391e-01
-9.576854705810546875e-01
9.954650998115539551e-01
-9.088307619094848633e-01
9.975307583808898926e-01
2.873567938804626465e-01
8.954079151153564453e-01
6.344109773635864258e-02
2.667906284332275391e-01
-3.755422830581665039e-01
9.853587150573730469e-01
-9.670870900154113770e-01
9.965478777885437012e-01
-8.667463064193725586e-01
9.982017278671264648e-01
-3.332411944866180420e-01
9.951942563056945801e-01
6.079348325729370117e-01
6.143049150705337524e-02
1.593335866928100586e-01
-3.436248004436492920e-01
9.826304316520690918e-01
-9.720254540443420410e-01
9.979492425918579102e-01
-9.152123332023620605e-01
9.968670606613159180e-01
1.967534571886062622e-01
9.195479750633239746e-01
7.538250088691711426e-02
5.979421138763427734e-01
-9.423258304595947266e-01
9.963604807853698730e-01
-9.353368282318115234e-01
9.976274967193603516e-01
-7.166423201560974121e-01
9.978498816490173340e-01
6.863860487937927246e-01
9.142901897430419922e-01
-9.744246602058410645e-01
9.913975000381469727e-01
-9.470806717872619629e-01
9.964898824691772461e-01
-8.642732501029968262e-01
9.944133162498474121e-01
6.812938451766967773e-01
8.356875181198120117e-02
9.801927804946899414e-01
-9.765114784240722656e-01
9.947728514671325684e-01
-9.066538214683532715e-01
9.980723857879638672e-01
-8.858791589736938477e-01
9.901461601257324219e-01
6.933271884918212891e-01
7.549951076507568359e-01
-9.693468213081359863e-01
9.955104589462280273e-01
-9.371513128280639648e-01
9.974146485328674316e-01
-8.461332917213439941e-01
9.936264157295227051e-01
6.395711302757263184e-01
5.889760255813598633e-01
-2.993090264499187469e-02
7.024207115173339844e-01
-9.565063714981079102e-01
9.976701736450195312e-01
-9.305526018142700195e-01
9.970785379409790039e-01
-3.775167167186737061e-01
9.968184232711791992e-01
7.852542400360107422e-02
9.809687137603759766e-01
-9.602480530738830566e-01
9.949740767478942871e-01
-9.465752243995666504e-01
9.979110360145568848e-01
-6.718906164169311523e-01
9.977741241455078125e-01
6.594743728637695312e-01
8.589401245117187500e-01
-9.815682172775268555e-01
9.962271451950073242e-01
-9.411211609840393066e-01
9.970280528068542480e-01
-9.173963069915771484e-01
9.958841800689697266e-01
4.232123196125030518e-01
7.932174205780029297e-01
9.846740961074829102e-02
5.968024954199790955e-02
-5.943895876407623291e-02
7.722755670547485352e-01
-9.675329923629760742e-01
9.973849058151245117e-01
-9.158782958984375000e-01
9.984065294265747070e-01
-3.615746796131134033e-01
9.967507719993591309e-01
4.325908422470092773e-01
8.913223743438720703e-01
-9.800339341163635254e-01
9.962802529335021973e-01
-9.659232497215270996e-01
9.973476529121398926e-01
-8.012565374374389648e-01
9.958127737045288086e-01
7.044417858123779297e-01
6.775346398353576660e-01
-9.426038861274719238e-01
9.943358302116394043e-01
-9.515791535377502441e-01
9.977470040321350098e-01
-6.730133295059204102e-01
9.963731169700622559e-01
7.195031642913818359e-01
8.592774271965026855e-01
-9.813913702964782715e-01
9.936204552650451660e-01
-9.503913521766662598e-01
9.980204701423645020e-01
-8.943303823471069336e-01
9.960707426071166992e-01
-4.508567601442337036e-02
9.942003488540649414e-01
5.210419297218322754e-01
-4.694527685642242432e-01
9.748467206954956055e-01
-9.803358912467956543e-01
9.972724914550781250e-01
-8.494740724563598633e-01
9.977222681045532227e-01
-7.919964790344238281e-01
9.978432655334472656e-01
5.638985633850097656e-01
8.719907402992248535e-01
-9.711223840713500977e-01
9.964516162872314453e-01
-9.537192583084106445e-01
9.973641037940979004e-01
-4.883635342121124268e-01
9.967166781425476074e-01
9.985581785440444946e-02
9.944158196449279785e-01
-9.425196051597595215e-01
9.973918199539184570e-01
-8.951837420463562012e-01
9.977846741676330566e-01
-1.168465614318847656e-01
9.962787628173828125e-01
-3.662998080253601074e-01
9.922689795494079590e-01
-9.638446569442749023e-01
9.967453479766845703e-01
-8.764922022819519043e-01
9.951717257499694824e-01
-2.481856495141983032e-01
9.966831207275390625e-01
6.857590675354003906e-01
-9.317156672477722168e-01
9.941327571868896484e-01
-8.820844292640686035e-01
9.968817830085754395e-01
5.153883621096611023e-02
9.930430650711059570e-01
-4.322219640016555786e-02
7.846348881721496582e-01
-9.788219928741455078e-01
9.961693286895751953e-01
-9.334009885787963867e-01
9.983121156692504883e-01
-8.873962163925170898e-01
9.980247616767883301e-01
3.297921642661094666e-02
9.866922497749328613e-01
1.326362509280443192e-02
7.450702786445617676e-01
-9.612525105476379395e-01
9.976416826248168945e-01
-8.986871838569641113e-01
9.983718991279602051e-01
-4.813230335712432861e-01
9.972380995750427246e-01
4.445388019084930420e-01
7.678070068359375000e-01
-9.796777963638305664e-01
9.958721995353698730e-01
-9.285978078842163086e-01
9.981065392494201660e-01
-6.544861793518066406e-01
9.984789490699768066e-01
6.785644292831420898e-01
7.905588150024414062e-01
-9.767687320709228516e-01
9.951657056808471680e-01
-9.717673659324645996e-01
9.980425238609313965e-01
-9.127297997474670410e-01
9.969051480293273926e-01
3.154513239860534668e-01
9.846396446228027344e-01
-6.443231701850891113e-01
9.931263923645019531e-01
-9.486558437347412109e-01
9.982010126113891602e-01
-7.387744784355163574e-01
9.979726076126098633e-01
-1.002919152379035950e-01
9.944587349891662598e-01
2.781273424625396729e-01
-3.423161506652832031e-01
9.779554605484008789e-01
-9.604311585426330566e-01
9.986780881881713867e-01
-9.408429861068725586e-01
9.985466003417968750e-01
-9.377907961606979370e-02
9.939399361610412598e-01
1.919015347957611084e-01
8.347448706626892090e-01
-9.865286946296691895e-01
9.970842003822326660e-01
-9.348682165145874023e-01
9.978737831115722656e-01
-8.822354674339294434e-01
9.968875646591186523e-01
4.538020491600036621e-02
9.810054898262023926e-01
-3.064787685871124268e-01
9.751093983650207520e-01
-9.744009375572204590e-01
9.979113340377807617e-01
-9.346801042556762695e-01
9.982582926750183105e-01
-1.689993962645530701e-02
9.949111938476562500e-01
3.833666443824768066e-02
8.639569878578186035e-01
-9.669917821884155273e-01
9.979373812675476074e-01
-8.446184992790222168e-01
9.988753795623779297e-01
-8.405787348747253418e-01
9.971396923065185547e-01
5.440916419029235840e-01
8.117260336875915527e-01
-9.829282760620117188e-01
9.969042539596557617e-01
-9.536773562431335449e-01
9.983485341072082520e-01
-6.716885566711425781e-01
9.979400038719177246e-01
7.022407054901123047e-01
7.884694337844848633e-01
-9.622331857681274414e-01
9.946305155754089355e-01
-9.369598031044006348e-01
9.986602067947387695e-01
-8.457047343254089355e-01
9.973497390747070312e-01
5.241663455963134766e-01
7.336305975914001465e-01
-3.566702306270599365e-01
9.490028619766235352e-01
-9.761985540390014648e-01
9.963710904121398926e-01
-9.222095608711242676e-01
9.983885288238525391e-01
-8.703957200050354004e-01
9.957929253578186035e-01
4.867723882198333740e-01
5.726709365844726562e-01
6.246773004531860352e-01
-9.537278413772583008e-01
9.973801374435424805e-01
-9.373398423194885254e-01
9.989016652107238770e-01
-5.103517174720764160e-01
9.979625940322875977e-01
3.279483318328857422e-01
9.853357672691345215e-01
-9.671238064765930176e-01
9.971894025802612305e-01
-9.479312300682067871e-01
9.983003139495849609e-01
-6.320654153823852539e-01
9.973449110984802246e-01
5.375296473503112793e-01
9.452744722366333008e-01
-9.787548780441284180e-01
9.919774532318115234e-01
-9.450713992118835449e-01
9.982565045356750488e-01
-8.932422399520874023e-01
9.981645941734313965e-01
-3.696416020393371582e-01
9.969438314437866211e-01
3.454120159149169922e-01
9.600945711135864258e-01
-9.856739640235900879e-01
9.929928779602050781e-01
-9.399801492691040039e-01
9.988929629325866699e-01
-7.382965087890625000e-01
9.970750212669372559e-01
5.753331780433654785e-01
9.272319078445434570e-01
-9.748650193214416504e-01
9.943427443504333496e-01
-9.727774262428283691e-01
9.985470175743103027e-01
-9.033631086349487305e-01
9.979612827301025391e-01
5.735744237899780273e-01
4.364925920963287354e-01
7.432301044464111328e-01
-9.781645536422729492e-01
9.939759969711303711e-01
-8.963441848754882812e-01
9.992358088493347168e-01
-7.631060481071472168e-01
9.963716268539428711e-01
6.105903387069702148e-01
8.851313591003417969e-01
-9.685458540916442871e-01
9.936909675598144531e-01
-9.287874102592468262e-01
9.987391829490661621e-01
-8.049736618995666504e-01
9.982646703720092773e-01
6.853947639465332031e-01
8.687133193016052246e-01
-9.790430068969726562e-01
9.933837652206420898e-01
-9.625176787376403809e-01
9.982410669326782227e-01
-8.305593132972717285e-01
9.974088668823242188e-01
5.282540917396545410e-01
7.551868557929992676e-01
-1.949295848608016968e-01
7.636542916297912598e-01
-9.790949821472167969e-01
9.963834285736083984e-01
-9.030360579490661621e-01
9.989564418792724609e-01
-7.747292518615722656e-01
9.983732700347900391e-01
3.859174847602844238e-01
9.852711558341979980e-01
-8.340433239936828613e-01
9.960879683494567871e-01
-9.489517807960510254e-01
9.987524747848510742e-01
-8.329999446868896484e-01
9.985345005989074707e-01
6.820557713508605957e-01
3.892967700958251953e-01
6.179496049880981445e-01
-9.369333386421203613e-01
9.965555071830749512e-01
-8.786340951919555664e-01
9.985526800155639648e-01
-6.373226046562194824e-01
9.974362850189208984e-01
3.971747159957885742e-01
9.724652171134948730e-01
-9.706971049308776855e-01
9.961624741554260254e-01
-9.404310584068298340e-01
9.985945224761962891e-01
-8.078117966651916504e-01
9.986613988876342773e-01
-1.029342338442802429e-01
9.961420297622680664e-01
3.676728606224060059e-01
-2.334342449903488159e-01
9.082682728767395020e-01
-9.760490059852600098e-01
9.977533817291259766e-01
-8.858230113983154297e-01
9.989379644393920898e-01
-6.857929229736328125e-01
9.990128874778747559e-01
6.951501369476318359e-01
5.669617652893066406e-01
-9.079837203025817871e-01
9.966309070587158203e-01
-9.191765189170837402e-01
9.984738826751708984e-01
-5.000935792922973633e-01
9.984906315803527832e-01
6.690310835838317871e-01
8.699596524238586426e-01
-9.845501184463500977e-01
9.956805706024169922e-01
-9.483562111854553223e-01
9.988286495208740234e-01
-8.164503574371337891e-01
9.984982609748840332e-01
-5.102451443672180176e-01
9.982241988182067871e-01
-2.505974471569061279e-01
9.953760504722595215e-01
-3.779298961162567139e-01
9.928224086761474609e-01
-9.427453279495239258e-01
9.986513257026672363e-01
-9.007779955863952637e-01
9.980621337890625000e-01
6.124234199523925781e-01
4.438874423503875732e-01
1.853884309530258179e-01
-1.438983082771301270e-01
8.687173128128051758e-01
-9.408675432205200195e-01
9.985570907592773438e-01
-8.943918943405151367e-01
9.983842968940734863e-01
-6.065880060195922852e-01
9.978942275047302246e-01
6.451513171195983887e-01
5.577849149703979492e-01
-9.388468861579895020e-01
9.967733621597290039e-01
-9.353013634681701660e-01
9.984452724456787109e-01
-3.248586356639862061e-01
9.990851283073425293e-01
1.754934787750244141e-01
9.859268665313720703e-01
-9.398570656776428223e-01
9.978982806205749512e-01
-8.949122428894042969e-01
9.985459446907043457e-01
-8.411152362823486328e-01
9.984578490257263184e-01
6.553602218627929688e-01
8.407782316207885742e-01
-9.642571806907653809e-01
9.952834248542785645e-01
-9.233396053314208984e-01
9.980808496475219727e-01
-8.563789129257202148e-01
9.985995292663574219e-01
4.483009278774261475e-01
7.344074845314025879e-01
-7.833154797554016113e-01
9.945906996726989746e-01
-8.872081637382507324e-01
9.987448453903198242e-01
-2.172771692276000977e-01
9.980297088623046875e-01
-5.374609827995300293e-01
9.977924227714538574e-01
-8.850035667419433594e-01
9.985915422439575195e-01
-5.799029469490051270e-01
9.983070492744445801e-01
3.518456220626831055e-01
9.586745500564575195e-01
-9.653041362762451172e-01
9.981035590171813965e-01
-9.058815240859985352e-01
9.986559748649597168e-01
-7.111504077911376953e-01
9.982004761695861816e-01
4.209073185920715332e-01
8.420389890670776367e-01
-9.782642722129821777e-01
9.981821179389953613e-01
-9.419028162956237793e-01
9.987788796424865723e-01
-6.823945641517639160e-01
9.980551600456237793e-01
7.034969329833984375e-01
2.238746732473373413e-01
-2.345018684864044189e-01
9.669370055198669434e-01
-9.670454263687133789e-01
9.981504678726196289e-01
-8.906661272048950195e-01
9.992204904556274414e-01
-4.971443414688110352e-01
9.981272816658020020e-01
3.908550143241882324e-01
8.731195330619812012e-01
-9.637650251388549805e-01
9.976676106452941895e-01
-9.365167021751403809e-01
9.983820915222167969e-01
-7.096108198165893555e-01
9.982705116271972656e-01
5.085646510124206543e-01
5.736815929412841797e-01
-5.229446291923522949e-01
9.883710145950317383e-01
-9.531209468841552734e-01
9.977590441703796387e-01
-6.995812058448791504e-01
9.987350106239318848e-01
2.352237254381179810e-01
9.869547486305236816e-01
-9.614011049270629883e-01
9.980053305625915527e-01
-9.328401088714599609e-01
9.987909197807312012e-01
-5.447641611099243164e-01
9.988166689872741699e-01
6.612939238548278809e-01
-6.732481718063354492e-02
7.862092852592468262e-01
-9.479845762252807617e-01
9.988644719123840332e-01
-9.070144891738891602e-01
9.990695714950561523e-01
-7.290058732032775879e-01
9.980098009109497070e-01
5.013413429260253906e-01
9.266795516014099121e-01
-9.777128100395202637e-01
9.982985854148864746e-01
-8.945685029029846191e-01
9.988337755203247070e-01
-5.286496281623840332e-01
9.983286261558532715e-01
-1.071059554815292358e-01
9.966006278991699219e-01
-8.949676156044006348e-01
9.975273609161376953e-01
-8.834671378135681152e-01
9.979095458984375000e-01
8.138126879930496216e-02
9.916552305221557617e-01
-7.395179867744445801e-01
9.966605305671691895e-01
-9.145710468292236328e-01
9.983912706375122070e-01
-3.745718002319335938e-01
9.980981349945068359e-01
1.133671328425407410e-01
9.937240481376647949e-01
-9.303429126739501953e-01
9.981118440628051758e-01
-8.673180341720581055e-01
9.992620944976806641e-01
-5.604172945022583008e-01
9.993845224380493164e-01
-3.006151178851723671e-03
9.970027208328247070e-01
-9.624491930007934570e-01
9.973354935646057129e-01
-9.332422018051147461e-01
9.990979433059692383e-01
-5.647349357604980469e-01
9.986820816993713379e-01
3.991045653820037842e-01
9.785940647125244141e-01
-9.639374613761901855e-01
9.978240132331848145e-01
-9.015654921531677246e-01
9.991154670715332031e-01
-7.189227342605590820e-01
9.988768100738525391e-01
-1.144900396466255188e-01
9.948813319206237793e-01
-2.032415121793746948e-01
9.807505607604980469e-01
-9.353281259536743164e-01
9.986358284950256348e-01
-8.982183337211608887e-01
9.991359114646911621e-01
-4.956425130367279053e-01
9.982659220695495605e-01
7.437639236450195312e-01
-6.841025948524475098e-01
9.970898628234863281e-01
-9.203788638114929199e-01
9.986573457717895508e-01
-8.154141306877136230e-01
9.989482760429382324e-01
3.558363616466522217e-01
7.839236855506896973e-01
-8.075979351997375488e-01
9.971956610679626465e-01
-9.006333947181701660e-01
9.988761544227600098e-01
1.068547591567039490e-01
9.888536930084228516e-01
-4.735034406185150146e-01
9.955787658691406250e-01
-9.475505948066711426e-01
9.987287521362304688e-01
-8.739029765129089355e-01
9.989302754402160645e-01
-5.024527907371520996e-01
9.985603094100952148e-01
7.423117756843566895e-01
-6.985608935356140137e-01
9.976866841316223145e-01
-9.009428620338439941e-01
9.992778301239013672e-01
-6.738097667694091797e-01
9.993895292282104492e-01
-2.871936261653900146e-01
9.983043670654296875e-01
6.205974519252777100e-02
9.670962691307067871e-01
-9.635601639747619629e-01
9.988144636154174805e-01
-8.568899631500244141e-01
9.989451766014099121e-01
-6.554924845695495605e-01
9.988757967948913574e-01
7.251397371292114258e-01
-5.481330156326293945e-01
9.975361227989196777e-01
-9.428949356079101562e-01
9.988061189651489258e-01
-8.114697933197021484e-01
9.991306066513061523e-01
-2.257028967142105103e-01
9.986967444419860840e-01
9.545897692441940308e-02
9.372187256813049316e-01
-9.706578850746154785e-01
9.987187385559082031e-01
-8.596237897872924805e-01
9.989353418350219727e-01
-8.470063805580139160e-01
9.988710880279541016e-01
6.079738736152648926e-01
7.582014799118041992e-01
-9.630782604217529297e-01
9.970799684524536133e-01
-8.879575133323669434e-01
9.986504912376403809e-01
-5.916533470153808594e-01
9.989285469055175781e-01
2.694283127784729004e-01
9.918458461761474609e-01
-9.561039209365844727e-01
9.975195527076721191e-01
-7.846736311912536621e-01
9.993498921394348145e-01
-6.904031038284301758e-01
9.988574981689453125e-01
7.360251154750585556e-03
9.927700757980346680e-01
-7.446020245552062988e-01
9.981721639633178711e-01
-8.977316617965698242e-01
9.988030791282653809e-01
-5.458207726478576660e-01
9.989817738533020020e-01
1.487766206264495850e-01
9.960200786590576172e-01
-9.555391669273376465e-01
9.977031946182250977e-01
-8.974910974502563477e-01
9.992311596870422363e-01
-7.225301861763000488e-01
9.988630414009094238e-01
5.887561440467834473e-01
7.516672015190124512e-01
-9.495708346366882324e-01
9.981867671012878418e-01
-9.261978864669799805e-01
9.994543194770812988e-01
-5.491343140602111816e-01
9.992225170135498047e-01
1.839825510978698730e-01
9.938260316848754883e-01
-9.298796057701110840e-01
9.981213212013244629e-01
-9.172675609588623047e-01
9.991698265075683594e-01
-4.834267795085906982e-01
9.989649653434753418e-01
-1.305020973086357117e-02
9.982457756996154785e-01
-9.429203271865844727e-01
9.984758496284484863e-01
-9.307356476783752441e-01
9.986703991889953613e-01
1.197498384863138199e-02
9.977198839187622070e-01
-1.101974323391914368e-01
9.765991568565368652e-01
-9.690307974815368652e-01
9.988951683044433594e-01
-8.574604392051696777e-01
9.990338087081909180e-01
-8.123081326484680176e-01
9.985850453376770020e-01
3.610181808471679688e-01
9.509536027908325195e-01
-9.070056080818176270e-01
9.985298514366149902e-01
-9.395939707756042480e-01
9.990784525871276855e-01
-7.494875788688659668e-01
9.990610480308532715e-01
2.573802471160888672e-01
9.374274611473083496e-01
-8.754094243049621582e-01
9.979157447814941406e-01
-8.445938825607299805e-01
9.992263913154602051e-01
2.708660066127777100e-01
9.320932626724243164e-01
-8.539882898330688477e-01
9.962940216064453125e-01
-9.466785192489624023e-01
9.985196590423583984e-01
-6.261271238327026367e-01
9.989678263664245605e-01
1.774895042181015015e-01
9.951333999633789062e-01
-8.935759663581848145e-01
9.970099329948425293e-01
-9.456880092620849609e-01
9.993169903755187988e-01
-6.601735949516296387e-01
9.993454813957214355e-01
4.909250140190124512e-01
9.824117422103881836e-01
-9.458104372024536133e-01
9.983345866203308105e-01
-9.398882389068603516e-01
9.992747306823730469e-01
-8.236114978790283203e-01
9.991746544837951660e-01
1.796881705522537231e-01
9.874695539474487305e-01
-4.293029010295867920e-01
9.874141812324523926e-01
-9.724850654602050781e-01
9.985551238059997559e-01
-9.311525225639343262e-01
9.990143179893493652e-01
-4.065818190574645996e-01
9.988742470741271973e-01
2.884649038314819336e-01
9.817678332328796387e-01
-9.489640593528747559e-01
9.983736276626586914e-01
-9.276669025421142578e-01
9.993337988853454590e-01
-8.225415349006652832e-01
9.989972114562988281e-01
3.437736630439758301e-01
9.907241463661193848e-01
-8.284082412719726562e-01
9.972940087318420410e-01
-9.317702651023864746e-01
9.992328286170959473e-01
-5.039523243904113770e-01
9.992161989212036133e-01
-1.645130962133407593e-01
9.971728324890136719e-01
-7.338960170745849609e-01
9.985510110855102539e-01
-8.025852441787719727e-01
9.987356662750244141e-01
-2.763763964176177979e-01
9.993110299110412598e-01
-3.198911547660827637e-01
9.974973797798156738e-01
-9.041098356246948242e-01
9.991854429244995117e-01
-8.355826139450073242e-01
9.990776777267456055e-01
-5.033482313156127930e-01
9.986798167228698730e-01
6.507734656333923340e-01
-1.165796145796775818e-01
9.765021204948425293e-01
-9.658731222152709961e-01
9.994065165519714355e-01
-9.297716021537780762e-01
9.986062049865722656e-01
-6.857532858848571777e-01
9.989818930625915527e-01
9.367888420820236206e-02
9.957118630409240723e-01
-7.821120023727416992e-01
9.986752271652221680e-01
-9.046779870986938477e-01
9.994827508926391602e-01
-5.059377551078796387e-01
9.994691610336303711e-01
-2.849766239523887634e-02
9.978671669960021973e-01
-9.074622988700866699e-01
9.986500740051269531e-01
-9.145976305007934570e-01
9.988329410552978516e-01
-2.215166985988616943e-01
9.992428421974182129e-01
-5.648527666926383972e-02
9.975410103797912598e-01
-9.317999482154846191e-01
9.983230233192443848e-01
-8.782285451889038086e-01
9.993650913238525391e-01
-5.257450342178344727e-01
9.988456368446350098e-01
8.345269411802291870e-02
9.981250166893005371e-01
-9.423816204071044922e-01
9.988849759101867676e-01
-8.942855000495910645e-01
9.990047216415405273e-01
-2.907162904739379883e-01
9.991969466209411621e-01
-3.166342675685882568e-01
9.989107251167297363e-01
-8.073188066482543945e-01
9.989203214645385742e-01
-8.470827341079711914e-01
9.992722272872924805e-01
-3.217601776123046875e-01
9.992660284042358398e-01
-8.215525001287460327e-02
9.979800581932067871e-01
-8.074526786804199219e-01
9.978870749473571777e-01
-8.614038228988647461e-01
9.995134472846984863e-01
-5.432071089744567871e-01
9.989686608314514160e-01
-6.659705191850662231e-02
9.984079599380493164e-01
-8.766411542892456055e-01
9.983289241790771484e-01
-8.179690837860107422e-01
9.994125962257385254e-01
-5.851486325263977051e-01
9.993830919265747070e-01
2.149838954210281372e-01
9.956343770027160645e-01
-9.312075376510620117e-01
9.987462759017944336e-01
-9.191884398460388184e-01
9.992911815643310547e-01
-6.887010335922241211e-01
9.992084503173828125e-01
3.644191920757293701e-01
9.916344285011291504e-01
-9.498203396797180176e-01
9.985702633857727051e-01
-8.792207241058349609e-01
9.989809989929199219e-01
-7.632668018341064453e-01
9.986704587936401367e-01
2.193634957075119019e-01
9.714720249176025391e-01
-7.708643078804016113e-01
9.967591166496276855e-01
-8.512924313545227051e-01
9.993315339088439941e-01
-6.556184887886047363e-01
9.988889098167419434e-01
-3.283692896366119385e-01
9.990937709808349609e-01
-3.870646953582763672e-01
9.989245533943176270e-01
-8.229072093963623047e-01
9.991115927696228027e-01
-6.749283671379089355e-01
9.992027878761291504e-01
-2.765086293220520020e-02
9.989902377128601074e-01
-9.097495079040527344e-01
9.993074536323547363e-01
-9.174743890762329102e-01
9.991561770439147949e-01
-2.563083469867706299e-01
9.991710782051086426e-01
1.739077121019363403e-01
8.313684463500976562e-01
-9.046525359153747559e-01
9.989328980445861816e-01
-7.694032788276672363e-01
9.993434548377990723e-01
-6.929450631141662598e-01
9.991316199302673340e-01
9.680955111980438232e-02
9.812936186790466309e-01
-9.603809714317321777e-01
9.991393685340881348e-01
-8.305976986885070801e-01
9.994059205055236816e-01
-5.814611911773681641e-01
9.992461800575256348e-01
6.402857899665832520e-01
-4.807944595813751221e-01
9.986951947212219238e-01
-8.272907137870788574e-01
9.986408352851867676e-01
-8.044520020484924316e-01
9.989364147186279297e-01
-3.767086863517761230e-01
9.992043972015380859e-01
-1.660838425159454346e-01
9.970727562904357910e-01
-8.130360245704650879e-01
9.991623163223266602e-01
-7.854791879653930664e-01
9.994209408760070801e-01
-2.588056623935699463e-01
9.992741346359252930e-01
-6.702809929847717285e-01
9.990136027336120605e-01
-4.579034149646759033e-01
9.991545677185058594e-01
-6.885019540786743164e-01
9.993246793746948242e-01
-8.635332584381103516e-01
9.983592629432678223e-01
7.600979804992675781e-01
-6.494991779327392578e-01
9.989770054817199707e-01
-8.596495389938354492e-01
9.993276596069335938e-01
-6.632993817329406738e-01
9.990344047546386719e-01
1.597877591848373413e-01
9.976295828819274902e-01
-9.240688681602478027e-01
9.991995692253112793e-01
-8.557975292205810547e-01
9.994192123413085938e-01
-5.299648642539978027e-01
9.991983771324157715e-01
-3.779004141688346863e-02
9.991884231567382812e-01
-9.103316068649291992e-01
9.991295933723449707e-01
-9.251959919929504395e-01
9.992861151695251465e-01
-2.982198260724544525e-02
9.988886713981628418e-01
2.602501809597015381e-01
1.278515458106994629e-01
2.747701480984687805e-02
3.990715146064758301e-01
-7.616649270057678223e-01
9.989384412765502930e-01
-8.203110694885253906e-01
9.989774823188781738e-01
2.545090317726135254e-01
9.944297075271606445e-01
-9.363226294517517090e-01
9.993537068367004395e-01
-8.210677504539489746e-01
9.993262887001037598e-01
-6.444078087806701660e-01
9.989290237426757812e-01
5.291231274604797363e-01
-2.973204851150512695e-01
9.992792010307312012e-01
-8.385165929794311523e-01
9.991863965988159180e-01
-7.218714356422424316e-01
9.993265867233276367e-01
-1.065938323736190796e-01
9.988397955894470215e-01
-9.138559699058532715e-01
9.993728995323181152e-01
-7.855859994888305664e-01
9.994398355484008789e-01
-5.976014956831932068e-02
9.990670680999755859e-01
-5.280903577804565430e-01
9.993157982826232910e-01
-9.036779403686523438e-01
9.992260932922363281e-01
-6.054877638816833496e-01
9.991835951805114746e-01
-3.851118981838226318e-01
9.988089203834533691e-01
-5.385801568627357483e-02
9.929938316345214844e-01
-9.526215791702270508e-01
9.993388652801513672e-01
-9.147052764892578125e-01
9.994732141494750977e-01
-4.081459939479827881e-01
9.992657303810119629e-01
4.056914448738098145e-01
-3.139381296932697296e-03
8.334391117095947266e-01
-9.606199264526367188e-01
9.984838962554931641e-01
-9.346470832824707031e-01
9.993989467620849609e-01
-6.845886111259460449e-01
9.994658231735229492e-01
2.901484072208404541e-01
9.927441477775573730e-01
-7.964181900024414062e-01
9.990178942680358887e-01
-9.242298603057861328e-01
9.991799592971801758e-01
-7.627249956130981445e-01
9.989290237426757812e-01
2.719592452049255371e-01
9.603543281555175781e-01
-7.590468525886535645e-01
9.988833069801330566e-01
-8.798542022705078125e-01
9.994671940803527832e-01
-6.034063100814819336e-01
9.995827674865722656e-01
-1.112036779522895813e-01
9.988169670104980469e-01
-7.232906222343444824e-01
9.990975260734558105e-01
-8.934713602066040039e-01
9.991419315338134766e-01
-3.203753530979156494e-01
9.988812804222106934e-01
-6.610548496246337891e-02
9.958331584930419922e-01
-8.756278157234191895e-01
9.993320703506469727e-01
-8.904367685317993164e-01
9.994785785675048828e-01
-7.170308828353881836e-01
9.992585182189941406e-01
6.269900202751159668e-01
-2.959305942058563232e-01
9.984595775604248047e-01
-9.248285293579101562e-01
9.994337558746337891e-01
-8.026703000068664551e-01
9.993140101432800293e-01
-2.094479054212570190e-01
9.985486865043640137e-01
-5.365442633628845215e-01
9.993088245391845703e-01
-6.819493174552917480e-01
9.992985129356384277e-01
-5.494285821914672852e-01
9.994528889656066895e-01
-3.205801844596862793e-01
9.986274242401123047e-01
-8.448941707611083984e-01
9.992329478263854980e-01
-6.475474834442138672e-01
9.994246959686279297e-01
2.997897267341613770e-01
7.570695877075195312e-01
-9.594362378120422363e-01
9.992513656616210938e-01
-9.471750259399414062e-01
9.989932775497436523e-01
-4.772461950778961182e-01
9.992673993110656738e-01
6.611168980598449707e-01
-5.902401804924011230e-01
9.992938637733459473e-01
-9.074532389640808105e-01
9.994074106216430664e-01
-5.622212290763854980e-01
9.995411634445190430e-01
4.951058700680732727e-02
9.975908398628234863e-01
-8.835452795028686523e-01
9.991827607154846191e-01
-9.422243237495422363e-01
9.995318055152893066e-01
-2.658729553222656250e-01
9.987792372703552246e-01
3.736084103584289551e-01
5.378936976194381714e-02
4.776782393455505371e-01
-9.154407382011413574e-01
9.993796944618225098e-01
-7.884844541549682617e-01
9.994451403617858887e-01
-4.260709583759307861e-01
9.994130730628967285e-01
4.820419847965240479e-01
-8.689925819635391235e-02
9.873478412628173828e-01
-9.725685119628906250e-01
9.993692636489868164e-01
-8.850837349891662598e-01
9.995236396789550781e-01
-4.459359347820281982e-01
9.993544220924377441e-01
6.364634633064270020e-01
-6.410039067268371582e-01
9.988707900047302246e-01
-8.901094198226928711e-01
9.994888305664062500e-01
-7.530190348625183105e-01
9.994316101074218750e-01
-1.157866939902305603e-01
9.987103939056396484e-01
-4.111991226673126221e-01
9.986644387245178223e-01
-8.616043329238891602e-01
9.993423223495483398e-01
-6.757978796958923340e-01
9.991160631179809570e-01
-4.195592701435089111e-01
9.990027546882629395e-01
-4.107324033975601196e-02
9.925269484519958496e-01
-9.250634312629699707e-01
9.995086789131164551e-01
-8.348989486694335938e-01
9.995494484901428223e-01
-5.377816557884216309e-01
9.987738132476806641e-01
2.373861968517303467e-01
8.542054891586303711e-01
-9.686958789825439453e-01
9.993729591369628906e-01
-8.846772909164428711e-01
9.992842078208923340e-01
-6.344063282012939453e-01
9.988997578620910645e-01
8.808937668800354004e-01
-6.784648299217224121e-01
9.992232322692871094e-01
-9.144428372383117676e-01
9.993357658386230469e-01
-6.581854820251464844e-01
9.994426369667053223e-01
-4.791530668735504150e-01
9.992159605026245117e-01
1.608987301588058472e-01
9.709794521331787109e-01
-9.278244376182556152e-01
9.993268847465515137e-01
-8.802899718284606934e-01
9.994866251945495605e-01
-7.382966876029968262e-01
9.994947314262390137e-01
8.187721371650695801e-01
-6.484681963920593262e-01
9.991765022277832031e-01
-8.703545331954956055e-01
9.994180202484130859e-01
-5.161440968513488770e-01
9.995129108428955078e-01
-2.901347577571868896e-01
9.988304972648620605e-01
-7.417919635772705078e-01
9.993722438812255859e-01
-7.897375822067260742e-01
9.993065595626831055e-01
-2.858302891254425049e-01
9.990053176879882812e-01
-3.569573760032653809e-01
9.985224604606628418e-01
-7.565597295761108398e-01
9.991655945777893066e-01
-6.894037127494812012e-01
9.996237158775329590e-01
-3.967065215110778809e-01
9.992875456809997559e-01
-5.202177166938781738e-01
9.991207718849182129e-01
-5.662457346916198730e-01
9.993580579757690430e-01
-7.531556487083435059e-01
9.992224574089050293e-01
1.969861835241317749e-01
9.182288646697998047e-01
-9.464133381843566895e-01
9.993064999580383301e-01
-8.937425613403320312e-01
9.988104104995727539e-01
-8.207036256790161133e-01
9.992840290069580078e-01
-1.809897273778915405e-02
9.987981319427490234e-01
-6.193759441375732422e-01
9.986892938613891602e-01
-7.574415206909179688e-01
9.996041655540466309e-01
-5.895040631294250488e-01
9.995645284652709961e-01
-1.963465511798858643e-01
9.989896416664123535e-01
-7.292690277099609375e-01
9.992058277130126953e-01
-8.357699513435363770e-01
9.995263218879699707e-01
-1.297391504049301147e-01
9.989159703254699707e-01
9.791828691959381104e-02
9.634289741516113281e-01
-9.497700929641723633e-01
9.980506896972656250e-01
-9.418538212776184082e-01
9.993880391120910645e-01
-8.986547589302062988e-01
9.987573623657226562e-01
-5.488755106925964355e-01
9.993262290954589844e-01
-1.390169411897659302e-01
9.990103840827941895e-01
-7.833251953125000000e-01
9.991434216499328613e-01
-5.177153348922729492e-01
9.994211792945861816e-01
-5.454120039939880371e-01
9.991310834884643555e-01
6.440127491950988770e-01
-6.275364160537719727e-01
9.993929862976074219e-01
-8.202310800552368164e-01
9.992391467094421387e-01
-6.974050402641296387e-01
9.989414811134338379e-01
-5.487200021743774414e-01
9.994041323661804199e-01
3.990810737013816833e-02
9.948648214340209961e-01
-9.192678928375244141e-01
9.993728995323181152e-01
-8.750970363616943359e-01
9.994639754295349121e-01
-5.959284305572509766e-01
9.993934035301208496e-01
5.915976762771606445e-01
-2.543722987174987793e-01
9.980125427246093750e-01
-9.384564161300659180e-01
9.992637038230895996e-01
-7.441314458847045898e-01
9.992990493774414062e-01
-7.010508775711059570e-01
9.991550445556640625e-01
5.503265261650085449e-01
2.064517587423324585e-01
1.129952445626258850e-02
8.736755847930908203e-01
-9.577718973159790039e-01
9.990005493164062500e-01
-9.210259318351745605e-01
9.994187355041503906e-01
-5.479255914688110352e-01
9.992191195487976074e-01
-2.395887374877929688e-01
9.989886879920959473e-01
-6.237243413925170898e-01
9.995982050895690918e-01
-7.708646655082702637e-01
9.992930889129638672e-01
-4.684809446334838867e-01
9.994274377822875977e-01
2.160660475492477417e-01
9.942318797111511230e-01
-9.284577965736389160e-01
9.988358020782470703e-01
-8.765078186988830566e-01
9.993419051170349121e-01
-5.862005352973937988e-01
9.995241165161132812e-01
-5.036292076110839844e-01
9.989417791366577148e-01
-2.458129376173019409e-01
9.985769987106323242e-01
-8.158732652664184570e-01
9.993580579757690430e-01
-7.900463342666625977e-01
9.995107054710388184e-01
-1.798810809850692749e-01
9.987673759460449219e-01
-6.179129481315612793e-01
9.994928836822509766e-01
-8.181852698326110840e-01
9.994218945503234863e-01
-2.375414073467254639e-01
9.986641407012939453e-01
-3.500506281852722168e-01
9.990713000297546387e-01
-8.610353469848632812e-01
9.991299510002136230e-01
-8.661075830459594727e-01
9.996030926704406738e-01
-4.232268035411834717e-01
9.993963241577148438e-01
4.259921610355377197e-01
3.347150683403015137e-01
-7.789207696914672852e-01
9.995934963226318359e-01
-8.751608729362487793e-01
9.995305538177490234e-01
-2.425659000873565674e-01
9.993409514427185059e-01
-3.768377900123596191e-01
9.991896152496337891e-01
-7.267332077026367188e-01
9.996044039726257324e-01
-8.318620920181274414e-01
9.994392395019531250e-01
-2.665145099163055420e-01
9.994654655456542969e-01
-3.120190203189849854e-01
9.990687370300292969e-01
-8.247818946838378906e-01
9.990627765655517578e-01
-6.745838522911071777e-01
9.992817044258117676e-01
-5.160330533981323242e-01
9.993950128555297852e-01
-4.605862796306610107e-01
9.992823600769042969e-01
-6.802307367324829102e-01
9.995211362838745117e-01
-6.279652714729309082e-01
9.995229840278625488e-01
6.398709416389465332e-01
-6.911418437957763672e-01
9.994958639144897461e-01
-7.887569665908813477e-01
9.992766976356506348e-01
-5.652797222137451172e-01
9.991710782051086426e-01
-7.020737528800964355e-01
9.992086291313171387e-01
-1.517352163791656494e-01
9.983293414115905762e-01
-7.040530443191528320e-01
9.993324875831604004e-01
-8.716199994087219238e-01
9.991359710693359375e-01
6.154183149337768555e-01
-3.047638535499572754e-01
9.978527426719665527e-01
-8.819641470909118652e-01
9.995567202568054199e-01
-8.868890404701232910e-01
9.991205930709838867e-01
-5.145067572593688965e-01
9.987834692001342773e-01
3.480269312858581543e-01
7.842020392417907715e-01
-9.584044218063354492e-01
9.991492629051208496e-01
-9.106519222259521484e-01
9.993130564689636230e-01
-5.373985171318054199e-01
9.991561770439147949e-01
7.085607051849365234e-01
-5.352082252502441406e-01
9.991498589515686035e-01
-9.110666513442993164e-01
9.993790388107299805e-01
-7.228764295578002930e-01
9.995281100273132324e-01
-4.253153502941131592e-01
9.992114901542663574e-01
2.635071873664855957e-01
8.089507818222045898e-01
-9.086922407150268555e-01
9.994981884956359863e-01
-8.878986835479736328e-01
9.995867013931274414e-01
-6.275249123573303223e-01
9.993963241577148438e-01
7.102764248847961426e-01
-5.548398494720458984e-01
9.991019964218139648e-01
-9.033865928649902344e-01
9.993148446083068848e-01
-7.841245532035827637e-01
9.996615052223205566e-01
3.309796005487442017e-02
9.969423413276672363e-01
-7.573961019515991211e-01
9.993728399276733398e-01
-6.631382703781127930e-01
9.994095563888549805e-01
-6.416058540344238281e-01
9.989113211631774902e-01
5.783402919769287109e-01
-5.401716232299804688e-01
9.985102415084838867e-01
-8.514542579650878906e-01
9.994837641716003418e-01
-7.409198880195617676e-01
9.995476603507995605e-01
-3.394104242324829102e-01
9.994542598724365234e-01
-5.107042789459228516e-01
9.993659257888793945e-01
-8.852894306182861328e-01
9.994527697563171387e-01
-4.039320722222328186e-02
9.987834692001342773e-01
-1.395907402038574219e-01
9.941001534461975098e-01
-9.466658830642700195e-01
9.990873336791992188e-01
-9.266113042831420898e-01
9.995639324188232422e-01
-6.478363275527954102e-01
9.994932413101196289e-01
-5.379977226257324219e-01
9.987050294876098633e-01
-3.653723001480102539e-01
9.991445541381835938e-01
-4.343533813953399658e-01
9.994526505470275879e-01
-3.386378288269042969e-01
9.984080195426940918e-01
-8.708548545837402344e-01
9.991003274917602539e-01
-8.263869285583496094e-01
9.993961453437805176e-01
-3.570756912231445312e-01
9.990317821502685547e-01
-2.362813502550125122e-01
9.988664388656616211e-01
-8.097175955772399902e-01
9.994391798973083496e-01
-8.366439342498779297e-01
9.995350837707519531e-01
-4.788836538791656494e-01
9.993965029716491699e-01
-2.820438742637634277e-01
9.990262389183044434e-01
-6.966249942779541016e-01
9.995532035827636719e-01
-7.486701607704162598e-01
9.993321895599365234e-01
6.510329842567443848e-01
-3.850597441196441650e-01
9.987686872482299805e-01
-8.910489678382873535e-01
9.993889331817626953e-01
-8.848524689674377441e-01
9.995860457420349121e-01
-3.735899329185485840e-01
9.995603561401367188e-01
4.191900044679641724e-02
9.919301271438598633e-01
-9.539356231689453125e-01
9.994161128997802734e-01
-9.434466361999511719e-01
9.995125532150268555e-01
-6.227319240570068359e-01
9.995663762092590332e-01
1.259734034538269043e-01
9.980035424232482910e-01
-8.764796257019042969e-01
9.993211627006530762e-01
-9.097331166267395020e-01
9.995285868644714355e-01
1.945705562829971313e-01
9.798060655593872070e-01
-8.711767196655273438e-01
9.991480112075805664e-01
-9.112517833709716797e-01
9.994521141052246094e-01
-4.295761585235595703e-01
9.993262290954589844e-01
-5.496367812156677246e-01
9.989590644836425781e-01
-1.131896898150444031e-01
9.967179894447326660e-01
-8.261481523513793945e-01
9.994952082633972168e-01
-7.444928288459777832e-01
9.993546009063720703e-01
-3.471353948116302490e-01
9.993113279342651367e-01
-5.267760157585144043e-01
9.992118477821350098e-01
-6.374539732933044434e-01
9.990770816802978516e-01
-7.752783298492431641e-01
9.994559288024902344e-01
-4.292789697647094727e-01
9.992349147796630859e-01
-5.321846008300781250e-01
9.993478059768676758e-01
-6.174388527870178223e-01
9.994582533836364746e-01
-5.517656803131103516e-01
9.993252158164978027e-01
3.102310597896575928e-01
8.203620314598083496e-01
-9.444897174835205078e-01
9.990822672843933105e-01
-9.502872824668884277e-01
9.993057250976562500e-01
-7.438576221466064453e-01
9.995662569999694824e-01
-2.817356288433074951e-01
9.993717074394226074e-01
-4.846578836441040039e-01
9.993293285369873047e-01
-5.728102326393127441e-01
9.995959401130676270e-01
-7.393320202827453613e-01
9.996662139892578125e-01
3.046186566352844238e-01
7.923264503479003906e-01
-9.033625125885009766e-01
9.992364048957824707e-01
-9.253234267234802246e-01
9.992313385009765625e-01
-5.199633836746215820e-01
9.995059967041015625e-01
-1.513510942459106445e-01
9.989742040634155273e-01
-8.197794556617736816e-01
9.993650913238525391e-01
-8.380240201950073242e-01
9.994952678680419922e-01
-6.753962486982345581e-02
9.987789988517761230e-01
-5.750544667243957520e-01
9.995371103286743164e-01
-8.497377634048461914e-01
9.996238946914672852e-01
-5.065256953239440918e-01
9.991530776023864746e-01
-5.378719568252563477e-01
9.992549419403076172e-01
-4.545324444770812988e-01
9.994886517524719238e-01
-6.619436740875244141e-01
9.995536804199218750e-01
-7.319871783256530762e-01
9.996541142463684082e-01
1.784216463565826416e-01
9.957361221313476562e-01
-8.904739618301391602e-01
9.992524385452270508e-01
-8.898013234138488770e-01
9.995726346969604492e-01
-7.466372251510620117e-01
9.993281364440917969e-01
8.767738342285156250e-01
-7.719259262084960938e-01
9.994679093360900879e-01
-8.515292406082153320e-01
9.995582103729248047e-01
-4.595951735973358154e-01
9.993425011634826660e-01
-5.083421468734741211e-01
9.995231628417968750e-01
-4.547434449195861816e-01
9.992363452911376953e-01
-7.662430405616760254e-01
9.996316432952880859e-01
-3.789689540863037109e-01
9.990860223770141602e-01
-9.709096699953079224e-02
9.939527511596679688e-01
-9.477466940879821777e-01
9.993703961372375488e-01
-8.952089548110961914e-01
9.995892643928527832e-01
-5.344769358634948730e-01
9.992235302925109863e-01
4.386208653450012207e-01
-8.024422568269073963e-04
9.285836219787597656e-01
-9.478843808174133301e-01
9.991471767425537109e-01
-9.326594471931457520e-01
9.993726015090942383e-01
-6.000568270683288574e-01
9.993728995323181152e-01
-6.103950738906860352e-01
9.993801116943359375e-01
3.891582787036895752e-01
8.026627898216247559e-01
-9.074647426605224609e-01
9.994287490844726562e-01
-7.875171303749084473e-01
9.994238615036010742e-01
-4.771932959556579590e-01
9.990850090980529785e-01
-1.185289099812507629e-01
9.990398883819580078e-01
-8.973995447158813477e-01
9.993560314178466797e-01
-8.549928069114685059e-01
9.994315505027770996e-01
-1.824063062667846680e-01
9.992486238479614258e-01
-5.345429182052612305e-01
9.989982843399047852e-01
-6.950030326843261719e-01
9.996210932731628418e-01
-7.970851063728332520e-01
9.994776248931884766e-01
-8.052998781204223633e-02
9.992015361785888672e-01
-7.029209136962890625e-01
9.995658993721008301e-01
-9.013346433639526367e-01
9.994914531707763672e-01
-1.272405236959457397e-01
9.995523691177368164e-01
4.244953095912933350e-01
-5.559110045433044434e-01
9.985102415084838867e-01
-9.423002004623413086e-01
9.993638396263122559e-01
-7.977430820465087891e-01
9.996523857116699219e-01
-6.567838191986083984e-01
