5.372189879417419434e-01
-9.961724281311035156e-01
-9.712235927581787109e-01
-9.923104047775268555e-01
-9.328858256340026855e-01
-9.813110828399658203e-01
-9.915388822555541992e-01
-9.066925048828125000e-01
-8.981821537017822266e-01
-7.346584796905517578e-01
-6.358858346939086914e-01
8.420516252517700195e-01
6.392543315887451172e-01
5.963705182075500488e-01
-9.736901521682739258e-01
-4.233803451061248779e-01
-4.017989039421081543e-01
-5.353729724884033203e-01
-8.674511313438415527e-01
-9.074149727821350098e-01
-7.597116231918334961e-01
-9.384512901306152344e-01
-8.063219189643859863e-01
-8.875370621681213379e-01
-1.718925982713699341e-01
6.765457987785339355e-01
6.141009926795959473e-01
-1.285016834735870361e-01
-9.569903612136840820e-01
-7.836900949478149414e-01
-9.866009354591369629e-01
-9.533368945121765137e-01
-9.546382427215576172e-01
-8.843504190444946289e-01
-9.969490766525268555e-01
-9.884657859802246094e-01
-7.910663485527038574e-01
5.282759070396423340e-01
-7.936061024665832520e-01
-4.310799241065979004e-01
-9.731967449188232422e-01
5.930200815200805664e-01
6.462895274162292480e-01
-9.589779376983642578e-01
-6.036133170127868652e-01
-9.874655008316040039e-01
-8.746824860572814941e-01
-9.278848767280578613e-01
-2.325558662414550781e-01
-5.761666893959045410e-01
-1.002379879355430603e-01
1.715156584978103638e-01
-9.136248230934143066e-01
-8.769118785858154297e-01
-6.059339642524719238e-01
-9.792382717132568359e-01
-3.439377248287200928e-01
-6.335109472274780273e-01
-9.957249164581298828e-01
-3.603588640689849854e-01
-9.709221124649047852e-01
5.772028565406799316e-01
-6.475952863693237305e-01
-6.635987162590026855e-01
-5.150475502014160156e-01
-1.817729510366916656e-02
5.892999172210693359e-01
-9.911179542541503906e-01
-8.263384699821472168e-01
-8.681961894035339355e-01
-9.818502664566040039e-01
-9.396290183067321777e-01
-7.253504991531372070e-01
-8.097924590110778809e-01
-7.515217661857604980e-01
-5.393705964088439941e-01
-8.795047551393508911e-02
-7.873266339302062988e-01
4.163240790367126465e-01
-8.445559144020080566e-01
2.480778396129608154e-01
-9.443897604942321777e-01
-8.582382798194885254e-01
-9.629438519477844238e-01
-8.764743208885192871e-01
-8.250446915626525879e-01
-8.959779739379882812e-01
5.340662598609924316e-01
-1.096533983945846558e-01
-3.168354332447052002e-01
-8.447989225387573242e-01
8.476807475090026855e-01
-9.680292606353759766e-01
-9.770987629890441895e-01
-1.958066970109939575e-01
-9.715253710746765137e-01
-9.806768298149108887e-01
-9.244271516799926758e-01
7.326710037887096405e-03
-7.613486051559448242e-01
-9.543032050132751465e-01
-3.788010179996490479e-01
-9.470907449722290039e-01
-6.542586088180541992e-01
-2.083000168204307556e-02
6.716204434633255005e-02
-9.607941508293151855e-01
7.054672390222549438e-02
-9.900125861167907715e-01
2.254872471094131470e-01
3.577588498592376709e-02
-6.311484575271606445e-01
-8.757830858230590820e-01
-8.808184266090393066e-01
-6.287631392478942871e-01
-9.501860141754150391e-01
-9.979250431060791016e-01
-9.294894933700561523e-01
-2.177333235740661621e-01
-3.245189189910888672e-01
-9.239847660064697266e-01
-7.625375390052795410e-01
-3.655656054615974426e-02
-6.437808740884065628e-03
8.734925985336303711e-01
-6.299621462821960449e-01
-9.933270215988159180e-01
-9.198911190032958984e-01
-8.840006589889526367e-01
-6.398531198501586914e-01
-5.469769835472106934e-01
-3.019346296787261963e-01
-7.631833553314208984e-01
-9.748699665069580078e-01
-5.807788968086242676e-01
-8.426210284233093262e-01
8.128397464752197266e-01
-1.251023709774017334e-01
-7.907738685607910156e-01
-8.660406470298767090e-01
-4.080277085304260254e-01
-9.535739421844482422e-01
-1.273174881935119629e-01
-9.252059459686279297e-01
-6.097545027732849121e-01
-6.524214744567871094e-01
-8.669748306274414062e-01
2.876152396202087402e-01
-9.763506650924682617e-01
-6.537673473358154297e-01
-8.513243198394775391e-01
-8.807065486907958984e-01
1.223029121756553650e-01
-7.381081581115722656e-01
-4.470801651477813721e-01
-4.839667677879333496e-01
-4.732013344764709473e-01
-9.565113186836242676e-01
-8.696604371070861816e-01
-5.718759894371032715e-01
-2.666697204113006592e-01
-7.788572907447814941e-01
-7.196955680847167969e-01
1.176426187157630920e-01
-4.204309284687042236e-01
3.364452719688415527e-01
-9.265472888946533203e-01
-1.547333002090454102e-01
-7.955973148345947266e-01
-5.691023468971252441e-01
-9.932628273963928223e-01
-6.343713402748107910e-01
-5.425577759742736816e-01
-9.241676926612854004e-01
-9.853457808494567871e-01
-6.652795672416687012e-01
-1.454685814678668976e-02
-9.909684062004089355e-01
-7.623699903488159180e-01
5.987684726715087891e-01
-5.829409956932067871e-01
-9.179368615150451660e-02
-9.174955487251281738e-01
-9.243674874305725098e-01
-5.859908461570739746e-01
-7.921762466430664062e-01
-7.450876832008361816e-01
-7.301886081695556641e-01
-8.088344931602478027e-01
-2.373319268226623535e-01
-2.699375450611114502e-01
-7.222704887390136719e-01
-1.849451810121536255e-01
-6.871870160102844238e-01
6.050719022750854492e-01
-7.608017921447753906e-01
-8.917504549026489258e-01
-9.457625746726989746e-01
1.292069405317306519e-01
-9.697827696800231934e-01
-4.341921806335449219e-01
-8.689755201339721680e-01
-9.990943670272827148e-01
-9.734121561050415039e-01
-7.193983793258666992e-01
-9.250413775444030762e-01
-9.951896071434020996e-01
-8.231486082077026367e-01
7.865933775901794434e-01
9.132454395294189453e-01
8.171676397323608398e-01
-3.065760433673858643e-01
-9.762547016143798828e-01
-9.829565882682800293e-01
-9.959979653358459473e-01
-9.600050449371337891e-01
-9.161238670349121094e-01
-9.740651249885559082e-01
-9.446797370910644531e-01
-6.942253112792968750e-01
-9.449046254158020020e-01
-5.576246380805969238e-01
7.309069037437438965e-01
-8.572822213172912598e-01
-6.616884469985961914e-01
2.046025991439819336e-01
4.263744354248046875e-01
-9.810141324996948242e-01
-9.402695298194885254e-01
-9.930400848388671875e-01
-9.722639322280883789e-01
7.368822097778320312e-01
-7.091257572174072266e-01
-6.022035479545593262e-01
-6.813710927963256836e-01
-9.210175275802612305e-01
-9.991452097892761230e-01
-5.460755825042724609e-01
-8.793223500251770020e-01
-5.926220417022705078e-01
-6.623685956001281738e-01
-2.969039976596832275e-01
-8.006357550621032715e-01
-8.962963819503784180e-01
5.537929944694042206e-03
7.988316416740417480e-01
-9.140380620956420898e-01
-5.944075584411621094e-01
-8.734155297279357910e-01
8.779047727584838867e-01
-9.933543205261230469e-01
-3.358259201049804688e-01
-9.374297261238098145e-01
-9.261424541473388672e-01
-9.972706437110900879e-01
-9.493432044982910156e-01
-7.877539992332458496e-01
-9.581713080406188965e-01
-7.745839953422546387e-01
-8.965551257133483887e-01
-7.582421898841857910e-01
1.252910196781158447e-01
6.750316619873046875e-01
-4.515368342399597168e-01
1.376451998949050903e-01
-6.866529583930969238e-01
-4.609493017196655273e-01
-9.301663637161254883e-01
-9.288334250450134277e-01
-9.985211491584777832e-01
-5.424003005027770996e-01
-8.370593786239624023e-01
-9.123547077178955078e-01
5.154543370008468628e-02
-6.232634782791137695e-01
3.224350512027740479e-01
3.741536140441894531e-01
-9.918096661567687988e-01
1.495625376701354980e-01
-9.513789415359497070e-01
-8.619977831840515137e-01
-9.687900543212890625e-01
-8.371965885162353516e-01
-9.586075544357299805e-01
-8.583530783653259277e-01
-8.874734640121459961e-01
-9.591625332832336426e-01
2.098742127418518066e-01
-4.953510165214538574e-01
-8.885194063186645508e-01
9.389956593513488770e-01
-9.453475475311279297e-01
2.960119247436523438e-01
2.198959290981292725e-01
-9.863125085830688477e-01
-9.568812847137451172e-01
7.512503117322921753e-02
-2.354681789875030518e-01
-9.970252513885498047e-01
-9.967445731163024902e-01
-9.987085461616516113e-01
-9.060537219047546387e-01
-1.926588863134384155e-01
-9.908189177513122559e-01
2.923095822334289551e-01
-9.455373883247375488e-01
-5.677565336227416992e-01
-9.421833157539367676e-01
-9.614225625991821289e-01
-9.639771580696105957e-01
5.503799915313720703e-01
4.181343317031860352e-01
-7.152155041694641113e-01
-9.565805196762084961e-01
-3.436492383480072021e-01
7.704513669013977051e-01
-8.532670736312866211e-01
-9.944719672203063965e-01
-2.645724117755889893e-01
-3.817376196384429932e-01
-7.182719111442565918e-01
-9.947079420089721680e-01
6.736829876899719238e-01
-8.311573863029479980e-01
-3.706930577754974365e-01
-9.678093791007995605e-01
-9.983969926834106445e-01
-9.396362900733947754e-01
2.021796852350234985e-01
-8.541645407676696777e-01
-9.890385866165161133e-01
-9.258645772933959961e-01
-1.432989239692687988e-01
-2.542611360549926758e-01
-7.980803251266479492e-01
-9.455026984214782715e-01
4.879476726055145264e-01
-6.849188804626464844e-01
-4.378996491432189941e-01
-4.268499314785003662e-01
-3.818837106227874756e-01
-9.407162666320800781e-01
-9.368005394935607910e-01
-9.658283591270446777e-01
1.157898083329200745e-01
-2.896565496921539307e-01
-2.517307400703430176e-01
-9.896058440208435059e-01
-9.116481542587280273e-01
-8.944734334945678711e-01
-3.653681874275207520e-01
4.037057161331176758e-01
-2.164880931377410889e-01
-9.893255233764648438e-01
-6.389322876930236816e-01
-8.391484618186950684e-01
-9.858115315437316895e-01
-9.851392507553100586e-01
2.938641905784606934e-01
-4.823404550552368164e-01
-9.767392873764038086e-01
-9.005001783370971680e-01
-9.402649402618408203e-01
-1.255957037210464478e-01
1.507567912340164185e-01
-9.409599304199218750e-01
-4.918053746223449707e-01
6.405455470085144043e-01
-7.441339492797851562e-01
-8.187454938888549805e-01
-8.406031727790832520e-01
-9.885653853416442871e-01
-8.906056284904479980e-01
6.805182695388793945e-01
-9.930331707000732422e-01
-9.659814238548278809e-01
-9.242265224456787109e-01
-4.168084859848022461e-01
-9.737958312034606934e-01
5.045267343521118164e-01
-8.309225440025329590e-01
-7.492109537124633789e-01
-9.914282560348510742e-01
6.887918710708618164e-01
-7.402402758598327637e-01
-4.423186779022216797e-01
-9.924206137657165527e-01
-9.892384409904479980e-01
-9.443777203559875488e-01
-7.264916896820068359e-01
-7.221949100494384766e-01
-8.443582057952880859e-01
-4.993351995944976807e-01
-6.793668866157531738e-01
8.470597267150878906e-01
8.425273299217224121e-01
-7.506537437438964844e-01
-8.136020302772521973e-01
-9.903514981269836426e-01
-9.755935668945312500e-01
-5.470147728919982910e-01
-9.310628771781921387e-01
-2.220193594694137573e-01
-8.717930912971496582e-01
-9.015244841575622559e-01
-9.752408266067504883e-01
4.829025268554687500e-01
-8.960540890693664551e-01
-4.213447868824005127e-02
-1.804065108299255371e-01
2.603669762611389160e-01
-9.492326378822326660e-01
-7.777858972549438477e-01
-9.933059215545654297e-01
-8.233963251113891602e-01
-9.959177970886230469e-01
-7.793715596199035645e-01
-6.736527085304260254e-01
-8.379281163215637207e-01
3.359937965869903564e-01
-7.819641232490539551e-01
-9.127000570297241211e-01
8.170225024223327637e-01
-4.248720705509185791e-01
-5.556232929229736328e-01
-3.667991235852241516e-02
-8.019121885299682617e-01
-8.371966481208801270e-01
-9.154718518257141113e-01
-9.737681150436401367e-01
-6.158066987991333008e-01
-5.112229585647583008e-01
-8.741120100021362305e-01
-7.432636022567749023e-01
6.946378350257873535e-01
5.814188625663518906e-03
-4.836937487125396729e-01
8.239193260669708252e-02
-9.676039218902587891e-01
-8.631646037101745605e-01
-9.907036423683166504e-01
-7.887207269668579102e-01
-8.984730839729309082e-01
-9.679784774780273438e-01
-9.421001672744750977e-01
-9.689435958862304688e-01
-7.438582777976989746e-01
1.288709789514541626e-01
3.222922086715698242e-01
4.912572205066680908e-01
-3.537294268608093262e-01
-8.414515852928161621e-01
-8.995535969734191895e-01
-2.821559309959411621e-01
-9.587604999542236328e-01
-9.520006775856018066e-01
-8.838993906974792480e-01
-5.544134974479675293e-01
-7.476161122322082520e-01
-9.582271575927734375e-01
-8.717271685600280762e-01
-9.723006486892700195e-01
3.980654776096343994e-01
8.814508914947509766e-01
-3.581753969192504883e-01
-6.810999512672424316e-01
5.783474445343017578e-02
-9.779995679855346680e-01
-8.126429915428161621e-01
-9.525316357612609863e-01
-8.346475958824157715e-01
-9.962974786758422852e-01
-9.796816110610961914e-01
2.094527482986450195e-01
-8.194859027862548828e-01
6.763392686843872070e-01
-7.719470560550689697e-02
-9.783405065536499023e-01
-2.256440669298171997e-01
2.256866544485092163e-03
-9.770098328590393066e-01
-7.716268301010131836e-01
-9.963772892951965332e-01
-9.834961295127868652e-01
-9.138991832733154297e-01
-8.058412671089172363e-01
-9.899532794952392578e-01
4.714697897434234619e-01
-9.664424061775207520e-01
-7.844895124435424805e-02
-8.125863671302795410e-01
7.174668908119201660e-01
6.250465661287307739e-02
-9.803595542907714844e-01
-9.897652268409729004e-01
-6.931579858064651489e-02
-8.624177575111389160e-01
-9.415907263755798340e-01
-5.577492117881774902e-01
-3.870116770267486572e-01
-9.980471134185791016e-01
-9.688383936882019043e-01
2.054540067911148071e-01
-2.991050183773040771e-01
-9.550334215164184570e-01
-2.129025608301162720e-01
-8.435084819793701172e-01
-6.373462677001953125e-01
4.189521968364715576e-01
-3.157669901847839355e-01
-9.718510508537292480e-01
-8.776444792747497559e-01
-9.910472631454467773e-01
-9.176165461540222168e-01
-9.870225787162780762e-01
-9.517479538917541504e-01
2.147228419780731201e-01
1.670295894145965576e-01
-2.818423509597778320e-01
-9.805134534835815430e-01
-7.404403686523437500e-01
8.454346656799316406e-02
-8.652192950248718262e-01
-3.998107910156250000e-01
-9.455632567405700684e-01
-9.805806279182434082e-01
-8.471376299858093262e-01
-7.661030441522598267e-02
1.559400260448455811e-01
-9.079680442810058594e-01
-8.252109885215759277e-01
3.661637604236602783e-01
-7.811396121978759766e-01
-9.846693873405456543e-01
-6.179723739624023438e-01
-4.783447980880737305e-01
-8.257726430892944336e-01
-9.916906952857971191e-01
5.749878883361816406e-01
-2.982557713985443115e-01
-7.353186011314392090e-01
-9.268836379051208496e-01
-9.817215800285339355e-01
-8.364028930664062500e-01
-9.813635349273681641e-01
-8.440838456153869629e-01
-8.911826461553573608e-02
-7.546019554138183594e-01
-8.513380289077758789e-01
9.551517367362976074e-01
-2.443946301937103271e-01
-9.738791584968566895e-01
-7.457228302955627441e-01
-3.858102858066558838e-01
6.459804177284240723e-01
-9.947778582572937012e-01
-4.860153198242187500e-01
-9.939620494842529297e-01
-6.988394856452941895e-01
-9.782388806343078613e-01
-9.288089871406555176e-01
-6.883760690689086914e-01
6.610716134309768677e-02
-9.787403941154479980e-01
-9.279783964157104492e-01
-5.632598996162414551e-01
1.170435734093189240e-02
-8.365703225135803223e-01
-2.761150598526000977e-01
3.751386702060699463e-01
-7.681056857109069824e-01
-7.861872315406799316e-01
-8.116964697837829590e-01
-7.843580245971679688e-01
4.550303518772125244e-01
-8.274164199829101562e-01
-2.618612349033355713e-01
-8.852001428604125977e-01
-9.997065067291259766e-01
-9.815732240676879883e-01
-9.879913330078125000e-01
-9.975751042366027832e-01
-9.993700981140136719e-01
-9.983891248703002930e-01
-9.999073743820190430e-01
-9.993473887443542480e-01
-9.999926090240478516e-01
-9.999894499778747559e-01
-9.997758269309997559e-01
-9.988315105438232422e-01
-9.844387173652648926e-01
-9.868492484092712402e-01
-4.010147154331207275e-01
-8.422834277153015137e-01
5.776110291481018066e-01
-1.363754868507385254e-01
2.047401219606399536e-01
9.287931919097900391e-01
2.084312736988067627e-01
9.990952014923095703e-01
9.992891550064086914e-01
9.921531081199645996e-01
7.723580598831176758e-01
9.864378571510314941e-01
-8.114731311798095703e-01
9.247062802314758301e-01
2.947112619876861572e-01
6.105090975761413574e-01
-9.983718395233154297e-01
-9.893726706504821777e-01
-9.909424781799316406e-01
-9.991200566291809082e-01
-9.999060034751892090e-01
-8.706679344177246094e-01
-9.841969013214111328e-01
-9.992720484733581543e-01
-7.975013256072998047e-01
-5.685964822769165039e-01
-9.983718395233154297e-01
-9.335500001907348633e-01
-5.008111000061035156e-01
-9.458582401275634766e-01
-2.450980097055435181e-01
-9.804403781890869141e-01
-1.301359832286834717e-01
-8.635010123252868652e-01
1.711946576833724976e-01
7.090756893157958984e-01
-3.805013895034790039e-01
1.817124783992767334e-01
-6.365462541580200195e-01
3.073955774307250977e-01
-9.692065715789794922e-01
-9.765536785125732422e-01
-9.775015711784362793e-01
-9.088659882545471191e-01
-9.966378808021545410e-01
-9.301045536994934082e-01
-2.272097915410995483e-01
-9.086127877235412598e-01
-8.299112319946289062e-01
-9.816921949386596680e-01
-8.958980441093444824e-01
-8.679788708686828613e-01
-9.514032006263732910e-01
4.857245385646820068e-01
3.123051822185516357e-01
9.779294729232788086e-01
7.859299182891845703e-01
-9.885501861572265625e-01
-6.799944639205932617e-01
-9.934535026550292969e-01
-9.991391301155090332e-01
-9.985219836235046387e-01
-8.215971589088439941e-01
-9.996541738510131836e-01
-9.865449070930480957e-01
-8.329940438270568848e-01
-9.909044504165649414e-01
-8.705052733421325684e-01
-9.595710635185241699e-01
-3.603717088699340820e-01
-8.573740720748901367e-01
7.035564780235290527e-01
-8.313439488410949707e-01
7.369019389152526855e-01
-4.352229833602905273e-01
-9.534782767295837402e-01
-6.693502664566040039e-01
-9.181501269340515137e-01
-9.983792304992675781e-01
-6.327855587005615234e-01
-8.413352370262145996e-01
-1.084039881825447083e-01
-4.720895364880561829e-02
-3.117577731609344482e-01
-9.889367818832397461e-01
-9.246459603309631348e-01
-5.194668769836425781e-01
-9.525021910667419434e-01
-1.154618412256240845e-01
4.342928826808929443e-01
-8.054822087287902832e-01
-9.521374702453613281e-01
-8.653640747070312500e-01
-9.986449480056762695e-01
-1.310464739799499512e-01
-9.512470960617065430e-01
-7.249867320060729980e-01
-2.444108575582504272e-01
-9.980454444885253906e-01
-9.492843747138977051e-01
-5.937800407409667969e-01
-7.238144874572753906e-01
-6.408941745758056641e-01
-9.651697278022766113e-01
-4.561029970645904541e-01
6.262300610542297363e-01
-6.479722261428833008e-01
-1.615175753831863403e-01
6.375984549522399902e-01
-9.020589590072631836e-01
9.470656514167785645e-03
-9.009751677513122559e-01
-9.990990161895751953e-01
-9.954519867897033691e-01
-9.495663642883300781e-01
-9.727780818939208984e-01
-9.987368583679199219e-01
9.776568412780761719e-02
-9.678739905357360840e-01
3.181706070899963379e-01
-8.852394223213195801e-01
-6.255528926849365234e-01
-8.962664008140563965e-01
9.487582370638847351e-03
-8.119390606880187988e-01
8.382766842842102051e-01
-8.474689722061157227e-01
1.580695807933807373e-01
-8.816798329353332520e-01
-9.251053929328918457e-01
-9.871178865432739258e-01
-9.541459083557128906e-01
-3.506658971309661865e-01
-7.117986679077148438e-01
-9.824911355972290039e-01
-9.357351660728454590e-01
-9.801661372184753418e-01
-4.188233315944671631e-01
-2.540821433067321777e-01
-1.762107610702514648e-01
9.748108983039855957e-01
-2.721534371376037598e-01
-8.385969400405883789e-01
-2.166127264499664307e-01
-9.171567559242248535e-01
-4.498931765556335449e-01
-7.504642009735107422e-01
-6.023858189582824707e-01
-9.847091436386108398e-01
-6.267393827438354492e-01
-9.666210412979125977e-01
-9.781791567802429199e-01
-7.055255770683288574e-01
-9.031310677528381348e-01
-4.845016002655029297e-01
7.433892488479614258e-01
-9.337760210037231445e-01
-7.423069477081298828e-01
4.225116968154907227e-02
-8.894066810607910156e-01
-8.886018991470336914e-01
-2.985080182552337646e-01
4.585955739021301270e-01
-6.534200906753540039e-01
-3.614454865455627441e-01
-7.858371734619140625e-01
-9.887036085128784180e-01
4.852113723754882812e-01
-9.121520519256591797e-01
-9.104605913162231445e-01
-9.582102894783020020e-01
-9.955626130104064941e-01
-9.517237544059753418e-01
2.359142452478408813e-01
-9.140820503234863281e-01
-8.870528936386108398e-01
-1.596696488559246063e-02
-7.230090498924255371e-01
-1.499006152153015137e-01
-6.210428476333618164e-01
-4.921310544013977051e-01
-9.921031594276428223e-01
-9.260174632072448730e-01
-8.208179473876953125e-01
-1.989261358976364136e-01
-4.914543628692626953e-01
7.344626784324645996e-01
-5.131304860115051270e-01
-2.169384509325027466e-01
-4.925493896007537842e-02
-8.750643134117126465e-01
-9.651645421981811523e-01
-5.546038746833801270e-01
-9.842820763587951660e-01
-9.290871024131774902e-01
-5.601675063371658325e-02
-9.281101226806640625e-01
-6.649355888366699219e-01
-9.866418838500976562e-01
-9.888361692428588867e-01
-4.973996579647064209e-01
-6.175264716148376465e-01
2.528641819953918457e-01
-5.954269766807556152e-01
8.640653491020202637e-01
-9.891484379768371582e-01
-7.905850410461425781e-01
-4.288981854915618896e-01
-9.771370887756347656e-01
4.928110167384147644e-02
-8.304885625839233398e-01
-7.831816077232360840e-01
-9.327408075332641602e-01
-9.901701807975769043e-01
-9.512245059013366699e-01
-5.433825850486755371e-01
1.113979220390319824e-01
5.676690936088562012e-01
-8.682660460472106934e-01
-7.882559299468994141e-01
-5.095573067665100098e-01
4.593142494559288025e-02
7.754130661487579346e-02
-9.840590357780456543e-01
-9.808006882667541504e-01
-9.813698530197143555e-01
-8.968291878700256348e-01
-9.182869195938110352e-01
-9.980373382568359375e-01
-7.273810505867004395e-01
3.652717471122741699e-01
-5.901779532432556152e-01
-3.022228777408599854e-01
6.832283735275268555e-01
2.465864866971969604e-01
-8.591961264610290527e-01
-8.687171339988708496e-01
-9.260010123252868652e-01
-9.248071312904357910e-01
-9.836947321891784668e-01
-9.222693443298339844e-01
-9.918687343597412109e-01
-7.533243298530578613e-01
-4.228830039501190186e-01
-8.878078460693359375e-01
-1.029887422919273376e-02
7.475154399871826172e-01
4.999741315841674805e-01
-9.921069741249084473e-01
-9.747438430786132812e-01
-9.743086695671081543e-01
-6.603428125381469727e-01
1.572402864694595337e-01
-4.204882979393005371e-01
1.254222989082336426e-01
-9.986071586608886719e-01
-9.958218932151794434e-01
-9.736250638961791992e-01
2.858074754476547241e-02
-9.913917779922485352e-01
-9.300205111503601074e-01
2.380508929491043091e-01
-5.375633239746093750e-01
-8.715774416923522949e-01
-9.941578507423400879e-01
-2.881558239459991455e-01
-7.817277908325195312e-01
-9.636197090148925781e-01
-8.395466804504394531e-01
-6.372133493423461914e-01
8.026661872863769531e-01
8.578574657440185547e-01
1.770844310522079468e-01
-6.002457141876220703e-01
-9.883395433425903320e-01
-8.603506088256835938e-01
-9.540063738822937012e-01
-9.448466897010803223e-01
-9.901986122131347656e-01
-9.073021411895751953e-01
-9.232012629508972168e-01
4.017532765865325928e-01
1.308324187994003296e-01
-6.830449104309082031e-01
6.251678466796875000e-01
-8.899062871932983398e-01
-9.905960559844970703e-01
-9.494346976280212402e-01
-9.931488633155822754e-01
-9.020470976829528809e-01
-8.674422502517700195e-01
-4.662670195102691650e-01
-7.621189206838607788e-02
-5.035213232040405273e-01
8.195499777793884277e-01
-6.843015551567077637e-01
-9.719110131263732910e-01
-9.639921188354492188e-01
1.504244953393936157e-01
-7.082216143608093262e-01
-1.957821547985076904e-01
-6.189030408859252930e-01
-6.508047580718994141e-01
-9.618538618087768555e-01
-5.979001522064208984e-01
5.136517286300659180e-01
-7.663050293922424316e-01
-5.117568373680114746e-01
-8.672216534614562988e-01
-9.887716174125671387e-01
-5.922649502754211426e-01
-6.167487502098083496e-01
6.692023873329162598e-01
-9.802618026733398438e-01
1.253038644790649414e-02
-4.770884811878204346e-01
-9.697928428649902344e-01
-9.690005779266357422e-01
-8.779031634330749512e-01
-9.303651452064514160e-01
-9.830932617187500000e-01
5.760923773050308228e-02
-5.926821231842041016e-01
-7.602179646492004395e-01
7.398403286933898926e-01
-7.909730076789855957e-01
-3.740935921669006348e-01
7.985991835594177246e-01
-8.473613262176513672e-01
-8.998490571975708008e-01
-9.905555844306945801e-01
-4.527442157268524170e-01
-9.875848293304443359e-01
-2.842950522899627686e-01
-9.734742045402526855e-01
-9.183045625686645508e-01
-9.576929807662963867e-01
-9.928266406059265137e-01
8.012618422508239746e-01
-4.454267024993896484e-01
7.533942461013793945e-01
-6.634266972541809082e-01
4.974576830863952637e-01
-8.527022004127502441e-01
-3.528580963611602783e-01
-9.846225976943969727e-01
-7.988974452018737793e-01
-9.187586307525634766e-01
-5.394304394721984863e-01
-6.347769498825073242e-01
-7.037369608879089355e-01
-9.942892789840698242e-01
-8.887733221054077148e-01
-1.313475668430328369e-01
-9.824488162994384766e-01
-4.244033098220825195e-01
-7.191120982170104980e-01
-6.510735154151916504e-01
4.971542954444885254e-01
1.080527529120445251e-02
-6.709769964218139648e-01
-7.923523783683776855e-01
-9.138289690017700195e-01
-6.402574777603149414e-01
-9.241498708724975586e-01
-9.129408001899719238e-01
-1.144417971372604370e-01
9.743433594703674316e-01
2.259406261146068573e-02
-3.916850984096527100e-01
-8.306595683097839355e-01
-6.472102403640747070e-01
-9.973276257514953613e-01
1.978736668825149536e-01
-9.756762385368347168e-01
-9.950849413871765137e-01
-5.874015688896179199e-01
-9.869552254676818848e-01
-9.729013442993164062e-01
-9.199991822242736816e-01
-7.877469062805175781e-02
3.511104881763458252e-01
-1.883181333541870117e-01
-8.438206315040588379e-01
-2.050690203905105591e-01
-9.742318391799926758e-01
-9.535203576087951660e-01
-9.091562628746032715e-01
6.613979339599609375e-01
4.820378720760345459e-01
-9.954462647438049316e-01
-9.844591021537780762e-01
-9.380955696105957031e-01
-9.595986604690551758e-01
-5.223337411880493164e-01
-9.953528642654418945e-01
-9.831541776657104492e-01
-9.026460647583007812e-01
-8.070208430290222168e-01
-5.858865380287170410e-01
-4.167420268058776855e-01
9.792412519454956055e-01
3.588907793164253235e-02
8.338319063186645508e-01
6.462186574935913086e-01
-8.327181935310363770e-01
-9.699243903160095215e-01
-8.610527515411376953e-01
-9.989721775054931641e-01
-9.922379851341247559e-01
-9.477346539497375488e-01
-9.174036979675292969e-01
-9.847222566604614258e-01
3.481827974319458008e-01
3.480518460273742676e-01
-9.683412909507751465e-01
-9.672651290893554688e-01
-6.067242622375488281e-01
-7.972766757011413574e-01
-8.095635175704956055e-01
-8.527702093124389648e-01
6.014043688774108887e-01
-2.565185129642486572e-01
-5.170863270759582520e-01
-8.710702061653137207e-01
-9.826112389564514160e-01
-8.870602250099182129e-01
-8.092821836471557617e-01
-9.750128388404846191e-01
-8.817005157470703125e-01
-4.277923703193664551e-01
-2.481689006090164185e-01
9.887953400611877441e-01
-2.215355485677719116e-01
5.957621335983276367e-01
-9.474021196365356445e-01
-9.257142543792724609e-01
-9.909316897392272949e-01
-6.905558705329895020e-01
-9.387439489364624023e-01
-5.939971208572387695e-01
-9.571244716644287109e-01
-8.528745770454406738e-01
-9.328938722610473633e-01
4.662553071975708008e-01
-8.555386066436767578e-01
-8.543029427528381348e-01
-5.153061747550964355e-01
1.547075510025024414e-01
-6.767473816871643066e-01
-9.239141941070556641e-01
5.760335922241210938e-01
-8.762920498847961426e-01
-9.364532828330993652e-01
-5.499573945999145508e-01
-7.833415269851684570e-01
-4.997667968273162842e-01
-9.975286722183227539e-01
1.640708930790424347e-02
3.966143429279327393e-01
-9.185219407081604004e-01
-9.644226431846618652e-01
-9.723041057586669922e-01
-9.413901567459106445e-01
-7.359167337417602539e-01
2.821882255375385284e-02
-9.787487983703613281e-01
2.731736898422241211e-01
-6.881482005119323730e-01
-9.570881724357604980e-01
-9.924581646919250488e-01
-2.112836986780166626e-01
6.074278950691223145e-01
-7.733983397483825684e-01
-9.945482611656188965e-01
-8.009431958198547363e-01
-8.750588893890380859e-01
5.486524701118469238e-01
-9.087391495704650879e-01
-9.907117486000061035e-01
1.552577912807464600e-01
-7.074542045593261719e-01
-9.918255209922790527e-01
-9.920276999473571777e-01
-8.430253863334655762e-01
4.906956255435943604e-01
1.501433998346328735e-01
-9.782337546348571777e-01
-2.936476469039916992e-01
-8.419564366340637207e-01
-8.689799904823303223e-01
-8.169554471969604492e-01
-1.051421314477920532e-01
-8.572379350662231445e-01
-3.129924237728118896e-01
-2.597564086318016052e-02
-6.463146805763244629e-01
-9.265148043632507324e-01
5.700706243515014648e-01
-9.052385091781616211e-01
6.488808989524841309e-01
-9.955639839172363281e-01
-8.795343637466430664e-01
-9.899934530258178711e-01
-9.405789971351623535e-01
-9.835866689682006836e-01
-9.991230964660644531e-01
-8.300909399986267090e-01
-9.724357724189758301e-01
3.799364566802978516e-01
-9.257332682609558105e-01
6.366487741470336914e-01
5.170937180519104004e-01
-8.337726593017578125e-01
3.708423972129821777e-01
-2.065524160861968994e-01
-7.782689929008483887e-01
-5.759682059288024902e-01
-9.940208792686462402e-01
-9.634470343589782715e-01
-9.999026656150817871e-01
-9.887157678604125977e-01
-7.865786552429199219e-01
-2.434802949428558350e-01
-2.856198698282241821e-02
-9.742747545242309570e-01
-9.464671611785888672e-01
1.893031001091003418e-01
-6.170506477355957031e-01
-3.315426409244537354e-01
5.164849758148193359e-01
-7.196970582008361816e-01
-9.753783941268920898e-01
-5.523086786270141602e-01
-8.016712665557861328e-01
-9.954640269279479980e-01
-9.156526923179626465e-01
-9.259322881698608398e-01
-3.539376705884933472e-02
9.393180906772613525e-02
8.630859106779098511e-02
-5.679963622242212296e-03
-8.937239646911621094e-01
-4.048730432987213135e-01
-9.135528802871704102e-01
-9.275590777397155762e-01
-9.752492308616638184e-01
-4.166057407855987549e-01
-9.352828860282897949e-01
-9.943679571151733398e-01
-9.053013324737548828e-01
8.875143527984619141e-01
-2.913426458835601807e-01
1.997957825660705566e-01
-6.396280527114868164e-01
-7.150063514709472656e-01
-9.969695210456848145e-01
-6.488984823226928711e-01
-8.896156549453735352e-01
-7.585257291793823242e-01
-7.333601117134094238e-01
9.841437637805938721e-02
4.558842778205871582e-01
-9.957807660102844238e-01
-9.873258471488952637e-01
-8.647742271423339844e-01
-9.961280226707458496e-01
-3.442771732807159424e-01
3.246184289455413818e-01
-9.682916998863220215e-01
7.246832847595214844e-01
-9.933910965919494629e-01
-9.774568080902099609e-01
-9.684478640556335449e-01
-3.343450129032135010e-01
-9.457118511199951172e-01
-2.381920665502548218e-01
-9.498263597488403320e-01
7.274451106786727905e-02
-7.983750700950622559e-01
2.038598954677581787e-01
-5.282756686210632324e-01
-9.143153429031372070e-01
-6.927221417427062988e-01
-8.895840644836425781e-01
-9.107980728149414062e-01
-5.007027983665466309e-01
-8.385590910911560059e-01
-4.586127102375030518e-01
-9.744592905044555664e-01
-9.030837416648864746e-01
9.462759830057621002e-03
6.945695877075195312e-01
8.713239431381225586e-01
-3.357665836811065674e-01
-7.303858399391174316e-01
-9.778500795364379883e-01
-9.979426860809326172e-01
-9.952838420867919922e-01
-9.846904277801513672e-01
-7.528556585311889648e-01
-9.463686943054199219e-01
-1.434689313173294067e-01
-9.943823814392089844e-01
4.442868828773498535e-01
-9.361648559570312500e-01
9.911716729402542114e-02
-9.536104202270507812e-01
-4.726094007492065430e-01
-5.053058266639709473e-01
-8.426513671875000000e-01
-8.743290305137634277e-01
2.876448035240173340e-01
-9.735140800476074219e-01
-4.377261996269226074e-01
-7.420325875282287598e-01
-9.576442241668701172e-01
-6.072316169738769531e-01
-9.795412421226501465e-01
-1.155706401914358139e-02
-9.715881347656250000e-01
9.008812308311462402e-01
-8.689059019088745117e-01
-7.253937125205993652e-01
-7.640559673309326172e-01
-7.235686182975769043e-01
-9.901233315467834473e-01
5.030836462974548340e-01
-7.005704045295715332e-01
-6.870905160903930664e-01
-7.231873273849487305e-01
-5.696393251419067383e-01
-2.371808737516403198e-01
-9.163420200347900391e-01
-8.114385604858398438e-01
-4.088607132434844971e-01
-1.946454793214797974e-01
-2.712247669696807861e-01
-9.753073453903198242e-01
-9.743789434432983398e-01
-7.229390144348144531e-01
-9.310420155525207520e-01
-7.767349481582641602e-01
-9.884037375450134277e-01
3.557393252849578857e-01
7.428058981895446777e-01
2.666044831275939941e-01
-9.476746320724487305e-01
-2.628225386142730713e-01
-7.136831283569335938e-01
-2.070983201265335083e-01
-9.959353804588317871e-01
-8.786855340003967285e-01
-9.954231977462768555e-01
-9.543185830116271973e-01
-9.737768769264221191e-01
-9.773302674293518066e-01
9.028588533401489258e-01
-4.981608986854553223e-01
-9.972057938575744629e-01
-6.756895780563354492e-01
-9.138346314430236816e-01
-5.496451854705810547e-01
-2.496110945940017700e-01
8.745740354061126709e-02
6.835883259773254395e-01
-5.348703861236572266e-01
-9.304706454277038574e-01
-7.315626740455627441e-01
-9.981864094734191895e-01
-7.832872271537780762e-01
-8.899790048599243164e-02
-9.535011649131774902e-01
-9.917768239974975586e-01
-9.847345352172851562e-01
-6.730949282646179199e-01
-2.398072928190231323e-01
-8.379548788070678711e-01
6.051147580146789551e-01
-3.924262523651123047e-01
6.414287090301513672e-01
-6.837418675422668457e-01
-1.495994925498962402e-01
-9.469754099845886230e-01
-9.542002081871032715e-01
-9.813169836997985840e-01
-9.287651777267456055e-01
-6.910585165023803711e-01
-9.270069599151611328e-01
-9.942526817321777344e-01
-7.084129452705383301e-01
1.701294928789138794e-01
-5.539512038230895996e-01
8.843633532524108887e-01
-9.031926393508911133e-01
4.586399197578430176e-01
-9.491036534309387207e-01
5.849453210830688477e-01
8.323701471090316772e-02
-9.953401088714599609e-01
-9.998916387557983398e-01
-9.056335091590881348e-01
-7.034357786178588867e-01
-9.829429984092712402e-01
-9.978976845741271973e-01
-8.565526008605957031e-01
-7.461106181144714355e-01
-8.192192316055297852e-01
-7.698168754577636719e-01
-5.620600581169128418e-01
3.154772222042083740e-01
9.136675000190734863e-01
-9.233123660087585449e-01
-8.666082024574279785e-01
-9.268420934677124023e-02
-5.249543786048889160e-01
-9.278258681297302246e-01
-6.393499970436096191e-01
-2.594666182994842529e-01
-9.611588716506958008e-01
-9.790529608726501465e-01
-9.429647922515869141e-01
-6.232345476746559143e-02
-9.248599410057067871e-01
8.391072750091552734e-01
-6.298583745956420898e-01
-9.866208434104919434e-01
-8.506950139999389648e-01
-8.262325525283813477e-01
-9.688261747360229492e-01
4.531141817569732666e-01
8.652878403663635254e-01
-6.079240441322326660e-01
-9.766558408737182617e-01
-9.747661948204040527e-01
-9.627704620361328125e-01
-9.179697632789611816e-01
-7.929169535636901855e-01
-8.501202613115310669e-02
-4.181246459484100342e-02
-7.221295237541198730e-01
-4.697398841381072998e-01
-9.963362216949462891e-01
-8.485539555549621582e-01
-9.803715348243713379e-01
7.171803116798400879e-01
-6.419989466667175293e-01
-5.480062365531921387e-01
-7.627068758010864258e-01
-5.898241996765136719e-01
-9.957295060157775879e-01
-6.200913190841674805e-01
-8.177243471145629883e-01
-1.371702924370765686e-02
-7.815122604370117188e-01
-8.217439055442810059e-01
5.352671742439270020e-01
8.823781460523605347e-02
-9.933844804763793945e-01
-8.218994140625000000e-01
-9.102155566215515137e-01
-5.015532374382019043e-01
-3.256577253341674805e-01
-6.712080836296081543e-01
-8.438355922698974609e-01
-9.535915255546569824e-01
6.641598045825958252e-02
-2.855545282363891602e-01
6.148554086685180664e-01
-8.412165045738220215e-01
-9.677444696426391602e-01
-4.766418933868408203e-01
-8.462806940078735352e-01
-8.561504483222961426e-01
-9.789695739746093750e-01
-9.843698143959045410e-01
8.954543620347976685e-02
-8.436627388000488281e-01
-1.834067404270172119e-01
-9.314482808113098145e-01
3.055298030376434326e-01
-6.835073828697204590e-01
-3.836926519870758057e-01
-7.057090401649475098e-01
-1.486493051052093506e-01
-9.069018959999084473e-01
-7.533855438232421875e-01
-9.547837972640991211e-01
-9.303490519523620605e-01
-1.829450130462646484e-01
-5.597994327545166016e-01
3.536150753498077393e-01
-9.846324920654296875e-01
5.614247918128967285e-02
-9.231565147638320923e-02
-7.047372460365295410e-01
-9.737589955329895020e-01
-9.325470328330993652e-01
-9.945892095565795898e-01
-9.705443978309631348e-01
-9.435083866119384766e-01
-2.053944468498229980e-01
-2.233361899852752686e-01
8.101669549942016602e-01
-9.938646554946899414e-01
-5.503306910395622253e-02
-4.733543395996093750e-01
-9.072328805923461914e-01
3.444898426532745361e-01
-9.503492116928100586e-01
-9.844816327095031738e-01
-6.307964324951171875e-01
-8.893184661865234375e-01
4.305703192949295044e-02
2.175165861845016479e-01
-5.351649522781372070e-01
-9.927684068679809570e-01
-8.898624181747436523e-01
-7.844529747962951660e-01
-7.881575822830200195e-01
-9.881495237350463867e-01
-4.400173723697662354e-01
-3.650826811790466309e-01
1.585018783807754517e-01
-6.901617050170898438e-01
-9.607579708099365234e-01
-6.719174981117248535e-01
-9.309545755386352539e-01
5.474136471748352051e-01
-3.655047342181205750e-02
-5.579389929771423340e-01
-6.342647671699523926e-01
-8.695893287658691406e-01
-7.089273929595947266e-01
-9.843917489051818848e-01
-6.904058456420898438e-01
-8.884043693542480469e-01
-7.076904177665710449e-01
3.825394511222839355e-01
-3.395503163337707520e-01
1.121376603841781616e-01
-7.259455323219299316e-01
4.213820695877075195e-01
-9.830702543258666992e-01
-9.401969313621520996e-01
-9.969836473464965820e-01
-1.362957209348678589e-01
-9.264844655990600586e-01
-9.229186177253723145e-01
-9.959229826927185059e-01
-9.938097000122070312e-02
-8.860053420066833496e-01
-8.909326195716857910e-01
-9.340859055519104004e-01
2.996549308300018311e-01
-8.967407941818237305e-01
6.851884722709655762e-01
-9.067336320877075195e-01
6.245619654655456543e-01
-8.810724020004272461e-01
-6.494856476783752441e-01
-6.291882991790771484e-01
-9.572293758392333984e-01
-7.012653350830078125e-01
-9.953576922416687012e-01
-9.917207360267639160e-01
-8.475227952003479004e-01
-4.297318756580352783e-01
-8.850060105323791504e-01
2.533343136310577393e-01
-6.472967267036437988e-01
-5.474071502685546875e-01
-1.050223503261804581e-02
-2.511995732784271240e-01
-7.116182446479797363e-01
-8.014160990715026855e-01
-9.434630870819091797e-01
6.321420073509216309e-01
-6.031901240348815918e-01
-6.536695361137390137e-01
-6.786334514617919922e-01
-8.883062601089477539e-01
-9.814488887786865234e-01
-9.705889821052551270e-01
-5.607730746269226074e-01
-3.866586983203887939e-01
-6.043140888214111328e-01
-9.061148166656494141e-01
-7.293950915336608887e-01
4.280866384506225586e-01
-6.982375383377075195e-01
6.349385380744934082e-01
2.911553680896759033e-01
5.895987749099731445e-01
-1.105532497167587280e-01
-9.959362745285034180e-01
-9.771071672439575195e-01
-9.967426061630249023e-01
-9.869391918182373047e-01
-9.987039566040039062e-01
-9.862812757492065430e-01
-9.779550433158874512e-01
-9.919480681419372559e-01
-8.100736141204833984e-01
-7.797264456748962402e-01
-2.477173954248428345e-01
-5.332755446434020996e-01
9.975225329399108887e-01
2.354848012328147888e-02
-7.774007320404052734e-02
-9.745486378669738770e-01
-9.733287692070007324e-01
-3.438679277896881104e-01
-8.681675791740417480e-01
-8.642750382423400879e-01
-7.338227629661560059e-01
-3.848647698760032654e-02
-7.227809429168701172e-01
-8.874450325965881348e-01
-5.468204021453857422e-01
4.031754732131958008e-01
5.694208145141601562e-01
-9.763140678405761719e-01
-7.824897170066833496e-01
6.909335404634475708e-02
-9.469465017318725586e-01
-9.947311878204345703e-01
-8.460425138473510742e-01
-8.994916677474975586e-01
-7.939307689666748047e-01
6.601305603981018066e-01
-4.796139001846313477e-01
-8.434123396873474121e-01
-7.079011201858520508e-01
-9.803873896598815918e-01
-8.671309351921081543e-01
-9.630809426307678223e-01
3.554648160934448242e-01
-9.012042284011840820e-01
-5.344650149345397949e-01
6.227937936782836914e-01
-6.786832213401794434e-01
6.407057642936706543e-01
-8.940905332565307617e-01
-9.921144247055053711e-01
-8.795276284217834473e-01
-9.609390497207641602e-01
-9.400855302810668945e-01
-6.300971508026123047e-01
-8.935677409172058105e-01
-8.506411910057067871e-01
3.791676461696624756e-01
-8.583990931510925293e-01
-4.494695365428924561e-01
-9.668917059898376465e-01
7.721292376518249512e-01
4.124204516410827637e-01
-8.419016599655151367e-01
-9.926273822784423828e-01
4.301549792289733887e-01
-9.792726635932922363e-01
-9.990235567092895508e-01
-9.920396208763122559e-01
-9.764852523803710938e-01
-9.691568613052368164e-01
-1.955675482749938965e-01
-7.578885555267333984e-01
-9.356815218925476074e-01
1.824910342693328857e-01
-5.887460708618164062e-01
-6.849427223205566406e-01
7.057124972343444824e-01
-8.253747820854187012e-01
-5.076373815536499023e-01
7.452959567308425903e-02
5.855862423777580261e-02
-9.669659733772277832e-01
-9.786649346351623535e-01
-9.880627393722534180e-01
-9.986306428909301758e-01
-9.817377328872680664e-01
-9.676797986030578613e-01
-5.957993865013122559e-01
-7.941354513168334961e-01
-4.480087757110595703e-02
-8.239642381668090820e-01
-9.010106325149536133e-01
6.626176238059997559e-01
2.584474980831146240e-01
-9.542768001556396484e-01
5.507121682167053223e-01
-7.277768850326538086e-01
-9.473184347152709961e-01
-5.546630024909973145e-01
-8.936716318130493164e-01
-9.326007366180419922e-01
-9.490183591842651367e-01
-8.469635248184204102e-01
-9.136359691619873047e-01
-9.771538376808166504e-01
2.575138807296752930e-01
-9.497741460800170898e-01
3.620506525039672852e-01
-4.823501110076904297e-01
-5.232872962951660156e-01
6.684887409210205078e-01
-3.302467167377471924e-01
-5.839560627937316895e-01
-8.711263537406921387e-01
-8.022318482398986816e-01
-9.481748342514038086e-01
-9.299671053886413574e-01
-9.700034856796264648e-01
-8.276570439338684082e-01
-8.556311726570129395e-01
-9.554051160812377930e-01
-5.689620375633239746e-01
7.899845838546752930e-01
-9.616510272026062012e-01
2.414923161268234253e-01
-2.799379825592041016e-01
-5.098533630371093750e-01
-5.878636837005615234e-01
-9.297802448272705078e-01
-7.187649607658386230e-01
-4.648104608058929443e-01
-8.766601085662841797e-01
-9.079291820526123047e-01
4.399794042110443115e-01
3.073320165276527405e-02
-8.119227886199951172e-01
-9.896382093429565430e-01
-7.260494828224182129e-01
-2.452209740877151489e-01
-4.698468744754791260e-01
-8.819581270217895508e-01
-6.464053392410278320e-01
-3.257969915866851807e-01
-8.564348816871643066e-01
1.341820508241653442e-01
-9.843605756759643555e-01
-9.041000008583068848e-01
-8.443539142608642578e-01
-4.208793938159942627e-01
-5.265993475914001465e-01
-7.063969969749450684e-01
-1.574736237525939941e-01
4.437454640865325928e-01
-8.524847626686096191e-01
-9.282045364379882812e-01
2.439335882663726807e-01
1.522493660449981689e-01
-9.959952235221862793e-01
-9.269266724586486816e-01
6.256564259529113770e-01
-6.696360111236572266e-01
-9.873065948486328125e-01
-9.719780087471008301e-01
-9.059013724327087402e-01
-9.768675565719604492e-01
-9.836602807044982910e-01
-8.249725103378295898e-01
-9.985707998275756836e-01
-5.884072184562683105e-01
-1.622595489025115967e-01
4.268906712532043457e-01
-9.073721766471862793e-01
8.183218836784362793e-01
1.101494431495666504e-01
-9.738376736640930176e-01
-7.901038229465484619e-02
-9.923695325851440430e-01
-9.875979423522949219e-01
-9.862660169601440430e-01
-8.929030895233154297e-01
6.698624491691589355e-01
-5.864990353584289551e-01
-9.503605365753173828e-01
-9.950892329216003418e-01
-9.792272448539733887e-01
-9.938074946403503418e-01
-9.872908592224121094e-01
3.458912968635559082e-01
-7.469819188117980957e-01
6.090278029441833496e-01
4.416804015636444092e-01
-9.568313956260681152e-01
-9.245793223381042480e-01
-9.122676849365234375e-01
7.859400510787963867e-01
-9.873191118240356445e-01
-8.526989221572875977e-01
-9.532610177993774414e-01
-9.391514062881469727e-01
-8.476515412330627441e-01
-4.098146557807922363e-01
-1.758078336715698242e-01
-7.165430784225463867e-01
-2.656370997428894043e-01
-3.836966753005981445e-01
-9.493075013160705566e-01
5.903667211532592773e-01
9.706099331378936768e-02
-7.514404058456420898e-01
-9.756197333335876465e-01
-9.921084046363830566e-01
-9.323559403419494629e-01
-9.866993427276611328e-01
-9.735212326049804688e-01
-9.603537917137145996e-01
8.511084914207458496e-01
-6.605525016784667969e-01
-9.493638873100280762e-01
-9.543724358081817627e-02
-6.851557493209838867e-01
-3.084858655929565430e-01
-6.306237727403640747e-02
-1.689981967210769653e-01
-8.260724544525146484e-01
-2.676704525947570801e-01
-7.395360469818115234e-01
-3.283942937850952148e-01
-7.906645536422729492e-01
-6.166321635246276855e-01
-5.698615908622741699e-01
-8.860388398170471191e-01
-9.425784945487976074e-01
-6.355684995651245117e-01
-2.155805826187133789e-01
-8.834698796272277832e-01
-9.523026943206787109e-01
-4.452342987060546875e-01
-4.033979773521423340e-01
-3.671630918979644775e-01
-4.441407918930053711e-01
-6.099303364753723145e-01
5.055558085441589355e-01
-7.036586403846740723e-01
-3.228153884410858154e-01
-9.238084554672241211e-01
-9.417958855628967285e-01
-8.167129755020141602e-01
9.506942629814147949e-01
-4.132635891437530518e-01
-9.373255968093872070e-01
-9.475849270820617676e-01
-9.040796160697937012e-01
-9.186679720878601074e-01
-2.549920380115509033e-01
-1.277111619710922241e-01
-5.907551646232604980e-01
-9.839034080505371094e-01
-7.086220383644104004e-01
-2.262230217456817627e-02
-4.952879846096038818e-01
-9.237598776817321777e-01
-3.084297478199005127e-01
-9.793118834495544434e-01
-8.425866365432739258e-01
-2.969526946544647217e-01
-9.768031835556030273e-01
-2.141045033931732178e-01
-8.790339231491088867e-01
6.602906584739685059e-01
-2.126789242029190063e-01
-9.481939077377319336e-01
-9.831280112266540527e-01
-6.906086206436157227e-01
-4.411042034626007080e-01
1.786506921052932739e-01
-5.406581759452819824e-01
-3.147890567779541016e-01
-9.055810570716857910e-01
-9.122967720031738281e-01
-4.263735190033912659e-02
-7.781379222869873047e-01
3.615596294403076172e-01
-8.230417370796203613e-01
-9.237506985664367676e-01
-9.114314317703247070e-01
-1.400700807571411133e-01
-9.997574687004089355e-01
-7.150412201881408691e-01
-9.342635273933410645e-01
-9.993848204612731934e-01
-8.292216658592224121e-01
8.126363158226013184e-01
7.889822125434875488e-01
8.156687021255493164e-02
-9.791122674942016602e-01
-9.955856204032897949e-01
-9.292054176330566406e-01
-4.733903408050537109e-01
-9.170465469360351562e-01
-3.033648133277893066e-01
-3.421312272548675537e-01
-9.984861612319946289e-01
-8.579906821250915527e-01
-7.796250581741333008e-01
5.721323490142822266e-01
7.747969031333923340e-02
-9.612811207771301270e-01
-9.157779812812805176e-01
2.707606256008148193e-01
-8.228915929794311523e-01
-8.893935084342956543e-01
-8.868052363395690918e-01
-1.187825947999954224e-01
-9.767103195190429688e-01
-9.398419857025146484e-01
-8.981940150260925293e-01
7.558232545852661133e-02
-1.530493795871734619e-01
-5.930339694023132324e-01
-9.057446718215942383e-01
-8.256268501281738281e-01
-6.415490061044692993e-02
7.588018178939819336e-01
8.016895651817321777e-01
-9.971699118614196777e-01
-9.887335300445556641e-01
-9.970862269401550293e-01
-9.543170928955078125e-01
-9.497990012168884277e-01
-9.241550564765930176e-01
-9.532202482223510742e-01
-9.902935028076171875e-01
-3.327180147171020508e-01
-3.850812017917633057e-01
-9.656762480735778809e-01
9.951254129409790039e-01
5.392252206802368164e-01
-9.067202210426330566e-01
-7.029297947883605957e-01
-9.933698773384094238e-01
4.610532522201538086e-01
-9.714198112487792969e-01
-7.583798170089721680e-01
-9.747688174247741699e-01
-9.590252041816711426e-01
-9.626762866973876953e-01
-9.429808259010314941e-01
3.513361513614654541e-01
-9.365113377571105957e-01
-4.042187333106994629e-01
2.153079807758331299e-01
-6.406959891319274902e-01
2.306593954563140869e-01
-6.608588099479675293e-01
-9.448705315589904785e-01
-8.352115154266357422e-01
-9.665263891220092773e-01
-9.961141347885131836e-01
-7.911061048507690430e-01
-6.016163229942321777e-01
-5.891622304916381836e-01
8.779224753379821777e-01
-6.002595424652099609e-01
-3.728258237242698669e-02
-9.087843894958496094e-01
1.559266448020935059e-01
-9.872955679893493652e-01
-9.690714478492736816e-01
-8.805644512176513672e-01
-7.169113159179687500e-01
9.690086543560028076e-02
-9.857530593872070312e-01
-9.591283202171325684e-01
-8.997522592544555664e-01
-7.480766177177429199e-01
4.647518992424011230e-01
-4.912210628390312195e-02
-5.797212123870849609e-01
-1.614230275154113770e-01
-8.909159898757934570e-01
-9.150390028953552246e-01
-9.681299328804016113e-01
-6.566116213798522949e-01
-9.160150885581970215e-01
-6.863307952880859375e-01
-8.288549631834030151e-02
5.830846428871154785e-01
-9.719061851501464844e-01
-9.088473320007324219e-01
-9.000958800315856934e-01
-9.956003427505493164e-01
-9.754632115364074707e-01
8.578147292137145996e-01
-9.398508667945861816e-01
6.577199101448059082e-01
-9.942707419395446777e-01
-4.980613589286804199e-01
9.285943210124969482e-02
9.004019200801849365e-02
-7.195160984992980957e-01
-9.888580441474914551e-01
-9.715815186500549316e-01
-9.155235290527343750e-01
-9.774332642555236816e-01
-9.838410019874572754e-01
-3.168784379959106445e-01
-3.187308013439178467e-01
-6.642640829086303711e-01
2.183977067470550537e-01
-6.073045134544372559e-01
-8.489923477172851562e-01
-7.567112445831298828e-01
-8.956332206726074219e-01
-8.441098332405090332e-01
-8.235402107238769531e-01
4.057118296623229980e-01
-1.089565083384513855e-01
-3.820315301418304443e-01
-7.047065496444702148e-01
-8.413549065589904785e-01
-9.477716088294982910e-01
-8.804407119750976562e-01
-6.695005297660827637e-01
-7.432293295860290527e-01
9.810328483581542969e-01
-5.241641998291015625e-01
-9.509553909301757812e-01
1.760162860155105591e-01
-5.251123309135437012e-01
-8.978498578071594238e-01
-9.971356391906738281e-01
-9.196038246154785156e-01
-7.950031161308288574e-01
9.431101083755493164e-01
-9.910277128219604492e-01
-9.266363382339477539e-01
-9.959502220153808594e-01
-7.621341943740844727e-01
-7.992464303970336914e-01
-2.200085669755935669e-01
-9.497943520545959473e-01
-8.498353362083435059e-01
3.032722473144531250e-01
-6.514633893966674805e-01
-7.418745756149291992e-02
-5.381827354431152344e-01
-8.439695835113525391e-01
-9.694916009902954102e-01
2.435178160667419434e-01
-9.365983009338378906e-01
-9.616545438766479492e-01
-7.574814558029174805e-02
6.921496391296386719e-01
-9.553685784339904785e-01
6.024332642555236816e-01
-9.930164813995361328e-01
-9.919188022613525391e-01
-9.963853359222412109e-01
-9.920442104339599609e-01
-9.491700530052185059e-01
-9.813647270202636719e-01
-9.908664226531982422e-01
-7.487968206405639648e-01
-8.766820430755615234e-01
-9.053373932838439941e-01
5.015269517898559570e-01
-4.536969065666198730e-01
-8.606569766998291016e-01
5.091545581817626953e-01
-2.830061018466949463e-01
6.987230181694030762e-01
8.236843943595886230e-01
-7.247614264488220215e-01
-9.986302852630615234e-01
-9.914970993995666504e-01
-9.928576946258544922e-01
-9.977249503135681152e-01
-9.941173791885375977e-01
-9.965387582778930664e-01
-8.457440137863159180e-01
-9.127277135848999023e-01
-3.345611318945884705e-02
3.561725318431854248e-01
-9.523412585258483887e-01
-8.208903074264526367e-01
-9.820762276649475098e-01
3.475716412067413330e-01
-9.520164132118225098e-01
-8.619698286056518555e-01
1.395763158798217773e-01
-2.355486750602722168e-01
-7.852858304977416992e-01
-9.106718897819519043e-01
-1.278685331344604492e-01
-1.844104528427124023e-01
-8.349710106849670410e-01
-8.989346027374267578e-01
-8.476649522781372070e-01
9.007142782211303711e-01
-9.967772960662841797e-01
-9.855003356933593750e-01
-8.541346192359924316e-01
-1.924104839563369751e-01
3.972527086734771729e-01
-9.709072709083557129e-01
-9.459701180458068848e-01
-9.860239624977111816e-01
-9.185370802879333496e-01
-8.029880523681640625e-01
-2.511072158813476562e-01
-7.329338192939758301e-01
-6.060196757316589355e-01
2.775227725505828857e-01
-9.441691450774669647e-03
2.586687505245208740e-01
-9.693800806999206543e-01
-1.921156644821166992e-01
-9.783970713615417480e-01
-8.074571490287780762e-01
-2.401896119117736816e-01
-7.504755258560180664e-01
-8.884613513946533203e-01
-9.531625509262084961e-01
-9.976067543029785156e-01
1.690334081649780273e-02
-9.860762953758239746e-01
-8.764230608940124512e-01
3.311380147933959961e-01
-9.926988482475280762e-01
5.093679428100585938e-01
-8.359127044677734375e-01
-6.765488386154174805e-01
-9.843774437904357910e-01
-9.929699301719665527e-01
8.053212761878967285e-01
-9.332230091094970703e-01
-8.234273791313171387e-01
3.331572189927101135e-02
-9.183459877967834473e-01
-8.641577959060668945e-01
-4.252159297466278076e-01
-4.040987193584442139e-01
-8.041844367980957031e-01
-6.913612484931945801e-01
-7.329875230789184570e-01
-8.258879780769348145e-01
2.480159103870391846e-01
-6.047068238258361816e-01
-9.163573384284973145e-01
2.969572842121124268e-01
-7.368998527526855469e-01
-9.806277751922607422e-01
5.576333403587341309e-02
-1.518776565790176392e-01
6.076324582099914551e-01
-9.686232209205627441e-01
2.200100421905517578e-01
-8.901749849319458008e-01
-9.921220541000366211e-01
-9.892053604125976562e-01
-9.699552059173583984e-01
