4.155578613281250000e-01
4.962879121303558350e-01
5.141309499740600586e-01
3.844037353992462158e-01
-1.920308470726013184e-01
2.548174262046813965e-01
2.317613810300827026e-01
3.366116061806678772e-02
3.802840709686279297e-01
3.189185857772827148e-01
1.974135786294937134e-01
-3.345261514186859131e-01
-1.189881712198257446e-01
2.563396990299224854e-01
1.963168382644653320e-01
3.901954293251037598e-01
4.301375746726989746e-01
1.302357856184244156e-02
5.380462408065795898e-01
3.462118506431579590e-01
2.003161311149597168e-01
2.136134915053844452e-02
4.475450888276100159e-02
1.749284863471984863e-01
4.633408784866333008e-01
2.414937168359756470e-01
3.756685554981231689e-01
6.113279461860656738e-01
-2.262792289257049561e-01
1.077497228980064392e-01
-8.149901777505874634e-02
2.984364628791809082e-01
2.424331754446029663e-01
2.086335420608520508e-01
-2.478892449289560318e-03
3.086335659027099609e-01
2.779855132102966309e-01
1.976409405469894409e-01
7.327686548233032227e-01
1.753717958927154541e-01
4.386952817440032959e-01
2.906545996665954590e-02
1.194097548723220825e-01
-6.695669889450073242e-02
2.059613913297653198e-01
5.485263466835021973e-01
-3.288970515131950378e-02
2.012573331594467163e-01
9.043067693710327148e-02
2.940230965614318848e-01
1.567040979862213135e-01
2.469327151775360107e-01
3.509835600852966309e-01
4.918252527713775635e-01
1.143928617238998413e-02
3.527608215808868408e-01
2.720283567905426025e-01
2.147430777549743652e-01
4.671367704868316650e-01
1.458973139524459839e-01
-2.653327584266662598e-01
-3.246578574180603027e-01
1.345557868480682373e-01
5.402349829673767090e-01
1.709261536598205566e-01
3.093949556350708008e-01
4.768325686454772949e-01
1.567469388246536255e-01
-1.186783052980899811e-02
1.466296017169952393e-01
3.804730176925659180e-01
4.462733268737792969e-01
4.840319976210594177e-02
3.332129418849945068e-01
3.433293700218200684e-01
-8.805730193853378296e-02
2.439300119876861572e-01
1.825253367424011230e-01
-4.259084165096282959e-02
1.279738731682300568e-02
1.748277097940444946e-01
2.859750986099243164e-01
2.892981767654418945e-01
6.645414829254150391e-01
5.097081065177917480e-01
2.671980531886219978e-03
2.998540736734867096e-02
4.713015556335449219e-01
3.117389976978302002e-01
3.321766257286071777e-01
-7.097050547599792480e-03
4.113811552524566650e-01
2.613107860088348389e-01
1.905800588428974152e-02
2.502346336841583252e-01
3.721174299716949463e-01
3.662677407264709473e-01
1.670445054769515991e-01
2.523880600929260254e-01
4.690159857273101807e-01
2.432290017604827881e-01
4.648874998092651367e-01
-2.107288129627704620e-02
1.998864561319351196e-01
-1.770337671041488647e-01
2.463362962007522583e-01
3.369443714618682861e-01
1.909814216196537018e-02
2.243743687868118286e-01
6.015144288539886475e-02
3.507477045059204102e-01
3.600020110607147217e-01
3.232088312506675720e-02
2.014615088701248169e-01
-7.523433119058609009e-02
1.175469681620597839e-01
-4.520563781261444092e-02
1.047662347555160522e-01
3.869832158088684082e-01
3.945375978946685791e-01
-3.417775407433509827e-02
-1.927922964096069336e-01
4.830963015556335449e-01
4.139474630355834961e-01
2.580504417419433594e-01
-3.187851607799530029e-02
3.284937739372253418e-01
4.302180409431457520e-01
2.371441125869750977e-01
4.873341023921966553e-01
1.940308362245559692e-01
3.877779543399810791e-01
2.307419627904891968e-01
-2.263335436582565308e-01
-8.501181751489639282e-02
1.880165636539459229e-01
5.222160816192626953e-01
3.418453037738800049e-01
3.961323797702789307e-01
3.307467401027679443e-01
1.975153535604476929e-01
3.840695619583129883e-01
2.167254984378814697e-01
9.317649900913238525e-02
3.835633099079132080e-01
-1.120377704501152039e-01
-9.712424129247665405e-02
5.407355260103940964e-03
1.108083352446556091e-01
3.709708750247955322e-01
2.680193185806274414e-01
-1.575044728815555573e-02
3.423159122467041016e-01
4.669355750083923340e-01
3.241229355335235596e-01
2.985407710075378418e-01
3.798577487468719482e-01
1.048665028065443039e-02
-5.972023680806159973e-02
-6.451747566461563110e-02
3.892346322536468506e-01
3.782199025154113770e-01
3.710447549819946289e-01
-7.420128583908081055e-02
8.121753484010696411e-02
-7.982699573040008545e-02
2.288378924131393433e-01
2.460185587406158447e-01
6.294922828674316406e-01
5.437064766883850098e-01
2.823768556118011475e-01
1.061723008751869202e-01
3.089245259761810303e-01
3.734173178672790527e-01
3.222263157367706299e-01
2.838517129421234131e-01
9.656342118978500366e-02
4.798872768878936768e-01
-5.996114388108253479e-02
-6.807608157396316528e-02
1.620372682809829712e-01
1.829721927642822266e-01
1.972980350255966187e-01
1.990224421024322510e-01
2.279768139123916626e-01
2.540703713893890381e-01
-1.221879106014966965e-02
2.173902988433837891e-01
4.942429065704345703e-01
3.733506202697753906e-01
2.840304076671600342e-01
5.552141666412353516e-01
1.625462621450424194e-01
9.512004326097667217e-04
-7.149555534124374390e-02
2.994071841239929199e-01
-2.412771135568618774e-01
5.945959687232971191e-01
2.347051054239273071e-01
1.542566530406475067e-02
1.121610552072525024e-01
1.981653086841106415e-02
3.795971721410751343e-02
-5.253024399280548096e-02
2.932890951633453369e-01
4.118193387985229492e-01
4.822679758071899414e-01
1.428476274013519287e-01
5.194390937685966492e-02
2.407498508691787720e-01
1.980163305997848511e-01
2.752133905887603760e-01
2.838920354843139648e-01
6.923057436943054199e-01
3.455355167388916016e-01
-3.232060074806213379e-01
5.392085388302803040e-02
4.184617102146148682e-02
4.441209137439727783e-02
1.943038254976272583e-01
-3.380455449223518372e-02
2.220614105463027954e-01
1.015109568834304810e-01
4.633329212665557861e-01
5.941987633705139160e-01
4.434219598770141602e-01
3.196988403797149658e-01
9.721268713474273682e-02
4.271904230117797852e-01
5.253890156745910645e-01
5.779563798569142818e-04
4.851799458265304565e-02
2.065283013507723808e-03
2.533269822597503662e-01
-1.686663366854190826e-02
2.962892055511474609e-01
2.937093973159790039e-01
1.690548807382583618e-01
1.588342487812042236e-01
2.220170199871063232e-01
1.362407803535461426e-01
-4.258878901600837708e-02
2.403728812932968140e-01
4.303058981895446777e-01
1.893743872642517090e-01
3.458823263645172119e-01
1.395006626844406128e-01
2.190444171428680420e-01
-7.070590555667877197e-02
4.032201170921325684e-01
-6.452563405036926270e-02
3.351485431194305420e-01
2.254849970340728760e-01
9.462661296129226685e-02
4.304579496383666992e-01
-2.264657765626907349e-01
-3.917656466364860535e-02
3.355495631694793701e-01
3.205572962760925293e-01
2.347817085683345795e-02
2.070473134517669678e-01
-9.856524318456649780e-02
3.227992355823516846e-01
6.065857410430908203e-01
1.482171416282653809e-01
3.608236610889434814e-01
1.148704364895820618e-01
1.748520433902740479e-01
2.628659456968307495e-02
3.366534709930419922e-01
3.528659641742706299e-01
2.225276678800582886e-01
2.939038872718811035e-01
2.749854326248168945e-01
2.052072621881961823e-02
3.111089766025543213e-01
5.956900864839553833e-02
2.224921584129333496e-01
1.943759620189666748e-01
5.428016781806945801e-01
2.656759917736053467e-01
2.638983130455017090e-01
2.800394296646118164e-01
3.131113052368164062e-01
2.919135093688964844e-01
5.315641760826110840e-01
-5.052076652646064758e-03
3.824151158332824707e-01
-3.094166517257690430e-01
-3.047752678394317627e-01
-8.024716377258300781e-02
1.739629507064819336e-01
3.685405254364013672e-01
2.094856053590774536e-01
1.432135552167892456e-01
1.304548084735870361e-01
4.083913862705230713e-01
-1.679553389549255371e-01
8.281987160444259644e-02
1.139737069606781006e-01
2.143710292875766754e-02
-4.178506508469581604e-02
6.974556446075439453e-01
3.111066222190856934e-01
4.674880802631378174e-01
2.872380316257476807e-01
4.047221839427947998e-01
3.550116419792175293e-01
5.198896676301956177e-02
-8.702053129673004150e-02
3.606596589088439941e-01
2.848850488662719727e-01
2.572991251945495605e-01
5.487561821937561035e-01
2.026547119021415710e-02
2.321773916482925415e-01
6.300463676452636719e-01
-7.803493738174438477e-02
-5.155631154775619507e-02
-2.489825524389743805e-02
3.381828367710113525e-01
2.393350005149841309e-01
1.341554820537567139e-01
4.225351214408874512e-01
-4.527442902326583862e-02
-6.993367522954940796e-02
3.143401145935058594e-01
3.312709033489227295e-01
4.136298894882202148e-01
-1.104013435542583466e-02
-7.348030805587768555e-02
-9.805875271558761597e-02
3.328178226947784424e-01
3.510304093360900879e-01
2.678608596324920654e-01
7.243847101926803589e-02
4.147681891918182373e-01
-8.342100679874420166e-02
8.918952941894531250e-02
9.048009663820266724e-02
2.084029763936996460e-01
8.001811802387237549e-02
3.106954991817474365e-01
3.053578734397888184e-01
5.044222474098205566e-01
2.190476953983306885e-01
6.107074022293090820e-01
-7.215198129415512085e-02
1.579283326864242554e-01
-1.461857408285140991e-01
7.673154026269912720e-02
6.057528853416442871e-01
1.557561755180358887e-01
2.577700912952423096e-01
2.733559310436248779e-01
2.523955106735229492e-01
4.168707430362701416e-01
1.685354113578796387e-01
5.728427693247795105e-02
2.769181132316589355e-01
4.105376601219177246e-01
3.492338061332702637e-01
1.866282969713211060e-01
3.106085956096649170e-01
2.352972328662872314e-01
3.666949868202209473e-01
2.074089050292968750e-01
-2.412578091025352478e-02
4.663307964801788330e-01
6.057233083993196487e-03
-2.229135930538177490e-01
2.610603906214237213e-02
2.847733497619628906e-01
-1.663070470094680786e-01
3.249505162239074707e-01
8.074565231800079346e-02
4.503191635012626648e-02
2.909808456897735596e-01
2.057008892297744751e-01
4.972060024738311768e-01
6.444454789161682129e-01
3.223924040794372559e-01
2.806203067302703857e-01
-1.122772023081779480e-01
1.855326592922210693e-01
3.322510421276092529e-02
2.096704244613647461e-01
3.158260881900787354e-01
1.639597415924072266e-01
3.252415060997009277e-01
1.090363413095474243e-01
1.499284356832504272e-01
4.194118976593017578e-01
2.428694665431976318e-01
4.260268807411193848e-01
8.141960203647613525e-02
-1.459925025701522827e-01
4.976738989353179932e-01
-1.809478551149368286e-02
3.051078692078590393e-02
-1.526267826557159424e-01
2.651126682758331299e-01
2.060159742832183838e-01
9.519725292921066284e-02
4.563255012035369873e-01
3.876498341560363770e-01
-3.523514792323112488e-02
2.663718163967132568e-01
6.451244652271270752e-02
3.282640576362609863e-01
4.103850126266479492e-01
2.913529276847839355e-01
-1.977813662961125374e-03
3.880754411220550537e-01
6.562031805515289307e-02
5.510326623916625977e-01
-9.089924395084381104e-02
3.934393525123596191e-01
1.277731359004974365e-01
-1.561173051595687866e-01
9.028802812099456787e-02
1.919624358415603638e-01
4.649191796779632568e-01
-1.450390219688415527e-01
5.490021109580993652e-01
-3.120225854218006134e-02
5.672778487205505371e-01
2.149938046932220459e-01
2.500334084033966064e-01
3.828275799751281738e-01
-6.142194196581840515e-02
1.576763987541198730e-01
2.064594030380249023e-01
5.202266573905944824e-01
5.061470270156860352e-01
2.553529739379882812e-01
2.077263295650482178e-01
1.980564184486865997e-02
4.864070117473602295e-01
3.584518432617187500e-01
9.227751195430755615e-02
-5.693598464131355286e-02
3.659778833389282227e-02
3.928600549697875977e-01
1.236484944820404053e-01
1.474229097366333008e-01
9.237488359212875366e-02
2.692392766475677490e-01
1.260624229907989502e-01
9.783387929201126099e-02
-2.249466627836227417e-01
-4.655483365058898926e-02
5.421758294105529785e-01
1.262390613555908203e-01
2.166970968246459961e-01
1.665148586034774780e-01
4.045597612857818604e-01
4.782132804393768311e-01
-1.601837575435638428e-01
3.556689918041229248e-01
5.114269852638244629e-01
2.906532585620880127e-01
5.861692428588867188e-01
1.262007802724838257e-01
-3.652409091591835022e-02
4.295818805694580078e-01
2.518240213394165039e-01
2.899033725261688232e-01
2.331510744988918304e-02
2.267691195011138916e-01
-2.544656991958618164e-01
1.679192185401916504e-01
3.458905518054962158e-01
3.525901138782501221e-01
7.152723520994186401e-02
2.161440700292587280e-01
3.329710960388183594e-01
1.752183586359024048e-01
3.517595529556274414e-01
5.088107585906982422e-01
3.202472627162933350e-01
7.634120434522628784e-02
3.808607161045074463e-01
-1.079612039029598236e-02
-1.433082073926925659e-01
-9.088650345802307129e-02
3.212284743785858154e-01
-9.514132142066955566e-02
5.239835381507873535e-01
1.292636692523956299e-01
7.951454818248748779e-02
-6.483409553766250610e-02
3.702118694782257080e-01
2.935060858726501465e-01
3.379123285412788391e-02
2.952690720558166504e-01
4.902587234973907471e-01
5.712340474128723145e-01
2.264637500047683716e-01
2.834362387657165527e-01
3.690383732318878174e-01
2.326257079839706421e-01
5.205683112144470215e-01
4.365654662251472473e-03
8.699662238359451294e-02
7.186062633991241455e-02
1.209650039672851562e-01
4.654062390327453613e-01
-1.374130100011825562e-01
3.365155458450317383e-01
9.547514468431472778e-02
4.208608269691467285e-01
3.500344753265380859e-01
9.883051365613937378e-02
5.440218448638916016e-01
9.081043303012847900e-02
4.316417127847671509e-02
2.083302587270736694e-01
-1.406154185533523560e-01
-3.793944716453552246e-01
2.977219820022583008e-01
6.959385704249143600e-03
3.500309884548187256e-01
-5.194359645247459412e-02
4.082578718662261963e-01
5.199218988418579102e-01
5.377129316329956055e-01
4.467063546180725098e-01
3.392644226551055908e-01
1.804087758064270020e-01
1.472208052873611450e-01
4.040205180644989014e-01
-7.531104236841201782e-02
2.312072962522506714e-01
2.398991584777832031e-01
2.714398801326751709e-01
3.702700138092041016e-01
2.593108639121055603e-02
3.934458792209625244e-01
3.339234888553619385e-01
-1.832033544778823853e-01
-1.515565812587738037e-01
1.682110875844955444e-01
1.747594177722930908e-01
1.506617814302444458e-01
4.495612084865570068e-01
7.970271259546279907e-02
5.692678689956665039e-01
5.770095586776733398e-01
1.352125704288482666e-01
-2.709221541881561279e-01
1.016719862818717957e-01
2.524115443229675293e-01
3.036178350448608398e-01
-1.529673039913177490e-01
4.992554187774658203e-01
4.562007784843444824e-01
2.815262973308563232e-01
1.964631825685501099e-01
2.252657413482666016e-01
-7.035107910633087158e-02
-1.589848287403583527e-02
2.375193089246749878e-01
4.201399385929107666e-01
3.048979043960571289e-01
3.505555391311645508e-01
5.796765089035034180e-01
-6.070658564567565918e-03
2.262825667858123779e-01
4.633391201496124268e-01
2.157439440488815308e-01
-1.563302576541900635e-01
-1.520574241876602173e-01
1.191846132278442383e-01
4.964562654495239258e-01
1.647134125232696533e-01
1.161814257502555847e-01
9.913208894431591034e-03
8.872084319591522217e-02
5.178933143615722656e-01
4.778819978237152100e-01
3.805038928985595703e-01
2.340592741966247559e-01
1.707355678081512451e-01
2.286716401576995850e-01
1.637106686830520630e-01
1.179813817143440247e-01
-1.817451864480972290e-01
1.365126073360443115e-01
2.912187874317169189e-01
4.051968753337860107e-01
1.713535040616989136e-01
5.284359455108642578e-01
2.808700688183307648e-02
1.961010694503784180e-01
2.108451426029205322e-01
-1.215674355626106262e-01
2.287030816078186035e-01
1.429093629121780396e-01
4.123153090476989746e-01
-5.313382670283317566e-02
-3.131837248802185059e-01
4.407886266708374023e-01
2.897551059722900391e-01
3.439706563949584961e-01
1.168878898024559021e-01
7.533801198005676270e-01
2.915952503681182861e-01
3.852872252464294434e-01
2.195079028606414795e-01
1.708040088415145874e-01
3.151955604553222656e-01
1.344229876995086670e-01
3.985465466976165771e-01
5.786050483584403992e-02
2.095115482807159424e-01
1.283847391605377197e-01
3.052373528480529785e-01
1.699172854423522949e-01
4.379612505435943604e-01
2.097763866186141968e-02
4.050281643867492676e-01
2.558253109455108643e-01
6.285507977008819580e-02
-5.301545932888984680e-02
3.120349347591400146e-02
1.251249294728040695e-02
2.955352067947387695e-01
-3.810989484190940857e-02
4.433576464653015137e-01
3.971804678440093994e-01
1.515154838562011719e-01
3.396523892879486084e-01
5.954976379871368408e-02
-9.753918647766113281e-02
-1.066999882459640503e-01
1.936870068311691284e-01
3.253051936626434326e-01
4.063243567943572998e-01
2.592003047466278076e-01
3.703775405883789062e-01
1.710966974496841431e-01
2.861661612987518311e-01
2.902795672416687012e-01
3.062820732593536377e-01
1.894224993884563446e-02
3.953708112239837646e-01
1.966024935245513916e-01
3.275542855262756348e-01
1.199277397245168686e-02
3.882281780242919922e-01
5.040166974067687988e-01
5.579017475247383118e-02
1.878998130559921265e-01
-2.162797302007675171e-01
2.489960342645645142e-01
4.315147995948791504e-01
-6.475584954023361206e-02
1.867623180150985718e-01
1.369685530662536621e-01
3.310252726078033447e-01
3.332231938838958740e-01
-3.923247102648019791e-03
1.901005804538726807e-01
5.004655718803405762e-01
4.188973009586334229e-01
6.201964020729064941e-01
3.574265167117118835e-02
9.254920482635498047e-02
2.924370765686035156e-01
3.692628443241119385e-01
-8.870919048786163330e-02
-5.852041766047477722e-02
2.355223000049591064e-01
2.638046145439147949e-01
2.318478375673294067e-01
3.321163058280944824e-01
6.081623584032058716e-02
1.569222509860992432e-01
1.598019450902938843e-01
3.345684111118316650e-01
-4.426761344075202942e-02
3.702754676342010498e-01
5.391240119934082031e-05
3.991059660911560059e-01
-9.890928119421005249e-02
1.550894379615783691e-01
3.262654840946197510e-01
2.438776642084121704e-01
2.298752218484878540e-01
-1.667479053139686584e-02
4.409789443016052246e-01
1.544327884912490845e-01
3.272460103034973145e-01
1.134832203388214111e-01
2.675964534282684326e-01
-1.246461421251296997e-01
1.138059869408607483e-01
1.311980932950973511e-02
2.900131046772003174e-01
4.603093564510345459e-01
1.190282702445983887e-01
3.436527848243713379e-01
3.946773707866668701e-01
1.917625218629837036e-01
1.699252724647521973e-01
1.435300707817077637e-01
3.874663710594177246e-01
4.549775719642639160e-01
7.700341194868087769e-02
3.139184117317199707e-01
2.908459305763244629e-01
3.783382177352905273e-01
2.002807110548019409e-01
-1.531248092651367188e-01
-1.513082236051559448e-01
3.907791972160339355e-01
4.184777140617370605e-01
2.036000937223434448e-01
-1.853156685829162598e-01
2.408640459179878235e-02
1.481088995933532715e-01
4.926921725273132324e-01
4.735310375690460205e-01
4.153430163860321045e-01
3.424217998981475830e-01
1.606293916702270508e-01
2.847550809383392334e-01
3.828307092189788818e-01
1.556026190519332886e-01
1.946344077587127686e-01
2.856956720352172852e-01
-2.453416883945465088e-01
1.873634904623031616e-01
2.429883331060409546e-01
2.208942323923110962e-01
4.096524715423583984e-01
-1.985896825790405273e-01
2.926302552223205566e-01
5.422303676605224609e-01
6.798988580703735352e-02
5.329699069261550903e-02
3.675959110260009766e-01
1.714295893907546997e-01
1.199470832943916321e-01
3.187167048454284668e-01
2.455979287624359131e-01
1.996400952339172363e-02
2.352397441864013672e-01
2.569874823093414307e-01
2.490417361259460449e-01
3.179063796997070312e-01
1.753745973110198975e-01
-8.810202591121196747e-03
1.004513055086135864e-01
2.601340413093566895e-01
2.748720813542604446e-03
2.606482207775115967e-01
4.472811222076416016e-01
1.399635225534439087e-01
2.638145387172698975e-01
3.077456653118133545e-01
4.865410923957824707e-01
-3.943243995308876038e-02
1.009003445506095886e-01
5.015208721160888672e-01
4.475690126419067383e-01
3.630910813808441162e-01
-9.096685051918029785e-02
4.307729005813598633e-01
3.546992540359497070e-01
2.560662329196929932e-01
4.284978210926055908e-01
3.179846704006195068e-01
1.235403642058372498e-01
-5.805217847228050232e-02
2.987241446971893311e-01
-2.071506381034851074e-01
7.060953229665756226e-02
-1.796890646219253540e-01
4.851964414119720459e-01
4.743774831295013428e-01
3.207983374595642090e-01
3.150861859321594238e-01
3.456567525863647461e-01
1.141282692551612854e-01
1.598303914070129395e-01
4.294648170471191406e-01
2.266558110713958740e-01
1.342217326164245605e-01
-3.129075169563293457e-01
-2.390080690383911133e-02
1.133249700069427490e-01
3.408774733543395996e-01
1.175931692123413086e-01
3.230763673782348633e-01
4.226882457733154297e-01
2.477319687604904175e-01
8.746537566184997559e-02
3.478803038597106934e-01
2.544841468334197998e-01
3.112838268280029297e-01
3.958249688148498535e-01
2.451796829700469971e-01
2.107716798782348633e-01
5.617329478263854980e-01
1.971528530120849609e-01
3.437139987945556641e-01
-1.543166190385818481e-01
1.232920736074447632e-01
4.272488951683044434e-01
-1.941259205341339111e-01
-1.811705529689788818e-02
2.680594325065612793e-01
-2.728300541639328003e-02
4.672785997390747070e-01
3.915042579174041748e-01
-2.404820919036865234e-01
3.973638117313385010e-01
2.671056389808654785e-01
6.746778637170791626e-02
3.670181706547737122e-02
4.275117814540863037e-01
4.658248126506805420e-01
1.872719526290893555e-01
2.493346184492111206e-01
2.787744104862213135e-01
1.368011534214019775e-01
3.786683976650238037e-01
2.584951817989349365e-01
-1.071809306740760803e-01
1.646681576967239380e-01
3.812547400593757629e-02
2.258217781782150269e-01
4.442603886127471924e-01
4.644850790500640869e-01
2.103427648544311523e-01
9.911514073610305786e-02
3.343750238418579102e-01
9.656468778848648071e-02
-2.489088177680969238e-01
2.333948016166687012e-01
3.005050122737884521e-01
2.030950486660003662e-01
-1.589471288025379181e-02
4.555322527885437012e-01
5.806623101234436035e-01
-4.872160032391548157e-02
-6.358546018600463867e-02
2.156727761030197144e-01
1.167469695210456848e-01
5.217714309692382812e-01
2.625463604927062988e-01
4.765578508377075195e-01
4.669106900691986084e-01
2.314767986536026001e-01
3.188720643520355225e-01
-2.213914990425109863e-01
-9.192401915788650513e-02
2.960719764232635498e-01
3.893147706985473633e-01
7.296802848577499390e-02
2.270385921001434326e-01
2.401642948389053345e-01
3.144865334033966064e-01
3.221879899501800537e-01
4.603748321533203125e-01
-5.864612013101577759e-02
-1.740219593048095703e-01
2.593290209770202637e-01
2.723738253116607666e-01
1.570480912923812866e-01
-2.364658713340759277e-01
1.379664093255996704e-01
1.914795339107513428e-01
2.534604668617248535e-01
4.092676937580108643e-01
1.218595653772354126e-01
3.416968882083892822e-01
4.287227094173431396e-01
2.644301056861877441e-01
4.176303446292877197e-01
-1.021877974271774292e-01
5.805086493492126465e-01
4.875108599662780762e-01
4.004845917224884033e-01
2.508274912834167480e-01
8.684003353118896484e-02
9.976635128259658813e-02
5.349492430686950684e-01
8.081519603729248047e-01
3.408164381980895996e-01
5.612382888793945312e-01
6.095159053802490234e-01
8.616549372673034668e-01
7.338519692420959473e-01
7.675867676734924316e-01
7.187529802322387695e-01
4.160501062870025635e-01
1.799413561820983887e-01
7.812831550836563110e-02
-2.029031366109848022e-01
-3.766072690486907959e-01
1.157695520669221878e-02
-7.575755566358566284e-02
1.575819700956344604e-01
3.561862707138061523e-01
3.481515645980834961e-01
-4.551537707448005676e-02
2.662071287631988525e-01
1.958618909120559692e-01
1.265396475791931152e-01
3.192597031593322754e-01
1.151130795478820801e-01
2.064958363771438599e-01
-3.230536580085754395e-01
-4.020113646984100342e-01
-4.040984809398651123e-01
-4.077695608139038086e-01
-5.165966153144836426e-01
-4.513175487518310547e-01
-5.083704590797424316e-01
-5.776344537734985352e-01
-5.875797867774963379e-01
-4.931466877460479736e-01
-6.412851810455322266e-01
-4.221740365028381348e-01
-5.891084074974060059e-01
-5.643528103828430176e-01
-3.663178086280822754e-01
-4.432480931282043457e-01
-1.691548377275466919e-01
-6.285980343818664551e-01
-4.083539545536041260e-01
-4.580208063125610352e-01
-3.758889138698577881e-01
-3.682338297367095947e-01
-3.894454538822174072e-01
-9.021166712045669556e-02
-2.235674709081649780e-01
-3.084690570831298828e-01
2.280529886484146118e-01
1.149497926235198975e-01
3.114589452743530273e-01
3.720954656600952148e-01
3.093839883804321289e-01
1.301778256893157959e-01
1.808209121227264404e-01
5.188693404197692871e-01
3.424969911575317383e-01
2.544326186180114746e-01
2.742975652217864990e-01
4.593085050582885742e-01
3.949217796325683594e-01
2.896545231342315674e-01
5.013837814331054688e-01
2.817325592041015625e-01
1.602342575788497925e-01
4.998691082000732422e-01
7.001485824584960938e-01
5.700030922889709473e-01
4.714191257953643799e-01
3.523657619953155518e-01
-1.327589154243469238e-01
1.749956905841827393e-01
-1.441321149468421936e-02
2.956745401024818420e-02
3.672784427180886269e-03
1.441574394702911377e-01
2.273392528295516968e-01
-5.875345692038536072e-02
5.333510413765907288e-02
4.987108111381530762e-01
1.926923990249633789e-01
3.368746340274810791e-01
2.191755324602127075e-01
-5.726831033825874329e-02
-1.156528852880001068e-02
2.584505975246429443e-01
9.603024274110794067e-02
-1.397764682769775391e-01
1.623432040214538574e-01
2.697838544845581055e-01
6.351691205054521561e-03
1.503587812185287476e-01
1.131667941808700562e-01
3.304526209831237793e-01
4.318354427814483643e-01
2.194190323352813721e-01
4.968228042125701904e-01
-1.533104479312896729e-01
-3.748534247279167175e-02
-4.143950939178466797e-01
-3.267190754413604736e-01
-2.097441554069519043e-01
-5.254289507865905762e-01
-4.344110190868377686e-01
-3.344859182834625244e-01
-7.030959725379943848e-01
-4.370913505554199219e-01
-4.149982333183288574e-01
-5.322623848915100098e-01
-1.550560891628265381e-01
-6.282196640968322754e-01
-3.597529232501983643e-01
-3.887177407741546631e-01
-2.945223748683929443e-01
-1.872555464506149292e-01
-2.579956948757171631e-01
-1.729168295860290527e-01
-4.282291978597640991e-02
-4.342211186885833740e-01
-1.494464874267578125e-01
-7.492826879024505615e-02
-3.157227933406829834e-01
-1.587443798780441284e-01
1.036468148231506348e-01
5.923014283180236816e-01
2.468265742063522339e-01
1.080758497118949890e-01
1.102385744452476501e-01
2.715630643069744110e-02
1.295500546693801880e-01
2.369952499866485596e-01
6.024689078330993652e-01
1.034705191850662231e-01
2.234326750040054321e-01
9.413503110408782959e-02
-1.273291707038879395e-01
1.766290664672851562e-01
3.732437789440155029e-01
3.565737903118133545e-01
6.517123579978942871e-01
7.110447287559509277e-01
7.155276536941528320e-01
6.371228694915771484e-01
3.208861649036407471e-01
-7.699510455131530762e-02
-3.738167583942413330e-01
-3.417581021785736084e-01
-4.391637444496154785e-01
-5.216052532196044922e-01
-3.785610795021057129e-01
-4.428267776966094971e-01
-1.355778425931930542e-01
-3.199463784694671631e-01
-5.063663795590400696e-02
-2.420639246702194214e-01
-1.631687432527542114e-01
-3.722964823246002197e-01
-2.021963596343994141e-01
-5.635859370231628418e-01
-3.266049325466156006e-01
-5.024157166481018066e-01
-1.167584024369716644e-02
-2.073553353548049927e-01
-1.773920953273773193e-01
-3.404245674610137939e-01
-2.177431434392929077e-01
1.290618674829602242e-03
-4.307354092597961426e-01
-4.652035236358642578e-01
-4.891437590122222900e-01
-4.513590633869171143e-01
-3.469423651695251465e-01
-2.653517425060272217e-01
-1.283787470310926437e-02
-1.376948803663253784e-01
-3.467851504683494568e-02
2.372244894504547119e-01
-4.231179058551788330e-01
9.197514504194259644e-02
1.469165086746215820e-01
-8.498174697160720825e-02
8.797955513000488281e-02
2.238335758447647095e-01
1.216169372200965881e-01
-2.033684551715850830e-01
-4.839118570089340210e-02
1.685157120227813721e-01
-1.074178740382194519e-01
2.153302282094955444e-01
2.621847689151763916e-01
2.676676809787750244e-01
-1.148633062839508057e-01
2.536652386188507080e-01
-2.110046446323394775e-01
-8.002751506865024567e-03
-1.773707419633865356e-01
-2.878254354000091553e-01
-3.438749909400939941e-01
-3.383902311325073242e-01
-4.325090348720550537e-01
-7.847856730222702026e-02
4.634763300418853760e-02
-1.968028992414474487e-01
-1.860884428024291992e-01
-9.625338762998580933e-02
7.254935335367918015e-03
-1.203283220529556274e-01
-1.400666236877441406e-01
1.170680113136768341e-02
-1.184443607926368713e-01
-2.647292017936706543e-01
-1.665084511041641235e-01
-1.920669972896575928e-01
-8.931601047515869141e-02
1.604657322168350220e-01
-8.335451781749725342e-02
6.021228432655334473e-02
-2.552847862243652344e-01
-4.606579840183258057e-01
-3.619037270545959473e-01
-9.983818978071212769e-03
4.518759995698928833e-02
-3.402400389313697815e-02
-4.056652262806892395e-02
1.654181629419326782e-01
-2.257118076086044312e-01
-4.635975360870361328e-01
-2.131592631340026855e-01
2.907877787947654724e-02
6.385094672441482544e-02
-9.920717775821685791e-02
7.297691889107227325e-03
-1.196480691432952881e-01
-1.059232130646705627e-01
-1.771944612264633179e-01
-9.422350674867630005e-02
-2.937014997005462646e-01
-1.716479510068893433e-01
-2.225064784288406372e-01
3.891475200653076172e-01
3.299969062209129333e-02
-8.333320915699005127e-02
2.086248947307467461e-03
2.456550672650337219e-02
-1.873517334461212158e-01
-3.184267580509185791e-01
1.199371926486492157e-02
1.113368012011051178e-02
-2.039141505956649780e-01
-6.903709843754768372e-03
1.423834916204214096e-02
-4.336474090814590454e-02
-1.196103077381849289e-02
-3.460826575756072998e-01
-1.881478875875473022e-01
4.164975136518478394e-02
-1.430604234337806702e-02
-1.626611053943634033e-01
-2.452860921621322632e-01
2.602395415306091309e-01
8.423127979040145874e-02
-4.671100676059722900e-01
-1.837361454963684082e-01
-2.159321755170822144e-01
-2.675511837005615234e-01
-5.426616594195365906e-02
1.240137293934822083e-01
-1.015365943312644958e-01
2.382369637489318848e-01
1.514065116643905640e-01
3.755297884345054626e-02
-5.132446885108947754e-01
-9.464897960424423218e-02
-2.773521840572357178e-01
-3.489677906036376953e-01
1.494961231946945190e-01
1.087035238742828369e-01
-1.606920659542083740e-01
1.098642125725746155e-01
-3.213477730751037598e-01
-4.376240372657775879e-01
-3.616676330566406250e-01
-8.656857907772064209e-02
-2.493390589952468872e-01
8.343339711427688599e-02
-2.433074861764907837e-01
1.060256808996200562e-01
-1.743615269660949707e-01
3.032851032912731171e-02
-3.780442774295806885e-01
3.980248272418975830e-01
1.497210264205932617e-01
1.156775206327438354e-01
-2.522630691528320312e-01
1.454915702342987061e-01
5.689502879977226257e-02
-1.328450441360473633e-01
-4.322297498583793640e-02
-5.064355134963989258e-01
-1.787250488996505737e-01
-1.950631104409694672e-02
-1.788274049758911133e-01
-2.670579776167869568e-02
2.610555589199066162e-01
-8.802014589309692383e-02
2.994735352694988251e-02
-4.648798406124114990e-01
-1.392209529876708984e-01
2.991475760936737061e-01
3.093552403151988983e-02
-2.270328551530838013e-01
-1.492929607629776001e-01
-1.896557062864303589e-01
-2.461086660623550415e-01
1.268921047449111938e-01
2.095784991979598999e-02
-3.661684393882751465e-01
3.276100754737854004e-02
1.943300962448120117e-01
-3.136231303215026855e-01
-9.784813225269317627e-02
1.016585528850555420e-01
5.444091930985450745e-02
-3.153290152549743652e-01
-2.833060324192047119e-01
6.531319767236709595e-02
-2.101321071386337280e-01
1.650769822299480438e-02
-3.185870051383972168e-01
1.070225685834884644e-01
-9.128552675247192383e-02
-8.496279269456863403e-02
-2.528461515903472900e-01
1.749521493911743164e-02
-1.482661962509155273e-01
9.820830821990966797e-02
1.696771532297134399e-01
-2.491203695535659790e-01
-1.922059953212738037e-01
1.511561572551727295e-01
1.031213533133268356e-02
-4.343520104885101318e-02
-4.771338775753974915e-02
3.258429169654846191e-01
1.343460194766521454e-02
-3.957282602787017822e-01
-1.948428601026535034e-01
-1.638915240764617920e-01
1.206279993057250977e-01
-3.084443211555480957e-01
3.395693898200988770e-01
5.195738375186920166e-02
6.370144337415695190e-02
-2.850980758666992188e-01
-1.953045576810836792e-01
-3.227150812745094299e-02
3.326293230056762695e-01
1.538250595331192017e-01
-3.017230927944183350e-01
-7.725207507610321045e-02
3.467797935009002686e-01
3.723472654819488525e-01
-1.725174635648727417e-01
7.123620808124542236e-02
1.870210319757461548e-01
-8.136570453643798828e-02
-2.329280376434326172e-01
-3.178599774837493896e-01
-2.180094569921493530e-01
8.399151265621185303e-02
1.842262297868728638e-01
2.367554455995559692e-01
-2.330486923456192017e-01
-1.149493530392646790e-01
-3.066036701202392578e-01
-9.888584911823272705e-02
-4.440893232822418213e-01
-9.831919521093368530e-02
-2.773929238319396973e-01
1.814665272831916809e-02
1.471402943134307861e-01
-2.502937316894531250e-01
-1.678677201271057129e-01
-3.289400935173034668e-01
2.702520787715911865e-01
2.736414670944213867e-01
1.207152977585792542e-01
-5.498394742608070374e-02
5.437060608528554440e-04
2.047017514705657959e-01
-7.230960577726364136e-02
-2.508552968502044678e-01
3.806951642036437988e-01
-2.693389058113098145e-01
-1.572330743074417114e-01
1.781087182462215424e-02
2.066668570041656494e-01
-7.651324570178985596e-02
-1.757329106330871582e-01
1.643220335245132446e-02
-2.651085257530212402e-01
3.237592875957489014e-01
5.660959333181381226e-02
5.364836752414703369e-02
1.433321982622146606e-01
1.365380883216857910e-01
1.176204457879066467e-01
-1.911048293113708496e-01
-4.126240909099578857e-01
-1.740361005067825317e-01
-3.244740664958953857e-01
-1.506980415433645248e-02
6.184096913784742355e-03
1.094020530581474304e-01
-2.965177595615386963e-02
-2.658489346504211426e-01
9.461145102977752686e-02
9.189396351575851440e-02
2.720155119895935059e-01
-4.095051810145378113e-02
5.827686935663223267e-02
-3.363007307052612305e-01
-3.970108628273010254e-01
-3.132117688655853271e-01
-2.139796763658523560e-01
1.915708780288696289e-01
-3.931031376123428345e-02
3.595150262117385864e-02
2.528525143861770630e-02
-2.650775015354156494e-01
-9.582740813493728638e-02
-1.517103752121329308e-03
-1.103425398468971252e-01
3.610877394676208496e-01
-4.214134998619556427e-03
-4.243262857198715210e-02
-3.606073930859565735e-02
-9.798972867429256439e-03
-1.692931056022644043e-01
3.072598204016685486e-02
5.877035483717918396e-02
-1.161216795444488525e-01
-2.037156075239181519e-01
3.262915462255477905e-02
-3.794749081134796143e-01
-2.859559655189514160e-01
-2.362715452909469604e-01
-2.459025382995605469e-01
-1.950732432305812836e-02
-1.890444904565811157e-01
3.235810622572898865e-02
-8.441564440727233887e-02
2.132840454578399658e-01
-7.235803455114364624e-02
-9.583256393671035767e-02
-6.302502751350402832e-02
-2.873363792896270752e-01
-2.262470275163650513e-01
1.893931999802589417e-02
1.428370624780654907e-01
-7.436494529247283936e-02
-1.979020237922668457e-01
-3.862396180629730225e-01
-3.740330934524536133e-01
3.408155739307403564e-01
1.985344849526882172e-02
9.724201261997222900e-02
-4.574972391128540039e-02
-1.054798439145088196e-02
-1.179500520229339600e-01
-2.435880750417709351e-01
-9.090002626180648804e-02
-8.464542031288146973e-02
-1.676174700260162354e-01
-1.247845068573951721e-01
-3.616853058338165283e-01
-2.592508494853973389e-01
5.195161700248718262e-02
1.161869522184133530e-02
-9.170133620500564575e-03
3.538115620613098145e-01
4.344905316829681396e-01
3.918742835521697998e-01
1.024433970451354980e-01
-2.205087989568710327e-01
-6.342667341232299805e-01
-6.725051403045654297e-01
-1.027013584971427917e-01
6.739659607410430908e-02
2.779564857482910156e-01
1.920022070407867432e-01
8.249287307262420654e-02
-3.350064158439636230e-01
-2.879862189292907715e-01
-1.784387379884719849e-01
-1.101424992084503174e-01
-1.123532727360725403e-01
-4.196132123470306396e-01
-2.838548719882965088e-01
-1.338015347719192505e-01
2.002781778573989868e-01
-1.275048404932022095e-01
8.000428229570388794e-02
-9.792789816856384277e-03
-8.690395206212997437e-02
1.744329929351806641e-01
-2.593369781970977783e-01
2.407320439815521240e-01
-3.397570922970771790e-03
-2.537118792533874512e-01
-1.967742592096328735e-01
-1.426313724368810654e-02
-3.381590545177459717e-01
3.448045253753662109e-01
1.370366513729095459e-01
-1.476971060037612915e-01
-5.138095095753669739e-02
-1.802878379821777344e-01
-2.703001201152801514e-01
4.144306108355522156e-02
-1.858809888362884521e-01
-2.814995050430297852e-01
-1.753559708595275879e-01
1.781816035509109497e-01
2.073617577552795410e-01
1.412174254655838013e-01
1.811556518077850342e-01
9.867798537015914917e-02
-3.183642625808715820e-01
-4.872316867113113403e-02
-4.607311636209487915e-02
-7.872270792722702026e-02
-1.828756332397460938e-01
9.633829444646835327e-02
1.148112490773200989e-01
6.026166677474975586e-02
-3.260618448257446289e-01
-4.256169199943542480e-01
1.098567619919776917e-01
-1.223791688680648804e-01
-8.675315976142883301e-02
-4.613432884216308594e-01
-3.929941654205322266e-01
1.878128945827484131e-02
2.658705413341522217e-01
-4.052972793579101562e-02
-1.099591478705406189e-01
5.987199954688549042e-03
-1.074619889259338379e-01
1.993058808147907257e-02
4.750468954443931580e-02
7.548581063747406006e-02
-2.901843190193176270e-01
-2.048018947243690491e-02
6.754466146230697632e-02
-4.297737404704093933e-02
-1.123044490814208984e-01
-8.211842179298400879e-02
-6.888710707426071167e-02
2.783682644367218018e-01
-8.973894268274307251e-02
2.673899233341217041e-01
7.324179261922836304e-02
-4.934163093566894531e-01
-5.438966155052185059e-01
5.050833895802497864e-02
3.082494065165519714e-02
1.254885643720626831e-01
-3.782956302165985107e-01
-3.004230260848999023e-01
-1.738218963146209717e-01
-4.881917685270309448e-02
-9.526275098323822021e-02
-3.166156411170959473e-01
-3.053447902202606201e-01
1.242526993155479431e-01
5.154584720730781555e-02
-1.796769350767135620e-01
-1.471688896417617798e-01
2.286909967660903931e-01
3.083219751715660095e-02
-3.230654075741767883e-02
-8.898942917585372925e-02
-1.820051223039627075e-01
-1.859384626150131226e-01
1.866816282272338867e-01
-8.144420385360717773e-02
-1.886679381132125854e-01
-3.306297659873962402e-01
-1.354588717222213745e-01
-1.530643254518508911e-01
-2.502461075782775879e-01
-2.999950349330902100e-01
-4.024837538599967957e-02
-6.600920110940933228e-02
-2.456741482019424438e-01
-2.039479315280914307e-01
3.913141414523124695e-02
-1.221265941858291626e-01
-2.309024035930633545e-01
1.391146630048751831e-01
-2.369106560945510864e-02
-1.336149126291275024e-01
-2.740378379821777344e-01
-1.957276910543441772e-01
3.091319650411605835e-02
-5.010498315095901489e-02
-4.424704909324645996e-01
-2.139359414577484131e-01
1.898922175168991089e-01
-5.434253066778182983e-02
-2.962304353713989258e-01
8.391407318413257599e-03
-3.022486865520477295e-01
-5.016103982925415039e-01
-3.839772567152976990e-02
-1.708373576402664185e-01
3.501459583640098572e-02
-3.421247750520706177e-02
2.807887643575668335e-02
-3.650915622711181641e-01
-7.210086286067962646e-02
6.034122314304113388e-03
4.189576581120491028e-02
-1.826808750629425049e-01
-2.665897607803344727e-01
-3.697572946548461914e-01
-2.230073213577270508e-01
-2.896468341350555420e-01
-3.246752917766571045e-02
-1.505653858184814453e-01
8.476854860782623291e-02
-4.483481049537658691e-01
-4.211270511150360107e-01
2.076744586229324341e-01
4.068136215209960938e-03
-4.086777567863464355e-01
1.026687026023864746e-01
8.049409836530685425e-02
-1.168755516409873962e-01
1.091032624244689941e-01
-2.714454233646392822e-01
-1.480037420988082886e-01
-6.815054267644882202e-02
-3.654136657714843750e-01
6.013435125350952148e-02
-4.327224195003509521e-02
-1.159074082970619202e-01
-8.819641917943954468e-02
-3.349851667881011963e-01
-2.449852526187896729e-01
3.034248575568199158e-02
9.307669103145599365e-02
-3.271021246910095215e-01
-5.127402544021606445e-01
-3.366205394268035889e-01
-9.554727375507354736e-02
-2.856276929378509521e-01
8.404313772916793823e-02
8.499961346387863159e-03
-9.081301838159561157e-02
1.774589717388153076e-01
-4.312175214290618896e-01
3.657523542642593384e-02
-6.837294995784759521e-02
-5.224871635437011719e-02
-2.322801202535629272e-01
-2.088922858238220215e-01
-3.886231482028961182e-01
9.621353447437286377e-02
-3.784159123897552490e-01
1.470462232828140259e-01
-3.354782164096832275e-01
-1.826036125421524048e-01
1.164866909384727478e-01
6.808596849441528320e-02
-1.613642722368240356e-01
6.392472237348556519e-02
6.982019543647766113e-02
-4.004620909690856934e-01
5.256038159132003784e-03
-9.718921780586242676e-02
1.899242401123046875e-01
3.294759988784790039e-02
-4.544781744480133057e-01
-2.439169287681579590e-01
9.886170923709869385e-02
-8.204239606857299805e-02
4.970202594995498657e-02
-5.496007576584815979e-02
5.043234303593635559e-02
-1.205881312489509583e-01
1.864529848098754883e-01
2.457811310887336731e-02
-8.754380792379379272e-02
2.859945893287658691e-01
-1.716102957725524902e-01
-6.823222339153289795e-02
6.661949306726455688e-02
-2.740667164325714111e-01
-1.318757534027099609e-01
-4.145075380802154541e-01
-1.671316772699356079e-01
8.936189115047454834e-02
1.598858684301376343e-01
-1.238832026720046997e-01
1.640759706497192383e-01
3.472640216350555420e-01
2.911507785320281982e-01
1.325908005237579346e-01
-3.561766445636749268e-01
-2.249771803617477417e-01
-1.233295947313308716e-01
-1.438906602561473846e-02
7.875166833400726318e-02
7.047798484563827515e-02
-2.861431539058685303e-01
-1.831534206867218018e-01
-3.793285787105560303e-02
-3.171600401401519775e-01
-2.523723542690277100e-01
-9.666886180639266968e-02
-1.097605749964714050e-01
1.998635940253734589e-02
4.018481075763702393e-02
-1.686145961284637451e-01
1.653383970260620117e-01
-1.315660029649734497e-01
2.872605323791503906e-01
9.652207791805267334e-02
-2.388414442539215088e-01
-2.737531661987304688e-01
-2.080002129077911377e-01
-1.877813637256622314e-01
-6.329096108675003052e-02
-2.959874868392944336e-01
-2.207094281911849976e-01
2.079177200794219971e-01
-3.484741747379302979e-01
1.333511248230934143e-02
1.540009379386901855e-01
4.630468040704727173e-02
1.792835295200347900e-01
-8.051580935716629028e-02
2.043698728084564209e-02
1.363576576113700867e-02
-2.149055153131484985e-01
-1.104939449578523636e-02
1.742173880338668823e-01
-4.544410407543182373e-01
1.181861609220504761e-01
-4.678315669298171997e-02
5.722063407301902771e-02
7.132823020219802856e-02
-1.986192762851715088e-01
-2.353966087102890015e-01
-3.889189958572387695e-01
-3.781806230545043945e-01
-5.418073013424873352e-02
-9.168598800897598267e-02
-2.122293561697006226e-01
-4.290786087512969971e-01
1.025824919342994690e-01
-4.290770590305328369e-01
-6.700301170349121094e-02
-1.432477831840515137e-01
-3.148169815540313721e-01
9.219266474246978760e-03
-2.846311032772064209e-01
-1.371062695980072021e-01
1.781285554170608521e-01
-8.597945421934127808e-02
-4.249372780323028564e-01
-1.176765486598014832e-01
-7.949170470237731934e-02
-1.155440956354141235e-01
1.588256359100341797e-01
9.302361309528350830e-02
2.199460864067077637e-01
1.919969469308853149e-01
-8.421111106872558594e-02
-3.603849411010742188e-01
-8.417227864265441895e-02
-5.950219929218292236e-02
-1.531958878040313721e-01
-1.807882636785507202e-01
-2.059539407491683960e-01
-2.985746860504150391e-01
3.864681348204612732e-02
-3.585628569126129150e-01
-2.804321944713592529e-01
-4.946582615375518799e-01
-3.179726004600524902e-01
-1.457498222589492798e-02
1.694024801254272461e-01
-1.983279287815093994e-01
-3.268431872129440308e-02
-1.322287321090698242e-01
2.258871942758560181e-01
-1.385310888290405273e-01
-1.872745156288146973e-02
-9.925441443920135498e-02
-1.275971680879592896e-01
-8.219420909881591797e-02
8.199533820152282715e-02
-2.330805547535419464e-02
5.090359970927238464e-02
-3.436241149902343750e-01
-5.129063129425048828e-01
-4.768821969628334045e-02
-1.851444095373153687e-01
-1.905955187976360321e-02
-3.973570168018341064e-01
4.165248200297355652e-02
3.829314410686492920e-01
2.396277897059917450e-02
-3.365248441696166992e-01
-1.471485942602157593e-01
3.123520128428936005e-02
-1.755648553371429443e-01
1.201914399862289429e-01
8.293637633323669434e-02
-4.347768723964691162e-01
-3.314357101917266846e-01
-8.027455955743789673e-02
-1.172199323773384094e-01
1.438833922147750854e-01
3.392123803496360779e-02
-6.244251132011413574e-01
-1.841413229703903198e-01
-1.534140706062316895e-01
-3.278018534183502197e-02
-4.713083058595657349e-02
2.296928167343139648e-01
-7.959576696157455444e-02
-2.066948562860488892e-01
8.699642121791839600e-02
-8.622591197490692139e-02
-2.070906460285186768e-01
-1.060483232140541077e-01
-2.065248638391494751e-01
-6.169756129384040833e-02
-7.112582027912139893e-02
2.678725719451904297e-01
-1.182597875595092773e-01
-1.573394834995269775e-01
-1.187214553356170654e-01
-2.833446562290191650e-01
1.306101381778717041e-01
-2.624430358409881592e-01
-2.634973526000976562e-01
4.510726779699325562e-02
5.487323179841041565e-02
-2.396075278520584106e-01
4.241215437650680542e-02
1.260874569416046143e-01
-2.691891789436340332e-02
1.081247255206108093e-02
-5.240274071693420410e-01
-5.204556044191122055e-03
-2.901602089405059814e-01
-3.350486159324645996e-01
-1.027904972434043884e-01
7.961519062519073486e-02
-2.972148917615413666e-02
-6.603373587131500244e-02
-4.886007681488990784e-02
-4.009825885295867920e-01
-3.287083208560943604e-01
2.275910228490829468e-02
7.029888778924942017e-02
1.558451205492019653e-01
-3.387142121791839600e-01
-3.905903995037078857e-01
-1.086929813027381897e-01
7.100968062877655029e-02
-1.953219026327133179e-01
-2.566702663898468018e-01
-2.261991947889328003e-01
2.893658727407455444e-02
-3.501451313495635986e-01
1.543009579181671143e-01
1.163279935717582703e-01
-2.471069544553756714e-01
-1.518299132585525513e-01
1.289296988397836685e-02
-2.201963365077972412e-01
1.166625320911407471e-02
-6.187622249126434326e-02
-4.537616074085235596e-01
7.776577025651931763e-02
-4.638701304793357849e-02
-1.897057890892028809e-01
-4.723107516765594482e-01
-1.122161559760570526e-02
-1.347829699516296387e-01
-1.395887583494186401e-01
-2.383052855730056763e-01
-2.546677589416503906e-01
-3.904666006565093994e-02
-1.557217687368392944e-01
2.047793418169021606e-01
8.311779052019119263e-02
-4.257635176181793213e-01
-6.334141641855239868e-02
-1.924272626638412476e-01
4.438130930066108704e-02
2.615266665816307068e-02
2.253282070159912109e-02
-5.830527096986770630e-02
-2.431089282035827637e-01
-8.098435401916503906e-02
1.528500169515609741e-01
1.505367010831832886e-01
-2.060641348361968994e-01
-9.480819851160049438e-02
-3.983113467693328857e-01
-4.617886245250701904e-01
-3.891942501068115234e-01
-7.695028185844421387e-02
-3.869741410017013550e-02
-3.751350939273834229e-01
4.536884278059005737e-02
-9.471480548381805420e-02
-1.427469849586486816e-01
-1.501510888338088989e-01
-2.424792498350143433e-01
-1.838413625955581665e-02
-1.245452389121055603e-01
-1.576043814420700073e-01
-2.320818603038787842e-02
-2.420310974121093750e-01
-1.622446775436401367e-01
2.230088226497173309e-02
1.265266388654708862e-01
-3.142642378807067871e-01
-9.486014395952224731e-02
-1.981032192707061768e-01
5.527735874056816101e-02
-4.261108040809631348e-01
-3.326651453971862793e-01
2.152440547943115234e-01
-1.565392911434173584e-01
1.034422144293785095e-01
-1.230937093496322632e-01
-3.037968277931213379e-01
1.021336093544960022e-01
-5.386326909065246582e-01
-5.627274513244628906e-02
2.341850250959396362e-01
-1.871617734432220459e-01
2.978384196758270264e-01
-2.831850573420524597e-02
-2.496615201234817505e-01
-8.409459888935089111e-02
-1.770629137754440308e-01
-2.098517268896102905e-01
-4.550481736660003662e-01
-2.844626307487487793e-01
-2.858903706073760986e-01
-2.683786451816558838e-01
3.379659056663513184e-01
2.664609439671039581e-02
-2.725687026977539062e-01
-3.986615836620330811e-01
7.733988109976053238e-03
1.754521876573562622e-01
-2.351028919219970703e-01
-2.320837080478668213e-01
2.678802609443664551e-01
1.639681607484817505e-01
-2.937602698802947998e-01
-3.492210209369659424e-01
-8.856731653213500977e-02
-3.439760804176330566e-01
-2.078971564769744873e-01
4.513970017433166504e-02
-1.952486038208007812e-01
-2.853851616382598877e-01
-1.909710615873336792e-01
5.700028315186500549e-02
-5.058607459068298340e-01
-8.360753953456878662e-02
1.243253350257873535e-01
-1.640112251043319702e-01
-1.020004525780677795e-01
-1.984427720308303833e-01
-3.210215866565704346e-01
8.832460641860961914e-02
2.522082328796386719e-01
7.768290489912033081e-02
-2.745536267757415771e-01
-3.051725625991821289e-01
-2.940297126770019531e-04
-2.285777330398559570e-01
-3.666457533836364746e-02
-1.312161143869161606e-02
-1.592914760112762451e-01
1.190045550465583801e-01
-2.458260357379913330e-01
9.619390219449996948e-02
-1.177145317196846008e-01
-2.904503345489501953e-01
-3.168738186359405518e-01
-1.205926463007926941e-01
-1.330688744783401489e-01
-2.973221242427825928e-01
-2.247452735900878906e-01
1.244599670171737671e-01
-5.809401869773864746e-01
-2.595888674259185791e-01
2.472126334905624390e-01
-2.287113666534423828e-01
6.781791895627975464e-02
-1.428697556257247925e-01
-1.990440934896469116e-01
4.119278788566589355e-01
3.677526116371154785e-01
1.433781385421752930e-01
-2.227327823638916016e-01
-1.661496609449386597e-01
-1.681701838970184326e-01
-2.121624797582626343e-01
-2.728148400783538818e-01
-2.970769107341766357e-01
-1.293464154005050659e-01
-2.669058442115783691e-01
4.044500738382339478e-02
3.929910063743591309e-02
-4.440840780735015869e-01
-6.591076254844665527e-01
-5.439938306808471680e-01
5.678757280111312866e-02
1.283142119646072388e-01
4.618475586175918579e-02
1.882400065660476685e-01
1.811587065458297729e-01
-1.429184675216674805e-01
-2.429217845201492310e-01
-7.210993766784667969e-02
-8.198974281549453735e-02
-3.283785879611968994e-01
1.297448277473449707e-01
1.504866406321525574e-02
6.552223116159439087e-02
-3.187445402145385742e-01
-2.173264026641845703e-01
-4.034777879714965820e-01
-2.382856905460357666e-01
-2.495420724153518677e-01
1.145660690963268280e-02
-1.804955862462520599e-02
-3.323545455932617188e-01
-1.839774101972579956e-01
1.307402551174163818e-02
-2.170699387788772583e-01
-3.975982591509819031e-02
-2.308616340160369873e-01
7.689282298088073730e-02
-2.133460789918899536e-01
2.039955556392669678e-02
-1.954839974641799927e-01
3.023459017276763916e-01
2.384991757571697235e-02
-1.768267601728439331e-01
-4.323781430721282959e-01
1.269839853048324585e-01
-3.942604959011077881e-01
-3.598763942718505859e-01
-3.365173190832138062e-02
1.821310631930828094e-02
-1.126352101564407349e-01
2.500718832015991211e-02
-2.387151569128036499e-01
-3.716598749160766602e-01
-1.906222403049468994e-01
7.032268494367599487e-02
-1.128342002630233765e-01
-1.001217886805534363e-01
-8.097485452890396118e-02
-2.835084199905395508e-01
-1.219853460788726807e-01
-3.042832612991333008e-01
-1.265452206134796143e-01
-1.619196683168411255e-02
-2.009003050625324249e-02
-8.114220201969146729e-02
-2.949336469173431396e-01
-3.362177684903144836e-02
-2.403513044118881226e-01
2.520700693130493164e-01
-1.656427681446075439e-01
-2.225374877452850342e-01
-2.003324627876281738e-01
1.062059551477432251e-01
-1.636084914207458496e-02
-1.753149330615997314e-01
8.650191128253936768e-03
2.550163678824901581e-02
-4.318086504936218262e-01
-3.535487651824951172e-01
-3.197729587554931641e-02
-2.920777909457683563e-02
-6.158567965030670166e-02
-3.483662605285644531e-01
1.405632644891738892e-01
-1.657258421182632446e-01
-4.019973874092102051e-01
-3.733623400330543518e-02
-3.504393398761749268e-01
-2.434360561892390251e-03
1.678077429533004761e-01
6.191911175847053528e-02
-3.026304841041564941e-01
2.801309525966644287e-02
-4.940692186355590820e-01
-2.990813553333282471e-01
-4.697188735008239746e-02
-3.813726305961608887e-01
5.091923847794532776e-02
1.170104220509529114e-01
5.831995233893394470e-02
1.273074001073837280e-01
-2.831203043460845947e-01
-4.591866731643676758e-01
3.437297642230987549e-01
3.010285496711730957e-01
1.087220311164855957e-01
-5.290570855140686035e-02
-1.578756719827651978e-01
-1.398987919092178345e-01
1.894956231117248535e-01
-2.912222966551780701e-02
-5.741903185844421387e-01
-2.031148523092269897e-01
-3.332641422748565674e-01
-2.325717806816101074e-01
-7.786127924919128418e-02
-8.926352113485336304e-02
7.403956353664398193e-02
-2.803780138492584229e-03
-1.272241026163101196e-01
-3.146943151950836182e-01
-2.716037817299365997e-02
-2.810010015964508057e-01
7.541090250015258789e-02
-4.141710698604583740e-02
-2.875245213508605957e-01
-2.590715885162353516e-01
-1.166172400116920471e-01
-2.240691706538200378e-02
-1.970073878765106201e-01
-2.037719488143920898e-01
-3.106015920639038086e-01
-2.434164285659790039e-02
