-4.193365275859832764e-01
-7.237303853034973145e-01
-9.742681980133056641e-01
3.220531642436981201e-01
9.935004115104675293e-01
-9.144201874732971191e-01
-5.352941751480102539e-01
-3.834462165832519531e-01
-6.728909611701965332e-01
-9.755859971046447754e-01
6.310718655586242676e-01
-2.046318203210830688e-01
8.786558508872985840e-01
8.074389100074768066e-01
-8.707408308982849121e-01
-8.771426677703857422e-01
1.479658037424087524e-01
5.624670386314392090e-01
3.404960334300994873e-01
-2.560649514198303223e-01
-8.427411913871765137e-01
-2.923057973384857178e-01
3.793594539165496826e-01
-9.710738062858581543e-01
-4.207312166690826416e-01
5.635654330253601074e-01
-5.438627004623413086e-01
7.785848975181579590e-01
-1.919891983270645142e-01
-1.596845835447311401e-01
9.708988070487976074e-01
2.491681128740310669e-01
-3.059216141700744629e-01
-2.657167017459869385e-01
4.647479653358459473e-01
4.628002941608428955e-01
-5.581894889473915100e-02
5.058968663215637207e-01
4.596022069454193115e-01
6.076259166002273560e-02
-1.701509356498718262e-01
1.628031730651855469e-01
-3.622177243232727051e-01
-9.409927725791931152e-01
4.445692598819732666e-01
1.483759880065917969e-01
-4.026125669479370117e-01
-7.282196283340454102e-01
-3.810338675975799561e-01
4.241735339164733887e-01
7.938285470008850098e-01
7.105416059494018555e-02
4.074531495571136475e-01
-4.785119891166687012e-01
5.860725045204162598e-01
5.414944291114807129e-01
8.692696094512939453e-01
9.362302720546722412e-02
8.914445042610168457e-01
-5.835922956466674805e-01
9.680866599082946777e-01
-2.348800599575042725e-01
-7.812628746032714844e-01
-6.220738887786865234e-01
-1.674924939870834351e-01
4.041074588894844055e-02
5.384920239448547363e-01
5.945631861686706543e-01
-1.432498544454574585e-01
-2.821370065212249756e-01
-2.051074802875518799e-01
-6.689888834953308105e-01
4.358395636081695557e-01
-4.017727375030517578e-01
-8.430311083793640137e-01
2.061992734670639038e-01
5.961133241653442383e-01
5.963647365570068359e-01
1.789631396532058716e-01
-9.729878306388854980e-01
8.473248481750488281e-01
8.478485345840454102e-01
-3.620823919773101807e-01
-2.986000478267669678e-01
3.533170744776725769e-02
-3.857101500034332275e-01
-8.237653374671936035e-01
-1.567878574132919312e-01
4.189508855342864990e-01
2.279151082038879395e-01
6.577551364898681641e-01
6.612170338630676270e-01
8.815411925315856934e-01
9.461942911148071289e-01
3.974404036998748779e-01
9.453457593917846680e-01
-3.947296142578125000e-01
2.466226220130920410e-01
9.082439541816711426e-01
5.505316257476806641e-01
-5.070369243621826172e-01
-4.907420873641967773e-01
-9.261051416397094727e-01
6.028699278831481934e-01
4.961583912372589111e-01
9.501990675926208496e-01
6.626495122909545898e-01
-4.047496989369392395e-02
-8.844469785690307617e-01
1.433332413434982300e-01
-2.624103426933288574e-01
8.897477388381958008e-01
4.409999549388885498e-01
7.563266158103942871e-01
6.608942747116088867e-01
-4.759103804826736450e-02
5.159279108047485352e-01
2.342624366283416748e-01
-4.876945912837982178e-01
-3.644204139709472656e-01
-5.569801330566406250e-01
-5.740145966410636902e-02
8.493480086326599121e-02
6.863926053047180176e-01
-4.104083776473999023e-02
3.572912514209747314e-02
-2.584642469882965088e-01
-7.483970522880554199e-01
5.381619334220886230e-01
-9.644811153411865234e-01
5.655669569969177246e-01
-2.289147228002548218e-01
3.714869320392608643e-01
-8.244917392730712891e-01
4.980238378047943115e-01
8.516199588775634766e-01
-1.967693269252777100e-01
-8.056597709655761719e-01
7.482932806015014648e-01
-9.443836212158203125e-01
4.908705353736877441e-01
5.252225399017333984e-01
3.150059580802917480e-01
-2.589176595211029053e-01
-8.485261201858520508e-01
-5.398728251457214355e-01
-4.527239128947257996e-02
9.381462931632995605e-01
9.421531558036804199e-01
1.320818811655044556e-01
6.368048191070556641e-01
-8.524359464645385742e-01
5.244449377059936523e-01
-3.394767642021179199e-01
-8.361122012138366699e-01
-7.296062707901000977e-01
-2.069706171751022339e-01
9.107767939567565918e-01
-6.439179778099060059e-01
-9.843695163726806641e-01
8.825423717498779297e-01
8.491469621658325195e-01
9.759717583656311035e-01
9.125654101371765137e-01
7.132826447486877441e-01
-6.330150961875915527e-01
8.886033296585083008e-01
7.172343730926513672e-01
6.616519689559936523e-01
-1.516857892274856567e-01
5.720586180686950684e-01
7.313845753669738770e-01
5.097975730895996094e-01
8.463234901428222656e-01
8.631933331489562988e-01
-1.579181551933288574e-01
-7.056707143783569336e-01
9.953626990318298340e-01
2.319443523883819580e-01
6.410034894943237305e-01
5.744800567626953125e-01
-7.978272438049316406e-01
3.019617795944213867e-01
-5.147243738174438477e-01
2.659706175327301025e-01
-5.262128710746765137e-01
8.925064206123352051e-01
-4.600452259182929993e-02
-4.873430132865905762e-01
6.822310686111450195e-01
-6.575211882591247559e-01
7.863509058952331543e-01
4.364202618598937988e-01
1.015242338180541992e-01
-5.651533007621765137e-01
-6.249828338623046875e-01
6.003396511077880859e-01
9.867031574249267578e-01
-2.790322303771972656e-01
7.344732880592346191e-01
9.300262928009033203e-01
-6.936770081520080566e-01
1.244966089725494385e-01
-5.894606113433837891e-01
8.591496944427490234e-01
-2.558579444885253906e-01
8.101513385772705078e-01
-7.486312985420227051e-01
-6.464754343032836914e-01
1.162556707859039307e-01
-3.744676113128662109e-01
-8.097321987152099609e-01
-9.354711174964904785e-01
2.917652763426303864e-02
3.132197260856628418e-01
9.462835192680358887e-01
4.921597540378570557e-01
-8.645278215408325195e-01
9.262958765029907227e-01
1.997289359569549561e-01
9.426285028457641602e-01
9.140976667404174805e-01
3.657956421375274658e-01
-9.081945419311523438e-01
-9.287281632423400879e-01
-9.113426208496093750e-01
-4.595302343368530273e-01
-7.870115041732788086e-01
3.107925951480865479e-01
9.875558018684387207e-01
9.686249494552612305e-01
8.033819198608398438e-01
1.151104643940925598e-01
7.728998661041259766e-01
7.890023589134216309e-01
-6.315603256225585938e-01
-5.742174983024597168e-01
4.685234427452087402e-01
-8.316415548324584961e-01
8.623938560485839844e-01
6.742098927497863770e-01
7.717037945985794067e-02
-6.805459856986999512e-01
-4.877263307571411133e-02
-1.742482036352157593e-01
-4.263414442539215088e-01
-8.158892393112182617e-01
-9.109987020492553711e-01
8.168464303016662598e-01
9.373624920845031738e-01
3.541239723563194275e-02
-4.316049069166183472e-02
9.209359288215637207e-01
8.976858258247375488e-01
6.759036183357238770e-01
-2.824506759643554688e-01
8.335862755775451660e-01
-8.308507800102233887e-01
-3.166705369949340820e-01
-3.080343604087829590e-01
9.593458771705627441e-01
7.539672255516052246e-01
6.549527049064636230e-01
2.668846845626831055e-01
7.379351854324340820e-01
-5.901311039924621582e-01
-2.809389233589172363e-01
4.513506889343261719e-01
-9.115390777587890625e-01
9.429144859313964844e-01
-6.822541952133178711e-01
-6.727296113967895508e-02
1.623664349317550659e-01
9.627915024757385254e-01
5.813955068588256836e-01
2.682371735572814941e-01
-8.578196167945861816e-01
-1.576494239270687103e-02
8.566835522651672363e-01
6.163465380668640137e-01
6.438115835189819336e-01
8.692485690116882324e-01
-4.408070445060729980e-01
7.980998158454895020e-01
1.837540715932846069e-01
-3.915347456932067871e-01
7.933193445205688477e-01
-1.906853169202804565e-01
-1.672290563583374023e-01
-5.048657059669494629e-01
9.885758757591247559e-01
3.057521954178810120e-02
8.721094727516174316e-01
-1.869087070226669312e-01
4.192055165767669678e-01
-9.828590750694274902e-01
7.795478403568267822e-02
7.633129954338073730e-01
1.877146512269973755e-01
5.594741702079772949e-01
7.179878950119018555e-01
-7.873818278312683105e-01
4.339106380939483643e-01
-6.250466406345367432e-02
3.644429743289947510e-01
-7.361800670623779297e-01
9.200308322906494141e-01
7.791576385498046875e-01
9.872929453849792480e-01
-8.826208710670471191e-01
3.730283677577972412e-01
5.841897726058959961e-01
-7.017970085144042969e-01
-9.814861416816711426e-01
1.965532004833221436e-01
4.417232871055603027e-01
6.682148575782775879e-01
-7.907437086105346680e-01
-5.473896265029907227e-01
1.054429262876510620e-01
-5.048330426216125488e-01
-1.052653566002845764e-01
8.847310543060302734e-01
-1.592947542667388916e-01
-1.957325190305709839e-01
1.038039997220039368e-01
-7.763738036155700684e-01
-5.634210705757141113e-01
2.984947562217712402e-01
3.564724922180175781e-01
9.505437016487121582e-01
3.013873994350433350e-01
6.460068225860595703e-01
-4.119885265827178955e-01
5.554990172386169434e-01
6.084077358245849609e-01
-6.344701647758483887e-01
-5.761087536811828613e-01
-2.944175302982330322e-01
6.813737154006958008e-01
9.558073878288269043e-01
-8.074169754981994629e-01
-7.742117643356323242e-01
-7.967051118612289429e-02
8.611348867416381836e-01
8.564631342887878418e-01
3.777964711189270020e-01
7.092570066452026367e-01
4.155653417110443115e-01
9.766464829444885254e-01
8.030859827995300293e-01
-8.960116505622863770e-01
6.007573604583740234e-01
-5.432069897651672363e-01
-5.492427945137023926e-01
6.546976566314697266e-01
9.244791269302368164e-01
9.068189263343811035e-01
-9.758307933807373047e-01
6.414729952812194824e-01
3.364766836166381836e-01
4.577305614948272705e-01
9.698856472969055176e-01
-7.638667225837707520e-01
9.238864183425903320e-01
-2.720423787832260132e-02
9.660240411758422852e-01
9.880106449127197266e-01
-4.313095510005950928e-01
9.419766068458557129e-01
7.918199896812438965e-01
-5.988281369209289551e-01
6.132848262786865234e-01
5.744505524635314941e-01
5.787476897239685059e-01
-9.266922473907470703e-01
3.027169704437255859e-01
5.461509823799133301e-01
-8.592475056648254395e-01
9.219071269035339355e-01
8.310953378677368164e-01
-3.615093529224395752e-01
2.928537428379058838e-01
3.371031954884529114e-02
-9.233385920524597168e-01
8.055921792984008789e-01
-5.433081984519958496e-01
6.468071937561035156e-01
-2.018128633499145508e-01
-2.789552807807922363e-01
2.648494541645050049e-01
-8.474979996681213379e-01
-6.084647178649902344e-01
3.273169696331024170e-02
-8.946982622146606445e-01
-5.392281413078308105e-01
-7.088814973831176758e-01
-9.380477666854858398e-01
1.498517245054244995e-01
3.479425311088562012e-01
-4.861102104187011719e-01
9.269872903823852539e-01
-6.358964443206787109e-01
8.963130116462707520e-01
-5.841908454895019531e-01
-7.598198056221008301e-01
-5.834903120994567871e-01
6.247729063034057617e-01
-3.812595009803771973e-01
-1.446077823638916016e-01
4.082475006580352783e-01
8.947045803070068359e-01
3.361379206180572510e-01
-8.724375963211059570e-01
6.882142424583435059e-01
7.922051548957824707e-01
8.513785004615783691e-01
3.071361184120178223e-01
-8.045782446861267090e-01
3.753429651260375977e-01
-9.918670654296875000e-01
-2.291148602962493896e-01
-7.057632207870483398e-01
2.423935085535049438e-01
-5.432894919067621231e-03
-8.111921548843383789e-01
-9.058914184570312500e-01
-2.772396206855773926e-01
-9.683634042739868164e-01
8.546066880226135254e-01
1.305471733212471008e-02
4.273972213268280029e-01
-5.237604379653930664e-01
-2.447384595870971680e-01
-2.720345556735992432e-01
9.166138768196105957e-01
2.167305499315261841e-01
8.754724860191345215e-01
8.999475240707397461e-01
-9.538825750350952148e-01
-7.609620690345764160e-01
-5.678911805152893066e-01
-8.891886472702026367e-01
-4.704741835594177246e-01
-9.436795115470886230e-01
-4.637947976589202881e-01
1.048360764980316162e-01
-3.243736922740936279e-02
9.861137270927429199e-01
-5.297753214836120605e-01
-8.240520358085632324e-01
6.563449651002883911e-02
7.361694574356079102e-01
6.121919155120849609e-01
-9.710550308227539062e-01
7.085353732109069824e-01
-2.755618691444396973e-01
-9.775364398956298828e-01
-9.555458426475524902e-01
4.781055450439453125e-01
-3.021520674228668213e-01
-4.408608078956604004e-01
-5.237807035446166992e-01
-8.183339834213256836e-01
-9.876156449317932129e-01
7.168643921613693237e-02
6.471021771430969238e-01
8.960440754890441895e-01
4.592732489109039307e-01
-5.223348736763000488e-02
1.328936070203781128e-01
1.915669888257980347e-01
7.484071850776672363e-01
-3.187630176544189453e-01
4.771960675716400146e-01
9.376096129417419434e-01
2.003611624240875244e-01
-5.103678703308105469e-01
-8.062505722045898438e-01
4.982062280178070068e-01
7.307078242301940918e-01
3.206311464309692383e-01
2.045937925577163696e-01
6.224142313003540039e-01
9.964989423751831055e-01
6.938858032226562500e-01
-2.311416268348693848e-01
2.463128417730331421e-01
3.442907631397247314e-01
9.702026844024658203e-01
6.596040129661560059e-01
-5.457329750061035156e-01
-6.549644470214843750e-01
-2.592758536338806152e-01
-8.415494561195373535e-01
-5.240845680236816406e-01
7.934008240699768066e-01
-7.765943408012390137e-01
-1.859928071498870850e-01
1.503559947013854980e-01
-1.033939793705940247e-02
4.212533831596374512e-01
-8.467766642570495605e-01
4.177844822406768799e-01
-4.294443428516387939e-01
-5.827296376228332520e-01
-9.707297086715698242e-01
8.636162877082824707e-01
3.379455506801605225e-01
-7.344731092453002930e-01
7.629051208496093750e-01
9.665192961692810059e-01
