8.121296763420104980e-01
7.270534038543701172e-01
-1.046893466264009476e-02
-2.532501220703125000e-01
-3.497258573770523071e-02
-9.799529910087585449e-01
-3.588237762451171875e-01
-8.035448789596557617e-01
-3.014133274555206299e-01
-2.240605354309082031e-01
3.420244455337524414e-01
7.188042402267456055e-01
5.187060832977294922e-01
8.241577148437500000e-01
-9.117165207862854004e-01
-8.727424144744873047e-01
-6.951677203178405762e-01
9.775825142860412598e-01
7.284282445907592773e-01
7.606863975524902344e-01
-1.575383991003036499e-01
-1.080773919820785522e-01
-7.183590531349182129e-01
6.121903657913208008e-01
7.894181013107299805e-01
-7.284069657325744629e-01
9.126858115196228027e-01
-8.622660636901855469e-01
2.742066681385040283e-01
6.653099656105041504e-01
2.851880853995680809e-03
-4.989565312862396240e-01
2.494405210018157959e-01
8.469533324241638184e-01
-4.382228255271911621e-01
-5.814538002014160156e-01
7.198363542556762695e-01
-1.491594016551971436e-01
5.410906672477722168e-02
8.631203174591064453e-01
9.641317129135131836e-01
-1.159539371728897095e-01
-8.541686534881591797e-01
7.389278411865234375e-01
-3.161033093929290771e-01
-8.064872622489929199e-01
-9.163919687271118164e-01
-9.696219563484191895e-01
6.289560198783874512e-01
9.308384656906127930e-01
-3.337200582027435303e-01
-5.736131668090820312e-01
9.833564162254333496e-01
5.614593029022216797e-01
9.123725891113281250e-01
9.379377365112304688e-01
7.744644880294799805e-01
-8.410739898681640625e-01
-6.829614043235778809e-01
-9.388793706893920898e-01
-8.646213449537754059e-03
-3.073143959045410156e-01
9.462422132492065430e-01
8.809607028961181641e-01
-6.820641160011291504e-01
-3.302355706691741943e-01
1.946766078472137451e-01
2.385355979204177856e-01
6.671488285064697266e-02
-7.285683751106262207e-01
-9.054567217826843262e-01
2.546875178813934326e-01
9.778006076812744141e-01
-2.303714007139205933e-01
-5.241682529449462891e-01
8.860338926315307617e-01
-3.113041222095489502e-01
7.835844755172729492e-01
8.458119034767150879e-01
2.795686721801757812e-01
7.812122106552124023e-01
-5.362072587013244629e-01
-2.161751389503479004e-01
8.209550976753234863e-01
-9.286039471626281738e-01
-7.907115221023559570e-01
-1.578025221824645996e-01
-5.397661328315734863e-01
4.506190419197082520e-01
8.927174806594848633e-01
4.952170550823211670e-01
-3.254461288452148438e-01
-3.962231874465942383e-01
-1.467804312705993652e-01
1.343235224485397339e-01
-4.849460721015930176e-01
8.940313458442687988e-01
6.365523338317871094e-01
9.437512159347534180e-01
5.763801932334899902e-01
-3.299051523208618164e-01
-9.514311552047729492e-01
-4.373530447483062744e-01
5.824163183569908142e-02
9.518133997917175293e-01
4.153260290622711182e-01
9.386918544769287109e-01
-5.406349301338195801e-01
-9.573243856430053711e-01
-9.159067273139953613e-01
-9.254739284515380859e-01
-2.022507488727569580e-01
9.578497409820556641e-01
9.286286830902099609e-01
8.319987058639526367e-01
4.339246749877929688e-01
-8.255459070205688477e-01
4.510566890239715576e-01
9.769405722618103027e-01
-9.841517210006713867e-01
-2.943524718284606934e-01
4.045716524124145508e-01
1.480789333581924438e-01
-1.106938254088163376e-02
-6.841351985931396484e-01
4.661605358123779297e-01
-7.778007388114929199e-01
2.692223787307739258e-01
-6.997667551040649414e-01
9.643858671188354492e-01
8.687657117843627930e-01
8.537098169326782227e-01
-2.600724101066589355e-01
6.049535274505615234e-01
-1.635406166315078735e-01
-3.074987530708312988e-01
-5.664634704589843750e-01
-8.216108083724975586e-01
7.444785833358764648e-01
-8.974894285202026367e-01
8.661776781082153320e-01
3.476878702640533447e-01
2.789869010448455811e-01
6.469683051109313965e-01
7.919239997863769531e-01
-7.992420792579650879e-01
-4.873627126216888428e-01
-4.200913608074188232e-01
9.649890661239624023e-01
-6.926184296607971191e-01
7.676085233688354492e-01
-4.974871277809143066e-01
1.197452992200851440e-01
-3.406729698181152344e-01
-1.424867063760757446e-01
7.935562729835510254e-01
-2.495121359825134277e-01
8.688431978225708008e-01
-1.271401047706604004e-01
2.088256776332855225e-01
-1.426672190427780151e-01
-6.829503774642944336e-01
-7.967830896377563477e-01
4.523297846317291260e-01
8.719596862792968750e-01
9.625821709632873535e-01
-4.026412963867187500e-01
-4.780083596706390381e-01
6.651040315628051758e-01
9.401326775550842285e-01
-5.266385078430175781e-01
-2.230497449636459351e-01
-5.414418876171112061e-02
6.944553256034851074e-01
9.275088310241699219e-01
-6.857701390981674194e-02
2.441368065774440765e-02
9.013709425926208496e-01
-9.085586667060852051e-01
-2.964148223400115967e-01
-9.241436123847961426e-01
8.794196844100952148e-01
-9.925118684768676758e-01
-3.970908820629119873e-01
-8.607571721076965332e-01
4.980506300926208496e-01
7.422532439231872559e-01
3.361255526542663574e-01
8.378415703773498535e-01
-1.183299347758293152e-01
7.951124310493469238e-01
6.955445408821105957e-01
-4.716114997863769531e-01
-8.792704343795776367e-01
-5.899385213851928711e-01
4.479652047157287598e-01
-3.911490086466073990e-03
-6.584026813507080078e-01
9.255776405334472656e-01
-2.642631828784942627e-01
-7.761578559875488281e-01
9.643865227699279785e-01
-8.039585351943969727e-01
4.015545845031738281e-01
9.613083600997924805e-01
9.224695563316345215e-01
2.839201390743255615e-01
-8.970862030982971191e-01
9.480147361755371094e-01
-8.903461098670959473e-01
-5.649505853652954102e-01
9.211162328720092773e-01
9.892814755439758301e-01
3.969921171665191650e-01
-9.661980271339416504e-01
-8.404674530029296875e-01
-4.527703225612640381e-01
9.448636174201965332e-01
9.474574327468872070e-01
-2.899602055549621582e-01
6.112958118319511414e-02
-7.444986701011657715e-02
4.385103583335876465e-01
-8.751347661018371582e-01
4.601743072271347046e-02
8.897709250450134277e-01
-1.277901977300643921e-01
3.995772004127502441e-01
8.311464190483093262e-01
2.481268942356109619e-01
-4.637878537178039551e-01
-5.309594273567199707e-01
-4.910309016704559326e-01
-8.785650134086608887e-01
-1.376345288008451462e-02
6.681225895881652832e-01
9.473161697387695312e-01
8.063830733299255371e-01
-6.540707945823669434e-01
-8.921716809272766113e-01
4.970296099781990051e-02
6.359635591506958008e-01
8.597382903099060059e-01
8.677520155906677246e-01
1.090551614761352539e-01
-3.328713178634643555e-01
2.953957021236419678e-01
1.804426163434982300e-01
-9.731251001358032227e-01
-8.386940956115722656e-01
5.425436794757843018e-02
8.465664982795715332e-01
6.419344544410705566e-01
-1.767597496509552002e-01
-5.982702970504760742e-01
7.231066823005676270e-01
3.497821092605590820e-01
-1.453251838684082031e-01
-7.529862523078918457e-01
-8.806188106536865234e-01
7.206558585166931152e-01
7.345791459083557129e-01
4.146345555782318115e-01
5.246660709381103516e-01
5.485033988952636719e-02
1.606757938861846924e-01
-8.089784383773803711e-01
6.160770058631896973e-01
-8.851253986358642578e-01
5.804522037506103516e-01
7.888684272766113281e-01
6.705156564712524414e-01
4.109673202037811279e-01
-4.354241192340850830e-01
-3.945618867874145508e-01
-2.598671987652778625e-02
-8.916727900505065918e-01
-9.046369194984436035e-01
-4.018417000770568848e-01
7.763845920562744141e-01
3.623180389404296875e-01
9.396390318870544434e-01
-7.654782533645629883e-01
-7.050562649965286255e-02
8.940649032592773438e-01
8.178877234458923340e-01
7.538363933563232422e-01
-9.591572880744934082e-01
-3.892038762569427490e-01
-8.913509845733642578e-01
7.302486300468444824e-01
8.273371458053588867e-01
8.913392424583435059e-01
-1.750072687864303589e-01
4.235683381557464600e-01
-3.331044912338256836e-01
-4.997751712799072266e-01
-2.389336526393890381e-01
-1.860783249139785767e-01
-3.603637814521789551e-01
-2.953966259956359863e-01
6.154555082321166992e-01
-7.236883640289306641e-01
7.943111062049865723e-01
-8.618219196796417236e-02
7.927016019821166992e-01
5.401135087013244629e-01
-9.694427847862243652e-01
6.412590742111206055e-01
-1.514612585306167603e-01
-2.033229470252990723e-01
-5.358125269412994385e-02
9.745470881462097168e-01
6.189349889755249023e-01
7.625788450241088867e-01
-4.812215864658355713e-01
4.681337475776672363e-01
-8.465873003005981445e-01
-9.770256876945495605e-01
-8.394955396652221680e-01
-4.807676970958709717e-01
-3.961229696869850159e-02
9.861329793930053711e-01
7.737521529197692871e-01
-5.624021887779235840e-01
6.323694586753845215e-01
9.662210345268249512e-01
8.894808888435363770e-01
-5.683322548866271973e-01
6.218421459197998047e-01
-4.345170557498931885e-01
-6.543779373168945312e-01
1.500889211893081665e-01
8.322873115539550781e-01
-2.553925216197967529e-01
-6.718289852142333984e-01
6.442565321922302246e-01
-8.412959575653076172e-01
-1.660844087600708008e-01
4.534716904163360596e-01
-3.770012259483337402e-01
4.412430822849273682e-01
-5.233294963836669922e-01
-8.558010458946228027e-01
8.146395087242126465e-01
-3.623473346233367920e-01
-1.717058122158050537e-01
5.129082202911376953e-01
9.213452339172363281e-01
6.059643626213073730e-01
2.660606801509857178e-01
4.047939777374267578e-01
6.338405609130859375e-01
5.205197930335998535e-01
-8.618549704551696777e-01
-2.133349776268005371e-01
4.210050702095031738e-01
5.570697784423828125e-01
1.488814502954483032e-01
-9.232600331306457520e-01
-9.345887899398803711e-01
-9.788602590560913086e-03
8.323549032211303711e-01
9.025982022285461426e-01
-8.662950992584228516e-01
4.530130624771118164e-01
2.564178034663200378e-02
-9.859057664871215820e-01
-6.010382771492004395e-01
9.620555639266967773e-01
9.733299612998962402e-01
4.420702159404754639e-01
5.330493301153182983e-02
-5.215755701065063477e-01
6.542230844497680664e-01
4.427974522113800049e-01
2.134409248828887939e-01
-4.211171567440032959e-01
-8.440014719963073730e-01
4.267796576023101807e-01
-3.516010940074920654e-02
1.370125263929367065e-01
9.489518404006958008e-01
-6.624186635017395020e-01
-9.333958476781845093e-02
-7.958864569664001465e-01
9.451331496238708496e-01
-6.311931610107421875e-01
4.499270021915435791e-01
3.871183097362518311e-01
9.680831432342529297e-01
-2.719370126724243164e-01
-2.424966394901275635e-01
-2.554358839988708496e-01
1.939068585634231567e-01
5.729723572731018066e-01
-5.917248725891113281e-01
5.548455715179443359e-01
-1.152424439787864685e-01
6.640350818634033203e-01
-3.311081826686859131e-01
1.842562556266784668e-01
-9.405224919319152832e-01
-3.831497728824615479e-01
9.121472239494323730e-01
7.636789083480834961e-01
4.286426678299903870e-02
-2.244307994842529297e-01
-7.704944610595703125e-01
9.302497506141662598e-01
9.580808281898498535e-01
9.845721721649169922e-01
-7.976898550987243652e-01
4.926052689552307129e-01
-9.065961837768554688e-01
-6.984472870826721191e-01
9.126048088073730469e-01
-2.872352898120880127e-01
6.449427008628845215e-01
-1.541129797697067261e-01
7.865442037582397461e-01
-8.412909507751464844e-01
-5.562624335289001465e-01
-7.560995817184448242e-01
6.903243064880371094e-01
-1.241927370429039001e-01
-3.394871950149536133e-01
2.290212810039520264e-01
9.982330799102783203e-01
-7.865447998046875000e-01
5.725180506706237793e-01
8.001642823219299316e-01
7.593059539794921875e-01
-6.420634388923645020e-01
3.941538631916046143e-01
3.571281731128692627e-01
5.344825983047485352e-01
-9.948772788047790527e-01
-8.904076218605041504e-01
8.374467492103576660e-01
8.746572732925415039e-01
-1.870905160903930664e-01
-9.624000191688537598e-01
-9.578289985656738281e-01
7.550646066665649414e-01
9.598651528358459473e-01
-7.143328785896301270e-01
8.243218064308166504e-01
-3.875159621238708496e-01
9.152190685272216797e-01
-5.901398658752441406e-01
5.041686892509460449e-01
-9.336919784545898438e-01
2.698848247528076172e-01
8.366728425025939941e-01
9.416826367378234863e-01
7.039666175842285156e-01
-6.125490069389343262e-01
-8.189052343368530273e-01
2.210822701454162598e-01
-2.209731787443161011e-01
2.172209508717060089e-02
2.863796651363372803e-01
9.651488661766052246e-01
2.518963813781738281e-01
-4.967230856418609619e-01
-9.314393401145935059e-01
8.670127987861633301e-01
-8.798518180847167969e-01
7.926896214485168457e-01
8.235957622528076172e-01
1.250313222408294678e-01
-9.552230238914489746e-01
3.379538059234619141e-01
6.229515671730041504e-01
-1.907463073730468750e-01
2.511444091796875000e-01
-5.631772279739379883e-01
6.731230616569519043e-01
-6.745239496231079102e-01
9.870855808258056641e-01
-4.047618806362152100e-01
1.109762787818908691e-01
6.892662644386291504e-01
-8.380483984947204590e-01
-9.586945176124572754e-02
-5.601466298103332520e-01
9.485545158386230469e-01
8.011894822120666504e-01
-7.492831945419311523e-01
-7.223995923995971680e-01
7.544185519218444824e-01
3.693367540836334229e-01
2.927981019020080566e-01
-2.122786045074462891e-01
7.203550934791564941e-01
-4.703662991523742676e-01
7.367083430290222168e-01
2.956308722496032715e-01
-4.461865723133087158e-01
-6.013939380645751953e-01
6.597710251808166504e-01
8.059025406837463379e-01
-4.853559136390686035e-01
2.991918623447418213e-01
-4.149827957153320312e-01
-3.682191967964172363e-01
5.535741448402404785e-01
-1.539311371743679047e-02
-9.455243498086929321e-02
8.624816536903381348e-01
-4.372203946113586426e-01
8.683937788009643555e-01
-5.527837276458740234e-01
8.159396648406982422e-01
-3.031935691833496094e-01
7.687433362007141113e-01
3.923688828945159912e-01
-9.477781057357788086e-01
-9.002878665924072266e-01
-8.772216439247131348e-01
-8.330449461936950684e-02
7.671716809272766113e-01
7.535893917083740234e-01
7.556577324867248535e-01
-7.703481912612915039e-01
3.883945643901824951e-01
4.100474417209625244e-01
-3.152972161769866943e-01
5.937270075082778931e-02
-9.009714722633361816e-01
4.277858138084411621e-01
8.343379497528076172e-01
1.252310723066329956e-01
2.229056209325790405e-01
7.106173038482666016e-01
4.954667091369628906e-01
-9.621757864952087402e-01
7.478016614913940430e-01
-7.202346920967102051e-01
-7.767231464385986328e-01
5.142633914947509766e-01
-6.165193915367126465e-01
9.506204724311828613e-01
-4.681934416294097900e-01
2.985263466835021973e-01
-2.170195579528808594e-01
6.711143255233764648e-01
5.114591121673583984e-01
5.683145523071289062e-01
-1.329324245452880859e-01
2.143198251724243164e-01
-6.210641264915466309e-01
-8.473995327949523926e-01
8.436089754104614258e-01
-6.278312206268310547e-02
-3.026548027992248535e-02
-6.889333128929138184e-01
5.160622596740722656e-01
9.310597181320190430e-01
-6.083559393882751465e-01
9.023153781890869141e-01
-2.662406861782073975e-01
4.312405586242675781e-01
8.671821355819702148e-01
4.174968898296356201e-01
-8.208945393562316895e-01
-8.917852044105529785e-01
4.268000125885009766e-01
-8.258864283561706543e-01
-5.469378829002380371e-01
-6.666201949119567871e-01
1.986806541681289673e-01
8.647839426994323730e-01
6.559085845947265625e-01
4.231974184513092041e-01
-5.944894552230834961e-01
9.507637023925781250e-01
1.903742700815200806e-01
6.213474869728088379e-01
7.175203561782836914e-01
-2.491010874509811401e-01
-7.747043371200561523e-01
7.367042899131774902e-01
-2.797669470310211182e-01
2.636984288692474365e-01
-9.578593373298645020e-01
-2.569859623908996582e-01
-2.017904222011566162e-01
-9.577790498733520508e-01
5.162019729614257812e-01
9.425950646400451660e-01
9.499464631080627441e-01
-3.693239688873291016e-01
4.556423127651214600e-01
5.164472460746765137e-01
-8.316326141357421875e-01
6.790755391120910645e-01
-3.999591767787933350e-01
8.506405949592590332e-01
-6.880830526351928711e-01
-3.191339671611785889e-01
-7.950738668441772461e-01
4.864248931407928467e-01
-3.469417393207550049e-01
3.368527591228485107e-01
5.703548789024353027e-01
4.438481926918029785e-01
9.310313463211059570e-01
-8.693501949310302734e-01
7.389599084854125977e-01
-9.011952579021453857e-02
6.447116136550903320e-01
-6.791450381278991699e-01
3.420960903167724609e-01
-7.678115963935852051e-01
-5.066704750061035156e-02
6.253689527511596680e-01
-1.782830953598022461e-01
9.952601194381713867e-01
-1.918577104806900024e-01
-1.681582629680633545e-01
5.153054594993591309e-01
-6.209208369255065918e-01
7.614557743072509766e-01
1.681918650865554810e-02
-9.200062155723571777e-01
4.667562544345855713e-01
7.941826581954956055e-01
-3.916237354278564453e-01
6.649177670478820801e-01
-5.410053133964538574e-01
5.011261105537414551e-01
6.591547727584838867e-01
-2.740070223808288574e-01
3.742471039295196533e-01
-5.970000624656677246e-01
-8.161758780479431152e-01
-5.841318964958190918e-01
5.658394694328308105e-01
9.931719899177551270e-01
-1.612119227647781372e-01
7.260892391204833984e-01
-8.348079919815063477e-01
1.333255767822265625e-01
-9.511128067970275879e-01
5.366661548614501953e-01
5.201218724250793457e-01
-7.543165087699890137e-01
1.384659558534622192e-01
-1.785988062620162964e-01
7.874500751495361328e-01
9.404497146606445312e-01
9.644538760185241699e-01
7.532874941825866699e-01
-5.692036747932434082e-01
-2.721524536609649658e-01
-1.792507022619247437e-01
6.088609695434570312e-01
-9.675052165985107422e-01
5.295649170875549316e-01
-2.795406877994537354e-01
-9.374346733093261719e-01
-6.659394502639770508e-01
8.293877840042114258e-01
8.785154223442077637e-01
3.751673102378845215e-01
-5.320771932601928711e-01
7.206372022628784180e-01
-4.207390546798706055e-01
2.040088772773742676e-01
-3.838557600975036621e-01
7.022917866706848145e-01
9.741919636726379395e-01
-3.395883738994598389e-01
-7.320461869239807129e-01
-2.718930244445800781e-01
-6.019539833068847656e-01
9.911726713180541992e-01
9.357597678899765015e-02
3.592382967472076416e-01
9.463537335395812988e-01
2.848421037197113037e-01
-6.002236604690551758e-01
-5.985750630497932434e-02
8.619952797889709473e-01
-5.317003130912780762e-01
-5.172087550163269043e-01
5.612986683845520020e-01
6.101158857345581055e-01
-6.471340060234069824e-01
-4.539487883448600769e-02
-5.374290514737367630e-03
9.725396633148193359e-01
-9.213980436325073242e-01
-8.288699984550476074e-01
1.864373534917831421e-01
6.126827597618103027e-01
8.870251774787902832e-01
2.602001726627349854e-01
-2.784669399261474609e-01
6.834226101636886597e-02
-9.213290214538574219e-01
2.419025748968124390e-01
8.781546950340270996e-01
1.773903220891952515e-01
7.976065874099731445e-01
2.667129635810852051e-01
-3.308317363262176514e-01
-6.660717725753784180e-01
4.180067479610443115e-01
-1.316222846508026123e-01
9.378776550292968750e-01
-5.950328707695007324e-01
-5.103250145912170410e-01
7.719390988349914551e-01
-1.034881845116615295e-01
-6.229813396930694580e-02
5.737307667732238770e-01
-9.549818038940429688e-01
8.883524537086486816e-01
7.707253098487854004e-01
-7.168564200401306152e-01
-9.502251744270324707e-01
8.469162136316299438e-02
9.169557690620422363e-01
9.281889796257019043e-01
-1.248695850372314453e-01
-9.020935893058776855e-01
9.269276261329650879e-01
7.309468388557434082e-01
-7.126244902610778809e-01
3.186448514461517334e-01
8.112770318984985352e-01
-1.912502497434616089e-01
-3.699561953544616699e-01
-3.176679313182830811e-01
1.762585341930389404e-01
-7.273318171501159668e-01
-8.332505822181701660e-01
-3.238583505153656006e-01
9.052670001983642578e-01
8.103944063186645508e-01
9.451240897178649902e-01
4.576644003391265869e-01
1.282478868961334229e-01
4.720214605331420898e-01
-9.660957455635070801e-01
3.317174613475799561e-01
-1.496141999959945679e-01
3.908052444458007812e-01
8.398834466934204102e-01
1.445037871599197388e-02
-9.607667922973632812e-01
-7.566220760345458984e-01
-8.454377651214599609e-01
2.497598528861999512e-01
2.238268256187438965e-01
6.425884962081909180e-01
7.792672514915466309e-01
-6.885704398155212402e-01
7.733029127120971680e-01
2.676585912704467773e-01
6.906592249870300293e-01
-4.080832004547119141e-01
5.337966680526733398e-01
4.998099505901336670e-01
-1.784445159137248993e-02
3.338101506233215332e-01
-7.006081342697143555e-01
-8.106558322906494141e-01
2.458480447530746460e-01
-6.857293248176574707e-01
6.582018733024597168e-01
-5.283942222595214844e-01
8.940665721893310547e-01
-8.152055740356445312e-01
1.879766136407852173e-01
8.358284235000610352e-01
8.522444963455200195e-01
1.272445023059844971e-01
-1.298556625843048096e-01
4.340824782848358154e-01
-4.422588050365447998e-01
5.401077270507812500e-01
2.428949475288391113e-01
-9.449521899223327637e-01
1.564571820199489594e-02
8.289390206336975098e-01
-5.804978609085083008e-01
-4.199294447898864746e-01
2.270021587610244751e-01
-5.304211378097534180e-01
9.522457122802734375e-01
-7.753223180770874023e-01
9.436687231063842773e-01
-9.452186524868011475e-02
-3.736045360565185547e-01
1.001400351524353027e-01
9.072871804237365723e-01
7.649358510971069336e-01
5.969156622886657715e-01
-8.555963039398193359e-01
-4.537122547626495361e-01
-1.472261995077133179e-01
-6.309035420417785645e-01
4.311151206493377686e-01
-3.133783638477325439e-01
8.060454726219177246e-01
6.889737248420715332e-01
9.894357919692993164e-01
-3.165831044316291809e-02
9.503493905067443848e-01
-9.536343216896057129e-01
-7.515233755111694336e-01
-8.299982547760009766e-01
-7.766511440277099609e-01
5.330219864845275879e-01
9.480239748954772949e-01
7.456097602844238281e-01
-9.556089043617248535e-01
3.469010591506958008e-01
8.689252138137817383e-01
2.779448330402374268e-01
7.703621983528137207e-01
-6.327447295188903809e-01
-7.724630832672119141e-01
-6.919063925743103027e-01
6.162448525428771973e-01
-6.591023206710815430e-01
-2.440107017755508423e-01
-2.996680438518524170e-01
9.757226705551147461e-01
8.718357086181640625e-01
8.384720683097839355e-01
-1.375913918018341064e-01
-7.795368432998657227e-01
-9.328427314758300781e-01
4.119051098823547363e-01
8.499183654785156250e-01
7.541456222534179688e-01
-9.203397035598754883e-01
8.348464369773864746e-01
4.275754392147064209e-01
-5.980080962181091309e-01
-9.480285048484802246e-01
8.550571203231811523e-01
6.118152290582656860e-02
-4.733282029628753662e-01
1.586012169718742371e-02
2.871554195880889893e-01
-3.357712924480438232e-01
3.143782913684844971e-01
9.527953267097473145e-01
7.269117832183837891e-01
-3.000878691673278809e-01
8.943573236465454102e-01
3.884377181529998779e-01
-9.974596500396728516e-01
-9.728392958641052246e-01
4.960631728172302246e-01
3.163029849529266357e-01
-5.028778314590454102e-01
8.367049694061279297e-01
7.616859674453735352e-01
-7.820054292678833008e-01
-7.424573898315429688e-01
-7.466713786125183105e-01
-2.915812730789184570e-01
5.077576637268066406e-01
7.380491495132446289e-01
9.884747862815856934e-01
-6.936610937118530273e-01
4.035899341106414795e-01
8.254165053367614746e-01
7.851119339466094971e-02
-1.108616292476654053e-01
4.421292841434478760e-01
-7.837293744087219238e-01
-8.405407071113586426e-01
8.400191664695739746e-01
4.861203134059906006e-01
-7.792078256607055664e-01
4.150950908660888672e-01
9.679447412490844727e-01
-5.657849311828613281e-01
9.595592021942138672e-01
9.516447186470031738e-01
-9.263928532600402832e-01
-8.675699830055236816e-01
-9.517118334770202637e-01
7.748776674270629883e-01
3.548165559768676758e-01
1.778628118336200714e-02
-2.502532675862312317e-02
1.319561302661895752e-01
-4.938762485980987549e-01
-1.816612333059310913e-01
7.016540765762329102e-01
7.628335952758789062e-01
-5.492776632308959961e-01
-6.062871813774108887e-01
5.360582470893859863e-01
9.131187796592712402e-01
-4.279085993766784668e-01
5.959107875823974609e-01
8.367955088615417480e-01
9.002838134765625000e-01
-1.305066198110580444e-01
-5.641050264239311218e-02
2.334077209234237671e-01
-9.963394999504089355e-01
8.338086009025573730e-01
-7.729978561401367188e-01
-4.255837798118591309e-01
-8.207988142967224121e-01
3.680360913276672363e-01
8.461784720420837402e-01
-9.342235922813415527e-01
-7.698915600776672363e-01
-1.333911865949630737e-01
8.337862491607666016e-01
-4.151048660278320312e-01
9.269474744796752930e-01
7.340578436851501465e-01
3.497246205806732178e-01
-3.400220870971679688e-01
5.700326561927795410e-01
-1.741716861724853516e-01
1.962691247463226318e-01
2.905875444412231445e-01
6.371676325798034668e-01
9.506190419197082520e-01
-8.540188074111938477e-01
-5.469804406166076660e-01
5.739349126815795898e-01
-7.991033792495727539e-01
-3.954840004444122314e-01
-9.007450938224792480e-01
-4.168347418308258057e-01
7.730336487293243408e-02
4.034759476780891418e-02
9.626687169075012207e-01
9.512625932693481445e-01
-4.330999776721000671e-02
7.458122372627258301e-01
2.001268602907657623e-02
2.062174081802368164e-01
-5.449950695037841797e-01
-1.715836375951766968e-01
1.116097122430801392e-01
9.959873557090759277e-01
8.854528665542602539e-01
-7.873231768608093262e-01
5.226051211357116699e-01
-7.617464661598205566e-01
2.869982123374938965e-01
-9.599015712738037109e-01
5.291747674345970154e-02
-4.026193916797637939e-01
-2.016739249229431152e-01
9.867334961891174316e-01
-6.303714960813522339e-02
9.797605276107788086e-01
-1.833966374397277832e-02
-9.126800298690795898e-01
-6.764777302742004395e-01
5.818395018577575684e-01
9.616315960884094238e-01
9.511732459068298340e-01
7.128441333770751953e-01
7.974437475204467773e-01
-2.209601104259490967e-01
-8.916689157485961914e-01
-9.149563312530517578e-01
4.511612653732299805e-01
-7.886590361595153809e-01
6.365556716918945312e-01
-7.353831529617309570e-01
-5.694020986557006836e-01
-5.384553670883178711e-01
9.104852676391601562e-01
-2.172784209251403809e-01
9.863805174827575684e-01
-4.824049472808837891e-01
3.432552516460418701e-01
4.231895506381988525e-01
8.668109178543090820e-01
2.832320630550384521e-01
7.279700636863708496e-01
5.114323496818542480e-01
-6.699448227882385254e-01
-9.844073653221130371e-01
-1.046310737729072571e-01
1.385156214237213135e-01
-6.312610507011413574e-01
5.374785661697387695e-01
-8.885588049888610840e-01
3.344183862209320068e-01
-5.200945958495140076e-02
8.444086909294128418e-01
-7.916468381881713867e-02
-8.817752599716186523e-01
9.590820670127868652e-01
8.061540126800537109e-01
2.264807075262069702e-01
1.520273834466934204e-01
-7.742420434951782227e-01
-3.987032771110534668e-01
9.670007228851318359e-01
3.179889917373657227e-01
4.153932034969329834e-01
-5.557608604431152344e-01
-1.665846854448318481e-01
-8.818204998970031738e-01
2.242687493562698364e-01
8.583494424819946289e-01
1.429507285356521606e-01
1.081131696701049805e-01
8.835994601249694824e-01
8.384323716163635254e-01
-2.482294738292694092e-01
9.545476436614990234e-01
-7.855634689331054688e-01
-4.052276909351348877e-01
-7.789196968078613281e-01
2.174484133720397949e-01
-6.679481267929077148e-01
-9.100806713104248047e-01
5.334519743919372559e-01
9.766412973403930664e-01
-2.848691046237945557e-01
6.127573251724243164e-01
6.865288019180297852e-01
3.446608781814575195e-01
-9.196863770484924316e-01
-6.246222853660583496e-01
-5.707462430000305176e-01
8.850376009941101074e-01
8.290468454360961914e-01
6.964648365974426270e-01
-2.226459234952926636e-01
8.075866699218750000e-01
-6.603048443794250488e-01
-3.842768967151641846e-01
3.902356624603271484e-01
-5.416876673698425293e-01
4.705877229571342468e-02
5.312954783439636230e-01
-5.963267683982849121e-01
-4.556711614131927490e-01
9.158012270927429199e-01
-3.364771604537963867e-01
2.462362945079803467e-01
8.178248256444931030e-02
7.029227018356323242e-01
-2.476774901151657104e-02
-7.709422707557678223e-01
-4.019513726234436035e-02
4.707248508930206299e-01
-7.850269675254821777e-01
7.925710082054138184e-01
8.226194381713867188e-01
8.163028955459594727e-01
2.075787931680679321e-01
-2.257747650146484375e-01
-4.060273468494415283e-01
6.268565058708190918e-01
6.581296920776367188e-01
-8.993109464645385742e-01
6.154875159263610840e-01
6.516349315643310547e-01
-7.124205231666564941e-01
-9.591967463493347168e-01
-2.199078947305679321e-01
-9.422763586044311523e-01
6.904242634773254395e-01
6.037050485610961914e-01
7.553720474243164062e-02
-3.243669867515563965e-01
-4.645338356494903564e-01
7.440811991691589355e-01
-3.334106802940368652e-01
6.520360708236694336e-01
8.481391668319702148e-01
7.190357446670532227e-01
-4.408955574035644531e-01
-6.855143904685974121e-01
4.325362741947174072e-01
6.655313372611999512e-01
-8.217399716377258301e-01
4.254419803619384766e-01
3.418265581130981445e-01
9.824040532112121582e-01
-4.863959550857543945e-01
-8.739026784896850586e-01
-6.847750544548034668e-01
5.568446516990661621e-01
8.826725482940673828e-01
6.454973816871643066e-01
-6.476997137069702148e-01
-7.286199927330017090e-01
1.138334721326828003e-02
-1.442884206771850586e-01
-5.819308161735534668e-01
9.699362516403198242e-01
9.904646277427673340e-01
3.621929883956909180e-01
8.523557782173156738e-01
1.363105475902557373e-01
-1.013710051774978638e-01
-6.794611811637878418e-01
8.268616199493408203e-01
-8.958080410957336426e-01
-7.778143882751464844e-01
7.024031877517700195e-02
-5.227261781692504883e-01
9.217185974121093750e-01
8.085278868675231934e-01
3.691159188747406006e-01
-5.185919404029846191e-01
-9.697834849357604980e-01
9.551696777343750000e-01
7.604727149009704590e-01
-7.918955683708190918e-01
8.411614894866943359e-01
-9.579181075096130371e-01
7.596027255058288574e-01
2.546170353889465332e-01
-3.411460220813751221e-01
8.515578508377075195e-01
8.361060023307800293e-01
5.294399857521057129e-01
-4.734356999397277832e-01
-6.716961264610290527e-01
-2.401974610984325409e-02
-7.057316899299621582e-01
-9.618676304817199707e-01
-5.797615647315979004e-02
-4.086925983428955078e-01
9.151716828346252441e-01
1.514195231720805168e-03
1.697486191987991333e-01
9.381508231163024902e-01
8.094282746315002441e-01
4.811998307704925537e-01
-6.525351405143737793e-01
-7.825918793678283691e-01
5.242202281951904297e-01
-1.202654689550399780e-01
8.686911463737487793e-01
-6.550698280334472656e-01
-6.028414368629455566e-01
9.760006070137023926e-01
-2.969028055667877197e-01
2.043010666966438293e-02
-3.938744366168975830e-01
9.776767492294311523e-01
7.772556543350219727e-01
-3.997265398502349854e-01
-8.107774257659912109e-01
-3.725418150424957275e-01
8.513439893722534180e-01
3.871033191680908203e-01
9.373239874839782715e-01
5.259985923767089844e-01
1.652016341686248779e-01
-7.402995824813842773e-01
-5.369953513145446777e-01
2.343413233757019043e-01
2.891783714294433594e-01
-5.614363551139831543e-01
7.322681546211242676e-01
-1.919361799955368042e-01
-9.877429008483886719e-01
9.414033293724060059e-01
-7.983205914497375488e-01
-8.568335771560668945e-01
-4.333545267581939697e-01
9.966397285461425781e-01
6.482775211334228516e-01
6.121702194213867188e-01
9.019780755043029785e-01
-4.172935187816619873e-01
6.003865003585815430e-01
2.222384810447692871e-01
9.825868904590606689e-02
-7.905872464179992676e-01
-2.255467921495437622e-01
9.900058507919311523e-01
7.050924301147460938e-01
8.269270062446594238e-01
-8.807940483093261719e-01
-4.750909209251403809e-01
-5.192398428916931152e-01
-3.205435276031494141e-01
-2.720077931880950928e-01
-7.353813946247100830e-02
-7.486125826835632324e-01
-4.600829780101776123e-01
9.131913781166076660e-01
7.949884533882141113e-01
8.909208774566650391e-01
7.802632451057434082e-01
-7.302399724721908569e-02
-7.236348986625671387e-01
-5.349326729774475098e-01
7.704540491104125977e-01
-1.174645572900772095e-01
8.548855185508728027e-01
-6.915815472602844238e-01
-7.434146404266357422e-01
9.782412052154541016e-01
-4.667528569698333740e-01
9.867642521858215332e-01
9.325436353683471680e-01
-9.472898244857788086e-01
8.928797841072082520e-01
-6.744928359985351562e-01
-5.837462544441223145e-01
-6.593882441520690918e-01
8.183830380439758301e-01
9.203523993492126465e-01
9.487032890319824219e-01
-3.230148553848266602e-01
3.658300936222076416e-01
-2.541318237781524658e-01
-9.814586639404296875e-01
-8.416892290115356445e-01
-3.881900608539581299e-01
-1.079069003462791443e-01
7.917045950889587402e-01
8.482483625411987305e-01
1.614513993263244629e-01
-9.508006572723388672e-01
7.453249692916870117e-01
9.184194803237915039e-01
-9.662630558013916016e-01
5.299290269613265991e-02
8.071163296699523926e-01
3.738824725151062012e-01
-8.166164755821228027e-01
7.854837179183959961e-01
5.045863613486289978e-02
-7.814105749130249023e-01
3.313991799950599670e-02
1.088166832923889160e-01
2.289661765098571777e-01
1.875609457492828369e-01
-7.115497589111328125e-01
6.170978546142578125e-01
3.043614327907562256e-01
7.667452692985534668e-01
5.232261419296264648e-01
9.282532334327697754e-01
3.860294527839869261e-04
3.529677689075469971e-01
7.669159770011901855e-01
-7.027290463447570801e-01
-8.663374781608581543e-01
-9.692344665527343750e-01
-9.159374833106994629e-01
-9.389396905899047852e-01
4.856638610363006592e-01
9.570881724357604980e-01
4.892592430114746094e-01
3.882132470607757568e-01
6.892744898796081543e-01
-8.703191280364990234e-01
3.516221046447753906e-01
-9.100393056869506836e-01
-9.464555978775024414e-01
2.516537308692932129e-01
7.853561043739318848e-01
1.073770001530647278e-01
8.704540133476257324e-01
-2.688791155815124512e-01
9.757660031318664551e-01
7.272636890411376953e-01
-4.182219207286834717e-01
2.148040235042572021e-01
-4.401579201221466064e-01
-1.193988770246505737e-01
-7.825665175914764404e-02
5.808089375495910645e-01
6.127889156341552734e-01
-9.125396013259887695e-01
-7.523165345191955566e-01
-9.715508222579956055e-01
-4.665472358465194702e-02
9.026212096214294434e-01
9.688620567321777344e-01
8.856437802314758301e-01
2.494847327470779419e-01
8.524056077003479004e-01
-3.495553135871887207e-01
-8.434073925018310547e-01
6.421844661235809326e-02
-5.685466527938842773e-01
-4.417083859443664551e-01
-4.418723285198211670e-01
9.832402467727661133e-01
7.053102850914001465e-01
9.596505761146545410e-01
-1.981538236141204834e-01
9.732217788696289062e-01
9.014723300933837891e-01
8.747707605361938477e-01
3.124437034130096436e-01
-1.862311065196990967e-01
7.598339319229125977e-01
-7.194516062736511230e-01
3.596255779266357422e-01
6.151472926139831543e-01
-8.484990000724792480e-01
-6.099770069122314453e-01
-6.538636684417724609e-01
-9.927453398704528809e-01
-9.997794628143310547e-01
-9.786464571952819824e-01
-9.776301980018615723e-01
-9.433677792549133301e-01
-9.998813867568969727e-01
-9.712362289428710938e-01
-9.417725205421447754e-01
-5.334731340408325195e-01
-2.860313355922698975e-01
1.179626733064651489e-01
3.657937943935394287e-01
9.911788702011108398e-01
4.589326679706573486e-01
9.602631926536560059e-01
9.770818352699279785e-01
1.108755916357040405e-02
5.273733735084533691e-01
-7.422869205474853516e-01
-9.128462076187133789e-01
4.396581351757049561e-01
-8.119489550590515137e-01
8.231048583984375000e-01
-2.161747068166732788e-01
-1.573607176542282104e-01
-4.205704331398010254e-01
6.481042504310607910e-01
9.593467712402343750e-01
5.912152528762817383e-01
-3.364081084728240967e-01
-1.477240622043609619e-01
8.478526473045349121e-01
-2.691115140914916992e-01
-2.052787989377975464e-01
3.705900013446807861e-01
5.292511582374572754e-01
-8.114999532699584961e-01
-5.401104688644409180e-01
-2.312377654016017914e-02
8.748582005500793457e-01
1.433807611465454102e-01
1.319223493337631226e-01
-3.473134636878967285e-01
-2.563673257827758789e-01
9.136437773704528809e-01
-2.635351847857236862e-03
2.605981826782226562e-01
-8.884731531143188477e-01
8.878313899040222168e-01
-5.091947913169860840e-01
-8.024848997592926025e-02
9.278144836425781250e-01
-8.002480864524841309e-01
6.355397105216979980e-01
8.189582228660583496e-01
-1.790215075016021729e-01
-3.538540601730346680e-01
3.287379145622253418e-01
-1.794093847274780273e-01
-8.375427722930908203e-01
8.451829552650451660e-01
-1.038541719317436218e-01
3.277946710586547852e-01
8.179458975791931152e-01
1.391030550003051758e-01
-1.647596508264541626e-01
-6.752262711524963379e-01
8.546616435050964355e-01
-7.017887830734252930e-01
-6.135081052780151367e-01
4.869485795497894287e-01
9.772886037826538086e-01
8.837475776672363281e-01
-2.639066576957702637e-01
-6.947506666183471680e-01
3.459448516368865967e-01
-1.920171231031417847e-01
-2.058792412281036377e-01
-4.801873862743377686e-01
2.028421163558959961e-01
8.201510310173034668e-01
3.956448435783386230e-01
5.883785709738731384e-02
-6.976190805435180664e-01
9.538421034812927246e-01
-4.677753746509552002e-01
-6.466765403747558594e-01
7.625132799148559570e-02
8.836507797241210938e-01
7.460353374481201172e-01
4.512905776500701904e-01
-1.491911560297012329e-01
9.465407133102416992e-01
-8.183387517929077148e-01
-9.719936847686767578e-01
5.130112171173095703e-01
-1.744048669934272766e-02
7.696582674980163574e-01
-2.725376784801483154e-01
-2.596949040889739990e-01
5.627205371856689453e-01
-4.966592490673065186e-01
-8.545160889625549316e-01
-9.607357531785964966e-02
1.113751083612442017e-01
3.222422003746032715e-01
5.872886627912521362e-02
9.159082174301147461e-01
1.102445796132087708e-01
2.671742113307118416e-03
-3.767790198326110840e-01
2.395206391811370850e-01
7.757281064987182617e-01
-9.434821009635925293e-01
7.099633216857910156e-01
3.635463118553161621e-01
4.516417682170867920e-01
9.158017039299011230e-01
-7.744444012641906738e-01
6.349947452545166016e-01
-5.994105339050292969e-02
-9.951639175415039062e-01
7.292747497558593750e-01
-9.371628165245056152e-01
6.726348400115966797e-02
-9.780034422874450684e-01
1.991088241338729858e-01
9.807668328285217285e-01
3.192505538463592529e-01
4.191195666790008545e-01
-8.585789799690246582e-01
4.040077626705169678e-01
-2.525679171085357666e-01
7.234178185462951660e-01
6.196711063385009766e-01
8.360898494720458984e-01
-8.872632980346679688e-01
-9.288133382797241211e-01
8.922513723373413086e-01
-3.595708608627319336e-01
5.399443507194519043e-01
-5.016521811485290527e-01
5.219378471374511719e-01
-6.783522367477416992e-01
-1.019233763217926025e-01
5.742927193641662598e-01
8.117945492267608643e-02
7.436652779579162598e-01
5.120810866355895996e-01
4.927717149257659912e-01
-5.009381175041198730e-01
4.862235486507415771e-01
-7.130332589149475098e-01
-6.835156679153442383e-01
-5.077014565467834473e-01
8.677950501441955566e-01
5.446184277534484863e-01
-4.310930967330932617e-01
-7.236987352371215820e-01
2.617072165012359619e-01
8.718651533126831055e-01
8.496985435485839844e-01
-1.075821891427040100e-01
9.229699373245239258e-01
8.709693700075149536e-02
-7.323387265205383301e-01
-3.406473994255065918e-01
-6.174306869506835938e-01
1.436470896005630493e-01
-1.338221579790115356e-01
-6.827774047851562500e-01
-6.290419101715087891e-01
9.183661341667175293e-01
-5.690616369247436523e-01
3.988599181175231934e-01
8.998600840568542480e-01
9.908017516136169434e-01
8.031250238418579102e-01
1.199136003851890564e-01
-4.263023138046264648e-01
-4.736940860748291016e-01
4.291408360004425049e-01
4.566255956888198853e-02
8.281376361846923828e-01
2.395723164081573486e-01
-9.171660542488098145e-01
2.495931535959243774e-01
-2.685943841934204102e-01
2.613784372806549072e-01
5.052849650382995605e-01
-9.708458185195922852e-01
-8.078185915946960449e-01
4.149446189403533936e-01
1.572626829147338867e-02
5.163453221321105957e-01
6.680720448493957520e-01
-8.617118000984191895e-01
-6.622570753097534180e-01
-3.349981904029846191e-01
9.418455362319946289e-01
7.924810647964477539e-01
5.231503844261169434e-01
8.979319334030151367e-01
-7.128996253013610840e-01
7.358261942863464355e-01
1.916019059717655182e-02
-9.133917689323425293e-01
7.183051705360412598e-01
-8.304072022438049316e-01
7.261516898870468140e-02
-7.321012020111083984e-01
-6.960756182670593262e-01
2.967738807201385498e-01
8.190016746520996094e-01
6.969247460365295410e-01
-7.780079543590545654e-02
8.088979125022888184e-01
-6.158722192049026489e-02
4.613580703735351562e-01
-1.517700403928756714e-01
-4.845967516303062439e-02
-1.860397905111312866e-01
-9.833518862724304199e-01
2.989616990089416504e-02
-3.248133063316345215e-01
9.232268333435058594e-01
7.550403475761413574e-01
9.165179729461669922e-01
5.263025760650634766e-01
-5.851513147354125977e-01
-7.690961658954620361e-02
-6.914951205253601074e-01
6.143892407417297363e-01
-5.061259269714355469e-01
-8.458210229873657227e-01
1.520518660545349121e-01
-8.045462369918823242e-01
9.942705035209655762e-01
2.015627920627593994e-01
-8.025979995727539062e-01
6.274456977844238281e-01
7.359218001365661621e-01
9.231935739517211914e-01
8.554280996322631836e-01
6.023312211036682129e-01
-5.654286742210388184e-01
-9.347935318946838379e-01
-9.434004426002502441e-01
-7.949526906013488770e-01
-7.215036749839782715e-01
8.730763196945190430e-01
8.973546028137207031e-01
6.845346093177795410e-01
2.260451614856719971e-01
6.703493595123291016e-01
-9.674813747406005859e-01
-6.577602028846740723e-01
7.065035700798034668e-01
-1.486783027648925781e-01
-8.553807139396667480e-01
3.342517614364624023e-01
8.096951991319656372e-02
3.114175796508789062e-01
-2.540812790393829346e-01
-7.281159162521362305e-01
9.495308995246887207e-01
-3.241042196750640869e-01
5.067570805549621582e-01
9.564267992973327637e-01
1.706006526947021484e-01
-3.783754110336303711e-01
-6.371582746505737305e-01
5.767122507095336914e-01
9.267254471778869629e-01
-2.259753793478012085e-01
1.889444589614868164e-01
1.712349355220794678e-01
8.659360408782958984e-01
-9.963343143463134766e-01
-2.714249789714813232e-01
8.210616707801818848e-01
-4.004644751548767090e-01
-6.231939196586608887e-01
5.078693628311157227e-01
9.200980663299560547e-01
-7.860382199287414551e-01
4.005582630634307861e-02
-2.387044876813888550e-01
6.192286014556884766e-01
-2.982423007488250732e-01
-7.977247238159179688e-01
4.945670366287231445e-01
-6.583336591720581055e-01
4.476137161254882812e-01
-7.976412773132324219e-02
5.667605400085449219e-01
3.133022412657737732e-02
-5.925779342651367188e-01
7.220480442047119141e-01
9.674361348152160645e-01
4.742181003093719482e-01
9.511333107948303223e-01
1.376779526472091675e-01
-4.228723645210266113e-01
-9.578598141670227051e-01
3.763475716114044189e-01
-8.825906366109848022e-02
-8.243503570556640625e-01
-6.997024416923522949e-01
2.048948407173156738e-01
7.815058231353759766e-01
4.941735565662384033e-01
-5.232918262481689453e-01
2.775474488735198975e-01
-1.115743722766637802e-02
1.744084805250167847e-01
5.217828154563903809e-01
-8.512488007545471191e-01
-7.098149508237838745e-02
1.830803602933883667e-01
8.430284857749938965e-01
9.412016272544860840e-01
9.237227439880371094e-01
-7.141361832618713379e-01
-8.304730653762817383e-01
-9.857594966888427734e-01
8.313665390014648438e-01
7.229019999504089355e-01
5.244112014770507812e-01
1.718271672725677490e-01
-1.543017774820327759e-01
2.175362855195999146e-01
-1.515634953975677490e-01
-7.055525183677673340e-01
-3.307231962680816650e-01
-4.139139354228973389e-01
-8.174790740013122559e-01
6.014232039451599121e-01
7.137264609336853027e-01
7.374536395072937012e-01
6.208471655845642090e-01
7.858139872550964355e-01
-8.194445967674255371e-01
-9.021815061569213867e-01
6.159118562936782837e-02
4.829767048358917236e-01
8.588639497756958008e-01
-5.968207716941833496e-01
-5.197775363922119141e-01
-2.136075347661972046e-01
-8.656617999076843262e-01
8.302957415580749512e-01
9.095336198806762695e-01
9.621973037719726562e-01
1.595653891563415527e-01
4.216296672821044922e-01
-1.398119628429412842e-01
-7.846637964248657227e-01
-6.693328619003295898e-01
-2.708724141120910645e-01
8.019638657569885254e-01
8.831948041915893555e-01
-1.743782013654708862e-01
3.548300862312316895e-01
-9.016475677490234375e-01
5.623083710670471191e-01
-8.488734960556030273e-01
4.126141667366027832e-01
4.223626255989074707e-01
-1.161706075072288513e-01
7.629109621047973633e-01
-4.237795472145080566e-01
-6.359737515449523926e-01
-3.837861418724060059e-01
9.970114827156066895e-01
6.077033877372741699e-01
9.712391495704650879e-01
8.511974811553955078e-01
-9.901261925697326660e-01
5.386299490928649902e-01
2.024876326322555542e-01
-9.531579017639160156e-01
-5.306407809257507324e-01
-3.670466244220733643e-01
2.803667783737182617e-01
5.206943154335021973e-01
-8.382672071456909180e-01
7.759913206100463867e-01
-8.068197369575500488e-01
8.841617703437805176e-01
-5.383831262588500977e-01
-3.140361234545707703e-02
7.297028303146362305e-01
8.156809806823730469e-01
-9.736025929450988770e-01
-5.178859233856201172e-01
8.691945672035217285e-01
9.452958703041076660e-01
-5.194600820541381836e-01
5.181784182786941528e-02
9.812489897012710571e-02
9.610280394554138184e-01
2.296091802418231964e-02
-3.438067138195037842e-01
4.957844018936157227e-01
-9.347575902938842773e-01
-7.261778712272644043e-01
-5.798394680023193359e-01
7.746726274490356445e-01
8.508171439170837402e-01
6.707156896591186523e-01
3.725847303867340088e-01
6.341664195060729980e-01
-7.287787795066833496e-01
-5.401619672775268555e-01
-4.005096107721328735e-02
9.461340308189392090e-01
-7.985438108444213867e-01
-9.162105321884155273e-01
6.777898073196411133e-01
4.925315678119659424e-01
7.238551378250122070e-01
-3.193135261535644531e-01
-3.362298309803009033e-01
-1.218027770519256592e-01
-2.523964345455169678e-01
6.320992708206176758e-01
8.663717508316040039e-01
6.258796453475952148e-01
-3.479244187474250793e-02
-1.493042111396789551e-01
1.740643531084060669e-01
-8.920411467552185059e-01
-8.927445411682128906e-01
-9.661954045295715332e-01
7.692953348159790039e-01
5.617685914039611816e-01
8.073883652687072754e-01
-8.035561442375183105e-01
3.923484683036804199e-01
-1.196017488837242126e-02
3.571829497814178467e-01
1.179240345954895020e-01
-4.526863694190979004e-01
-1.723968237638473511e-01
7.065056562423706055e-01
5.854394435882568359e-01
6.403299048542976379e-03
6.491382122039794922e-01
3.023391067981719971e-01
5.059489011764526367e-01
-4.953335821628570557e-01
-8.244020342826843262e-01
-2.157165110111236572e-01
-6.523904800415039062e-01
5.486344173550605774e-02
-1.425466090440750122e-01
8.996731638908386230e-01
3.418553173542022705e-01
8.125205636024475098e-01
-5.408461093902587891e-01
4.738009870052337646e-01
8.602162599563598633e-01
9.052496403455734253e-02
-8.085475564002990723e-01
-9.864957332611083984e-01
-7.951725721359252930e-01
8.613467812538146973e-01
5.907750129699707031e-01
9.784839153289794922e-01
3.898643329739570618e-02
-7.370657920837402344e-01
-8.725326657295227051e-01
-3.673763573169708252e-01
3.394263386726379395e-01
-8.857363462448120117e-01
9.105575084686279297e-01
-2.489423006772994995e-01
9.612491726875305176e-01
9.895799160003662109e-01
-4.519625008106231689e-01
6.322321295738220215e-01
8.395833373069763184e-01
4.763695001602172852e-01
-5.782630667090415955e-02
-9.412242770195007324e-01
-1.905972510576248169e-01
5.554460734128952026e-02
-7.433305978775024414e-01
1.104812100529670715e-01
-9.288941025733947754e-01
5.898814201354980469e-01
5.763689875602722168e-01
-3.500185310840606689e-01
2.361550033092498779e-01
-4.653402566909790039e-01
8.844300508499145508e-01
-4.060961008071899414e-01
3.361670970916748047e-01
-7.309983968734741211e-01
4.211638569831848145e-01
8.387216329574584961e-01
2.466287761926651001e-01
-1.069010328501462936e-02
9.513643980026245117e-01
8.536588549613952637e-01
-4.963493645191192627e-01
-9.182040095329284668e-01
-7.156800031661987305e-01
-4.407242238521575928e-01
8.552367985248565674e-02
-4.278371334075927734e-01
9.949808716773986816e-01
7.865761518478393555e-01
4.477167427539825439e-01
5.090581178665161133e-01
-8.469014763832092285e-01
-4.610375463962554932e-01
3.816450238227844238e-01
6.506707668304443359e-01
-7.715562582015991211e-01
9.720999002456665039e-01
7.986940741539001465e-01
6.445595622062683105e-01
-9.882563948631286621e-01
-9.288782477378845215e-01
6.695279479026794434e-01
-6.847466230392456055e-01
7.905468344688415527e-01
-8.147391080856323242e-01
8.099601417779922485e-02
-9.507695436477661133e-01
5.323783159255981445e-01
-1.676990389823913574e-01
9.288929700851440430e-01
2.006361931562423706e-01
-8.326297253370285034e-02
7.120200991630554199e-01
-9.124565720558166504e-01
6.927214860916137695e-01
6.919316053390502930e-01
5.678356885910034180e-01
-6.508545875549316406e-01
8.718595504760742188e-01
-3.753384947776794434e-01
-1.487496495246887207e-01
-1.813085228204727173e-01
-4.698018133640289307e-01
-1.789381168782711029e-02
-7.431310415267944336e-01
7.963957786560058594e-01
8.598181009292602539e-01
-8.501351475715637207e-01
3.918765783309936523e-01
-1.538974698632955551e-02
9.780398011207580566e-01
1.710913032293319702e-01
-1.264580339193344116e-01
8.385000824928283691e-01
2.150381952524185181e-01
-9.240793585777282715e-01
7.611289620399475098e-01
-4.168437421321868896e-01
2.794437110424041748e-01
-9.596722722053527832e-01
-9.661772251129150391e-01
5.490876436233520508e-01
5.843017697334289551e-01
-8.366226404905319214e-02
-7.048662900924682617e-01
5.207306742668151855e-01
9.388319253921508789e-01
9.026568531990051270e-01
-7.230460643768310547e-01
5.540646910667419434e-01
-3.704813718795776367e-01
-2.542839646339416504e-01
9.059083461761474609e-01
-4.725186526775360107e-01
2.595266401767730713e-01
6.681178808212280273e-01
-9.558437466621398926e-01
2.734625339508056641e-01
4.183001518249511719e-01
-8.711732029914855957e-01
9.462211728096008301e-01
-5.353384017944335938e-01
9.886948466300964355e-01
-9.407416582107543945e-01
4.366927444934844971e-01
9.348761439323425293e-01
-6.690731644630432129e-01
-1.011648774147033691e-01
6.929191350936889648e-01
2.546415925025939941e-01
-5.547553896903991699e-01
-5.024983286857604980e-01
7.682186961174011230e-01
-4.214775264263153076e-01
5.907412767410278320e-01
3.797441124916076660e-01
7.827976942062377930e-01
-8.041218519210815430e-01
3.971889317035675049e-01
-6.665136814117431641e-01
-9.548606723546981812e-02
6.725650429725646973e-01
3.034576177597045898e-01
1.227825134992599487e-01
-8.442738056182861328e-01
4.167010486125946045e-01
-8.744319677352905273e-01
-2.309654206037521362e-01
5.288959145545959473e-01
2.325413562357425690e-02
-4.405030608177185059e-01
7.316377758979797363e-01
9.685584902763366699e-01
7.533725500106811523e-01
8.478165864944458008e-01
3.429119884967803955e-01
-5.659686326980590820e-01
-8.625338077545166016e-01
-4.293326139450073242e-01
-1.270571649074554443e-01
9.363214373588562012e-01
6.012562289834022522e-02
-1.503517627716064453e-01
2.330006659030914307e-01
-5.006604790687561035e-01
-4.206519424915313721e-01
-7.988442182540893555e-01
7.423645257949829102e-02
6.001791357994079590e-01
6.914897561073303223e-01
3.429553806781768799e-01
6.349670290946960449e-01
-3.252882957458496094e-01
6.227836012840270996e-01
1.744612753391265869e-01
1.814842820167541504e-01
-9.117212891578674316e-01
-8.892624974250793457e-01
1.052825972437858582e-01
1.662083342671394348e-02
9.481657743453979492e-01
1.179912686347961426e-01
7.005272507667541504e-01
6.242727637290954590e-01
-9.404861927032470703e-01
-3.301337063312530518e-01
8.155361413955688477e-01
2.518664300441741943e-01
3.493486642837524414e-01
-9.518313407897949219e-01
1.707388162612915039e-01
4.460335373878479004e-01
8.566619753837585449e-01
-9.633042216300964355e-01
1.335603445768356323e-01
-9.152808785438537598e-01
-2.059460431337356567e-01
7.704082727432250977e-01
-2.183779776096343994e-01
-6.795431375503540039e-01
4.699203372001647949e-01
9.802436828613281250e-01
-4.209945201873779297e-01
9.436021447181701660e-01
3.315778970718383789e-01
-5.780651569366455078e-01
4.535623192787170410e-01
6.069623231887817383e-01
-2.144416235387325287e-02
-2.994530498981475830e-01
-6.881046295166015625e-02
7.971625328063964844e-01
-6.692357063293457031e-01
-4.977845847606658936e-01
1.911443620920181274e-01
4.118303358554840088e-01
7.532169818878173828e-01
7.923731803894042969e-01
-8.445423841476440430e-01
-1.158302128314971924e-01
1.331349462270736694e-01
-3.264358043670654297e-01
7.695128917694091797e-01
-5.197063088417053223e-01
-6.018679141998291016e-01
6.381095647811889648e-01
-2.603085637092590332e-01
-8.230356615968048573e-04
7.195832729339599609e-01
2.365999072790145874e-01
-8.600732088088989258e-01
5.406663417816162109e-01
7.716839909553527832e-01
3.789511043578386307e-03
-8.681609034538269043e-01
2.713631391525268555e-01
-3.938981145620346069e-02
-6.266776919364929199e-01
3.521174192428588867e-01
-2.044278979301452637e-01
9.807688593864440918e-01
8.311519026756286621e-01
4.852454960346221924e-01
1.049669161438941956e-01
4.887514710426330566e-01
6.213916540145874023e-01
3.367756605148315430e-01
-8.102454543113708496e-01
-6.749311685562133789e-01
-9.906342625617980957e-01
8.235304951667785645e-01
-5.870305895805358887e-01
-2.668359279632568359e-01
-7.070881724357604980e-01
-4.060825705528259277e-02
5.392592549324035645e-01
7.802268266677856445e-01
2.953074872493743896e-01
8.331513404846191406e-01
2.244024872779846191e-01
-9.313426017761230469e-01
1.019694730639457703e-01
6.359323263168334961e-01
-3.133172392845153809e-01
5.263539403676986694e-02
-1.263755708932876587e-01
