9.978538513183593750e+01
9.225939941406250000e+01
-9.722132873535156250e+01
-4.272196578979492188e+01
9.941981506347656250e+01
9.917614746093750000e+01
-9.885031890869140625e+01
9.665667724609375000e+01
-7.992504119873046875e+01
9.809931182861328125e+01
1.553427696228027344e+01
-9.998983764648437500e+01
-9.967682647705078125e+01
8.869196319580078125e+01
-7.358854675292968750e+01
9.933612060546875000e+01
7.380570220947265625e+01
-9.984189605712890625e+01
-9.376085662841796875e+01
9.952885437011718750e+01
9.831221008300781250e+01
-9.761931610107421875e+01
9.536109924316406250e+01
-8.150897979736328125e+01
9.776267242431640625e+01
-7.856714630126953125e+01
9.978372955322265625e+01
9.388938903808593750e+01
-9.971105957031250000e+01
-9.836644744873046875e+01
9.969440460205078125e+01
6.244562911987304688e+01
-9.710698699951171875e+01
7.992716217041015625e+01
-9.983359527587890625e+01
3.460217237472534180e+00
-9.170828247070312500e+01
9.042015075683593750e+01
-8.390907287597656250e+01
9.955507659912109375e+01
1.543498229980468750e+01
-9.997317504882812500e+01
-9.970990753173828125e+01
9.973708343505859375e+01
6.094100570678710938e+01
-9.900720977783203125e+01
-1.375788021087646484e+01
9.994217681884765625e+01
9.877965545654296875e+01
-6.773828887939453125e+01
9.762075805664062500e+01
3.387191772460937500e+01
-9.997142028808593750e+01
-9.778454589843750000e+01
9.655221557617187500e+01
6.303802871704101562e+01
-9.956121826171875000e+01
-7.890408325195312500e+01
9.844669342041015625e+01
8.927533721923828125e+01
-9.987051391601562500e+01
6.329948806762695312e+01
-9.461878204345703125e+01
9.671708679199218750e+01
-9.634431457519531250e+01
9.552462768554687500e+01
4.838730621337890625e+01
-9.998716735839843750e+01
-9.769479370117187500e+01
8.473527526855468750e+01
1.025130033493041992e+00
-9.809957122802734375e+01
-9.633952331542968750e+01
9.996283721923828125e+01
8.544051361083984375e+01
-9.871021270751953125e+01
9.107945251464843750e+01
-9.971005249023437500e+01
9.665390014648437500e+01
8.918783187866210938e+00
-9.952944183349609375e+01
-9.884844970703125000e+01
9.427883911132812500e+01
-2.799113655090332031e+01
9.921222686767578125e+01
9.880464935302734375e+01
-8.130463409423828125e+01
8.068698883056640625e+01
-8.086912536621093750e+01
9.746235656738281250e+01
-7.887359619140625000e+01
9.849739074707031250e+01
7.192152404785156250e+01
-9.897393035888671875e+01
-9.260015869140625000e+01
9.958789062500000000e+01
9.096904754638671875e+01
-9.914012145996093750e+01
-5.515223312377929688e+01
9.982703399658203125e+01
9.980460357666015625e+01
2.866990661621093750e+01
-9.998590087890625000e+01
-9.995046234130859375e+01
4.301920700073242188e+01
-8.689841461181640625e+01
9.842395019531250000e+01
-4.999001312255859375e+01
9.963657379150390625e+01
-1.305340975522994995e-01
4.095009613037109375e+01
-9.984413909912109375e+01
5.494828701019287109e+00
-9.968914031982421875e+01
8.075069427490234375e+01
-9.294269561767578125e+01
9.322042083740234375e+01
-9.663697814941406250e+01
9.864106750488281250e+01
-7.626134490966796875e+01
9.974420928955078125e+01
9.230249786376953125e+01
-9.949620056152343750e+01
-4.208906555175781250e+01
9.969444274902343750e+01
7.626014709472656250e+01
-5.443438720703125000e+01
9.584625244140625000e+01
-9.132996368408203125e+01
9.596801757812500000e+01
2.218458557128906250e+01
-9.995668029785156250e+01
-9.885744476318359375e+01
8.965548706054687500e+01
5.625702285766601562e+01
-9.731282043457031250e+01
-8.475608825683593750e+01
9.979294586181640625e+01
9.968737792968750000e+01
-9.473046112060546875e+01
9.004062652587890625e+01
-6.620233154296875000e+01
9.701868438720703125e+01
4.323607254028320312e+01
-9.903214263916015625e+01
-9.392073822021484375e+01
9.947295379638671875e+01
6.859358215332031250e+01
-9.967273712158203125e+01
-9.116822814941406250e+01
9.949114227294921875e+01
9.053190612792968750e+01
-8.492348480224609375e+01
7.967271423339843750e+01
-9.952201843261718750e+01
9.172756958007812500e+01
-6.953845214843750000e+01
9.961726379394531250e+01
4.380506134033203125e+01
-9.768234252929687500e+01
-6.229709148406982422e+00
9.942938995361328125e+01
-9.880312347412109375e+01
-9.024986267089843750e+01
-9.694081878662109375e+01
-9.825453186035156250e+01
-9.807640075683593750e+01
-9.910076141357421875e+01
-9.964093017578125000e+01
-9.917785644531250000e+01
-9.948959350585937500e+01
-9.940127563476562500e+01
-9.251918029785156250e+01
9.629825592041015625e+01
9.995827484130859375e+01
9.999703216552734375e+01
9.995516204833984375e+01
9.994522857666015625e+01
9.950510406494140625e+01
9.136156463623046875e+01
9.679530334472656250e+01
9.377632904052734375e+01
9.471202087402343750e+01
8.291036224365234375e+01
-8.392887878417968750e+01
-3.924238586425781250e+01
8.467970275878906250e+01
-9.207977294921875000e+01
2.716266393661499023e+00
-9.935437011718750000e+01
-7.832585906982421875e+01
9.493621826171875000e+01
8.254606628417968750e+01
-9.945865631103515625e+01
-5.203621292114257812e+01
9.977723693847656250e+01
9.803160858154296875e+01
-3.848356628417968750e+01
9.779501342773437500e+01
-9.711891174316406250e+01
8.192233276367187500e+01
-7.357040405273437500e+01
9.823786163330078125e+01
7.067153167724609375e+01
-9.979865264892578125e+01
-8.308698272705078125e+01
8.069492340087890625e+01
9.314629364013671875e+01
-9.440048980712890625e+01
7.774217987060546875e+01
-9.978773498535156250e+01
-6.692239379882812500e+01
9.993667602539062500e+01
9.920341491699218750e+01
8.385994720458984375e+01
-9.989005279541015625e+01
-9.889630126953125000e+01
7.731179809570312500e+01
-4.212070083618164062e+01
9.908544158935546875e+01
9.957445526123046875e+01
-7.705542755126953125e+01
9.666020965576171875e+01
-9.938467407226562500e+01
7.943042755126953125e+01
-9.106966400146484375e+01
9.693206787109375000e+01
-6.611215209960937500e+01
9.566291046142578125e+01
-4.903828144073486328e+00
9.959243774414062500e+01
9.299858093261718750e+01
-9.978966522216796875e+01
-4.195294189453125000e+01
9.996342468261718750e+01
9.925173187255859375e+01
3.564598464965820312e+01
-9.993882751464843750e+01
-9.997129821777343750e+01
-8.011094665527343750e+01
9.986920928955078125e+01
9.944564056396484375e+01
9.651958465576171875e+01
-9.942067718505859375e+01
-9.122799682617187500e+01
9.920161437988281250e+01
7.774678802490234375e+01
-9.984621429443359375e+01
4.516223144531250000e+01
-9.838996887207031250e+01
5.823780822753906250e+01
-9.220062255859375000e+01
9.867070007324218750e+01
-8.011160278320312500e+01
9.013766479492187500e+01
-6.099641418457031250e+01
9.920538330078125000e+01
5.084853744506835938e+01
-9.986961364746093750e+01
-2.511440467834472656e+01
9.982499694824218750e+01
9.771009063720703125e+01
-4.464131164550781250e+01
9.789174652099609375e+01
-8.938253784179687500e+01
9.933933258056640625e+01
1.790395545959472656e+01
-9.998166656494140625e+01
-9.627796936035156250e+01
9.791776275634765625e+01
8.912076568603515625e+01
-9.968494415283203125e+01
-8.644606781005859375e+01
9.994273376464843750e+01
9.238361358642578125e+01
-9.856864166259765625e+01
6.304127120971679688e+01
-9.856114196777343750e+01
9.221714019775390625e+01
-1.561935710906982422e+01
9.978131103515625000e+01
4.940449523925781250e+01
-9.991671752929687500e+01
-9.870040130615234375e+01
9.732264709472656250e+01
6.244751358032226562e+01
-9.840596008300781250e+01
7.533297061920166016e+00
-9.975546264648437500e+01
-4.415421009063720703e+00
9.993758392333984375e+01
9.935340118408203125e+01
8.449294281005859375e+01
-9.988810729980468750e+01
-9.900992584228515625e+01
9.694890594482421875e+01
-7.724600219726562500e+01
9.989766693115234375e+01
9.639044189453125000e+01
-8.729354095458984375e+01
9.789265441894531250e+01
-9.909367370605468750e+01
8.253475952148437500e+01
-9.956974792480468750e+01
9.735894012451171875e+01
-6.632133483886718750e+01
9.981873321533203125e+01
-9.629766464233398438e+00
9.903974151611328125e+01
9.079774475097656250e+01
-9.817044067382812500e+01
-5.613665580749511719e+00
9.987677764892578125e+01
9.924195098876953125e+01
-5.050655364990234375e+00
9.880296325683593750e+01
-9.800038146972656250e+01
9.660730743408203125e+01
-8.009492492675781250e+01
9.889375305175781250e+01
8.150032806396484375e+01
-9.995965576171875000e+01
-9.613169860839843750e+01
9.963598632812500000e+01
9.152809143066406250e+01
-9.722281646728515625e+01
4.544322013854980469e+00
-9.987685394287109375e+01
-7.320082092285156250e+01
9.977086639404296875e+01
9.987751007080078125e+01
5.357351303100585938e+01
-9.990374755859375000e+01
-9.961862182617187500e+01
8.957647705078125000e+01
4.125386238098144531e+00
-9.967926025390625000e+01
-9.041374969482421875e+01
9.970775604248046875e+01
9.760070800781250000e+01
-6.988472747802734375e+01
8.688119506835937500e+01
-9.927799987792968750e+01
7.962252807617187500e+01
-8.670458984375000000e+01
9.841262054443359375e+01
-3.153980636596679688e+01
9.890707397460937500e+01
6.119210815429687500e+01
-9.986656188964843750e+01
2.051487159729003906e+01
-9.981157684326171875e+01
-1.821508216857910156e+01
9.992658233642578125e+01
9.949447631835937500e+01
-6.044530105590820312e+01
9.810667419433593750e+01
-8.389060211181640625e+01
9.920088195800781250e+01
3.223701238632202148e+00
-9.983969116210937500e+01
-8.964230346679687500e+01
9.873455810546875000e+01
9.100428009033203125e+01
-9.586122131347656250e+01
-9.061930847167968750e+01
9.986228179931640625e+01
9.919774627685546875e+01
-9.230747222900390625e+01
9.856945037841796875e+01
-7.065470886230468750e+01
9.920355987548828125e+01
2.008753776550292969e+01
-9.966813659667968750e+01
-9.774588012695312500e+01
9.769879913330078125e+01
2.380807304382324219e+01
-9.864611053466796875e+01
-9.056300354003906250e+01
9.978933715820312500e+01
9.442495727539062500e+01
-8.811037445068359375e+01
9.633587646484375000e+01
-9.459072875976562500e+01
9.669108581542968750e+01
-9.239196014404296875e+01
9.971422576904296875e+01
8.450818634033203125e+01
-9.967930603027343750e+01
-8.754015350341796875e+01
9.976064300537109375e+01
9.261711883544921875e+01
-8.746569061279296875e+01
9.354611206054687500e+01
-9.912664794921875000e+01
8.343027496337890625e+01
-8.926245880126953125e+01
9.873276519775390625e+01
-5.896385192871093750e+01
9.963895416259765625e+01
7.893110275268554688e+00
-9.995534515380859375e+01
-9.644947814941406250e+01
9.914497375488281250e+01
9.213116455078125000e+01
-9.568703460693359375e+01
4.368389892578125000e+01
-9.957256317138671875e+01
-4.738426971435546875e+01
9.980102539062500000e+01
9.974848937988281250e+01
3.583387374877929688e+01
-9.925545501708984375e+01
-8.273178863525390625e+01
9.878637695312500000e+01
-8.370200347900390625e+01
9.973146057128906250e+01
9.867160797119140625e+01
-9.844743347167968750e+01
-9.182078552246093750e+01
-9.785243225097656250e+01
-9.551868438720703125e+01
-9.816041564941406250e+01
-9.913238525390625000e+01
-9.899566650390625000e+01
-9.841974639892578125e+01
-9.904597473144531250e+01
-9.863624572753906250e+01
-9.685208129882812500e+01
9.378382873535156250e+01
9.996434783935546875e+01
9.991284179687500000e+01
9.994650268554687500e+01
9.981223297119140625e+01
9.978211212158203125e+01
9.547433471679687500e+01
8.654878997802734375e+01
9.818179321289062500e+01
9.643974304199218750e+01
1.960733795166015625e+01
-8.869197082519531250e+01
-7.453285980224609375e+01
8.695439910888671875e+01
-5.482445526123046875e+01
7.989210510253906250e+01
-9.572032165527343750e+01
-6.214920806884765625e+01
9.877986145019531250e+01
6.169821548461914062e+01
-9.958619689941406250e+01
7.894732952117919922e+00
-9.988919830322265625e+01
3.281908416748046875e+01
-9.889401245117187500e+01
-6.342873382568359375e+01
9.932508850097656250e+01
9.820651245117187500e+01
9.178852844238281250e+01
-9.992148590087890625e+01
-9.920145416259765625e+01
9.746234130859375000e+01
3.868827438354492188e+01
-9.938976287841796875e+01
4.563973999023437500e+01
-9.950003051757812500e+01
-5.598393630981445312e+01
9.909178924560546875e+01
9.860601806640625000e+01
6.869139862060546875e+01
-9.995623016357421875e+01
-9.991510772705078125e+01
8.286964416503906250e+01
-5.922263336181640625e+01
9.888051605224609375e+01
9.673517608642578125e+01
-9.954589843750000000e+01
1.020551872253417969e+01
-9.994079589843750000e+01
2.371362686157226562e+01
-9.916304016113281250e+01
4.714863204956054688e+01
-9.666484069824218750e+01
9.820206451416015625e+01
-8.439997863769531250e+01
9.693177032470703125e+01
-8.450064086914062500e+01
9.438415527343750000e+01
9.029201507568359375e+01
-9.970571136474609375e+01
1.750029373168945312e+01
-9.992179870605468750e+01
1.309001445770263672e+01
-9.965544128417968750e+01
8.602779388427734375e+01
-9.886173248291015625e+01
8.118742370605468750e+01
-9.896868133544921875e+01
5.623660278320312500e+01
-9.079250335693359375e+01
9.811676788330078125e+01
7.383506774902343750e+01
-9.992666625976562500e+01
-9.370891571044921875e+01
9.899845123291015625e+01
9.778331756591796875e+01
-9.324818420410156250e+01
9.764369964599609375e+01
-9.281784057617187500e+01
9.647378540039062500e+01
-3.298614501953125000e+01
9.954537200927734375e+01
8.680537414550781250e+01
-9.995516204833984375e+01
-7.382876586914062500e+01
9.976895141601562500e+01
7.577188110351562500e+01
-8.857324218750000000e+01
3.755802917480468750e+01
-9.969419860839843750e+01
9.107640075683593750e+01
-9.911355590820312500e+01
9.378948974609375000e+01
-1.295860099792480469e+01
9.983604431152343750e+01
3.284885787963867188e+01
-9.985121917724609375e+01
-9.627819061279296875e+01
9.764749908447265625e+01
9.074398040771484375e+01
-9.421358489990234375e+01
8.552849578857421875e+01
-9.940690612792968750e+01
4.274885177612304688e+01
-9.821459960937500000e+01
9.782207489013671875e+01
-8.806890106201171875e+01
9.953697204589843750e+01
-7.238734436035156250e+01
9.969589233398437500e+01
9.717746734619140625e+01
-9.862841796875000000e+01
-4.028034210205078125e+01
9.997480773925781250e+01
9.868029022216796875e+01
-6.142644119262695312e+01
9.817721557617187500e+01
-3.719236373901367188e+01
9.599198913574218750e+01
7.782337188720703125e+01
-9.898950195312500000e+01
-9.321500396728515625e+01
9.835756683349609375e+01
8.068788146972656250e+01
-9.953398132324218750e+01
-7.027397155761718750e+01
9.972284698486328125e+01
9.741085052490234375e+01
-7.033769130706787109e+00
9.864381408691406250e+01
-6.779200744628906250e+01
9.795565032958984375e+01
6.488266754150390625e+01
-9.995255279541015625e+01
-9.888691711425781250e+01
9.902906799316406250e+01
8.790160369873046875e+01
-9.886309051513671875e+01
5.366821289062500000e+01
-9.982727813720703125e+01
-8.372859954833984375e+01
9.938886260986328125e+01
9.821547698974609375e+01
-5.403957366943359375e+01
9.831405639648437500e+01
-7.649344635009765625e+01
9.887931823730468750e+01
7.865188598632812500e+01
-9.982529449462890625e+01
-7.197001647949218750e+01
9.854430389404296875e+01
9.447096252441406250e+01
-9.013201904296875000e+01
9.666375732421875000e+01
-9.967006683349609375e+01
8.927590942382812500e+01
-9.585427856445312500e+01
9.375598144531250000e+01
-6.765544128417968750e+01
9.946772766113281250e+01
5.808154296875000000e+01
-9.994403076171875000e+01
-9.913088989257812500e+01
9.703451538085937500e+01
8.466698455810546875e+01
-9.938192749023437500e+01
-3.738216018676757812e+01
9.990554809570312500e+01
9.746555328369140625e+01
-9.098753356933593750e+01
9.950281524658203125e+01
7.786515045166015625e+01
-9.991600036621093750e+01
-9.928916168212890625e+01
9.549697875976562500e+01
-6.842688751220703125e+01
9.982653808593750000e+01
3.631194305419921875e+01
-9.979364013671875000e+01
-9.452761077880859375e+01
9.981944274902343750e+01
9.398410034179687500e+01
-9.398325347900390625e+01
4.655731582641601562e+01
-9.909725952148437500e+01
9.393057250976562500e+01
-9.277497100830078125e+01
9.879431152343750000e+01
-8.050386047363281250e+01
9.945720672607421875e+01
7.090854644775390625e+01
-9.891496276855468750e+01
-9.014739227294921875e+01
9.988856506347656250e+01
9.922415924072265625e+01
-8.701065063476562500e+01
9.513395690917968750e+01
-9.726692199707031250e+01
9.625569152832031250e+01
-9.928483581542968750e+01
8.948706817626953125e+01
-9.080843925476074219e+00
9.904424285888671875e+01
8.743184661865234375e+01
-9.932382965087890625e+01
-8.312646484375000000e+01
9.911136627197265625e+01
8.746625518798828125e+01
-9.940273284912109375e+01
8.304518127441406250e+01
-8.994895172119140625e+01
9.584366607666015625e+01
-5.301919555664062500e+01
9.959139251708984375e+01
-6.940442657470703125e+01
9.932036590576171875e+01
1.203833103179931641e+01
-9.945375061035156250e+01
-8.409566497802734375e+01
9.960226440429687500e+01
7.393640899658203125e+01
-9.720911407470703125e+01
3.523173522949218750e+01
-9.944437408447265625e+01
9.925590753555297852e-01
-9.948917388916015625e+01
5.000439453125000000e+01
-9.699308776855468750e+01
9.762668609619140625e+01
-7.658498382568359375e+01
9.955524444580078125e+01
-5.552661514282226562e+01
9.767920684814453125e+01
8.914646148681640625e+01
-9.949317932128906250e+01
-7.262741088867187500e+00
9.985079193115234375e+01
9.861474609375000000e+01
5.749343109130859375e+01
-9.898658752441406250e+01
-9.908104705810546875e+01
9.291411590576171875e+01
-7.398825073242187500e+01
9.974416351318359375e+01
1.888492774963378906e+01
-9.547593688964843750e+01
-9.762440490722656250e+01
-9.826615142822265625e+01
-9.945668029785156250e+01
-9.593300628662109375e+01
-9.934502410888671875e+01
-9.961534118652343750e+01
-9.953504180908203125e+01
-9.895002746582031250e+01
-9.854798126220703125e+01
-9.595162963867187500e+01
9.923857879638671875e+01
9.996501922607421875e+01
9.998324584960937500e+01
9.998903656005859375e+01
9.990499877929687500e+01
9.878779602050781250e+01
9.497928619384765625e+01
9.490901184082031250e+01
8.485980224609375000e+01
9.541558837890625000e+01
8.079098510742187500e+01
-9.225590515136718750e+01
-7.295719909667968750e+01
7.056357574462890625e+01
-7.890220642089843750e+01
8.967497253417968750e+01
-9.919222259521484375e+01
-6.768617248535156250e+01
9.510758972167968750e+01
9.332364654541015625e+01
-9.942208862304687500e+01
-7.665399169921875000e+01
9.913934326171875000e+01
9.584823608398437500e+01
-6.277255249023437500e+01
9.815008544921875000e+01
-7.015458679199218750e+01
2.807421684265136719e+01
-7.122849273681640625e+01
9.885045623779296875e+01
1.354274749755859375e+01
-9.979370117187500000e+01
-9.499825286865234375e+01
9.805852508544921875e+01
8.827256011962890625e+01
-9.369680786132812500e+01
7.923301696777343750e+01
-9.991039276123046875e+01
6.539517211914062500e+01
-9.947937774658203125e+01
6.579352569580078125e+01
-9.157319641113281250e+01
9.466055297851562500e+01
-4.695508193969726562e+01
9.706125640869140625e+01
8.620964050292968750e+01
-9.990296173095703125e+01
-2.399541664123535156e+01
9.726354217529296875e+01
9.864610290527343750e+01
-7.945668029785156250e+01
8.133698272705078125e+01
-9.858128356933593750e+01
8.696329498291015625e+01
-8.084339141845703125e+01
9.959913635253906250e+01
-3.118723297119140625e+01
9.894851684570312500e+01
9.135059356689453125e+01
-9.994979095458984375e+01
-9.449001312255859375e+01
9.681142425537109375e+01
9.540919494628906250e+01
-9.474273681640625000e+01
8.582910919189453125e+01
-9.791963958740234375e+01
9.283582305908203125e+01
-8.769352722167968750e+01
9.374839019775390625e+01
-3.471515655517578125e+01
9.892916870117187500e+01
3.821362304687500000e+01
-9.997127532958984375e+01
-9.119968414306640625e+01
9.846862792968750000e+01
9.235740661621093750e+01
-9.581230163574218750e+01
8.883948326110839844e+00
-9.875224304199218750e+01
-1.407884955406188965e+00
9.991027069091796875e+01
9.650275421142578125e+01
9.262372589111328125e+01
-9.998516845703125000e+01
-9.879047393798828125e+01
9.819525146484375000e+01
9.196715545654296875e+01
-9.800030517578125000e+01
3.607374572753906250e+01
-9.943572998046875000e+01
4.035673141479492188e+00
-9.981440734863281250e+01
-4.709754562377929688e+01
9.979878997802734375e+01
9.994409942626953125e+01
2.452727890014648438e+01
-9.997271728515625000e+01
-9.889099884033203125e+01
9.711612701416015625e+01
-8.593567657470703125e+01
9.969970703125000000e+01
9.848234558105468750e+01
-4.242147064208984375e+01
9.708650207519531250e+01
-9.936949920654296875e+01
8.349365997314453125e+01
-9.320593261718750000e+01
9.052360534667968750e+01
-8.595924377441406250e+01
9.972855377197265625e+01
8.630295562744140625e+01
-9.996916961669921875e+01
-9.951133728027343750e+01
9.744194030761718750e+01
9.680780029296875000e+01
-9.895031738281250000e+01
6.789506530761718750e+01
-9.985601043701171875e+01
-2.454747200012207031e+01
9.969238281250000000e+01
9.957629394531250000e+01
5.412644195556640625e+01
-9.992431640625000000e+01
-9.910537719726562500e+01
9.761271667480468750e+01
8.167865753173828125e+01
-9.884184265136718750e+01
-1.228256702423095703e+01
9.845429229736328125e+01
9.939431762695312500e+01
-9.215863800048828125e+01
9.894203948974609375e+01
-9.250370025634765625e+01
9.761711120605468750e+01
7.791402435302734375e+01
-9.983697509765625000e+01
-9.216827392578125000e+01
9.953495788574218750e+01
9.347471618652343750e+01
-9.946573638916015625e+01
7.428028869628906250e+01
-9.976598358154296875e+01
-5.482544326782226562e+01
9.994309997558593750e+01
9.970870208740234375e+01
4.168171405792236328e+00
-9.990393829345703125e+01
-9.955772399902343750e+01
9.360437774658203125e+01
-7.911277770996093750e+01
9.874428558349609375e+01
9.488448333740234375e+01
-9.947478485107421875e+01
8.008081054687500000e+01
-9.991195678710937500e+01
-4.200090026855468750e+01
9.976753997802734375e+01
9.962696075439453125e+01
6.781309509277343750e+01
-9.996982574462890625e+01
-9.761716461181640625e+01
9.483547210693359375e+01
-8.275155639648437500e+01
9.951312255859375000e+01
9.864691162109375000e+01
-8.774568176269531250e+01
9.689028930664062500e+01
-9.991652679443359375e+01
1.602286911010742188e+01
-9.829110717773437500e+01
9.633340454101562500e+01
-9.623463439941406250e+01
9.387268829345703125e+01
-8.422225189208984375e+01
9.969734954833984375e+01
1.354264640808105469e+01
-9.891148376464843750e+01
-9.190092468261718750e+01
9.969040679931640625e+01
8.643108367919921875e+01
-9.386943817138671875e+01
9.297453308105468750e+01
-9.937473297119140625e+01
6.180388259887695312e+01
-9.626865386962890625e+01
9.493909454345703125e+01
-5.397616195678710938e+01
9.980666351318359375e+01
-8.075092315673828125e+00
9.938568115234375000e+01
9.747882843017578125e+01
-9.807983398437500000e+01
2.251358604431152344e+01
-9.894922637939453125e+01
6.140001296997070312e+01
-9.965363311767578125e+01
6.189974975585937500e+01
-9.707534790039062500e+01
8.834458923339843750e+01
-9.622430419921875000e+01
9.801454925537109375e+01
-1.172378921508789062e+01
9.949687957763671875e+01
9.531592559814453125e+01
-9.996515655517578125e+01
-6.191526794433593750e+01
9.974663543701171875e+01
9.570156097412109375e+01
-3.007500457763671875e+01
9.360034179687500000e+01
-9.663568878173828125e+01
9.738583374023437500e+01
-9.334718322753906250e+01
9.925936126708984375e+01
4.235528945922851562e+01
-9.661267089843750000e+01
-9.206728363037109375e+01
9.727404022216796875e+01
5.983768081665039062e+01
-9.964821624755859375e+01
4.753442382812500000e+01
-9.865314483642578125e+01
7.069998931884765625e+01
-9.852581024169921875e+01
8.679707336425781250e+01
-9.007083892822265625e+01
9.898449707031250000e+01
3.383973693847656250e+01
-9.975190734863281250e+01
-9.202231597900390625e+01
9.870832061767578125e+01
5.452491760253906250e+01
-9.982945251464843750e+01
1.648391366004943848e+00
-9.986936950683593750e+01
-4.125452637672424316e-01
9.951104736328125000e+01
8.593400573730468750e+01
-9.945436096191406250e+01
-6.261833190917968750e+01
9.929769897460937500e+01
9.413162994384765625e+01
-9.093428802490234375e+01
9.696773529052734375e+01
-4.138961410522460938e+01
-9.931730651855468750e+01
-9.555640411376953125e+01
-9.737525177001953125e+01
-9.897360992431640625e+01
-9.969384765625000000e+01
-9.895149230957031250e+01
-9.966608428955078125e+01
-9.986188507080078125e+01
-9.899387359619140625e+01
-9.838198852539062500e+01
-9.833374023437500000e+01
9.787826538085937500e+01
9.995750427246093750e+01
9.997722625732421875e+01
9.968881225585937500e+01
9.996345520019531250e+01
9.927565765380859375e+01
9.649376678466796875e+01
9.740070343017578125e+01
9.560989379882812500e+01
9.424055480957031250e+01
3.155243682861328125e+01
-8.745362091064453125e+01
-7.477844238281250000e+01
9.537668609619140625e+01
-9.500339508056640625e+01
8.032126617431640625e+01
-9.891354370117187500e+01
-8.713567352294921875e+01
9.955461883544921875e+01
6.080012512207031250e+01
-9.926111602783203125e+01
4.320363616943359375e+01
-9.982556152343750000e+01
-4.940422058105468750e+01
9.963995361328125000e+01
9.634613037109375000e+01
-5.011755752563476562e+01
9.733577728271484375e+01
-3.265296936035156250e+01
9.514580535888671875e+01
2.429081535339355469e+01
-9.775921630859375000e+01
-4.253848648071289062e+01
9.677725219726562500e+01
8.955324554443359375e+01
-9.872066497802734375e+01
2.863385963439941406e+01
-9.986813354492187500e+01
1.737656402587890625e+01
-9.887503814697265625e+01
1.412581539154052734e+01
-9.690046691894531250e+01
9.628232574462890625e+01
-8.228925323486328125e+01
9.547222900390625000e+01
-7.112497711181640625e+01
9.978097534179687500e+01
9.761368560791015625e+01
-9.793769836425781250e+01
7.969907379150390625e+01
-9.954077911376953125e+01
8.290287017822265625e+01
-9.185985565185546875e+01
7.607884216308593750e+01
-9.549768829345703125e+01
8.855758666992187500e+01
-9.658258819580078125e+01
9.860435485839843750e+01
-4.562072277069091797e+00
9.863141632080078125e+01
9.791970062255859375e+01
-9.992617034912109375e+01
-2.526012039184570312e+01
9.975471496582031250e+01
9.885834503173828125e+01
-7.260255432128906250e+01
9.731330108642578125e+01
-8.625384521484375000e+01
9.817612457275390625e+01
4.604526901245117188e+01
-9.977307128906250000e+01
-9.871614837646484375e+01
9.794338989257812500e+01
1.605021286010742188e+01
-9.957514190673828125e+01
-1.243739649653434753e-01
4.514613342285156250e+01
-9.975108337402343750e+01
9.013127899169921875e+01
-9.707164764404296875e+01
9.696868896484375000e+01
-6.972673797607421875e+01
9.587339782714843750e+01
5.849608612060546875e+01
-9.997850799560546875e+01
-9.882280731201171875e+01
9.978952026367187500e+01
9.716146850585937500e+01
-9.264595794677734375e+01
8.923651885986328125e+01
-9.910276794433593750e+01
3.506214523315429688e+01
-9.962760925292968750e+01
8.273966979980468750e+01
-9.060723876953125000e+01
9.975477600097656250e+01
5.442416763305664062e+01
-9.982726287841796875e+01
-9.908910369873046875e+01
9.933633422851562500e+01
8.796148681640625000e+01
-9.787223052978515625e+01
-5.765884399414062500e+00
9.988342285156250000e+01
9.974213409423828125e+01
9.239988708496093750e+01
-9.950515747070312500e+01
-9.832627868652343750e+01
9.771826171875000000e+01
1.268171787261962891e+01
-9.976837921142578125e+01
-9.282140350341796875e+01
9.993637084960937500e+01
9.696782684326171875e+01
-9.415985107421875000e+01
6.954148101806640625e+01
-9.990090942382812500e+01
6.826584625244140625e+01
-9.894529724121093750e+01
9.218257141113281250e+01
-1.634453392028808594e+01
9.883667755126953125e+01
3.461911201477050781e+00
-9.994560241699218750e+01
-9.737050628662109375e+01
9.324736022949218750e+01
5.954123306274414062e+01
-9.984041595458984375e+01
-7.049152374267578125e+01
9.973652648925781250e+01
9.950161743164062500e+01
4.226809692382812500e+01
-9.999656677246093750e+01
-9.936892700195312500e+01
9.340276336669921875e+01
-7.273960113525390625e+01
9.916218566894531250e+01
9.448429870605468750e+01
-9.825099945068359375e+01
-2.810639953613281250e+01
9.979582214355468750e+01
9.856729888916015625e+01
-9.607827758789062500e+01
9.968180084228515625e+01
1.914525413513183594e+01
-9.998724365234375000e+01
-9.979360961914062500e+01
9.665862274169921875e+01
-1.154000091552734375e+01
9.944687652587890625e+01
9.698735809326171875e+01
-9.687332153320312500e+01
6.421106719970703125e+01
-9.975960540771484375e+01
5.433731842041015625e+01
-9.790392303466796875e+01
4.249837875366210938e+01
-8.117601013183593750e+01
9.826541900634765625e+01
-3.109358215332031250e+01
9.980712890625000000e+01
8.607401275634765625e+01
-9.981745147705078125e+01
-9.271285247802734375e+01
9.995507049560546875e+01
9.582229614257812500e+01
-9.835494995117187500e+01
3.934929275512695312e+01
-9.958355712890625000e+01
-1.515326499938964844e+01
9.997563934326171875e+01
9.969287109375000000e+01
9.497878265380859375e+01
-9.753015899658203125e+01
-9.624155426025390625e+01
9.789868164062500000e+01
6.780263519287109375e+01
-9.930567932128906250e+01
2.801744651794433594e+01
-9.871873474121093750e+01
1.407866477966308594e+01
-9.882070159912109375e+01
8.698950195312500000e+01
-9.946565246582031250e+01
8.765911102294921875e+01
-9.894380187988281250e+01
9.883620452880859375e+01
-5.627462387084960938e+01
9.978342437744140625e+01
9.512184143066406250e+01
-9.884377288818359375e+01
9.036759376525878906e+00
-9.976284790039062500e+01
-9.281557083129882812e+00
9.982280731201171875e+01
9.948915863037109375e+01
8.069207000732421875e+01
-9.984445190429687500e+01
-9.760398101806640625e+01
9.685091400146484375e+01
-8.187049865722656250e+01
9.931230163574218750e+01
9.647365570068359375e+01
-9.333090972900390625e+01
9.414451599121093750e+01
-9.818219757080078125e+01
5.442780685424804688e+01
-9.941381072998046875e+01
9.065181732177734375e+01
-9.890570068359375000e+01
8.710998535156250000e+01
-5.607511901855468750e+01
9.936916351318359375e+01
6.458167266845703125e+01
-9.960947418212890625e+01
-8.562718963623046875e+01
9.974042510986328125e+01
9.643937683105468750e+01
-9.728049468994140625e+01
-7.750579071044921875e+01
9.975543975830078125e+01
9.962217712402343750e+01
-7.311573028564453125e+01
9.727958679199218750e+01
3.114999771118164062e+01
-9.990773010253906250e+01
-9.652838897705078125e+01
9.781710815429687500e+01
4.871219253540039062e+01
-9.931517028808593750e+01
-8.408054351806640625e+01
9.921675109863281250e+01
9.808598327636718750e+01
-7.750171661376953125e+01
9.063239288330078125e+01
-9.714418029785156250e+01
9.049777984619140625e+01
1.662828063964843750e+01
-9.988963317871093750e+01
-9.742539215087890625e+01
9.099980926513671875e+01
8.880164337158203125e+01
-9.939788055419921875e+01
-9.029105377197265625e+01
9.988423919677734375e+01
-9.650351715087890625e+01
-9.299302673339843750e+01
-9.856437683105468750e+01
-9.719512939453125000e+01
-9.742209625244140625e+01
-9.974671173095703125e+01
-9.920423889160156250e+01
-9.955864715576171875e+01
-9.146846771240234375e+01
-9.916290283203125000e+01
-9.882574462890625000e+01
9.742332458496093750e+01
9.999514007568359375e+01
9.997113037109375000e+01
9.983636474609375000e+01
9.988494110107421875e+01
9.885603332519531250e+01
9.624980926513671875e+01
9.698355102539062500e+01
9.769896697998046875e+01
7.360090637207031250e+01
9.193589782714843750e+01
-7.645692443847656250e+01
-7.177556610107421875e+01
3.838070678710937500e+01
-7.035659027099609375e+01
9.481059265136718750e+01
-9.828923797607421875e+01
-3.244195556640625000e+01
9.815553283691406250e+01
7.595098876953125000e+01
-9.936425781250000000e+01
-5.293319320678710938e+01
9.858701324462890625e+01
9.521216583251953125e+01
-1.968600273132324219e+00
8.623121643066406250e+01
-8.261183929443359375e+01
9.180044555664062500e+01
-2.844597101211547852e+00
9.454799652099609375e+01
7.371159362792968750e+01
-9.993312072753906250e+01
-9.275625610351562500e+01
9.738585662841796875e+01
7.689679718017578125e+01
-9.752582550048828125e+01
6.297702026367187500e+01
-9.777934265136718750e+01
9.201695251464843750e+01
-9.905390930175781250e+01
5.172054290771484375e+01
-9.801578521728515625e+01
9.587667846679687500e+01
-8.027996063232421875e+01
9.850560760498046875e+01
8.987268066406250000e+01
-9.983997344970703125e+01
-5.094673156738281250e+01
9.987310028076171875e+01
9.410153961181640625e+01
-8.424174499511718750e+01
9.635680389404296875e+01
-9.445542907714843750e+01
6.059356307983398438e+01
-9.360334777832031250e+01
9.967771148681640625e+01
4.407225418090820312e+01
-9.995157623291015625e+01
-6.195795440673828125e+01
9.940700531005859375e+01
3.715845489501953125e+01
-9.984991455078125000e+01
-5.622429656982421875e+01
9.968086242675781250e+01
9.902084350585937500e+01
-1.616644477844238281e+01
9.777408599853515625e+01
-9.677705383300781250e+01
9.537677001953125000e+01
-1.860163497924804688e+01
9.965034484863281250e+01
9.217027282714843750e+01
-9.417227172851562500e+01
-2.982575035095214844e+01
9.978852081298828125e+01
9.660757446289062500e+01
-9.628188323974609375e+01
9.735211181640625000e+01
-6.957006072998046875e+01
9.791670989990234375e+01
-9.751477050781250000e+01
9.792367553710937500e+01
-4.082067108154296875e+01
9.992314910888671875e+01
8.074226379394531250e+01
-9.988588714599609375e+01
2.233331680297851562e+01
-9.998284149169921875e+01
-9.534806060791015625e+01
9.988080596923828125e+01
8.713549041748046875e+01
-9.067326354980468750e+01
1.416758632659912109e+01
-9.984243774414062500e+01
3.516833496093750000e+01
-9.958688354492187500e+01
9.789582061767578125e+01
-2.640008926391601562e+01
9.960991668701171875e+01
9.122966003417968750e+01
-9.983057403564453125e+01
-9.910475921630859375e+01
9.915017700195312500e+01
8.790782928466796875e+01
-9.703580474853515625e+01
9.142716979980468750e+01
-9.990852355957031250e+01
7.689395904541015625e+01
-9.641069793701171875e+01
9.798974609375000000e+01
-9.177117919921875000e+01
9.951831817626953125e+01
-7.102806854248046875e+01
9.983919525146484375e+01
8.527261352539062500e+01
-9.979475402832031250e+01
1.414700698852539062e+01
-9.990705108642578125e+01
-6.248734664916992188e+01
9.977963256835937500e+01
9.898183441162109375e+01
-8.781845855712890625e+01
8.155259704589843750e+01
-9.902951049804687500e+01
7.437835693359375000e+01
-9.764433288574218750e+01
9.585121917724609375e+01
8.614746856689453125e+01
-9.966085815429687500e+01
-7.550529479980468750e+01
9.975189208984375000e+01
9.939529418945312500e+01
-9.932122039794921875e+01
3.883076858520507812e+01
-9.984822845458984375e+01
9.493267059326171875e+01
-8.579055023193359375e+01
9.681082153320312500e+01
-8.948152160644531250e+01
9.911637115478515625e+01
-1.055999660491943359e+01
9.987744903564453125e+01
6.684589385986328125e+01
-9.972583007812500000e+01
-3.781289291381835938e+01
9.981810760498046875e+01
9.872323608398437500e+01
3.559459304809570312e+01
-9.998260498046875000e+01
-9.984208679199218750e+01
-7.549540710449218750e+01
9.994129943847656250e+01
9.975751495361328125e+01
9.453397369384765625e+01
-9.879118347167968750e+01
-7.831220245361328125e+01
9.902244567871093750e+01
3.613778305053710938e+01
-9.974610137939453125e+01
6.511043548583984375e+01
-9.953047943115234375e+01
2.464076805114746094e+01
-9.556526947021484375e+01
8.703543853759765625e+01
-9.470240783691406250e+01
8.829033660888671875e+01
-8.700538635253906250e+01
9.862565612792968750e+01
7.071695709228515625e+01
-9.891203308105468750e+01
-7.425051116943359375e+01
9.996974182128906250e+01
9.828636932373046875e+01
-5.282944679260253906e+00
9.592321777343750000e+01
-9.651294708251953125e+01
9.781133270263671875e+01
-5.326530456542968750e+01
9.892222595214843750e+01
8.794586181640625000e+01
-9.975770568847656250e+01
-7.124479675292968750e+01
9.806045532226562500e+01
9.338008117675781250e+01
-9.095226287841796875e+01
9.042893981933593750e+01
-9.963950347900390625e+01
8.665524291992187500e+01
-9.922639465332031250e+01
9.674550628662109375e+01
-1.021117115020751953e+01
9.949948120117187500e+01
5.035546493530273438e+01
-9.994744873046875000e+01
-9.753665924072265625e+01
9.972022247314453125e+01
9.321736907958984375e+01
-9.324628448486328125e+01
5.949220657348632812e+01
-9.909449768066406250e+01
8.712588500976562500e+01
-9.964514160156250000e+01
7.970638275146484375e+01
-9.440546417236328125e+01
9.572849273681640625e+01
3.908472061157226562e+01
-9.994205474853515625e+01
-9.950193786621093750e+01
9.175415802001953125e+01
7.628905487060546875e+01
-9.724257659912109375e+01
9.447331428527832031e+00
-9.970892333984375000e+01
-4.859041595458984375e+01
9.997170257568359375e+01
9.889218139648437500e+01
7.657371520996093750e+01
-9.995150756835937500e+01
-9.951446533203125000e+01
6.232699584960937500e+01
-5.079417419433593750e+01
9.598675537109375000e+01
9.925167846679687500e+01
-8.751648712158203125e+01
5.531547546386718750e+01
-9.793241882324218750e+01
8.729549407958984375e+01
-9.958232879638671875e+01
9.350859832763671875e+01
-9.653428649902343750e+01
9.789704895019531250e+01
-4.671521759033203125e+01
9.955791473388671875e+01
-3.859697580337524414e+00
9.918544006347656250e+01
8.221334838867187500e+01
-9.961231994628906250e+01
8.758373260498046875e+01
-9.928933715820312500e+01
8.593240356445312500e+01
-8.101442718505859375e+01
9.594384765625000000e+01
-9.125751495361328125e+01
9.865808105468750000e+01
-3.449599075317382812e+01
-9.817826843261718750e+01
-9.075041961669921875e+01
-8.101110076904296875e+01
-9.834437561035156250e+01
-9.867652130126953125e+01
-9.956791687011718750e+01
-9.953688812255859375e+01
-9.901426696777343750e+01
-9.905393981933593750e+01
-9.851906585693359375e+01
-9.476542663574218750e+01
9.696734619140625000e+01
9.999520111083984375e+01
9.998080444335937500e+01
9.990357971191406250e+01
9.978099822998046875e+01
9.968284606933593750e+01
9.857914733886718750e+01
9.661752319335937500e+01
9.857748413085937500e+01
7.950593566894531250e+01
9.191829681396484375e+01
-9.889857482910156250e+01
-8.561028289794921875e+01
8.945836639404296875e+01
-4.948212432861328125e+01
3.800169372558593750e+01
-9.954025268554687500e+01
5.502490234375000000e+01
-9.975400543212890625e+01
-9.678437805175781250e+01
6.950991058349609375e+01
6.428365325927734375e+01
-9.786184692382812500e+01
2.319130325317382812e+01
-9.899262237548828125e+01
-7.448464965820312500e+01
9.846244812011718750e+01
9.799427795410156250e+01
7.796667480468750000e+01
-9.991323852539062500e+01
-8.785886383056640625e+01
9.551615905761718750e+01
8.106880187988281250e+01
-9.906023406982421875e+01
6.766260528564453125e+01
-9.944938659667968750e+01
1.014082908630371094e+01
-9.903064727783203125e+01
5.142555236816406250e+01
-7.443582153320312500e+01
9.656618499755859375e+01
-6.833207702636718750e+01
9.938663482666015625e+01
-5.837462615966796875e+01
9.882807159423828125e+01
9.967221832275390625e+01
-9.822374725341796875e+01
9.572424316406250000e+01
-9.953366851806640625e+01
9.273853302001953125e+01
-9.730808258056640625e+01
9.396189117431640625e+01
3.373855590820312500e+01
-9.994785308837890625e+01
-9.886611938476562500e+01
9.894545745849609375e+01
-1.095115470886230469e+01
9.927114868164062500e+01
9.601808929443359375e+01
-9.860966491699218750e+01
6.508310699462890625e+01
-9.992201232910156250e+01
5.661887359619140625e+01
-9.660921478271484375e+01
9.810267639160156250e+01
-7.693543243408203125e+01
9.917188262939453125e+01
7.683981323242187500e+01
-9.997456359863281250e+01
-9.724241638183593750e+01
9.920186614990234375e+01
9.762168884277343750e+01
-9.438447570800781250e+01
4.845693588256835938e+01
-9.961261749267578125e+01
6.145874786376953125e+01
-9.877005004882812500e+01
9.371659088134765625e+01
-8.166436767578125000e+01
9.868037414550781250e+01
-2.250415229797363281e+01
9.983859252929687500e+01
7.202551269531250000e+01
-9.966347503662109375e+01
-2.953528404235839844e+01
9.976262664794921875e+01
9.855737304687500000e+01
-3.384902191162109375e+01
9.901699066162109375e+01
-9.922336578369140625e+01
8.408250427246093750e+01
-9.182862091064453125e+01
9.603897094726562500e+01
-4.068213939666748047e+00
9.986479949951171875e+01
9.047024536132812500e+01
-9.982385253906250000e+01
-8.977499389648437500e+01
9.772340393066406250e+01
9.685684204101562500e+01
-9.777299499511718750e+01
9.629697418212890625e+01
-9.865833282470703125e+01
8.638562774658203125e+01
-8.992826843261718750e+01
9.440210723876953125e+01
-3.522424697875976562e+01
9.621220397949218750e+01
4.977844238281250000e+00
-9.998210144042968750e+01
-9.939177703857421875e+01
9.820003509521484375e+01
7.751680755615234375e+01
-9.848933410644531250e+01
8.117355346679687500e+01
-9.794501495361328125e+01
-2.324121284484863281e+01
9.984670257568359375e+01
9.847292327880859375e+01
9.510938262939453125e+01
-9.996545410156250000e+01
-9.540641021728515625e+01
9.975147247314453125e+01
9.707467651367187500e+01
-9.788193511962890625e+01
5.864056777954101562e+01
-9.944479370117187500e+01
-4.509782409667968750e+01
9.993309783935546875e+01
9.957009887695312500e+01
3.530113983154296875e+01
-9.998066711425781250e+01
-9.976232910156250000e+01
9.747554016113281250e+01
-1.753148078918457031e+01
9.986006927490234375e+01
9.035033416748046875e+01
-9.959079742431640625e+01
-8.853515625000000000e+01
9.947325134277343750e+01
9.585316467285156250e+01
-8.378658294677734375e+01
9.871977996826171875e+01
-9.837634277343750000e+01
9.814511871337890625e+01
-3.498731994628906250e+01
9.914080810546875000e+01
7.591592407226562500e+01
-9.989363098144531250e+01
-9.285680389404296875e+01
9.929023742675781250e+01
9.009248352050781250e+01
-9.887119293212890625e+01
-3.559380340576171875e+01
9.912268829345703125e+01
9.623564910888671875e+01
-8.354150390625000000e+01
9.367292022705078125e+01
-8.460424041748046875e+01
9.929213714599609375e+01
-9.340238571166992188e+00
9.985054779052734375e+01
7.544851684570312500e+01
-9.961372375488281250e+01
-4.569564437866210938e+01
9.951622772216796875e+01
9.923434448242187500e+01
-8.033686828613281250e+01
6.242127990722656250e+01
-9.897199249267578125e+01
8.884135437011718750e+01
-9.810980224609375000e+01
9.791040039062500000e+01
-9.283596038818359375e+01
9.933686828613281250e+01
2.764298057556152344e+01
-9.997287750244140625e+01
-9.799398803710937500e+01
9.860540008544921875e+01
2.170150279998779297e+00
-9.979104614257812500e+01
-5.386753082275390625e+01
9.996662139892578125e+01
9.692539215087890625e+01
-7.866410064697265625e+01
9.952576446533203125e+01
1.032755756378173828e+01
-9.974609375000000000e+01
-9.397553253173828125e+01
9.898883819580078125e+01
6.498579502105712891e+00
-9.751887512207031250e+01
-9.726782989501953125e+01
9.873315429687500000e+01
-4.213798141479492188e+01
9.970625305175781250e+01
9.964803314208984375e+01
4.120954513549804688e+01
-9.980287933349609375e+01
-9.823563385009765625e+01
9.589476013183593750e+01
-7.474541473388671875e+01
9.984023284912109375e+01
4.033224105834960938e+01
-9.994911193847656250e+01
-9.866641998291015625e+01
9.817021179199218750e+01
4.849364852905273438e+01
-9.476668548583984375e+01
4.184823989868164062e+01
-9.977056884765625000e+01
8.562271881103515625e+01
-9.771760559082031250e+01
9.778865814208984375e+01
-7.005407714843750000e+01
9.689425659179687500e+01
-4.117376708984375000e+01
9.976261138916015625e+01
2.603889083862304688e+01
-9.953787994384765625e+01
-8.149655151367187500e+01
9.942211151123046875e+01
9.960119628906250000e+01
-8.097502899169921875e+01
9.758508300781250000e+01
-7.394219970703125000e+01
9.956465148925781250e+01
-6.479622650146484375e+01
9.977967834472656250e+01
4.788670349121093750e+01
-9.952298736572265625e+01
-9.583507537841796875e+01
9.954936218261718750e+01
9.648607635498046875e+01
-7.698226165771484375e+01
9.876103210449218750e+01
-9.903837585449218750e+01
4.701380920410156250e+01
-9.706763458251953125e+01
9.742570495605468750e+01
-9.605458068847656250e+01
9.981923675537109375e+01
-4.385134506225585938e+01
9.861503601074218750e+01
6.016824340820312500e+01
-9.866876220703125000e+01
-9.515998840332031250e+01
-9.495482635498046875e+01
-9.292942047119140625e+01
-9.591617584228515625e+01
-9.964164733886718750e+01
-9.964004516601562500e+01
-9.960639190673828125e+01
-9.838948822021484375e+01
-9.882140350341796875e+01
-9.769792175292968750e+01
9.713900756835937500e+01
9.997647094726562500e+01
9.998956298828125000e+01
9.995949554443359375e+01
9.994456481933593750e+01
9.869113922119140625e+01
9.664492797851562500e+01
9.312830352783203125e+01
9.404304504394531250e+01
9.087930297851562500e+01
3.638397979736328125e+01
-9.403629302978515625e+01
-5.811965560913085938e+01
9.131125640869140625e+01
-1.512447452545166016e+01
-2.593834304809570312e+01
9.139598846435546875e+01
3.357155990600585938e+01
-9.973654174804687500e+01
-7.654980468750000000e+01
8.051179504394531250e+01
7.161894226074218750e+01
-9.896646881103515625e+01
8.346758270263671875e+01
-9.584194946289062500e+01
6.324755096435546875e+01
-9.792344665527343750e+01
9.747306823730468750e+01
-5.000280761718750000e+01
9.405817413330078125e+01
-6.591680908203125000e+01
8.889546203613281250e+01
-2.316942596435546875e+01
9.917753601074218750e+01
8.304141235351562500e+01
-9.872042083740234375e+01
-3.354776763916015625e+01
9.735203552246093750e+01
9.777252960205078125e+01
1.586672019958496094e+01
-9.996295166015625000e+01
-9.983980560302734375e+01
8.224308013916015625e+01
-6.476686096191406250e+01
9.952592468261718750e+01
7.331142425537109375e+01
-9.992981719970703125e+01
-9.826104736328125000e+01
9.807560729980468750e+01
-4.656770706176757812e+01
9.957201385498046875e+01
9.889468383789062500e+01
-7.224826812744140625e+01
9.703122711181640625e+01
-8.130296325683593750e+01
9.762259674072265625e+01
5.605168914794921875e+01
-9.997300720214843750e+01
-8.479901885986328125e+01
9.953816223144531250e+01
8.823078918457031250e+01
-9.961154174804687500e+01
-2.540838432312011719e+01
9.987386322021484375e+01
8.783823394775390625e+01
-9.833665466308593750e+01
7.618544006347656250e+01
-8.667988586425781250e+01
9.735407257080078125e+01
-8.446236610412597656e+00
9.948773193359375000e+01
3.502112197875976562e+01
-9.993086242675781250e+01
-5.805984878540039062e+01
9.696617126464843750e+01
9.583882904052734375e+01
-9.742308807373046875e+01
4.896842193603515625e+01
-9.996540832519531250e+01
2.047137641906738281e+01
-9.984600830078125000e+01
-6.642909526824951172e+00
9.976566314697265625e+01
9.994302368164062500e+01
8.396246337890625000e+01
-9.996971893310546875e+01
-9.940728759765625000e+01
9.877168273925781250e+01
5.413435459136962891e+00
-9.993118286132812500e+01
-9.205438995361328125e+01
9.983634185791015625e+01
9.961099243164062500e+01
2.359486961364746094e+01
-9.999540710449218750e+01
-9.996152496337890625e+01
-8.689418792724609375e+01
9.995568084716796875e+01
9.984461975097656250e+01
9.512785339355468750e+01
-9.953825378417968750e+01
-9.211410522460937500e+01
9.883502197265625000e+01
5.020438003540039062e+01
-9.917493438720703125e+01
9.266654968261718750e+01
-9.628311157226562500e+01
8.957067871093750000e+01
-5.884619522094726562e+01
9.965883636474609375e+01
-2.873016357421875000e+01
9.868148803710937500e+01
-4.518582153320312500e+01
9.956735992431640625e+01
9.838106536865234375e+01
-9.803239440917968750e+01
7.250547027587890625e+01
-9.837235260009765625e+01
3.737240219116210938e+01
-9.848593902587890625e+01
6.872979736328125000e+01
-9.194926452636718750e+01
9.826168060302734375e+01
-7.637833404541015625e+01
9.949654388427734375e+01
-5.668879699707031250e+01
9.944174194335937500e+01
7.750332641601562500e+01
-9.952992248535156250e+01
-6.837167358398437500e+01
9.979824829101562500e+01
9.941074371337890625e+01
-7.928604125976562500e+01
9.981320190429687500e+01
-9.271307373046875000e+01
9.930289459228515625e+01
-4.942932891845703125e+01
9.793397521972656250e+01
8.538478088378906250e+01
-9.888407897949218750e+01
-5.431500244140625000e+01
9.988583374023437500e+01
6.120726394653320312e+01
-9.957511901855468750e+01
9.183940124511718750e+01
-9.629162597656250000e+01
9.378578948974609375e+01
-9.482273864746093750e+01
9.107096099853515625e+01
-9.181356048583984375e+01
9.454352569580078125e+01
-7.389157104492187500e+01
9.953649902343750000e+01
8.943024444580078125e+01
-9.955712127685546875e+01
-9.165552520751953125e+01
9.942387390136718750e+01
9.328562927246093750e+01
-8.255022430419921875e+01
9.961573028564453125e+01
-8.452593994140625000e+01
9.121359252929687500e+01
-1.691347002983093262e+00
9.975388336181640625e+01
6.090649414062500000e+01
-9.988990783691406250e+01
-9.479367828369140625e+01
9.880154418945312500e+01
7.769390106201171875e+01
-9.782672119140625000e+01
9.450269317626953125e+01
-9.956242370605468750e+01
-1.698522090911865234e+00
9.980493164062500000e+01
9.957266998291015625e+01
9.153174591064453125e+01
-9.990536499023437500e+01
-9.741023254394531250e+01
9.914583587646484375e+01
2.211220550537109375e+01
-9.940351867675781250e+01
-8.930953979492187500e+01
9.950310516357421875e+01
9.938941955566406250e+01
-8.588027954101562500e+00
9.917394256591796875e+01
-8.500303649902343750e+01
9.837203979492187500e+01
-1.552194833755493164e+00
9.769178771972656250e+01
5.819686126708984375e+01
-9.987706756591796875e+01
-9.052283477783203125e+01
9.924908447265625000e+01
9.542289733886718750e+01
-7.918445587158203125e+01
8.475231170654296875e+01
-9.805685424804687500e+01
8.578500366210937500e+01
-9.947728729248046875e+01
9.537611389160156250e+01
-6.618309020996093750e+01
9.975035858154296875e+01
8.841818237304687500e+01
-9.985586547851562500e+01
-9.255249023437500000e+01
9.985047912597656250e+01
4.580036544799804688e+01
-9.753185272216796875e+01
2.258059120178222656e+01
-9.887902069091796875e+01
9.031200408935546875e+01
-9.504496002197265625e+01
9.641249084472656250e+01
-7.779827117919921875e+01
9.979856109619140625e+01
-1.555781650543212891e+01
9.906815338134765625e+01
9.472386932373046875e+01
-9.960494995117187500e+01
5.039326095581054688e+01
-9.868643951416015625e+01
-2.686364746093750000e+01
9.987812805175781250e+01
9.959392547607421875e+01
-4.889162826538085938e+01
9.936600494384765625e+01
-8.358203887939453125e+01
9.688578033447265625e+01
1.680039405822753906e+01
-9.929949188232421875e+01
-8.165824127197265625e+01
9.908984375000000000e+01
9.206636047363281250e+01
-9.370999908447265625e+01
8.588492584228515625e+01
-9.729650878906250000e+01
2.975488281250000000e+01
-9.924793243408203125e+01
8.638201141357421875e+01
-9.908523559570312500e+01
8.573983764648437500e+01
-7.050945281982421875e+01
9.653245544433593750e+01
6.074281311035156250e+01
-9.751710510253906250e+01
-9.850452423095703125e+01
-9.737422180175781250e+01
-8.478849792480468750e+01
-9.862329101562500000e+01
-9.948667907714843750e+01
-9.928354644775390625e+01
-9.975854492187500000e+01
-9.956089019775390625e+01
-9.984640502929687500e+01
-9.488133239746093750e+01
9.949584960937500000e+01
9.997161102294921875e+01
9.999354553222656250e+01
9.995698547363281250e+01
9.986882019042968750e+01
9.964104461669921875e+01
9.769660186767578125e+01
9.831851959228515625e+01
8.870556640625000000e+01
9.628402709960937500e+01
4.540866088867187500e+01
-9.464165496826171875e+01
2.567745208740234375e+01
-9.998410034179687500e+01
-9.994490051269531250e+01
-8.408787536621093750e+01
9.840895843505859375e+01
5.096861648559570312e+01
-9.973367309570312500e+01
-9.063828277587890625e+01
9.936811065673828125e+01
6.700688171386718750e+01
-9.990190887451171875e+01
-1.704443931579589844e+01
9.905049896240234375e+01
9.546867370605468750e+01
-3.232107925415039062e+01
9.820031738281250000e+01
-8.442790985107421875e+01
9.794305419921875000e+01
1.001419448852539062e+01
-9.993100738525390625e+01
-7.526366424560546875e+01
9.816821289062500000e+01
6.711304473876953125e+01
-8.765233612060546875e+01
2.050644493103027344e+01
-9.940036010742187500e+01
3.563832092285156250e+01
-9.905020904541015625e+01
4.673462677001953125e+01
-9.835984039306640625e+01
9.171720886230468750e+01
-6.880429077148437500e+01
9.692848205566406250e+01
-1.672015190124511719e+01
9.912377929687500000e+01
9.689997863769531250e+01
-9.744543457031250000e+01
6.344947814941406250e+01
-9.933309173583984375e+01
8.460703277587890625e+01
-9.826294708251953125e+01
9.781949615478515625e+01
-9.624240875244140625e+01
9.743035888671875000e+01
-5.329856109619140625e+01
9.977290344238281250e+01
-1.394017505645751953e+01
9.992042541503906250e+01
9.279699707031250000e+01
-9.748827362060546875e+01
2.875512504577636719e+01
-9.836634063720703125e+01
9.076895904541015625e+01
-9.340193176269531250e+01
8.699812316894531250e+01
-9.380740356445312500e+01
9.866849517822265625e+01
-6.698475646972656250e+01
9.979678344726562500e+01
8.807641601562500000e+01
-9.988514709472656250e+01
-8.780042266845703125e+01
9.957911682128906250e+01
9.303187561035156250e+01
-8.643807983398437500e+01
9.868408203125000000e+01
-9.691828155517578125e+01
8.332315826416015625e+01
-9.805056762695312500e+01
9.888764953613281250e+01
-8.118244934082031250e+01
