-7.185292840003967285e-01
9.995910525321960449e-01
-6.936911940574645996e-01
9.892178177833557129e-01
9.988631010055541992e-01
-5.305970311164855957e-01
9.884572625160217285e-01
7.252152562141418457e-01
-9.998111724853515625e-01
9.998294115066528320e-01
-9.371698498725891113e-01
9.996861815452575684e-01
-4.273970127105712891e-01
9.995898008346557617e-01
-9.144757390022277832e-01
9.980949759483337402e-01
5.748859047889709473e-01
-6.020225882530212402e-01
9.918560385704040527e-01
-9.034172296524047852e-01
9.999494552612304688e-01
-3.712089955806732178e-01
9.944071769714355469e-01
-1.123667359352111816e-01
9.996800422668457031e-01
-9.881904125213623047e-01
9.999440908432006836e-01
-9.823392033576965332e-01
9.996274709701538086e-01
8.893636465072631836e-01
-9.887571930885314941e-01
9.999446868896484375e-01
9.748668074607849121e-01
-3.861802816390991211e-01
8.911747932434082031e-01
-9.637004733085632324e-01
9.981423020362854004e-01
1.605240255594253540e-01
-7.678436040878295898e-01
9.998644590377807617e-01
-4.590180143713951111e-02
9.917547702789306641e-01
-5.996246933937072754e-01
9.831808805465698242e-01
-9.479214549064636230e-01
9.993837475776672363e-01
-8.661107420921325684e-01
9.976244568824768066e-01
8.585731387138366699e-01
-9.995968341827392578e-01
9.988825321197509766e-01
-5.107829570770263672e-01
9.721522927284240723e-01
9.244387149810791016e-01
-9.927537441253662109e-01
9.765682816505432129e-01
-7.933771014213562012e-01
9.941787123680114746e-01
-1.230158656835556030e-01
9.954661130905151367e-01
-8.428813219070434570e-01
9.996594190597534180e-01
7.385976314544677734e-01
-9.878957867622375488e-01
9.999545216560363770e-01
-8.859437108039855957e-01
9.993097186088562012e-01
5.772556662559509277e-01
-9.108950495719909668e-01
9.908427000045776367e-01
9.923309683799743652e-01
-9.935654997825622559e-01
9.938532710075378418e-01
-9.597772955894470215e-01
9.984499216079711914e-01
7.030096054077148438e-01
-9.982682466506958008e-01
9.986640214920043945e-01
4.919995367527008057e-01
9.380259513854980469e-01
-8.116664290428161621e-01
9.593205451965332031e-01
-9.950276613235473633e-01
9.997831583023071289e-01
-1.754473336040973663e-02
-7.866548299789428711e-01
9.995688796043395996e-01
9.354752302169799805e-01
1.074402481317520142e-01
-3.392763733863830566e-01
9.949391484260559082e-01
2.619892656803131104e-01
2.623289823532104492e-02
-4.360033571720123291e-01
7.981562614440917969e-01
-9.776832461357116699e-01
9.586634635925292969e-01
9.686024188995361328e-01
-5.052314400672912598e-01
9.458855986595153809e-01
-5.202300548553466797e-01
9.895941615104675293e-01
-9.742814898490905762e-01
9.691775441169738770e-01
-6.332334280014038086e-01
9.994802474975585938e-01
-8.313325643539428711e-01
9.938488006591796875e-01
3.052532374858856201e-01
6.339644193649291992e-01
-9.141013026237487793e-01
9.965573549270629883e-01
-2.134303003549575806e-02
9.963269829750061035e-01
1.020514294505119324e-01
1.408062279224395752e-01
-2.119934409856796265e-01
9.994853138923645020e-01
-9.803834557533264160e-01
9.949593544006347656e-01
-8.086060285568237305e-01
9.943571090698242188e-01
3.823892474174499512e-01
2.519792914390563965e-01
-7.901605963706970215e-01
9.998062252998352051e-01
9.801439642906188965e-01
-7.041065692901611328e-01
9.888780117034912109e-01
-9.535618424415588379e-01
9.954054355621337891e-01
8.764845132827758789e-01
-9.960653781890869141e-01
9.998508691787719727e-01
-7.866054773330688477e-02
-1.737404614686965942e-01
9.973652362823486328e-01
-4.672651290893554688e-01
9.997349381446838379e-01
-9.193905591964721680e-01
9.987514019012451172e-01
6.826122403144836426e-01
-6.742783784866333008e-01
9.956876635551452637e-01
-7.712085843086242676e-01
9.978700280189514160e-01
-9.885509014129638672e-01
9.989757537841796875e-01
5.578504800796508789e-01
-5.118003487586975098e-01
9.999868273735046387e-01
5.095718502998352051e-01
-9.958167672157287598e-01
9.851852059364318848e-01
2.382467687129974365e-01
-6.200354546308517456e-02
9.836428165435791016e-01
-9.995797872543334961e-01
9.397255182266235352e-01
-2.057515978813171387e-01
8.256536722183227539e-01
9.569044113159179688e-01
-9.838766455650329590e-01
9.993616938591003418e-01
-9.781727790832519531e-01
9.947555661201477051e-01
-3.317376971244812012e-01
7.832592725753784180e-01
-5.899718403816223145e-01
9.999603033065795898e-01
6.797486543655395508e-01
-7.576583623886108398e-01
9.979355335235595703e-01
-9.996930956840515137e-01
9.444106221199035645e-01
9.721177220344543457e-01
-8.052402734756469727e-01
9.999628663063049316e-01
-6.434867382049560547e-01
9.986089468002319336e-01
-6.992958188056945801e-01
9.990352392196655273e-01
8.818995952606201172e-01
-9.896314144134521484e-01
9.730608463287353516e-01
-7.695559859275817871e-01
9.987052679061889648e-01
-2.400328814983367920e-01
9.850618243217468262e-01
-9.247627258300781250e-01
9.974762201309204102e-01
2.772020399570465088e-01
8.684405684471130371e-01
-3.179207444190979004e-01
-2.395291179418563843e-01
9.776682853698730469e-01
-9.807094335556030273e-01
9.995140433311462402e-01
8.380220532417297363e-01
-7.255761027336120605e-01
6.194229125976562500e-01
-9.339062571525573730e-01
9.984259009361267090e-01
2.441771328449249268e-01
5.837067961692810059e-01
-7.585980296134948730e-01
9.991796016693115234e-01
9.330297708511352539e-01
-9.949278235435485840e-01
9.844729304313659668e-01
-8.345756530761718750e-01
9.972450137138366699e-01
-6.503871083259582520e-01
9.957933425903320312e-01
-2.975863404572010040e-02
9.875280261039733887e-01
7.983529567718505859e-01
-9.927076101303100586e-01
9.950145483016967773e-01
-9.823723435401916504e-01
9.916112422943115234e-01
-6.983590126037597656e-01
9.982340335845947266e-01
-8.236889243125915527e-01
9.985415935516357422e-01
9.668415188789367676e-01
-9.390747547149658203e-01
9.764326810836791992e-01
9.738339185714721680e-01
-9.942249655723571777e-01
9.990486502647399902e-01
-8.669775128364562988e-01
9.905664324760437012e-01
-7.168765664100646973e-01
9.998010993003845215e-01
9.837377667427062988e-01
-8.787203431129455566e-01
9.957880973815917969e-01
-6.890205740928649902e-01
9.969708323478698730e-01
-9.678044319152832031e-01
9.939023256301879883e-01
-2.735310792922973633e-01
9.920981526374816895e-01
8.497903943061828613e-01
-9.983731508255004883e-01
9.998088479042053223e-01
-9.524703025817871094e-01
9.472322463989257812e-01
-4.543246626853942871e-01
9.996144175529479980e-01
7.497880458831787109e-01
3.998478055000305176e-01
-5.739235877990722656e-01
-9.751409292221069336e-01
-4.388801455497741699e-01
8.361598253250122070e-01
7.632580995559692383e-01
-7.752045392990112305e-01
9.945410490036010742e-01
-5.404078215360641479e-02
9.651737809181213379e-01
1.774431765079498291e-01
9.238046407699584961e-01
-7.052701711654663086e-01
9.967529773712158203e-01
2.812501974403858185e-02
9.998854994773864746e-01
9.474000930786132812e-01
9.521725773811340332e-01
-4.724326357245445251e-02
9.644699692726135254e-01
-4.391889274120330811e-01
9.967140555381774902e-01
-6.697227358818054199e-01
-2.124273180961608887e-01
1.621835827827453613e-01
9.956865906715393066e-01
-8.483532667160034180e-01
7.949994802474975586e-01
-5.721853971481323242e-01
9.997316002845764160e-01
-7.533179521560668945e-01
9.890339970588684082e-01
9.005401134490966797e-01
-9.724897146224975586e-01
9.964317083358764648e-01
8.947573900222778320e-01
-4.903338253498077393e-01
-5.082834362983703613e-01
9.975807666778564453e-01
7.513268589973449707e-01
-6.432082056999206543e-01
5.484175682067871094e-01
-6.641308665275573730e-01
9.994786381721496582e-01
-8.198864459991455078e-01
9.765304327011108398e-01
8.022650480270385742e-01
7.359720468521118164e-01
7.027386426925659180e-01
-9.994612336158752441e-01
7.424440383911132812e-01
-9.953468441963195801e-01
8.944037556648254395e-01
1.608791053295135498e-01
-9.525515437126159668e-01
9.992384910583496094e-01
9.769805669784545898e-01
-6.719633340835571289e-01
9.920567870140075684e-01
7.310758829116821289e-01
-9.369105696678161621e-01
9.998196959495544434e-01
6.753713488578796387e-01
3.063203692436218262e-01
-9.576298594474792480e-01
9.912798404693603516e-01
-9.277159571647644043e-01
9.966504573822021484e-01
-5.821765065193176270e-01
9.989007711410522461e-01
-8.086965680122375488e-01
8.651319146156311035e-01
6.543515324592590332e-01
9.910846352577209473e-01
-7.045971751213073730e-01
9.769451022148132324e-01
3.688625097274780273e-01
-9.335293173789978027e-01
9.969221949577331543e-01
-9.082946181297302246e-01
9.984892606735229492e-01
6.073805689811706543e-01
8.287445306777954102e-01
-9.928382039070129395e-01
9.985604882240295410e-01
-9.635923504829406738e-01
7.855226993560791016e-01
5.740509629249572754e-01
-9.446446299552917480e-01
9.979712367057800293e-01
9.869267940521240234e-01
-9.850336313247680664e-01
9.993789196014404297e-01
8.076971173286437988e-01
-9.433113932609558105e-01
9.588115215301513672e-01
-2.556220889091491699e-01
9.984441399574279785e-01
-9.567329287528991699e-01
9.837669134140014648e-01
-9.794680476188659668e-01
8.062947392463684082e-01
1.171133145689964294e-01
9.937027096748352051e-01
-9.332501292228698730e-01
8.402884006500244141e-01
4.885336756706237793e-01
9.877129197120666504e-01
6.702654957771301270e-01
-9.814716577529907227e-01
9.982283115386962891e-01
-9.845631718635559082e-01
9.990355372428894043e-01
-9.775582551956176758e-01
9.932477474212646484e-01
3.969928622245788574e-01
-9.208447337150573730e-01
9.705212712287902832e-01
3.273741900920867920e-01
8.806626200675964355e-01
-9.791430234909057617e-01
9.983355402946472168e-01
5.166474580764770508e-01
-5.798879861831665039e-01
7.354245185852050781e-01
8.527414798736572266e-01
-6.952220201492309570e-01
9.983471632003784180e-01
-9.563658833503723145e-01
9.992614984512329102e-01
-8.379304409027099609e-01
9.986709356307983398e-01
9.588837027549743652e-01
8.956821262836456299e-02
-9.905796647071838379e-01
9.681070446968078613e-01
1.739409267902374268e-01
-5.426692962646484375e-01
9.827036261558532715e-01
7.331741452217102051e-01
-4.513271749019622803e-01
9.998434782028198242e-01
6.931172013282775879e-01
4.956334233283996582e-01
-8.726493120193481445e-01
9.062882065773010254e-01
-9.719974398612976074e-01
9.817680120468139648e-01
-7.795636653900146484e-01
9.704313278198242188e-01
-9.368132352828979492e-01
9.980520009994506836e-01
3.920091092586517334e-01
5.369414687156677246e-01
-4.467616081237792969e-01
9.995022416114807129e-01
-5.334262847900390625e-01
9.996649622917175293e-01
9.664952158927917480e-01
-9.943167567253112793e-01
3.702708482742309570e-01
-9.720364809036254883e-01
9.795724749565124512e-01
9.708133339881896973e-01
-9.854014515876770020e-01
9.503557682037353516e-01
-9.141637086868286133e-01
9.560510516166687012e-01
6.169143915176391602e-01
8.888656497001647949e-01
8.073987364768981934e-01
-9.828923344612121582e-01
9.997288584709167480e-01
-9.922145605087280273e-01
9.992279410362243652e-01
1.722556501626968384e-01
-8.010777831077575684e-01
9.925773739814758301e-01
8.252969980239868164e-01
-8.861293792724609375e-01
9.950906634330749512e-01
-4.738826155662536621e-01
9.990506172180175781e-01
-9.957914054393768311e-02
9.978035688400268555e-01
-9.847548007965087891e-01
9.212002754211425781e-01
-8.113176226615905762e-01
9.989700913429260254e-01
9.667610377073287964e-02
9.931200742721557617e-01
-6.036089658737182617e-01
9.951887726783752441e-01
-9.991075396537780762e-01
9.993022680282592773e-01
9.941474199295043945e-01
-9.955715537071228027e-01
9.997923374176025391e-01
-8.030631542205810547e-01
9.991416931152343750e-01
-3.743869066238403320e-01
9.961681962013244629e-01
-6.848546266555786133e-01
9.995362758636474609e-01
-6.958019137382507324e-01
9.986619949340820312e-01
9.940301775932312012e-01
-9.778056740760803223e-01
9.940178394317626953e-01
-8.078235983848571777e-01
9.990675449371337891e-01
-8.701414465904235840e-01
9.998274445533752441e-01
7.261440753936767578e-01
3.259235918521881104e-01
-1.416686177253723145e-01
5.880219936370849609e-01
-8.273237943649291992e-01
9.974773526191711426e-01
5.424689650535583496e-01
-3.748403787612915039e-01
9.498237073421478271e-02
9.565753340721130371e-01
-9.802005290985107422e-01
9.802923202514648438e-01
8.692774176597595215e-01
-7.529360651969909668e-01
9.146378636360168457e-01
-9.583864212036132812e-01
9.995543360710144043e-01
-9.457203745841979980e-01
9.949254989624023438e-01
9.253284931182861328e-01
-8.483427166938781738e-01
9.997122287750244141e-01
9.569645524024963379e-01
-8.759512305259704590e-01
9.985005259513854980e-01
-3.490408360958099365e-01
9.899291992187500000e-01
-7.119882106781005859e-01
9.940585494041442871e-01
-2.762523889541625977e-01
7.990413904190063477e-01
-6.568624377250671387e-01
9.948714375495910645e-01
-9.977653622627258301e-01
9.999901056289672852e-01
-6.841250061988830566e-01
9.935379624366760254e-01
8.078792691230773926e-01
-9.851960539817810059e-01
9.988162517547607422e-01
-8.370603919029235840e-01
9.899399876594543457e-01
7.861262559890747070e-01
9.863774776458740234e-01
-6.188081577420234680e-02
-9.975248575210571289e-01
9.967499971389770508e-01
-4.846628308296203613e-01
9.921739101409912109e-01
-9.405398368835449219e-01
9.898771643638610840e-01
9.913799762725830078e-01
-6.717880368232727051e-01
9.979406595230102539e-01
-9.998704195022583008e-01
9.813253879547119141e-01
-5.981003046035766602e-01
9.977939724922180176e-01
8.148949146270751953e-01
-9.771623611450195312e-01
4.591281712055206299e-01
3.429834842681884766e-01
8.693556785583496094e-01
-7.666752934455871582e-01
9.992204904556274414e-01
-8.309864401817321777e-01
9.980596303939819336e-01
7.417798638343811035e-01
-9.029806256294250488e-01
9.785028100013732910e-01
9.905147552490234375e-01
-9.780205488204956055e-01
9.978656768798828125e-01
-9.863815903663635254e-01
9.961388111114501953e-01
-8.613752722740173340e-01
9.037794470787048340e-01
2.440056800842285156e-01
9.809882044792175293e-01
1.561592668294906616e-01
9.702884554862976074e-01
-9.823806285858154297e-01
9.987985491752624512e-01
-6.408134102821350098e-01
-6.092802286148071289e-01
9.837656617164611816e-01
1.607926636934280396e-01
6.893333196640014648e-01
-4.594562649726867676e-01
9.975881576538085938e-01
-5.993438363075256348e-01
9.993320703506469727e-01
9.684354662895202637e-01
-9.947074651718139648e-01
9.992871284484863281e-01
-8.266674280166625977e-01
9.621496200561523438e-01
-9.498891830444335938e-01
9.986968040466308594e-01
3.399542570114135742e-01
3.119028918445110321e-02
8.508809208869934082e-01
2.271057069301605225e-01
7.251245975494384766e-01
-9.910310506820678711e-01
9.972611069679260254e-01
-8.410236239433288574e-01
9.947969317436218262e-01
-6.522900462150573730e-01
9.979859590530395508e-01
6.501337140798568726e-02
9.853860139846801758e-01
3.166426671668887138e-03
-3.106718063354492188e-01
7.673823833465576172e-01
-6.963256001472473145e-01
9.970194697380065918e-01
-9.725883603096008301e-01
9.083833694458007812e-01
7.596084475517272949e-01
-9.929091334342956543e-01
8.000648021697998047e-01
9.512184262275695801e-01
-8.279523253440856934e-01
9.984681606292724609e-01
9.641976952552795410e-01
-9.692394137382507324e-01
9.923917651176452637e-01
2.167243063449859619e-01
-9.968191981315612793e-01
9.458332061767578125e-01
-2.597022652626037598e-01
9.982385635375976562e-01
-9.971024394035339355e-01
9.992673993110656738e-01
9.841836690902709961e-01
4.549512863159179688e-01
-6.088165044784545898e-01
9.204303026199340820e-01
-8.973423838615417480e-01
9.999281167984008789e-01
4.646950066089630127e-01
-9.894365072250366211e-01
9.983215928077697754e-01
-6.816614270210266113e-01
9.828743338584899902e-01
9.786931872367858887e-01
-9.185995459556579590e-01
9.951168894767761230e-01
-9.820144772529602051e-01
9.999207258224487305e-01
6.866766214370727539e-01
4.766780734062194824e-01
-9.558183550834655762e-01
9.997748732566833496e-01
-9.857429862022399902e-01
9.973068833351135254e-01
-7.587435841560363770e-01
9.999330639839172363e-01
5.000046491622924805e-01
9.859567284584045410e-01
-8.710815310478210449e-01
9.999660253524780273e-01
1.059994176030158997e-01
-7.558808922767639160e-01
9.112744927406311035e-01
8.518437743186950684e-01
-1.479338947683572769e-02
7.619812488555908203e-01
-4.374711811542510986e-01
-9.236257076263427734e-01
9.998134970664978027e-01
9.120031595230102539e-01
-9.187261462211608887e-01
9.963968992233276367e-01
-2.063184678554534912e-01
7.812489867210388184e-01
-8.973297476768493652e-01
8.953885436058044434e-01
-7.194381356239318848e-01
9.967432618141174316e-01
9.028224349021911621e-01
3.472731113433837891e-01
-9.346864223480224609e-01
9.988973140716552734e-01
-4.279208779335021973e-01
9.949654340744018555e-01
-3.017815053462982178e-01
9.937220811843872070e-01
-7.271827459335327148e-01
9.198418855667114258e-01
7.745941281318664551e-01
-4.364352226257324219e-01
9.851897954940795898e-01
-8.865982890129089355e-01
9.552089571952819824e-01
-9.521911144256591797e-01
9.998443722724914551e-01
-8.684754371643066406e-01
9.979112148284912109e-01
4.986843094229698181e-02
8.784520626068115234e-01
-9.303554296493530273e-01
9.879978895187377930e-01
6.454817056655883789e-01
-9.839081168174743652e-01
9.997438788414001465e-01
8.142702579498291016e-01
2.418582737445831299e-01
-9.446310400962829590e-01
9.975830316543579102e-01
3.452940583229064941e-01
-8.211532235145568848e-01
9.996990561485290527e-01
3.583810925483703613e-01
-8.746609687805175781e-01
9.976446032524108887e-01
9.952181577682495117e-01
-9.650200009346008301e-01
9.880610704421997070e-01
-6.019906401634216309e-01
8.245972394943237305e-01
9.809017181396484375e-01
-9.989240765571594238e-01
9.984732270240783691e-01
-9.833007454872131348e-01
9.879502058029174805e-01
3.637409955263137817e-02
9.882841110229492188e-01
2.862439751625061035e-01
1.204115599393844604e-01
-2.783257067203521729e-01
8.445517420768737793e-01
-3.800413608551025391e-01
9.996212124824523926e-01
-9.679776430130004883e-01
9.975992441177368164e-01
-9.389759898185729980e-01
9.982299804687500000e-01
-3.028317391872406006e-01
9.998560547828674316e-01
-9.346886873245239258e-01
9.997864365577697754e-01
8.226983547210693359e-01
-9.767021536827087402e-01
9.968647360801696777e-01
7.600824236869812012e-01
-5.748627781867980957e-01
9.972296953201293945e-01
-2.865117490291595459e-01
9.690651297569274902e-01
-4.632632434368133545e-01
-8.435156345367431641e-01
9.995481967926025391e-01
-8.665814995765686035e-01
9.997133612632751465e-01
5.206344127655029297e-01
8.208311200141906738e-01
-2.363095134496688843e-01
9.773363471031188965e-01
-9.759495258331298828e-01
9.999083280563354492e-01
-4.193093180656433105e-01
9.646590352058410645e-01
-2.819094061851501465e-01
9.797185659408569336e-01
-9.998289942741394043e-01
9.989295005798339844e-01
3.638216853141784668e-02
8.048152327537536621e-01
-9.618479609489440918e-01
9.983344078063964844e-01
6.241796016693115234e-01
-9.866086244583129883e-01
9.756457805633544922e-01
-5.858487486839294434e-01
9.988205432891845703e-01
-9.878923892974853516e-01
9.985637664794921875e-01
7.773486375808715820e-01
-8.713340759277343750e-01
9.960325360298156738e-01
9.778668284416198730e-01
-9.995228052139282227e-01
4.100565612316131592e-01
1.265865415334701538e-01
8.549515604972839355e-01
7.435087561607360840e-01
-9.558748602867126465e-01
9.997547268867492676e-01
-3.666394650936126709e-01
8.314533233642578125e-01
-5.099929571151733398e-01
9.889461994171142578e-01
-4.673839807510375977e-01
9.946032166481018066e-01
-9.424203634262084961e-01
9.798059463500976562e-01
-5.335648059844970703e-01
9.999178647994995117e-01
-9.722104072570800781e-01
-7.479450106620788574e-01
-9.229244589805603027e-01
9.468532800674438477e-01
5.160131305456161499e-02
-4.763373434543609619e-01
9.993340969085693359e-01
-5.112948417663574219e-01
9.998454451560974121e-01
9.522683024406433105e-01
9.877225756645202637e-01
9.791427850723266602e-01
-8.730750083923339844e-01
9.896628260612487793e-01
9.940586686134338379e-01
4.062377512454986572e-01
9.841647148132324219e-01
-6.666343808174133301e-01
9.838039875030517578e-01
3.741984665393829346e-01
5.456796884536743164e-01
-2.812697291374206543e-01
-7.243787646293640137e-01
9.854152798652648926e-01
-9.641379117965698242e-01
9.944098591804504395e-01
-9.312885403633117676e-01
9.887745976448059082e-01
-1.259496808052062988e-01
9.841428399085998535e-01
-5.115845203399658203e-01
9.520468115806579590e-01
9.534275531768798828e-01
-9.387705922126770020e-01
9.439165592193603516e-01
-9.824814796447753906e-01
8.832910060882568359e-01
-8.802889585494995117e-01
9.554298520088195801e-01
9.818015694618225098e-01
-9.263911247253417969e-01
3.740975260734558105e-01
5.716633796691894531e-01
5.523801445960998535e-01
2.269453406333923340e-01
9.884952902793884277e-01
7.490276545286178589e-02
5.726290345191955566e-01
-9.528318643569946289e-01
9.755221009254455566e-01
-9.984562993049621582e-01
5.753999352455139160e-01
3.365334868431091309e-01
-3.205280005931854248e-01
9.705720543861389160e-01
3.183577656745910645e-01
7.558636665344238281e-01
-7.591800689697265625e-01
9.646191000938415527e-01
-6.337808370590209961e-01
9.993267059326171875e-01
-9.963458776473999023e-01
9.666131138801574707e-01
9.838999807834625244e-02
7.721803784370422363e-01
1.620750576257705688e-01
7.979040145874023438e-01
-9.763543009757995605e-01
9.945793747901916504e-01
6.422234773635864258e-01
-9.899356365203857422e-01
9.710913300514221191e-01
9.177636504173278809e-01
-9.838603138923645020e-01
9.988489151000976562e-01
-7.617018222808837891e-01
9.674713611602783203e-01
-5.262919664382934570e-01
7.119219303131103516e-01
8.797508478164672852e-01
-5.255371928215026855e-01
8.338649272918701172e-01
-9.906648397445678711e-01
9.965159296989440918e-01
5.557316541671752930e-01
-7.396596670150756836e-01
9.714732766151428223e-01
-6.228976249694824219e-01
9.924589991569519043e-01
-2.773354053497314453e-01
9.376989006996154785e-01
4.565497338771820068e-01
-7.462689280509948730e-01
9.808006882667541504e-01
-9.713473916053771973e-01
9.999119043350219727e-01
8.871417641639709473e-01
-9.307128787040710449e-01
9.856013059616088867e-01
5.152973532676696777e-01
-8.992087841033935547e-01
9.963043332099914551e-01
-4.760889410972595215e-01
9.813678860664367676e-01
4.332627058029174805e-01
-8.841826319694519043e-01
9.999877810478210449e-01
-8.403350710868835449e-01
9.860419034957885742e-01
3.872656524181365967e-01
3.509292602539062500e-01
-7.467536926269531250e-01
9.941290020942687988e-01
9.126340746879577637e-01
7.692002058029174805e-01
-8.605993390083312988e-01
9.901970624923706055e-01
-9.878235459327697754e-01
9.890894293785095215e-01
-7.835422158241271973e-01
9.985768795013427734e-01
-7.642866969108581543e-01
9.945494532585144043e-01
9.330294132232666016e-01
-7.798297405242919922e-01
9.996811747550964355e-01
-9.441288709640502930e-01
9.999261498451232910e-01
-2.128627896308898926e-01
9.965277314186096191e-01
9.355229139328002930e-01
-9.973319768905639648e-01
9.629231691360473633e-01
-5.386097431182861328e-01
9.708639383316040039e-01
-9.874436259269714355e-01
9.521393775939941406e-01
-2.774987220764160156e-01
9.991121888160705566e-01
-8.397547006607055664e-01
9.981479048728942871e-01
-9.173107147216796875e-01
9.705972671508789062e-01
2.841892540454864502e-01
8.885304927825927734e-01
-2.759042382240295410e-02
-4.799333810806274414e-01
9.947702288627624512e-01
2.747510969638824463e-01
1.055590659379959106e-01
-4.390037357807159424e-01
9.891279339790344238e-01
-5.048027634620666504e-01
9.993467926979064941e-01
2.205671370029449463e-01
-9.988350272178649902e-01
9.952632188796997070e-01
9.540238380432128906e-01
2.554964423179626465e-01
-9.185763001441955566e-01
9.994424581527709961e-01
6.606892943382263184e-01
-1.742843836545944214e-01
-8.845626115798950195e-01
9.866436123847961426e-01
3.696673810482025146e-01
-8.176001310348510742e-01
9.997605681419372559e-01
9.856171011924743652e-01
-9.991464614868164062e-01
9.998087286949157715e-01
7.097399830818176270e-01
-9.566811919212341309e-01
9.955843687057495117e-01
-9.655249714851379395e-01
9.979656338691711426e-01
-2.754284143447875977e-01
9.986038208007812500e-01
8.522630333900451660e-01
-9.514243006706237793e-01
9.421432018280029297e-01
6.593191027641296387e-01
-9.965276122093200684e-01
9.338194131851196289e-01
9.643339514732360840e-01
-9.252045750617980957e-01
9.728888273239135742e-01
-9.999046921730041504e-01
9.974885582923889160e-01
-9.008209705352783203e-01
9.946251511573791504e-01
9.631098508834838867e-01
3.360658586025238037e-01
2.121803462505340576e-01
-9.553080797195434570e-01
9.999521970748901367e-01
-9.911862015724182129e-01
9.950989484786987305e-01
-3.417756855487823486e-01
9.636853337287902832e-01
6.247388944029808044e-02
9.886823892593383789e-01
-3.220318853855133057e-01
9.233267903327941895e-01
-9.699761867523193359e-01
9.982467293739318848e-01
-3.519798442721366882e-02
5.104113817214965820e-01
-9.907147884368896484e-01
9.957637190818786621e-01
9.924672842025756836e-01
5.383262634277343750e-01
-2.386420816183090210e-01
-9.986859560012817383e-01
9.996466636657714844e-01
7.547239065170288086e-01
-9.995051622390747070e-01
9.969688057899475098e-01
8.880605697631835938e-01
-9.883754849433898926e-01
9.963802695274353027e-01
-9.906287789344787598e-01
9.997332096099853516e-01
-5.003996193408966064e-02
9.988445639610290527e-01
-9.273622035980224609e-01
9.986081719398498535e-01
7.017139792442321777e-01
-7.163754105567932129e-01
9.948204159736633301e-01
-9.020578265190124512e-01
9.998452663421630859e-01
-3.411273360252380371e-01
9.521208405494689941e-01
6.507369875907897949e-01
-8.946127295494079590e-01
9.933939576148986816e-01
5.084787011146545410e-01
-9.192597270011901855e-01
9.990105628967285156e-01
9.823015928268432617e-01
-9.963002800941467285e-01
9.999443888664245605e-01
-7.908332347869873047e-01
9.997960925102233887e-01
-9.928768873214721680e-01
9.945828914642333984e-01
1.927125751972198486e-01
9.802362918853759766e-01
-8.629276752471923828e-01
9.984923601150512695e-01
-9.456286430358886719e-01
9.994479417800903320e-01
6.946324110031127930e-01
-8.037027716636657715e-01
9.993125200271606445e-01
2.656786143779754639e-01
9.988300800323486328e-01
-8.138819932937622070e-01
9.818357229232788086e-01
-9.297248125076293945e-01
9.971193075180053711e-01
-8.744763135910034180e-01
9.973563551902770996e-01
3.127021193504333496e-01
9.424887299537658691e-01
-8.048480749130249023e-01
9.160476922988891602e-01
-5.007998347282409668e-01
9.938098192214965820e-01
-9.319480061531066895e-01
9.935503602027893066e-01
9.621353149414062500e-01
-9.998617172241210938e-01
9.955615401268005371e-01
-9.833648204803466797e-01
9.974847435951232910e-01
-6.194749474525451660e-01
9.979197978973388672e-01
5.908347368240356445e-01
7.957040071487426758e-01
-9.973639249801635742e-01
9.999150037765502930e-01
-8.117238879203796387e-01
9.739661812782287598e-01
2.739957571029663086e-01
-6.113789081573486328e-01
9.992638826370239258e-01
9.178764820098876953e-01
-6.063395142555236816e-01
9.966961741447448730e-01
-9.925926327705383301e-01
9.982329607009887695e-01
9.724138975143432617e-01
-9.273529052734375000e-01
9.993792176246643066e-01
-7.630305886268615723e-01
9.979684948921203613e-01
-9.739100337028503418e-01
9.976589679718017578e-01
1.514858305454254150e-01
-9.159036874771118164e-01
9.948436021804809570e-01
5.500729084014892578e-01
-9.896221160888671875e-01
9.923272728919982910e-01
9.943255782127380371e-01
9.372870326042175293e-01
-9.905484318733215332e-01
9.980170726776123047e-01
-9.809070229530334473e-01
9.690926671028137207e-01
-2.535839676856994629e-01
9.963922500610351562e-01
2.624479532241821289e-01
-8.842082619667053223e-01
9.998270273208618164e-01
9.628310203552246094e-01
-9.990789890289306641e-01
9.500671625137329102e-01
2.357954680919647217e-01
-9.635335803031921387e-01
9.958634376525878906e-01
6.139945983886718750e-01
-1.535206586122512817e-01
-3.401514589786529541e-01
9.986660480499267578e-01
-6.687267422676086426e-01
9.807142615318298340e-01
-6.781227886676788330e-02
9.895675778388977051e-01
-9.368448257446289062e-01
9.991877079010009766e-01
6.975986361503601074e-01
-1.953841000795364380e-01
-9.357423335313796997e-02
9.472974538803100586e-01
1.124620717018842697e-02
-8.540958166122436523e-01
9.824335575103759766e-01
-3.785433173179626465e-01
9.772126674652099609e-01
-2.822490036487579346e-01
4.482047259807586670e-01
9.875667095184326172e-01
-9.983431696891784668e-01
9.575759172439575195e-01
7.795531749725341797e-01
-9.859638810157775879e-01
9.854127764701843262e-01
-9.704093337059020996e-01
9.016948342323303223e-01
-1.032602414488792419e-01
9.966868758201599121e-01
-9.058982133865356445e-01
9.992970228195190430e-01
-2.616382539272308350e-01
9.967196583747863770e-01
4.378423690795898438e-01
-6.918212175369262695e-01
9.975498914718627930e-01
-8.042415380477905273e-01
8.391073942184448242e-01
9.137341976165771484e-01
-9.687180519104003906e-01
9.989405274391174316e-01
-9.028913378715515137e-01
8.721739649772644043e-01
8.457872867584228516e-01
-3.008176684379577637e-01
9.983778595924377441e-01
-7.764588594436645508e-01
9.437286853790283203e-01
7.845693826675415039e-01
-6.840276122093200684e-01
8.501393795013427734e-01
-7.478668093681335449e-01
8.921338319778442383e-01
-6.657493710517883301e-01
9.198378324508666992e-01
-9.176892638206481934e-01
9.565612077713012695e-01
9.962865114212036133e-01
-2.602764070034027100e-01
8.765093088150024414e-01
-9.317533373832702637e-01
9.955905675888061523e-01
-9.270025491714477539e-01
9.350715279579162598e-01
7.221299409866333008e-01
-9.753922224044799805e-01
9.801621437072753906e-01
-9.582593441009521484e-01
5.744960904121398926e-01
9.932736158370971680e-01
8.966388106346130371e-01
-9.084020256996154785e-01
9.885336756706237793e-01
1.956835687160491943e-01
4.720893800258636475e-01
7.509106993675231934e-01
-9.814871549606323242e-01
9.997376799583435059e-01
-9.557411670684814453e-01
9.501039981842041016e-01
-9.706906676292419434e-01
9.968736171722412109e-01
4.583982229232788086e-01
-2.079156786203384399e-01
9.995900392532348633e-01
-2.086325734853744507e-01
7.658122777938842773e-01
-4.289627671241760254e-01
9.890281558036804199e-01
-3.249342739582061768e-01
6.964876651763916016e-01
-9.689221382141113281e-01
9.987967014312744141e-01
-6.284958124160766602e-01
9.601686596870422363e-01
-3.942056298255920410e-01
9.939048886299133301e-01
-4.729038476943969727e-01
9.829469919204711914e-01
8.630197644233703613e-01
-8.855842351913452148e-01
9.964513778686523438e-01
-9.978035688400268555e-01
9.800537228584289551e-01
-9.101743102073669434e-01
9.993725419044494629e-01
5.746122598648071289e-01
7.287028431892395020e-01
-7.441372275352478027e-01
9.700510501861572266e-01
-8.422705531120300293e-01
9.999842047691345215e-01
2.420014590024948120e-01
-9.808565974235534668e-01
9.979535937309265137e-01
6.131473779678344727e-01
1.537894010543823242e-01
9.982025623321533203e-01
-9.858441948890686035e-01
9.830352067947387695e-01
-4.632062911987304688e-01
9.956699609756469727e-01
-6.785332560539245605e-01
9.997914433479309082e-01
-9.023333787918090820e-01
9.984335899353027344e-01
4.602892994880676270e-01
-9.758921861648559570e-01
9.990983009338378906e-01
9.271661639213562012e-01
-5.966608524322509766e-01
9.972484111785888672e-01
2.666720449924468994e-01
-9.878374934196472168e-01
9.997752308845520020e-01
9.808042049407958984e-01
-8.881533741950988770e-01
9.827341437339782715e-01
-9.763189554214477539e-01
9.944208264350891113e-01
-6.933932304382324219e-01
9.999612569808959961e-01
-9.945775270462036133e-01
9.910413622856140137e-01
7.758732438087463379e-01
-8.175011873245239258e-01
9.927858710289001465e-01
9.913820624351501465e-01
5.987130999565124512e-01
-9.420619606971740723e-01
9.984913468360900879e-01
-7.688087224960327148e-01
9.972522258758544922e-01
-9.583727121353149414e-01
9.511233568191528320e-01
-7.136265635490417480e-01
9.997984766960144043e-01
9.861950278282165527e-01
-9.618194699287414551e-01
9.812132120132446289e-01
-3.643211126327514648e-01
9.983404874801635742e-01
-9.759243130683898926e-01
9.998551607131958008e-01
-8.380241990089416504e-01
9.984877109527587891e-01
9.296640157699584961e-01
9.097559452056884766e-01
-3.165571093559265137e-01
-9.582374095916748047e-01
9.964157342910766602e-01
6.806759834289550781e-01
-5.829929113388061523e-01
9.862821698188781738e-01
-8.882656693458557129e-01
9.845588207244873047e-01
-7.369421124458312988e-01
9.998790621757507324e-01
-8.439723253250122070e-01
9.869337677955627441e-01
6.150416135787963867e-01
4.251522123813629150e-01
-9.756689071655273438e-01
8.973646163940429688e-01
9.197821021080017090e-01
-3.216552436351776123e-01
9.350737929344177246e-01
3.769860267639160156e-01
-7.262572050094604492e-01
-9.880704283714294434e-01
9.734826683998107910e-01
-6.774559617042541504e-01
9.788726568222045898e-01
-8.526448607444763184e-01
9.992655515670776367e-01
9.925372004508972168e-01
6.972392201423645020e-01
9.881649613380432129e-01
-5.018453001976013184e-01
9.631975889205932617e-01
9.087276458740234375e-02
9.927840232849121094e-01
3.830854892730712891e-01
1.275557577610015869e-01
6.827551126480102539e-01
-5.164257287979125977e-01
9.001968502998352051e-01
-8.920096755027770996e-01
2.377621978521347046e-01
9.118291735649108887e-01
-3.476885855197906494e-01
9.738681912422180176e-01
8.958026766777038574e-01
7.720667123794555664e-01
-9.938485026359558105e-01
6.287554502487182617e-01
-9.928627014160156250e-01
-7.182394862174987793e-01
9.150463938713073730e-01
9.848642945289611816e-01
-4.430477619171142578e-01
9.877704977989196777e-01
-6.106706857681274414e-01
9.946141242980957031e-01
-4.921584725379943848e-01
9.762319326400756836e-01
-2.647067904472351074e-01
9.808329343795776367e-01
8.743489980697631836e-01
-5.922179818153381348e-01
8.932816982269287109e-01
-9.922090172767639160e-01
9.676877856254577637e-01
-8.727556467056274414e-01
9.740741252899169922e-01
9.330039620399475098e-01
-4.351677596569061279e-01
9.312379360198974609e-01
-8.427562713623046875e-01
9.975042343139648438e-01
-7.331533432006835938e-01
9.792881608009338379e-01
7.695881128311157227e-01
-7.233885526657104492e-01
9.945475459098815918e-01
-5.292584896087646484e-01
9.984178543090820312e-01
-9.027464389801025391e-01
9.991865754127502441e-01
-1.500320285558700562e-01
9.937266111373901367e-01
-9.722895622253417969e-01
9.959617853164672852e-01
-2.837619781494140625e-01
9.925837516784667969e-01
9.296525120735168457e-01
-9.942085146903991699e-01
8.843933939933776855e-01
-9.880658388137817383e-01
9.927825331687927246e-01
-6.013218760490417480e-01
9.667078852653503418e-01
4.698885679244995117e-01
-8.358995318412780762e-01
9.918603301048278809e-01
9.971013069152832031e-01
-9.570177793502807617e-01
9.987131357192993164e-01
4.920934438705444336e-01
-9.415642023086547852e-01
9.995675683021545410e-01
5.800481885671615601e-02
4.599231183528900146e-01
-4.242847263813018799e-01
9.992322921752929688e-01
8.924153447151184082e-01
-9.186118245124816895e-01
9.084950089454650879e-01
-8.770445585250854492e-01
9.926059246063232422e-01
-9.885643124580383301e-01
9.979789257049560547e-01
9.975950121879577637e-01
-9.985859990119934082e-01
9.863438010215759277e-01
-8.587425947189331055e-01
9.999980330467224121e-01
-7.840642333030700684e-01
9.998347163200378418e-01
9.436540007591247559e-01
9.170470237731933594e-01
-9.993997216224670410e-01
9.743202328681945801e-01
-9.934736490249633789e-01
9.710891246795654297e-01
9.664509296417236328e-01
-9.822622537612915039e-01
9.928364157676696777e-01
-8.116374015808105469e-01
9.992933869361877441e-01
-7.410088777542114258e-01
9.994348287582397461e-01
7.263873219490051270e-01
-9.094763994216918945e-01
9.912017583847045898e-01
9.040356874465942383e-01
-5.572867393493652344e-01
9.918114542961120605e-01
-9.955962896347045898e-01
9.999608397483825684e-01
-3.881215155124664307e-01
9.997296333312988281e-01
-7.679701447486877441e-01
9.862313866615295410e-01
-3.103848695755004883e-01
9.967443943023681641e-01
-3.905776143074035645e-02
-6.908097267150878906e-01
9.999571442604064941e-01
-8.434197306632995605e-01
9.995368719100952148e-01
5.366019010543823242e-01
8.602249622344970703e-01
-9.462947845458984375e-01
9.983996748924255371e-01
-9.965627789497375488e-01
9.958556294441223145e-01
9.285714030265808105e-01
-7.894162535667419434e-01
9.818613529205322266e-01
-9.526565074920654297e-01
9.302653670310974121e-01
1.232693940401077271e-01
9.139376878738403320e-01
-9.631788730621337891e-01
9.998584985733032227e-01
9.187932610511779785e-01
4.033468961715698242e-01
-7.646573185920715332e-01
9.983118176460266113e-01
-9.688181877136230469e-01
9.953690767288208008e-01
-9.840578436851501465e-01
9.998905062675476074e-01
3.787764906883239746e-01
-6.536012291908264160e-01
9.814595580101013184e-01
3.388601839542388916e-01
9.348139762878417969e-01
-9.740259051322937012e-01
9.916001558303833008e-01
-9.218243360519409180e-01
9.827407002449035645e-01
7.324159145355224609e-01
-4.755816608667373657e-02
-4.674890041351318359e-01
9.937534332275390625e-01
6.911323070526123047e-01
-7.982144355773925781e-01
9.984434247016906738e-01
-7.793871164321899414e-01
9.998247623443603516e-01
-9.049387574195861816e-01
9.996994137763977051e-01
-4.468466937541961670e-01
9.897104501724243164e-01
6.981385350227355957e-01
-9.423210024833679199e-01
9.996929764747619629e-01
9.011858105659484863e-01
-4.314707517623901367e-01
-3.453132882714271545e-02
9.962339997291564941e-01
-6.042246222496032715e-01
9.351388812065124512e-01
-8.046689629554748535e-01
9.990189671516418457e-01
-7.959737777709960938e-01
9.812213778495788574e-01
8.431865572929382324e-01
-9.079856276512145996e-01
9.777026176452636719e-01
-7.987066507339477539e-01
9.976714253425598145e-01
-5.045943856239318848e-01
9.183472394943237305e-01
4.301092624664306641e-01
7.787277102470397949e-01
-9.819486737251281738e-01
9.999226331710815430e-01
-9.174693822860717773e-01
9.997380971908569336e-01
-8.556354641914367676e-01
9.980476498603820801e-01
4.386205077171325684e-01
6.966636180877685547e-01
9.878339171409606934e-01
-8.684658408164978027e-01
9.997346997261047363e-01
-8.071364164352416992e-01
9.202048182487487793e-01
-9.870399832725524902e-01
9.970601201057434082e-01
7.971395850181579590e-01
-9.903514981269836426e-01
9.973815083503723145e-01
7.298141717910766602e-01
-5.822346210479736328e-01
9.998270273208618164e-01
-9.430624246597290039e-01
9.782399535179138184e-01
-6.494185328483581543e-01
9.981274008750915527e-01
9.590764045715332031e-01
-9.634151458740234375e-01
9.997580051422119141e-01
-9.957760572433471680e-01
9.951116442680358887e-01
-6.096678227186203003e-02
9.974187016487121582e-01
-8.931808471679687500e-01
9.993169903755187988e-01
-9.589319229125976562e-01
9.993001222610473633e-01
-3.263990283012390137e-01
9.975973367691040039e-01
2.064899951219558716e-01
9.822344779968261719e-01
-6.548329591751098633e-01
9.997901320457458496e-01
-9.577704071998596191e-01
9.979709386825561523e-01
7.816388607025146484e-01
-6.886897087097167969e-01
9.677377939224243164e-01
-3.218969702720642090e-01
5.350537300109863281e-01
-9.989175200462341309e-01
9.968018531799316406e-01
-6.777392625808715820e-01
9.969564080238342285e-01
-9.241673350334167480e-01
9.799565672874450684e-01
9.477913379669189453e-01
9.729500412940979004e-01
-7.493010163307189941e-01
9.984426498413085938e-01
8.067654818296432495e-02
-9.943737983703613281e-01
9.988970160484313965e-01
4.915050864219665527e-01
-9.837651848793029785e-01
9.974540472030639648e-01
8.331757187843322754e-01
-9.637945890426635742e-01
9.872443675994873047e-01
1.694854050874710083e-01
9.532749056816101074e-01
-9.592245221138000488e-01
9.458488225936889648e-01
-7.654529809951782227e-01
9.967983961105346680e-01
-9.263310432434082031e-01
9.978759288787841797e-01
-3.889647871255874634e-02
9.935212135314941406e-01
1.837731003761291504e-01
-9.957162141799926758e-01
9.881010055541992188e-01
-2.723910510540008545e-01
9.315241575241088867e-01
-8.463014364242553711e-01
9.998729228973388672e-01
9.994822740554809570e-01
8.006279468536376953e-01
-9.984032511711120605e-01
9.842715859413146973e-01
-9.853562116622924805e-01
9.260560870170593262e-01
-3.102282881736755371e-01
9.997534751892089844e-01
-9.886735677719116211e-01
9.760531783103942871e-01
9.138187170028686523e-01
-8.708290457725524902e-01
9.993109703063964844e-01
-7.894191741943359375e-01
9.859534502029418945e-01
-4.455067217350006104e-01
9.992015957832336426e-01
8.934194445610046387e-01
-9.945693016052246094e-01
9.128884673118591309e-01
-9.957588911056518555e-01
9.999504089355468750e-01
-9.364177584648132324e-01
3.735603690147399902e-01
9.225420951843261719e-01
-9.220977425575256348e-01
9.995073676109313965e-01
7.584470510482788086e-01
9.927833676338195801e-01
9.755119085311889648e-01
-9.688359498977661133e-01
9.988690614700317383e-01
-9.908415675163269043e-01
9.976258873939514160e-01
-9.971954822540283203e-01
9.999248981475830078e-01
8.173014521598815918e-01
-9.867399930953979492e-01
9.992369413375854492e-01
-8.595126867294311523e-01
9.954170584678649902e-01
8.097630739212036133e-01
-8.812251687049865723e-01
9.976540803909301758e-01
-7.828472852706909180e-01
9.884504675865173340e-01
9.354156255722045898e-01
2.891299724578857422e-01
-9.000706672668457031e-01
9.830980300903320312e-01
-9.847047328948974609e-01
9.958229064941406250e-01
-6.184698939323425293e-01
9.974082708358764648e-01
9.647685885429382324e-01
-9.052805900573730469e-01
9.969593882560729980e-01
-3.028312884271144867e-02
-8.796175122261047363e-01
9.984359741210937500e-01
9.333429336547851562e-01
-8.313097357749938965e-01
9.988914728164672852e-01
6.379712224006652832e-01
-9.598890542984008789e-01
9.892280697822570801e-01
-5.697630643844604492e-01
9.992902278900146484e-01
7.840371727943420410e-01
-9.404641985893249512e-01
9.941338896751403809e-01
-9.558848142623901367e-01
9.986717104911804199e-01
-8.779743909835815430e-01
9.959517121315002441e-01
2.057851552963256836e-01
4.267572462558746338e-01
3.768650591373443604e-01
8.707097768783569336e-01
-9.960296154022216797e-01
9.973534941673278809e-01
-6.715803146362304688e-01
9.803006052970886230e-01
8.420365452766418457e-01
-1.349805970676243305e-03
5.311147868633270264e-02
-6.416292190551757812e-01
9.997134804725646973e-01
7.899351716041564941e-01
-9.933909177780151367e-01
9.996114969253540039e-01
-9.894368052482604980e-01
9.950928092002868652e-01
-8.924444913864135742e-01
9.993202090263366699e-01
4.608514532446861267e-02
9.990354776382446289e-01
9.892382621765136719e-01
7.361873239278793335e-02
-8.672520518302917480e-01
9.674898386001586914e-01
-9.636801481246948242e-01
7.560016512870788574e-01
4.695625603199005127e-01
2.875950038433074951e-01
4.656789004802703857e-01
2.366680055856704712e-01
-5.977686047554016113e-01
9.987177848815917969e-01
-9.405127763748168945e-01
9.991883635520935059e-01
-3.339900821447372437e-02
2.219076156616210938e-01
7.001470923423767090e-01
-5.597172379493713379e-01
9.605122804641723633e-01
-4.854644834995269775e-02
3.388653099536895752e-01
9.528644680976867676e-01
-9.093242883682250977e-01
9.970814585685729980e-01
-9.512161612510681152e-01
9.990346431732177734e-01
4.286400377750396729e-01
-1.741100698709487915e-01
9.356592297554016113e-01
-5.418930053710937500e-01
9.983913898468017578e-01
-7.570623159408569336e-01
9.788426160812377930e-01
-9.698160290718078613e-01
9.989640116691589355e-01
8.201938271522521973e-01
-9.633993506431579590e-01
9.994615912437438965e-01
9.230350255966186523e-01
-9.651378989219665527e-01
9.938850402832031250e-01
-6.289924979209899902e-01
9.989323019981384277e-01
-9.869541525840759277e-01
9.717005491256713867e-01
-1.352637261152267456e-01
9.992634057998657227e-01
-6.768820881843566895e-01
9.994397759437561035e-01
9.900948405265808105e-01
-9.963030815124511719e-01
9.939141869544982910e-01
-6.741350889205932617e-01
9.864999651908874512e-01
-9.976322650909423828e-01
9.972100853919982910e-01
9.700993299484252930e-01
-9.709739089012145996e-01
9.984504580497741699e-01
-6.789726614952087402e-01
9.335756897926330566e-01
-4.157519936561584473e-01
9.380341768264770508e-01
9.035926461219787598e-01
-9.754580259323120117e-01
9.918956756591796875e-01
-7.530211806297302246e-01
9.922775626182556152e-01
-9.983062148094177246e-01
9.992471337318420410e-01
9.821092486381530762e-01
-1.337555702775716782e-02
-7.935071587562561035e-01
9.957228302955627441e-01
5.419514775276184082e-01
-7.448326945304870605e-01
9.343309402465820312e-01
4.782788082957267761e-02
9.871671795845031738e-01
-9.414942264556884766e-01
9.996207952499389648e-01
-9.225992560386657715e-01
9.979946613311767578e-01
9.285448789596557617e-01
-9.847432971000671387e-01
9.601419568061828613e-01
5.589628219604492188e-01
-7.898979783058166504e-01
9.937725067138671875e-01
-9.852868914604187012e-01
8.570026159286499023e-01
3.206202387809753418e-01
7.762480378150939941e-01
-9.652287960052490234e-01
9.955939650535583496e-01
9.989154338836669922e-01
-2.315717339515686035e-01
-9.605650901794433594e-01
9.855675101280212402e-01
-6.072762608528137207e-01
9.970488548278808594e-01
-9.428935647010803223e-01
9.989767670631408691e-01
-5.547768473625183105e-01
9.944318532943725586e-01
9.998291730880737305e-01
9.940094351768493652e-01
-8.241942524909973145e-01
9.931682944297790527e-01
-9.915698170661926270e-01
9.920818209648132324e-01
-8.976944684982299805e-01
9.978719949722290039e-01
1.662276536226272583e-01
7.255271673202514648e-01
-8.779257535934448242e-01
6.566005349159240723e-01
9.474629163742065430e-01
-8.944235444068908691e-01
9.994907379150390625e-01
8.430002927780151367e-01
-8.141199350357055664e-01
9.987215399742126465e-01
-9.926652312278747559e-01
9.973887205123901367e-01
-9.852396249771118164e-01
9.334146380424499512e-01
9.851430654525756836e-01
-9.988673329353332520e-01
-8.240614533424377441e-01
-9.666311740875244141e-01
5.090850591659545898e-01
-4.011295437812805176e-01
9.515850543975830078e-01
8.252782225608825684e-01
5.379293560981750488e-01
-2.706801332533359528e-02
9.290719628334045410e-01
4.312272667884826660e-01
1.628917008638381958e-01
8.406574130058288574e-01
-2.064877003431320190e-01
-2.268033176660537720e-01
9.947626590728759766e-01
-2.093442380428314209e-01
9.970071911811828613e-01
5.463567972183227539e-01
5.467565059661865234e-01
-1.792423874139785767e-01
-2.472881227731704712e-01
8.503565788269042969e-01
6.851582527160644531e-01
-6.898912191390991211e-01
2.101000696420669556e-01
4.057967066764831543e-01
9.307575821876525879e-01
4.715276062488555908e-01
-8.147646784782409668e-01
4.933037757873535156e-01
-8.964694142341613770e-01
8.492687940597534180e-01
3.135125637054443359e-01
4.343405961990356445e-01
6.307240128517150879e-01
-6.762170195579528809e-01
9.539070725440979004e-01
7.333974242210388184e-01
-8.623160123825073242e-01
9.684244394302368164e-01
-6.436173319816589355e-01
9.968304634094238281e-01
8.357753753662109375e-01
2.198378443717956543e-01
-1.999975740909576416e-02
8.818892240524291992e-01
-3.249047398567199707e-01
1.269940733909606934e-01
-9.812774658203125000e-01
-9.426931142807006836e-01
9.997906088829040527e-01
9.993908405303955078e-01
9.542554020881652832e-01
-8.400734663009643555e-01
9.974919557571411133e-01
2.435388416051864624e-01
8.198888897895812988e-01
2.440809011459350586e-01
8.983048796653747559e-01
-9.986367821693420410e-01
9.793223142623901367e-01
-8.357341289520263672e-01
7.887658476829528809e-01
-9.958377480506896973e-01
9.994118213653564453e-01
1.905972361564636230e-01
9.366295337677001953e-01
-9.310574531555175781e-01
9.954339265823364258e-01
9.073981046676635742e-01
-9.909040927886962891e-01
9.976729154586791992e-01
8.617991805076599121e-01
-9.824374914169311523e-01
9.959108233451843262e-01
-2.991177737712860107e-01
9.321578741073608398e-01
-5.538370013236999512e-01
2.838018834590911865e-01
-6.514225602149963379e-01
9.992270469665527344e-01
-1.954495161771774292e-01
9.637900590896606445e-01
-8.326658606529235840e-01
9.991605877876281738e-01
9.977778196334838867e-01
9.574614167213439941e-01
-9.930721521377563477e-01
9.930203557014465332e-01
-4.235351979732513428e-01
-5.731899142265319824e-01
9.867955446243286133e-01
-9.968697428703308105e-01
9.925449490547180176e-01
-9.126608967781066895e-01
8.873336315155029297e-01
9.758117198944091797e-01
7.554964423179626465e-01
-2.524620294570922852e-01
9.196029901504516602e-01
-8.862154483795166016e-01
9.999673962593078613e-01
-9.624354243278503418e-01
9.979324936866760254e-01
-8.288698196411132812e-01
9.776188731193542480e-01
9.181771874427795410e-01
-9.273973703384399414e-01
9.987975358963012695e-01
9.275830984115600586e-01
-1.307576596736907959e-01
-4.395698010921478271e-01
9.980854392051696777e-01
-9.887176156044006348e-01
8.327648639678955078e-01
-3.881262242794036865e-01
9.945988655090332031e-01
8.462230563163757324e-01
-9.553661942481994629e-01
9.999580979347229004e-01
-9.436285495758056641e-01
9.975509643554687500e-01
-1.024394705891609192e-01
9.549979567527770996e-01
-8.864384293556213379e-01
9.933058023452758789e-01
9.694337844848632812e-01
-3.637788593769073486e-01
1.184174865484237671e-01
-9.695697426795959473e-01
9.998182654380798340e-01
3.887917101383209229e-01
-6.802610307931900024e-02
8.973885774612426758e-01
-2.063100039958953857e-01
9.934211373329162598e-01
2.306632101535797119e-01
-4.472319781780242920e-01
9.993523359298706055e-01
-9.689669609069824219e-01
9.918764829635620117e-01
-9.891209602355957031e-01
9.942802190780639648e-01
5.560907125473022461e-01
9.821981936693191528e-02
2.213836908340454102e-01
9.928252696990966797e-01
-9.858381748199462891e-01
9.307148456573486328e-01
-9.684732556343078613e-01
9.626649022102355957e-01
-2.985035777091979980e-01
9.971996545791625977e-01
-5.197210311889648438e-01
9.928640723228454590e-01
1.211749985814094543e-01
9.472611546516418457e-01
-5.919333696365356445e-01
9.347606301307678223e-01
-8.195341825485229492e-01
9.953399300575256348e-01
-9.938729405403137207e-01
9.912706017494201660e-01
-9.715015292167663574e-01
9.983110427856445312e-01
9.981065988540649414e-01
7.079604268074035645e-01
-9.077937602996826172e-01
9.858422279357910156e-01
-7.908216714859008789e-01
9.784016609191894531e-01
8.535624146461486816e-01
-9.845221638679504395e-01
9.879800081253051758e-01
9.330106377601623535e-01
-9.490079879760742188e-01
9.701910614967346191e-01
3.965843617916107178e-01
-9.830562472343444824e-01
9.939827322959899902e-01
-3.329226374626159668e-02
-2.377240918576717377e-02
6.726344227790832520e-01
-4.618307948112487793e-01
9.975984096527099609e-01
-9.908213615417480469e-01
9.998154640197753906e-01
-9.652556180953979492e-01
7.772396802902221680e-01
9.566822052001953125e-01
-1.318181678652763367e-02
9.867503643035888672e-01
1.944296807050704956e-02
4.141782224178314209e-02
-7.274444103240966797e-01
9.992508888244628906e-01
-6.447419524192810059e-01
9.908754825592041016e-01
8.421403169631958008e-01
-5.132635235786437988e-01
9.949283599853515625e-01
-9.948840737342834473e-02
-1.883927434682846069e-01
9.996907114982604980e-01
-9.801462888717651367e-01
9.819365739822387695e-01
4.896015822887420654e-01
-8.585571050643920898e-01
9.996587038040161133e-01
9.979329109191894531e-01
-9.688832163810729980e-01
9.969834089279174805e-01
-9.425431489944458008e-01
9.921984672546386719e-01
-8.164275288581848145e-01
9.990118145942687988e-01
6.347759366035461426e-01
7.186377048492431641e-01
-4.540675580501556396e-01
9.190620183944702148e-01
-9.848951697349548340e-01
7.523083686828613281e-01
9.503548145294189453e-01
-8.499562144279479980e-01
9.335509538650512695e-01
-9.927675127983093262e-01
9.993304610252380371e-01
-1.597505211830139160e-01
9.727457165718078613e-01
-9.822005033493041992e-01
9.999428391456604004e-01
9.889203906059265137e-01
-9.909706115722656250e-01
9.946479201316833496e-01
9.439041614532470703e-01
-1.078856065869331360e-01
-9.721736907958984375e-01
9.925002455711364746e-01
-6.938145160675048828e-01
9.967272281646728516e-01
-5.079655051231384277e-01
9.830493330955505371e-01
6.713475584983825684e-01
-9.374569058418273926e-01
9.918536543846130371e-01
-8.922080993652343750e-01
9.997453689575195312e-01
-7.906529903411865234e-01
9.800053238868713379e-01
9.999666213989257812e-01
9.588259458541870117e-01
-6.483114361763000488e-01
9.876551032066345215e-01
-9.785217046737670898e-01
9.965758323669433594e-01
-6.337596774101257324e-01
4.704695194959640503e-02
9.909448623657226562e-01
-9.701889157295227051e-01
