9.999922662973403931e-02
9.919145703315734863e-02
9.134365618228912354e-02
1.052806079387664795e-01
2.580526173114776611e-01
-3.029428049921989441e-02
3.171748518943786621e-01
2.013423442840576172e-01
1.939716786146163940e-01
6.134339049458503723e-02
1.944132298231124878e-01
2.233673185110092163e-01
3.781193867325782776e-02
1.274504065513610840e-01
1.288627684116363525e-01
2.204470336437225342e-01
1.339670568704605103e-01
1.550469994544982910e-01
1.659825295209884644e-01
1.268851161003112793e-01
1.822437644004821777e-01
1.131174638867378235e-01
3.011831045150756836e-01
2.043657898902893066e-01
2.621341049671173096e-01
7.130133360624313354e-02
1.626973152160644531e-01
1.341986805200576782e-01
1.828270703554153442e-01
9.366284310817718506e-02
2.079427391290664673e-01
1.185155957937240601e-01
1.393291354179382324e-01
2.881129682064056396e-01
2.088444381952285767e-01
2.233601808547973633e-01
1.322117298841476440e-01
1.515635401010513306e-01
2.836112678050994873e-01
2.257426083087921143e-01
2.404317259788513184e-01
8.918448537588119507e-02
1.664064675569534302e-01
1.574254333972930908e-01
1.678501963615417480e-01
1.705719828605651855e-01
1.142098531126976013e-01
9.798478335142135620e-02
4.837507754564285278e-02
1.610526293516159058e-01
1.704722195863723755e-01
1.072964519262313843e-01
1.154857724905014038e-01
1.142369732260704041e-01
1.956036537885665894e-01
9.532329440116882324e-02
6.596844643354415894e-02
1.876307725906372070e-01
1.135749146342277527e-01
2.280995994806289673e-02
1.356139034032821655e-01
1.695260852575302124e-01
1.285193711519241333e-01
3.213794529438018799e-02
9.232167899608612061e-02
1.003413796424865723e-01
4.025101289153099060e-02
2.133822590112686157e-01
1.536797136068344116e-01
2.988365590572357178e-01
1.464799046516418457e-01
2.302776575088500977e-01
1.115679815411567688e-01
1.428692638874053955e-01
1.171654313802719116e-01
1.909151375293731689e-01
1.625514477491378784e-01
1.587834656238555908e-01
1.767296493053436279e-01
2.064487189054489136e-01
1.621929705142974854e-01
2.212268859148025513e-01
2.037435173988342285e-01
1.315694153308868408e-01
1.079846471548080444e-01
1.652405261993408203e-01
3.047415912151336670e-01
2.712246477603912354e-01
1.147476211190223694e-01
2.558780610561370850e-01
1.401143427938222885e-02
1.690400689840316772e-01
7.167186588048934937e-02
2.293905913829803467e-01
-2.819519303739070892e-02
9.072545915842056274e-02
1.101923659443855286e-01
1.511972397565841675e-01
2.483106553554534912e-01
5.581488460302352905e-02
1.808694303035736084e-01
1.839634478092193604e-01
1.474974602460861206e-01
1.460829228162765503e-01
2.639599442481994629e-01
1.789334416389465332e-01
1.754926890134811401e-01
1.460839360952377319e-01
1.781083792448043823e-01
1.340698003768920898e-01
1.950411796569824219e-01
2.303149104118347168e-01
1.647056937217712402e-01
2.086146175861358643e-01
2.528459727764129639e-01
2.330490648746490479e-01
6.239265203475952148e-02
1.548948436975479126e-01
1.901368796825408936e-01
8.836957812309265137e-02
1.089922413229942322e-01
1.639273315668106079e-01
1.159407943487167358e-01
9.844142198562622070e-02
1.138079762458801270e-01
2.401076108217239380e-01
8.808387070894241333e-02
-3.047025017440319061e-02
9.074210375547409058e-02
9.894623607397079468e-02
1.180397942662239075e-01
2.672868371009826660e-01
3.383285403251647949e-01
1.119272932410240173e-01
1.605557501316070557e-01
1.001577451825141907e-01
8.712401241064071655e-02
6.692728400230407715e-02
7.703654468059539795e-02
9.089987725019454956e-02
1.919670552015304565e-01
1.526950895786285400e-01
1.564954370260238647e-01
2.712294459342956543e-01
1.935739368200302124e-01
2.193049937486648560e-01
8.747525513172149658e-02
1.219696924090385437e-01
1.467582881450653076e-01
1.597152948379516602e-01
1.211087107658386230e-01
8.342414349317550659e-02
9.757889807224273682e-02
1.122796759009361267e-01
1.438935995101928711e-01
1.352598071098327637e-01
1.268124580383300781e-01
1.870083212852478027e-01
1.652201563119888306e-01
1.852117627859115601e-01
2.463636696338653564e-01
2.057150155305862427e-01
1.515841037034988403e-01
1.257683634757995605e-01
1.447408050298690796e-01
2.330802828073501587e-01
2.508766353130340576e-01
1.117827072739601135e-01
2.163661420345306396e-01
9.159027785062789917e-02
7.150693982839584351e-02
1.272499561309814453e-01
9.075701981782913208e-02
1.723861694335937500e-01
1.639518439769744873e-01
1.552639305591583252e-01
2.075712680816650391e-01
8.200811594724655151e-02
1.473961621522903442e-01
1.075652167201042175e-01
1.436717659235000610e-01
1.211920008063316345e-01
1.425347477197647095e-01
2.208508551120758057e-01
5.115974694490432739e-02
3.663238137960433960e-02
5.635440349578857422e-03
1.546457409858703613e-01
1.246280074119567871e-01
3.174027502536773682e-01
1.676806211471557617e-01
1.145563088357448578e-02
1.233836486935615540e-01
1.428226977586746216e-01
1.553172022104263306e-01
1.161136776208877563e-01
5.860413983464241028e-02
1.120191514492034912e-01
3.234524130821228027e-01
1.661286205053329468e-01
1.978733539581298828e-01
1.947698891162872314e-01
1.873197555541992188e-01
2.379370033740997314e-01
1.610408276319503784e-01
1.310453116893768311e-01
2.274244725704193115e-01
2.011795341968536377e-01
2.108893543481826782e-01
1.387445926666259766e-01
1.273076981306076050e-01
1.394641995429992676e-01
1.683393865823745728e-01
4.223845899105072021e-02
1.537474691867828369e-01
1.539174374192953110e-02
7.013458758592605591e-02
-8.159635588526725769e-03
1.979188323020935059e-01
2.005422860383987427e-01
1.971636861562728882e-01
1.856336146593093872e-01
1.573935747146606445e-01
1.107505336403846741e-01
5.010811239480972290e-02
-3.617242723703384399e-02
1.876317411661148071e-01
2.306314259767532349e-01
1.657849103212356567e-01
2.411509156227111816e-01
1.182165592908859253e-01
1.171443834900856018e-01
1.185967698693275452e-01
9.616303443908691406e-02
2.464671880006790161e-01
1.771117150783538818e-01
2.314293980598449707e-01
1.891642212867736816e-01
1.629794090986251831e-01
2.463300228118896484e-01
5.553856119513511658e-02
2.019404321908950806e-01
5.608059465885162354e-02
-1.740810275077819824e-02
1.262741684913635254e-01
1.349563151597976685e-01
2.241157293319702148e-01
1.418076157569885254e-01
1.817595809698104858e-01
2.015123218297958374e-01
7.554684579372406006e-02
1.599269211292266846e-01
1.334243416786193848e-01
2.407086640596389771e-01
1.143465861678123474e-01
1.255805641412734985e-01
2.226425707340240479e-01
2.134058922529220581e-01
8.169772475957870483e-02
5.338801816105842590e-02
5.614101514220237732e-02
1.111604720354080200e-01
7.979725301265716553e-02
1.188374385237693787e-01
1.212255954742431641e-01
1.122997030615806580e-01
2.950680553913116455e-01
6.729580461978912354e-02
1.339938491582870483e-01
1.787464618682861328e-01
1.915268301963806152e-01
1.658783704042434692e-01
1.122017577290534973e-01
1.647782921791076660e-01
1.563999801874160767e-01
1.682663112878799438e-01
2.489587366580963135e-01
2.122251540422439575e-01
8.554621040821075439e-02
2.225296497344970703e-01
1.537462025880813599e-01
9.266801923513412476e-02
2.104100584983825684e-01
2.239241749048233032e-01
2.164797484874725342e-01
2.284543812274932861e-01
1.439174413681030273e-01
2.090945988893508911e-01
-1.903743483126163483e-02
8.460713922977447510e-02
2.079325914382934570e-01
1.425627917051315308e-01
2.360419481992721558e-01
2.498979717493057251e-01
2.189660221338272095e-01
1.531168967485427856e-01
1.445938348770141602e-01
2.544773221015930176e-01
7.785858958959579468e-02
1.725061088800430298e-01
8.501637727022171021e-02
3.163730725646018982e-02
1.454192101955413818e-01
2.586627006530761719e-01
2.234700471162796021e-01
1.618728488683700562e-01
1.276487559080123901e-01
1.198159754276275635e-01
1.470441818237304688e-01
8.032767474651336670e-02
1.700656712055206299e-01
1.698690652847290039e-01
6.162662804126739502e-02
2.023131996393203735e-01
9.855236113071441650e-02
8.071798831224441528e-02
1.078293025493621826e-01
1.097578331828117371e-01
1.188589632511138916e-01
1.414581388235092163e-01
1.257405281066894531e-01
3.827623277902603149e-02
2.374246120452880859e-01
8.800350129604339600e-02
2.127060890197753906e-01
1.617287397384643555e-01
1.264036595821380615e-01
1.578259319067001343e-01
1.295431703329086304e-01
1.798379719257354736e-01
2.179249376058578491e-01
1.193334013223648071e-01
1.098226979374885559e-01
2.072329223155975342e-01
9.104852378368377686e-02
1.612911224365234375e-01
2.422949373722076416e-01
1.033541932702064514e-01
8.686016499996185303e-02
1.207551136612892151e-01
1.310998499393463135e-01
1.504251360893249512e-01
2.127962373197078705e-02
5.867886543273925781e-02
2.178357690572738647e-01
1.542958766222000122e-01
2.013641893863677979e-01
1.688214540481567383e-01
1.600319296121597290e-01
1.955136284232139587e-02
1.474625468254089355e-01
1.580825746059417725e-01
1.909239888191223145e-01
1.992282718420028687e-01
2.575166225433349609e-01
2.016816139221191406e-01
2.140932828187942505e-01
2.306386679410934448e-01
1.828994005918502808e-01
2.868690527975559235e-02
1.572922617197036743e-01
2.380485385656356812e-01
2.156516015529632568e-01
2.210588455200195312e-01
1.370959281921386719e-01
2.280277013778686523e-01
2.073829472064971924e-01
1.666800677776336670e-01
1.793352067470550537e-01
1.581213623285293579e-01
2.505373954772949219e-01
1.708000898361206055e-01
8.781822770833969116e-02
1.942534893751144409e-01
2.328590154647827148e-01
1.079752892255783081e-01
1.616818457841873169e-01
1.118257120251655579e-01
2.712568342685699463e-01
1.211084946990013123e-01
2.486827038228511810e-02
8.757239580154418945e-02
1.748948991298675537e-01
1.925561279058456421e-01
1.082138121128082275e-01
3.380810022354125977e-01
1.346553117036819458e-01
1.181813180446624756e-01
5.404451861977577209e-02
1.031424924731254578e-01
8.890273422002792358e-02
9.681552648544311523e-02
9.329857677221298218e-02
4.688623920083045959e-02
1.627503782510757446e-01
1.877863407135009766e-01
7.306578010320663452e-02
1.166330724954605103e-01
1.053989306092262268e-01
2.280952781438827515e-01
8.229807019233703613e-02
6.503075361251831055e-02
1.170316636562347412e-01
1.042868867516517639e-01
6.937406957149505615e-02
1.742664277553558350e-01
2.587466835975646973e-01
2.092834562063217163e-01
2.315612435340881348e-01
2.697943449020385742e-01
7.716479152441024780e-02
9.815583378076553345e-02
1.350342929363250732e-01
2.279813885688781738e-01
1.494093388319015503e-01
1.971233785152435303e-01
1.045168116688728333e-01
1.156136542558670044e-01
2.193567603826522827e-01
1.320171803236007690e-01
2.676611952483654022e-02
2.663988769054412842e-01
2.184973955154418945e-01
6.490020453929901123e-02
9.489422291517257690e-02
1.787744313478469849e-01
1.638480871915817261e-01
5.740780383348464966e-02
2.094226181507110596e-01
1.569905877113342285e-01
1.151113063097000122e-01
1.441941112279891968e-01
1.545686274766921997e-01
-2.054587006568908691e-02
1.965624988079071045e-01
9.221675992012023926e-02
2.733255326747894287e-01
1.896005421876907349e-01
1.447998285293579102e-01
1.316797286272048950e-01
1.930399686098098755e-01
1.902375966310501099e-01
1.992730498313903809e-01
-6.191383115947246552e-03
1.328598260879516602e-01
9.972129017114639282e-02
6.559900939464569092e-02
1.801946312189102173e-01
1.351446956396102905e-01
2.592725753784179688e-01
1.486838459968566895e-01
1.267833858728408813e-01
1.713532358407974243e-01
1.653518378734588623e-01
1.781444996595382690e-01
1.786748319864273071e-01
-4.510972276329994202e-02
7.456730306148529053e-02
1.726378798484802246e-01
-3.627170249819755554e-02
5.779935419559478760e-02
2.836161553859710693e-01
2.302852272987365723e-01
2.491638958454132080e-01
2.809543348848819733e-02
4.696141555905342102e-02
1.549849063158035278e-01
1.556989550590515137e-01
1.251241266727447510e-01
1.586974263191223145e-01
1.250651776790618896e-01
6.082455068826675415e-02
2.988562285900115967e-01
1.545640826225280762e-01
2.166354507207870483e-01
1.528064161539077759e-01
7.936224341392517090e-02
1.377465277910232544e-01
1.084380671381950378e-01
1.594526320695877075e-01
3.629697114229202271e-02
2.241012752056121826e-01
2.660475373268127441e-01
1.459360122680664062e-01
1.570237427949905396e-01
1.303377151489257812e-01
1.367057263851165771e-01
7.353284209966659546e-02
2.490613609552383423e-01
1.638195961713790894e-01
1.173685044050216675e-01
1.229415163397789001e-01
1.147575452923774719e-01
2.230257093906402588e-01
1.582401245832443237e-01
1.352045387029647827e-01
1.679149866104125977e-01
1.248812004923820496e-01
1.722298264503479004e-01
1.080088987946510315e-01
1.382637023925781250e-01
6.990020722150802612e-02
2.297321334481239319e-02
1.527102887630462646e-01
7.450565695762634277e-02
3.989347722381353378e-03
1.532564163208007812e-01
1.301373988389968872e-01
1.208964809775352478e-01
1.389850974082946777e-01
1.731066107749938965e-01
1.982960253953933716e-01
1.750947535037994385e-01
1.205374896526336670e-01
2.510263919830322266e-01
1.935434937477111816e-01
1.919891536235809326e-01
1.703782975673675537e-01
1.316710114479064941e-01
2.179958820343017578e-01
1.872941702604293823e-01
1.344240754842758179e-01
8.986318856477737427e-02
4.198342561721801758e-02
1.911482661962509155e-01
1.341691464185714722e-01
1.103446409106254578e-01
2.185184359550476074e-01
1.139607727527618408e-01
1.489511430263519287e-01
1.345126330852508545e-01
2.227067649364471436e-01
8.596264570951461792e-02
1.500630676746368408e-01
9.268571436405181885e-02
1.697023957967758179e-01
1.044957190752029419e-01
1.231867000460624695e-01
2.352002859115600586e-01
9.529061615467071533e-02
2.317647039890289307e-01
1.086297035217285156e-01
1.197044849395751953e-01
1.434236168861389160e-01
2.193390429019927979e-01
1.602851003408432007e-01
9.547907114028930664e-02
1.917094290256500244e-01
2.034976482391357422e-01
7.727880775928497314e-02
8.008562773466110229e-02
3.037879168987274170e-01
2.623810768127441406e-01
2.310541123151779175e-01
1.957049518823623657e-01
2.057158946990966797e-01
1.455212980508804321e-01
1.067122742533683777e-01
2.063135206699371338e-01
2.292488217353820801e-01
9.707336127758026123e-02
1.929111927747726440e-01
1.561452150344848633e-01
9.569350630044937134e-02
1.288107782602310181e-01
2.282671332359313965e-01
2.819707393646240234e-01
1.792811304330825806e-01
1.474905014038085938e-01
-1.338556967675685883e-02
1.019670367240905762e-01
1.033040136098861694e-01
1.824639439582824707e-01
1.615995466709136963e-01
2.094746530055999756e-01
2.203029096126556396e-01
1.167719513177871704e-01
1.184792667627334595e-01
9.675943106412887573e-02
1.181876286864280701e-01
1.518676728010177612e-01
8.099718391895294189e-02
2.125171273946762085e-01
1.108943372964859009e-01
3.782756999135017395e-02
7.669729739427566528e-02
1.796786338090896606e-01
1.102925837039947510e-01
1.752632260322570801e-01
1.488421708345413208e-01
1.677154004573822021e-01
2.597075402736663818e-01
1.861493736505508423e-01
2.979482114315032959e-01
1.533961147069931030e-01
2.502778470516204834e-01
9.175696969032287598e-02
2.036938667297363281e-01
1.603170484304428101e-01
1.056858301162719727e-01
1.188405081629753113e-01
1.048287227749824524e-01
7.233041524887084961e-02
6.471396982669830322e-02
6.014513224363327026e-02
2.008597403764724731e-01
2.100417949259281158e-02
7.087831944227218628e-02
2.420858442783355713e-01
1.760182529687881470e-01
1.721926331520080566e-01
4.969301819801330566e-02
1.616897881031036377e-01
1.456982195377349854e-01
1.478813141584396362e-01
2.322489172220230103e-01
8.344809710979461670e-02
2.768116593360900879e-01
1.099946424365043640e-01
2.027363032102584839e-01
7.121489942073822021e-02
9.142145514488220215e-02
2.632705569267272949e-01
1.005190312862396240e-01
1.019150167703628540e-01
2.201913297176361084e-01
1.681122779846191406e-01
8.678219467401504517e-02
2.297584712505340576e-01
1.865315884351730347e-01
2.208131104707717896e-01
2.566867172718048096e-01
1.110133677721023560e-01
2.651576101779937744e-01
2.582912743091583252e-01
2.148154973983764648e-01
2.278148084878921509e-01
9.284680336713790894e-02
2.514407038688659668e-01
1.935466378927230835e-01
1.931009739637374878e-01
1.612150967121124268e-01
1.514398008584976196e-01
1.478682458400726318e-01
1.076309233903884888e-01
1.195322051644325256e-01
1.263861060142517090e-01
1.409217715263366699e-01
2.489004731178283691e-01
8.671781420707702637e-02
2.929998338222503662e-01
1.123624518513679504e-01
8.979433029890060425e-02
2.413927316665649414e-01
6.169320642948150635e-02
-1.250050263479351997e-03
7.959348708391189575e-02
3.115301951766014099e-02
2.251067310571670532e-01
-8.704766631126403809e-02
5.990536138415336609e-02
1.838587522506713867e-01
1.779487729072570801e-01
8.169554173946380615e-02
1.398737877607345581e-01
1.471928507089614868e-01
1.224613711237907410e-01
1.605788916349411011e-01
1.058402732014656067e-01
8.002840727567672729e-02
1.385906040668487549e-01
1.344521343708038330e-01
1.383093148469924927e-01
1.570376753807067871e-01
1.753436923027038574e-01
9.343070536851882935e-02
2.098017483949661255e-01
2.024731487035751343e-01
2.765873968601226807e-01
9.426370263099670410e-02
1.542674750089645386e-01
1.892541646957397461e-01
1.149190366268157959e-01
9.523168951272964478e-02
1.685842126607894897e-01
1.322460323572158813e-01
1.946071684360504150e-01
1.246324852108955383e-01
1.305993199348449707e-01
9.555056691169738770e-02
9.549826383590698242e-02
2.145741283893585205e-01
5.060367658734321594e-02
2.608370482921600342e-01
1.438050270080566406e-01
2.303507179021835327e-01
1.255710870027542114e-01
1.813142001628875732e-01
1.430702209472656250e-01
4.160410165786743164e-02
1.998409926891326904e-01
2.781237363815307617e-01
9.195306152105331421e-02
7.996769249439239502e-02
1.895064115524291992e-01
1.962128430604934692e-01
1.452252417802810669e-01
1.897571831941604614e-01
8.261436969041824341e-02
8.070732653141021729e-02
1.178365647792816162e-01
1.568283438682556152e-01
1.695693135261535645e-01
1.515014320611953735e-01
2.044059783220291138e-01
1.894859075546264648e-01
2.442567199468612671e-01
1.175253167748451233e-01
1.606373935937881470e-01
2.152034789323806763e-01
1.444453299045562744e-01
1.487328112125396729e-01
8.531769365072250366e-02
1.758387833833694458e-01
1.855099648237228394e-01
2.019334137439727783e-01
1.357455998659133911e-01
1.156158298254013062e-01
9.354750066995620728e-02
1.489204317331314087e-01
1.165487319231033325e-01
1.148150414228439331e-01
2.071643471717834473e-01
9.576939046382904053e-02
1.154350638389587402e-01
1.820559948682785034e-01
2.234465777873992920e-01
1.008176282048225403e-01
1.214787214994430542e-01
1.984129697084426880e-01
1.392928063869476318e-01
1.953838169574737549e-01
2.170042991638183594e-01
1.413594931364059448e-01
1.077534705400466919e-01
2.013666182756423950e-01
1.393311619758605957e-01
1.349108368158340454e-01
4.827035218477249146e-02
1.084665209054946899e-01
1.602438688278198242e-01
1.028610169887542725e-01
2.950543165206909180e-01
2.277516573667526245e-01
2.445390820503234863e-01
6.108817458152770996e-02
-1.435759384185075760e-02
7.792282849550247192e-02
1.053236126899719238e-01
1.478118002414703369e-01
5.693873763084411621e-02
1.905020177364349365e-01
8.386691659688949585e-02
1.595955044031143188e-01
3.042668849229812622e-02
1.584223359823226929e-01
9.519764780998229980e-02
1.183677986264228821e-01
1.523715257644653320e-01
1.650799959897994995e-01
1.931272149085998535e-01
2.808129191398620605e-01
2.344010025262832642e-01
5.602682381868362427e-02
1.531004309654235840e-01
1.535065621137619019e-01
1.497401893138885498e-01
1.214205846190452576e-01
1.899178922176361084e-01
1.769805550575256348e-01
1.174664050340652466e-01
8.738178759813308716e-02
1.322759687900543213e-01
8.627319335937500000e-02
1.343031823635101318e-01
6.390539556741714478e-02
1.766249537467956543e-01
8.911417424678802490e-02
1.259308308362960815e-01
2.121509313583374023e-01
1.522498279809951782e-01
2.034431248903274536e-01
2.459001541137695312e-01
2.261567711830139160e-01
2.203541696071624756e-01
1.558619737625122070e-01
1.032127588987350464e-01
1.691635549068450928e-01
2.169110812246799469e-02
1.751593947410583496e-01
2.602928876876831055e-01
2.292388230562210083e-01
1.833096146583557129e-01
-3.063058247789740562e-03
1.909752935171127319e-01
2.420796602964401245e-01
1.173074841499328613e-01
1.291225701570510864e-01
-7.191102020442485809e-03
1.307611912488937378e-01
1.132734790444374084e-01
1.642806380987167358e-01
1.591829210519790649e-01
1.353749334812164307e-01
2.264620512723922729e-01
7.784315198659896851e-02
2.446045726537704468e-01
1.721249818801879883e-01
3.853507712483406067e-02
1.060963422060012817e-01
1.819535642862319946e-01
1.452749222517013550e-01
1.042912378907203674e-01
9.345086663961410522e-02
1.039799675345420837e-01
5.154700204730033875e-02
1.446794420480728149e-01
2.209351956844329834e-01
1.411938071250915527e-01
1.634109318256378174e-01
1.403086483478546143e-01
1.041544303297996521e-01
1.193677186965942383e-01
1.998323947191238403e-01
2.238950878381729126e-01
2.011107206344604492e-01
4.285427927970886230e-02
1.230197325348854065e-01
2.306340336799621582e-01
2.451688647270202637e-01
1.278223693370819092e-01
1.792908757925033569e-01
1.530314683914184570e-01
2.279110401868820190e-01
1.386364549398422241e-01
7.336820662021636963e-02
4.042628780007362366e-02
1.008998155593872070e-01
2.365128546953201294e-01
7.632758468389511108e-02
1.387660801410675049e-01
1.619255244731903076e-01
1.966272890567779541e-01
1.301981806755065918e-01
2.468203008174896240e-01
1.882541030645370483e-01
1.221342980861663818e-01
1.289491504430770874e-01
2.427643351256847382e-02
1.569762527942657471e-01
2.228339016437530518e-01
9.294988960027694702e-02
1.016043573617935181e-01
1.933182030916213989e-01
1.805033385753631592e-01
2.055134326219558716e-01
2.158376723527908325e-01
1.888817697763442993e-01
-6.046251393854618073e-03
9.767685085535049438e-02
1.022077649831771851e-01
2.884274125099182129e-01
-2.067584171891212463e-02
8.736684173345565796e-02
1.421884298324584961e-01
1.422187387943267822e-01
1.070894822478294373e-01
1.712398976087570190e-01
1.481474488973617554e-01
2.092979401350021362e-01
1.526481658220291138e-01
1.814118623733520508e-01
8.174115419387817383e-02
9.221289306879043579e-02
1.700223386287689209e-01
5.224386602640151978e-02
6.917690485715866089e-02
2.102346718311309814e-01
1.468098163604736328e-01
1.577443033456802368e-01
1.170767843723297119e-01
1.567577421665191650e-01
1.322757005691528320e-01
2.349386066198348999e-01
4.331441596150398254e-02
1.330975741147994995e-01
2.439802587032318115e-01
1.636106818914413452e-01
1.893430501222610474e-01
1.580295562744140625e-01
8.509247004985809326e-02
1.783248335123062134e-01
2.213670909404754639e-01
1.855643689632415771e-01
1.619318872690200806e-01
1.795917898416519165e-01
1.481804549694061279e-01
6.055884063243865967e-02
1.200075671076774597e-01
2.115279734134674072e-01
2.457010895013809204e-01
8.422523736953735352e-02
3.419223800301551819e-02
1.787056028842926025e-01
1.592451930046081543e-01
8.063901215791702271e-03
2.069194167852401733e-01
1.405262649059295654e-01
1.450276672840118408e-01
1.730789989233016968e-01
1.117282435297966003e-01
1.833075881004333496e-01
9.251152724027633667e-02
3.876353846862912178e-03
1.602914035320281982e-01
1.364863812923431396e-01
1.889144182205200195e-01
1.226515844464302063e-01
1.690341830253601074e-01
1.391650289297103882e-01
1.565224528312683105e-01
2.346439510583877563e-01
1.895340681076049805e-01
-1.898994669318199158e-02
9.719695895910263062e-02
1.660512387752532959e-01
1.007948070764541626e-01
2.360954284667968750e-01
1.998271942138671875e-01
1.154883205890655518e-01
1.800208091735839844e-01
2.615010738372802734e-01
2.086862027645111084e-01
8.267373591661453247e-02
7.816585898399353027e-02
2.095122039318084717e-01
9.680505096912384033e-02
2.393238991498947144e-01
6.912304461002349854e-02
1.766749918460845947e-01
2.469422668218612671e-01
1.251816004514694214e-01
9.846653789281845093e-02
1.276609953492879868e-02
1.342183798551559448e-01
1.036185100674629211e-01
1.627423018217086792e-01
4.661776497960090637e-02
4.158067330718040466e-02
2.078784406185150146e-01
1.768613904714584351e-01
1.540316641330718994e-01
1.250659972429275513e-01
9.162236005067825317e-02
1.431953012943267822e-01
2.215532660484313965e-01
5.013169348239898682e-02
9.254983067512512207e-02
1.818798780441284180e-01
1.852637380361557007e-01
2.124049663543701172e-01
1.923566758632659912e-01
2.623696923255920410e-01
1.214662417769432068e-01
8.065352588891983032e-02
1.754150092601776123e-01
3.701757639646530151e-02
1.329055577516555786e-01
4.211120679974555969e-02
2.750778794288635254e-01
1.144579127430915833e-01
6.370893120765686035e-02
2.323077172040939331e-01
1.211295947432518005e-01
1.269459277391433716e-01
1.066646873950958252e-01
1.959236264228820801e-01
2.689445912837982178e-01
1.986864507198333740e-01
9.956213831901550293e-02
1.350075453519821167e-01
1.121406033635139465e-01
2.938914597034454346e-01
1.830945312976837158e-01
1.752823144197463989e-01
8.828748762607574463e-02
8.784571290016174316e-02
2.249358445405960083e-01
6.191730871796607971e-02
2.657930552959442139e-01
1.430616080760955811e-01
1.885622739791870117e-01
4.437863081693649292e-02
1.887967288494110107e-01
9.433390945196151733e-02
2.585407495498657227e-01
1.538503021001815796e-01
2.121417671442031860e-01
8.170017600059509277e-02
5.738196521997451782e-02
6.512156873941421509e-02
2.405439615249633789e-01
1.821433901786804199e-01
1.276999413967132568e-01
1.014997512102127075e-01
9.425346553325653076e-02
2.318959683179855347e-01
1.481524258852005005e-01
7.391639798879623413e-02
2.417467385530471802e-01
6.245413422584533691e-02
7.570023834705352783e-02
1.287811398506164551e-01
3.568083047866821289e-02
2.186869084835052490e-02
1.121359914541244507e-01
2.303590625524520874e-01
1.828505843877792358e-01
2.018534392118453979e-01
-2.120640594512224197e-03
2.064812928438186646e-01
1.443309187889099121e-01
2.628937363624572754e-01
4.171312972903251648e-02
1.695106774568557739e-01
2.390062659978866577e-01
1.612134277820587158e-01
1.272481679916381836e-01
4.713585600256919861e-02
4.485189542174339294e-02
1.559117287397384644e-01
9.924858063459396362e-02
2.338842749595642090e-01
1.538442373275756836e-01
1.137738600373268127e-01
1.475033313035964966e-01
3.614926338195800781e-02
2.591136693954467773e-01
1.616546958684921265e-01
2.308273911476135254e-01
2.194810211658477783e-01
1.248033642768859863e-01
1.219638437032699585e-01
1.658365726470947266e-01
4.428244754672050476e-02
1.872948110103607178e-01
1.834678649902343750e-01
9.830474108457565308e-02
1.203573346138000488e-01
1.165552139282226562e-01
1.610276550054550171e-01
2.042855471372604370e-01
1.356022953987121582e-01
1.362955421209335327e-01
1.683603227138519287e-01
1.873327195644378662e-01
1.104797646403312683e-01
2.049179971218109131e-01
1.429965943098068237e-01
1.056702584028244019e-01
6.551346927881240845e-02
1.367401480674743652e-01
1.712105423212051392e-01
1.781852543354034424e-01
1.646385639905929565e-01
9.486086666584014893e-02
1.852663010358810425e-01
8.411899954080581665e-02
3.927034139633178711e-02
1.527255177497863770e-01
8.648085594177246094e-02
2.042406052350997925e-01
4.862275719642639160e-02
6.134718284010887146e-02
4.560972750186920166e-02
2.056268900632858276e-01
1.485579907894134521e-01
6.052144989371299744e-02
1.744824200868606567e-01
1.006667539477348328e-01
1.445289254188537598e-01
4.357109963893890381e-02
1.203462854027748108e-01
1.006399914622306824e-01
2.179529219865798950e-01
1.592273116111755371e-01
1.284378170967102051e-01
1.537278145551681519e-01
1.363903135061264038e-01
1.680305898189544678e-01
1.582021117210388184e-01
2.529303729534149170e-01
1.628161072731018066e-01
2.222092449665069580e-01
1.241474226117134094e-01
1.173040643334388733e-01
1.091896146535873413e-01
1.143253687769174576e-02
6.144128367304801941e-02
2.069451957941055298e-01
1.106960028409957886e-01
9.468846023082733154e-02
2.339870035648345947e-01
1.738976240158081055e-01
1.146647557616233826e-01
1.218878775835037231e-01
2.554983198642730713e-01
1.788370013236999512e-01
1.791255027055740356e-01
1.554076969623565674e-01
4.633642360568046570e-02
1.722241044044494629e-01
1.746590286493301392e-01
1.619412302970886230e-01
2.320955693721771240e-01
1.951914578676223755e-01
1.923959255218505859e-01
1.456848680973052979e-01
5.878805532120168209e-04
1.526014059782028198e-01
2.690877914428710938e-01
1.781724095344543457e-01
2.218196988105773926e-01
8.897702395915985107e-02
1.824809908866882324e-01
1.165342479944229126e-01
1.365619003772735596e-01
1.048170253634452820e-01
1.547332406044006348e-01
1.153796836733818054e-01
1.730030477046966553e-01
9.295028448104858398e-02
1.515249907970428467e-01
2.153779715299606323e-01
4.252164438366889954e-02
4.239883646368980408e-02
1.496285647153854370e-01
1.452682167291641235e-01
1.833263635635375977e-01
2.197657674551010132e-01
7.257355749607086182e-02
1.934320926666259766e-01
1.873521804809570312e-01
1.993555277585983276e-01
1.569134145975112915e-01
1.709920614957809448e-01
1.792736798524856567e-01
2.205254137516021729e-02
1.160749942064285278e-01
2.555755674839019775e-01
2.138073742389678955e-01
1.229344978928565979e-01
2.110057920217514038e-01
7.205354422330856323e-02
5.130279436707496643e-02
8.898951858282089233e-02
1.781833171844482422e-01
8.526841551065444946e-02
1.224561557173728943e-01
1.516758948564529419e-01
1.931770443916320801e-01
1.125974804162979126e-01
1.785613447427749634e-01
1.577712446451187134e-01
-2.911361679434776306e-02
1.441198736429214478e-01
1.395933777093887329e-01
1.806267350912094116e-01
1.893088668584823608e-01
1.896307021379470825e-01
1.162293180823326111e-01
2.364447414875030518e-01
1.351478397846221924e-01
6.030550971627235413e-02
1.426551938056945801e-01
1.267347484827041626e-01
-2.156863361597061157e-02
1.254298537969589233e-01
1.640193015336990356e-01
1.077865958213806152e-01
1.412567049264907837e-01
1.920674592256546021e-01
1.638596504926681519e-01
1.537040472030639648e-01
1.299113929271697998e-01
1.111701354384422302e-01
1.286593377590179443e-01
2.656625509262084961e-01
1.561231464147567749e-01
1.339637786149978638e-01
1.241508051753044128e-01
1.680897176265716553e-01
1.626369506120681763e-01
-3.311778604984283447e-02
1.352870464324951172e-01
9.304360300302505493e-02
1.601807177066802979e-01
1.124076545238494873e-01
9.345397353172302246e-02
1.665624976158142090e-01
2.419966757297515869e-01
1.765487492084503174e-01
9.747765958309173584e-02
1.752545684576034546e-01
2.179896682500839233e-01
9.123326838016510010e-02
2.029213309288024902e-01
1.672687008976936340e-02
3.825720772147178650e-02
1.905565261840820312e-01
1.140672862529754639e-01
7.112540304660797119e-02
1.494385302066802979e-01
1.213191300630569458e-01
9.641183167695999146e-02
1.913291960954666138e-01
1.355767846107482910e-01
2.126803845167160034e-01
6.464445590972900391e-02
2.320343554019927979e-01
1.731025427579879761e-01
3.520225733518600464e-02
5.915392190217971802e-02
1.149944216012954712e-01
2.605205774307250977e-01
1.041548550128936768e-01
1.463506370782852173e-01
1.180517300963401794e-01
1.651584208011627197e-01
2.640142738819122314e-01
2.140693515539169312e-01
8.862043172121047974e-02
1.280469894409179688e-01
7.906336337327957153e-02
1.669316142797470093e-01
1.062792986631393433e-01
1.965390332043170929e-02
1.682972609996795654e-01
1.095241382718086243e-01
1.228884607553482056e-02
6.920565664768218994e-02
2.332725822925567627e-01
2.054635584354400635e-01
1.944262534379959106e-01
1.922741532325744629e-01
1.768638342618942261e-01
1.539509296417236328e-01
1.042989715933799744e-01
1.391704231500625610e-01
1.469264775514602661e-01
7.003993541002273560e-02
2.461985349655151367e-01
1.402140110731124878e-01
3.706915676593780518e-02
1.253448575735092163e-01
8.825758099555969238e-02
9.821306914091110229e-02
1.652125567197799683e-01
8.601265400648117065e-02
1.854225844144821167e-01
6.984463334083557129e-02
1.377066075801849365e-01
1.607389003038406372e-01
1.674323976039886475e-01
1.205896437168121338e-01
5.309335887432098389e-02
1.054724082350730896e-01
2.481717765331268311e-01
2.400825768709182739e-01
9.649850428104400635e-02
1.135849505662918091e-01
1.030613109469413757e-01
1.501673161983489990e-01
2.460789233446121216e-01
8.264453709125518799e-02
1.689893752336502075e-01
8.784385025501251221e-02
1.586576849222183228e-01
2.136469036340713501e-01
1.945649981498718262e-01
1.076577752828598022e-01
2.327064722776412964e-01
2.291395962238311768e-01
1.704671978950500488e-01
1.814219206571578979e-01
1.059213653206825256e-01
1.665605902671813965e-01
6.547270715236663818e-02
8.470855653285980225e-02
2.020159065723419189e-01
6.399560719728469849e-02
2.093064785003662109e-01
1.919906288385391235e-01
1.682315766811370850e-01
1.519623249769210815e-01
1.401438415050506592e-01
1.593667566776275635e-01
1.613135635852813721e-01
1.215621456503868103e-01
1.177881732583045959e-01
3.946222364902496338e-02
6.642576307058334351e-02
8.941825479269027710e-02
7.876757532358169556e-02
1.265192925930023193e-01
9.706552326679229736e-02
1.028832942247390747e-01
2.138739526271820068e-01
1.969633847475051880e-01
2.126801908016204834e-01
1.500540971755981445e-01
2.197020351886749268e-01
8.428902179002761841e-02
1.070867776870727539e-01
6.636883318424224854e-02
2.190228700637817383e-01
1.198781281709671021e-01
1.813149601221084595e-01
1.720944643020629883e-01
3.657933697104454041e-02
1.246105805039405823e-01
2.010995000600814819e-01
1.263887286186218262e-01
1.553617417812347412e-01
3.098672814667224884e-02
1.022725105285644531e-01
1.514748334884643555e-01
7.243906706571578979e-02
1.967789679765701294e-01
1.686676144599914551e-01
9.664008766412734985e-02
1.623866260051727295e-01
1.363442540168762207e-01
1.905326843261718750e-01
2.027733176946640015e-01
1.492874771356582642e-01
2.112358659505844116e-01
-1.081817876547574997e-02
1.125472635030746460e-01
2.064968198537826538e-01
1.213267520070075989e-01
5.607547238469123840e-02
9.051934629678726196e-02
2.172920852899551392e-01
1.438011974096298218e-01
1.481409072875976562e-01
1.195582970976829529e-01
1.828728169202804565e-01
2.183517217636108398e-01
1.824070513248443604e-01
1.393953561782836914e-01
1.452880501747131348e-01
1.417883336544036865e-01
5.350024998188018799e-02
9.833424538373947144e-02
1.252553164958953857e-01
1.721595227718353271e-01
1.255272030830383301e-01
1.408680379390716553e-01
1.175964474678039551e-01
-1.220529247075319290e-02
1.996922045946121216e-01
2.070705890655517578e-01
1.670145541429519653e-01
7.691425271332263947e-03
1.488494426012039185e-01
1.341205686330795288e-01
1.382248997688293457e-01
1.116795539855957031e-01
5.289837345480918884e-02
1.405375599861145020e-01
2.134224623441696167e-01
1.980574727058410645e-01
1.104079559445381165e-01
1.340915560722351074e-01
3.233025968074798584e-02
3.168598413467407227e-01
2.118397057056427002e-01
8.618740737438201904e-02
1.459962874650955200e-01
1.860872060060501099e-01
2.084778398275375366e-01
1.891709119081497192e-02
2.306005954742431641e-01
1.261678338050842285e-01
1.500649154186248779e-01
2.189328223466873169e-01
1.490023285150527954e-01
1.837203651666641235e-01
6.202047318220138550e-02
1.949065923690795898e-01
1.306098699569702148e-01
9.090286493301391602e-02
1.603862196207046509e-01
1.224306747317314148e-01
1.478928178548812866e-01
1.825166493654251099e-01
1.708890050649642944e-01
1.037712991237640381e-01
1.951196789741516113e-01
1.664403676986694336e-01
9.613729268312454224e-02
1.070178449153900146e-01
1.467007845640182495e-01
8.229253441095352173e-02
1.854767203330993652e-01
1.245032697916030884e-01
1.545965671539306641e-01
2.146650291979312897e-02
6.707069277763366699e-02
1.717792153358459473e-01
1.932017803192138672e-01
1.887761950492858887e-01
1.476976126432418823e-01
1.639037579298019409e-02
1.092754155397415161e-01
1.190489456057548523e-01
2.581059634685516357e-01
1.236053630709648132e-01
8.040630817413330078e-02
7.754161953926086426e-02
2.091741189360618591e-02
6.061867251992225647e-02
2.797032594680786133e-01
1.980630308389663696e-01
1.202021911740303040e-01
8.274886757135391235e-02
5.763826519250869751e-02
5.974670499563217163e-02
1.507401913404464722e-01
1.317783445119857788e-01
2.459177970886230469e-01
1.748441159725189209e-01
8.403366059064865112e-02
1.400716304779052734e-01
2.028934806585311890e-01
2.701675891876220703e-01
1.213786229491233826e-01
1.297151148319244385e-01
1.864601671695709229e-01
1.780585050582885742e-01
1.399970650672912598e-01
1.384404599666595459e-01
1.360692232847213745e-01
1.781447976827621460e-01
1.274753510951995850e-01
9.700363129377365112e-02
1.437659710645675659e-01
9.241458028554916382e-02
1.914493441581726074e-01
1.682412028312683105e-01
2.406210303306579590e-01
1.306895315647125244e-01
1.002532467246055603e-01
1.924547106027603149e-01
3.512921184301376343e-02
9.641189873218536377e-02
1.150122880935668945e-01
2.159857451915740967e-01
1.880160868167877197e-01
-3.638368472456932068e-02
1.095660328865051270e-01
1.317662596702575684e-01
2.179493904113769531e-01
1.753986924886703491e-01
2.053674012422561646e-01
8.802789449691772461e-02
1.454914808273315430e-01
1.467039734125137329e-01
9.603655338287353516e-02
1.473828852176666260e-01
1.953005343675613403e-01
2.155454903841018677e-01
1.193836480379104614e-01
2.084056735038757324e-01
1.894372850656509399e-01
2.596188485622406006e-01
2.778709493577480316e-02
1.123081743717193604e-01
8.210790157318115234e-02
1.241547539830207825e-01
1.816474795341491699e-01
1.878653913736343384e-01
1.996593773365020752e-01
1.553270518779754639e-01
1.809692382812500000e-01
1.959951817989349365e-01
5.789798870682716370e-02
1.492540240287780762e-01
2.528643608093261719e-01
1.734549105167388916e-01
7.295724004507064819e-02
6.950746476650238037e-02
1.701844185590744019e-01
9.709000587463378906e-02
1.428268402814865112e-01
2.160704880952835083e-01
9.799852222204208374e-02
1.825209707021713257e-01
1.319443732500076294e-01
2.366901040077209473e-01
1.504847109317779541e-01
1.180898994207382202e-01
1.730117388069629669e-02
1.305448412895202637e-01
1.631603389978408813e-01
1.756535619497299194e-01
6.330170482397079468e-02
1.113469153642654419e-01
9.928592294454574585e-02
1.561719924211502075e-01
1.533696353435516357e-01
1.027256548404693604e-01
1.616876721382141113e-01
1.477571278810501099e-01
1.685720533132553101e-01
6.923986971378326416e-02
1.403943896293640137e-01
1.045383289456367493e-01
9.776022285223007202e-02
1.137129887938499451e-01
5.330381169915199280e-02
2.225465029478073120e-01
1.686373800039291382e-01
1.323648095130920410e-01
3.767075762152671814e-02
2.733202874660491943e-01
1.494985669851303101e-01
9.443907439708709717e-02
1.100749894976615906e-01
7.378785312175750732e-02
1.243713870644569397e-01
9.823962301015853882e-02
1.554422378540039062e-01
2.211359143257141113e-01
1.327197700738906860e-01
1.180571094155311584e-01
2.415778487920761108e-01
2.060129195451736450e-01
7.305523008108139038e-02
1.712582409381866455e-01
1.576638072729110718e-01
1.514280289411544800e-01
1.028906255960464478e-01
1.042084172368049622e-01
1.334608644247055054e-01
2.065637409687042236e-01
1.547577977180480957e-01
8.868817985057830811e-02
7.294514775276184082e-02
1.288916170597076416e-01
2.358333617448806763e-01
7.518859207630157471e-02
2.234009802341461182e-01
1.448321789503097534e-01
1.300114989280700684e-01
5.504608154296875000e-02
1.016033217310905457e-01
2.004989832639694214e-01
1.688911020755767822e-01
1.495458185672760010e-01
1.146391555666923523e-01
1.697631478309631348e-01
5.955174565315246582e-02
2.293222844600677490e-01
1.952857226133346558e-01
9.411196410655975342e-02
4.899452999234199524e-02
1.733668148517608643e-01
1.204515248537063599e-01
1.341719329357147217e-01
1.443672478199005127e-01
1.674743145704269409e-01
1.459570229053497314e-01
1.313859969377517700e-01
1.065027117729187012e-01
1.947138458490371704e-01
3.151240199804306030e-02
7.418092340230941772e-02
1.390136778354644775e-01
1.160662025213241577e-01
1.573758274316787720e-01
2.132050096988677979e-01
7.673055678606033325e-02
1.119439676403999329e-01
1.696611344814300537e-01
1.171602830290794373e-01
1.495009064674377441e-01
7.663235068321228027e-02
1.092433035373687744e-01
1.599512696266174316e-01
9.817247092723846436e-02
1.029658764600753784e-01
1.044025868177413940e-01
1.683380901813507080e-01
-2.680221386253833771e-02
1.038048118352890015e-01
2.564660608768463135e-01
1.614931076765060425e-01
2.625863067805767059e-02
1.948496401309967041e-01
1.160794943571090698e-01
2.098801434040069580e-01
-6.212509870529174805e-01
-5.173647031188011169e-02
-5.760187506675720215e-01
1.340538114309310913e-01
-5.235520601272583008e-01
2.370474040508270264e-01
-6.389589905738830566e-01
2.976146340370178223e-01
-6.018396615982055664e-01
3.920067250728607178e-01
-5.613591074943542480e-01
4.552660882472991943e-01
-4.997963607311248779e-01
3.356592059135437012e-01
-3.375508189201354980e-01
3.760333359241485596e-01
-1.585085690021514893e-01
4.882026612758636475e-01
-1.077173054218292236e-01
4.744493067264556885e-01
6.188315153121948242e-02
2.912522554397583008e-01
2.752998769283294678e-01
4.135956764221191406e-01
3.021078407764434814e-01
2.224411666393280029e-01
2.957305610179901123e-01
2.379901260137557983e-01
1.716571450233459473e-01
1.363409906625747681e-01
1.124368235468864441e-01
3.854445740580558777e-02
8.730566129088401794e-03
6.180996820330619812e-02
5.659940093755722046e-02
6.358981132507324219e-02
1.867770850658416748e-01
1.495484262704849243e-01
2.338905036449432373e-01
2.409668415784835815e-01
3.023618757724761963e-01
2.939818203449249268e-01
2.506619393825531006e-01
2.840118110179901123e-01
2.633863091468811035e-01
3.156017065048217773e-01
3.623095452785491943e-01
3.020959794521331787e-01
3.266785740852355957e-01
3.089701533317565918e-01
-6.295500397682189941e-01
3.370326012372970581e-02
-6.279073953628540039e-01
1.420524269342422485e-01
-5.382841229438781738e-01
2.505673468112945557e-01
-5.572285652160644531e-01
1.638877242803573608e-01
-5.646910071372985840e-01
3.463511765003204346e-01
-4.638575613498687744e-01
3.007892966270446777e-01
-5.289548635482788086e-01
2.482842504978179932e-01
-3.007175326347351074e-01
3.458451628684997559e-01
-1.092313453555107117e-01
3.285684287548065186e-01
-1.354240328073501587e-01
4.767914712429046631e-01
-3.723554313182830811e-02
4.951812624931335449e-01
8.789741992950439453e-02
2.628856301307678223e-01
2.771244049072265625e-01
2.382236421108245850e-01
3.849387168884277344e-01
2.974067628383636475e-01
1.746584922075271606e-01
2.486205846071243286e-01
1.395757943391799927e-01
9.270589053630828857e-02
7.506459951400756836e-05
2.419787459075450897e-02
1.398082673549652100e-01
9.087609499692916870e-02
1.221886873245239258e-01
8.410526067018508911e-02
1.014873012900352478e-01
1.720006018877029419e-01
2.320161014795303345e-01
3.253274559974670410e-01
3.271466195583343506e-01
3.721731305122375488e-01
3.108146488666534424e-01
3.132820427417755127e-01
3.293099105358123779e-01
3.309363126754760742e-01
2.470944672822952271e-01
1.641500741243362427e-01
1.551772058010101318e-01
2.266167104244232178e-01
-6.575336456298828125e-01
-9.946366399526596069e-02
-5.836610198020935059e-01
1.963441967964172363e-01
-6.451641917228698730e-01
2.588915228843688965e-01
-4.386529624462127686e-01
1.625353991985321045e-01
-5.495503544807434082e-01
2.449484169483184814e-01
-5.005323886871337891e-01
3.098818361759185791e-01
-4.668382406234741211e-01
2.701695859432220459e-01
-3.079742193222045898e-01
3.125287592411041260e-01
-1.763788908720016479e-01
3.948509097099304199e-01
-1.785276979207992554e-01
4.123743772506713867e-01
7.291180547326803207e-03
3.587281107902526855e-01
1.081856340169906616e-01
2.231828421354293823e-01
3.325828611850738525e-01
1.531600207090377808e-01
2.929764986038208008e-01
2.865374386310577393e-01
2.826264798641204834e-01
2.832086086273193359e-01
2.395005673170089722e-01
1.152160614728927612e-01
5.637822300195693970e-02
-5.919442325830459595e-02
1.599455326795578003e-01
7.415017485618591309e-02
4.352142661809921265e-02
1.423822995275259018e-02
3.098576329648494720e-02
7.203988730907440186e-02
6.944162398576736450e-02
1.799572259187698364e-01
2.235563248395919800e-01
1.838229149580001831e-01
5.245175678282976151e-03
9.526305645704269409e-02
1.373649984598159790e-01
2.407799065113067627e-01
2.416293025016784668e-01
2.216245532035827637e-01
2.039653509855270386e-01
2.486512959003448486e-01
2.540023624897003174e-01
2.061520814895629883e-01
2.320264279842376709e-01
2.953937351703643799e-01
3.730728328227996826e-01
3.208134174346923828e-01
3.597250878810882568e-01
2.627269923686981201e-01
1.957129091024398804e-01
2.464188784360885620e-01
2.756996452808380127e-01
2.482594251632690430e-01
2.389361113309860229e-01
2.042153626680374146e-01
1.755326092243194580e-01
3.092887401580810547e-01
2.475664019584655762e-01
1.890909820795059204e-01
1.339735388755798340e-01
1.806678175926208496e-01
2.531815767288208008e-01
1.624841541051864624e-01
2.407740503549575806e-01
4.001134634017944336e-01
3.653127253055572510e-01
3.253937363624572754e-01
3.413087129592895508e-01
2.526747882366180420e-01
2.859260439872741699e-01
3.373697996139526367e-01
3.869021534919738770e-01
3.603736758232116699e-01
1.875401437282562256e-01
3.955182060599327087e-02
1.612260192632675171e-01
1.318096667528152466e-01
1.662356406450271606e-01
1.741983443498611450e-01
1.887674033641815186e-01
1.018150448799133301e-01
2.655789852142333984e-01
2.145669013261795044e-01
5.741803348064422607e-02
2.178667485713958740e-01
1.803784817457199097e-01
2.223475724458694458e-01
2.942268550395965576e-01
2.582850754261016846e-01
2.444217354059219360e-01
2.743703722953796387e-01
1.899096816778182983e-01
2.639937698841094971e-01
2.457104176282882690e-01
1.025725677609443665e-01
1.146971657872200012e-01
2.432630956172943115e-01
1.530219167470932007e-01
1.842309534549713135e-01
1.793467253446578979e-01
3.025934100151062012e-01
1.638217419385910034e-01
9.794041514396667480e-02
2.238468080759048462e-01
1.687846034765243530e-01
1.883052736520767212e-01
1.374820619821548462e-01
2.466977089643478394e-01
1.584060490131378174e-01
1.692444086074829102e-01
7.473414391279220581e-02
1.823811680078506470e-01
2.046936154365539551e-01
8.697041124105453491e-02
1.708388179540634155e-01
3.022111952304840088e-01
6.945864856243133545e-02
1.375289708375930786e-01
1.764853596687316895e-01
1.492470502853393555e-01
1.395331025123596191e-01
1.165241077542304993e-01
1.524434238672256470e-01
6.992049515247344971e-02
2.557206451892852783e-01
1.602602601051330566e-01
2.299202680587768555e-01
1.856395006179809570e-01
1.292916387319564819e-01
3.295508027076721191e-01
2.602996826171875000e-01
8.070199936628341675e-02
1.678308993577957153e-01
2.643622756004333496e-01
1.432082951068878174e-01
7.745511829853057861e-02
5.972511321306228638e-02
1.602172553539276123e-01
2.314954847097396851e-01
8.496191352605819702e-02
1.958375871181488037e-01
1.749176830053329468e-01
1.592210233211517334e-01
7.341403514146804810e-02
1.045727580785751343e-01
1.699375957250595093e-01
7.183787971735000610e-02
1.015988290309906006e-01
1.285621076822280884e-01
8.746249228715896606e-02
1.542230248451232910e-01
1.232237890362739563e-01
6.819507479667663574e-02
1.455255150794982910e-01
4.568742960691452026e-02
1.569338738918304443e-01
-2.705033123493194580e-02
1.091799959540367126e-01
1.749145090579986572e-01
2.980790138244628906e-01
2.160546630620956421e-01
1.495623141527175903e-01
2.180063575506210327e-01
1.249452754855155945e-01
5.231659859418869019e-02
2.015076577663421631e-01
6.557772308588027954e-02
2.208306044340133667e-01
1.212899684906005859e-01
2.434040904045104980e-01
2.362182736396789551e-01
2.672919631004333496e-01
2.219384759664535522e-01
1.550308316946029663e-01
2.039928287267684937e-01
1.826922893524169922e-01
3.476350307464599609e-01
7.143754512071609497e-02
2.210321128368377686e-01
1.290219426155090332e-01
1.221773624420166016e-01
1.665275841951370239e-01
1.447959393262863159e-01
1.356430947780609131e-01
1.647839248180389404e-01
1.012035831809043884e-01
2.993271350860595703e-01
1.421801894903182983e-01
2.193620651960372925e-01
1.576882004737854004e-01
6.528295576572418213e-02
1.607284843921661377e-01
1.735523939132690430e-01
2.416383326053619385e-01
2.016657590866088867e-01
-1.174659654498100281e-02
4.139471426606178284e-02
2.258614897727966309e-01
1.125024631619453430e-01
1.133568808436393738e-01
1.410922855138778687e-01
2.472488135099411011e-01
1.848722547292709351e-01
1.179482564330101013e-01
2.796473503112792969e-01
1.929938048124313354e-01
2.426009029150009155e-01
1.328023709356784821e-02
1.714884638786315918e-01
1.456171274185180664e-01
2.474567294120788574e-01
2.346309274435043335e-01
1.695318073034286499e-01
2.178517282009124756e-01
1.989213377237319946e-01
1.490302234888076782e-01
6.031570956110954285e-02
1.807100325822830200e-01
2.158850729465484619e-01
1.216725185513496399e-01
1.801084876060485840e-01
1.554853767156600952e-01
1.569578051567077637e-01
1.584765762090682983e-01
1.604826152324676514e-01
1.262890845537185669e-01
1.947740763425827026e-01
1.848588883876800537e-01
1.321783810853958130e-01
7.742860913276672363e-02
1.428207904100418091e-01
1.392468810081481934e-01
7.755360007286071777e-02
2.383207380771636963e-01
1.214800328016281128e-01
2.461259067058563232e-01
2.046237885951995850e-01
2.440868169069290161e-01
2.948281727731227875e-02
1.666283309459686279e-01
1.407488733530044556e-01
2.113242745399475098e-01
2.674899101257324219e-01
2.726756408810615540e-02
2.128271460533142090e-01
1.670851707458496094e-01
1.989037841558456421e-01
1.836902350187301636e-01
2.766269147396087646e-01
1.402852982282638550e-01
1.524608731269836426e-01
1.343983560800552368e-01
1.928450614213943481e-01
1.497145742177963257e-01
1.995269209146499634e-01
5.438411235809326172e-02
1.010709032416343689e-01
1.731833666563034058e-01
8.959034830331802368e-02
1.997748613357543945e-01
9.239543974399566650e-02
1.435697376728057861e-01
1.643481403589248657e-01
1.137054711580276489e-01
1.400673836469650269e-01
2.545199692249298096e-01
1.739064753055572510e-01
1.448979079723358154e-01
1.525800228118896484e-01
2.250599265098571777e-01
5.715966597199440002e-02
1.856913864612579346e-01
1.506987810134887695e-01
1.838844716548919678e-01
1.176853552460670471e-01
1.642011851072311401e-01
2.622009217739105225e-01
4.807790368795394897e-02
2.128969281911849976e-01
1.546177417039871216e-01
3.029551208019256592e-01
2.686531245708465576e-01
2.088080197572708130e-01
1.555834710597991943e-01
1.924728453159332275e-01
2.418454438447952271e-01
1.514445990324020386e-01
1.032336056232452393e-01
1.220985427498817444e-01
2.090903818607330322e-01
1.186062991619110107e-01
1.476866602897644043e-01
5.917354300618171692e-02
1.652034223079681396e-01
2.157402783632278442e-01
2.331000119447708130e-01
2.849909663200378418e-01
1.703959852457046509e-01
1.122565492987632751e-01
1.698887646198272705e-01
1.730080395936965942e-01
2.206641286611557007e-01
2.834878861904144287e-01
2.121795862913131714e-01
1.395450979471206665e-01
1.945391744375228882e-01
1.295759081840515137e-01
1.717078685760498047e-01
1.985666602849960327e-01
1.114776730537414551e-02
1.173744499683380127e-01
3.105106949806213379e-01
1.512677222490310669e-01
9.683927893638610840e-02
9.310337901115417480e-02
1.852431297302246094e-01
5.972158908843994141e-02
1.714355349540710449e-01
1.137999519705772400e-01
8.147349953651428223e-02
5.334690958261489868e-02
2.585864961147308350e-01
