-9.359516906738281250e+01
-2.882042312622070312e+01
7.536231231689453125e+01
-8.997711181640625000e+01
7.392506408691406250e+01
9.010047912597656250e+01
9.894601440429687500e+01
-2.436322402954101562e+01
-4.426775360107421875e+01
9.721260833740234375e+01
9.747468566894531250e+01
8.775691986083984375e+01
7.339564514160156250e+01
-6.933902740478515625e+01
-4.543137359619140625e+01
9.111871337890625000e+01
-9.824682617187500000e+01
8.039739990234375000e+01
-2.192277526855468750e+01
-4.227380371093750000e+01
-9.919840240478515625e+01
9.818342590332031250e+01
8.194844818115234375e+01
-9.638229370117187500e+01
-2.488966369628906250e+01
9.210906982421875000e+01
9.656584167480468750e+01
4.769900512695312500e+01
9.256745147705078125e+01
-9.268960571289062500e+01
-6.168194580078125000e+01
8.323393249511718750e+01
-9.963762664794921875e+01
4.594370269775390625e+01
8.793173217773437500e+01
-8.750722503662109375e+01
7.353225708007812500e+01
5.143693161010742188e+01
-5.169338989257812500e+01
3.395349884033203125e+01
-9.673480224609375000e+01
-8.526990509033203125e+01
-4.399245452880859375e+01
7.642771911621093750e+01
-8.465599060058593750e+01
-9.946968841552734375e+01
9.917304229736328125e+01
7.099460601806640625e+01
5.422029018402099609e+00
-1.136109352111816406e+01
9.036665344238281250e+01
-9.981148529052734375e+01
-5.714627075195312500e+01
9.232437896728515625e+01
-7.517472839355468750e+01
-9.023480224609375000e+01
9.669496917724609375e+01
-5.786690139770507812e+01
9.850930786132812500e+01
7.311997985839843750e+01
9.733119964599609375e+01
-4.747134208679199219e+00
1.874022483825683594e+01
9.003575134277343750e+01
9.674818420410156250e+01
-6.139881515502929688e+01
7.223210144042968750e+01
7.913925933837890625e+01
-2.664772224426269531e+01
-8.758361053466796875e+01
6.110076141357421875e+01
-9.826747131347656250e+01
-9.655674743652343750e+01
-6.787474822998046875e+01
-6.389797210693359375e+01
-2.657806587219238281e+01
-8.815970611572265625e+01
1.728661894798278809e+00
8.441664695739746094e+00
8.721189117431640625e+01
8.037641906738281250e+01
9.899709320068359375e+01
9.936018371582031250e+01
9.648077392578125000e+01
6.087566757202148438e+01
3.881671142578125000e+01
6.234751510620117188e+01
7.351019287109375000e+01
-9.399377441406250000e+01
3.119336128234863281e+01
-9.450252532958984375e+01
-9.723184967041015625e+01
-2.380916404724121094e+01
-8.004705047607421875e+01
-9.761827850341796875e+01
9.754997253417968750e+01
-9.971018218994140625e+01
5.339785385131835938e+01
-8.748109436035156250e+01
-6.422966766357421875e+01
9.987920379638671875e+01
9.986360931396484375e+01
1.045455646514892578e+01
9.856179046630859375e+01
9.747827148437500000e+01
8.890615844726562500e+01
-5.039834213256835938e+01
9.971250152587890625e+01
9.313806152343750000e+01
-7.804515075683593750e+01
-7.350042724609375000e+01
-5.449498367309570312e+01
9.809271240234375000e+01
7.908992004394531250e+01
-9.633319091796875000e+01
2.900638198852539062e+01
9.612226104736328125e+01
-9.492457580566406250e+01
-9.286048126220703125e+01
8.681466674804687500e+01
4.159287643432617188e+01
-7.543821716308593750e+01
-9.969069671630859375e+01
-7.262199401855468750e+01
9.670588684082031250e+01
9.992326354980468750e+01
-6.735446166992187500e+01
5.897426605224609375e+01
6.264018249511718750e+01
-5.955564880371093750e+01
-2.837050247192382812e+01
-1.085774040222167969e+01
9.545270538330078125e+01
2.647916412353515625e+01
-9.846004486083984375e+01
9.849207305908203125e+01
8.139132690429687500e+01
9.858534240722656250e+01
-6.458041381835937500e+01
1.147525596618652344e+01
-3.376502990722656250e+01
3.131432151794433594e+01
-9.244728851318359375e+01
-7.332998657226562500e+01
6.240700531005859375e+01
7.865809631347656250e+01
-5.171326828002929688e+01
-6.937450408935546875e+01
6.568144226074218750e+01
9.883944702148437500e+01
-8.544276428222656250e+01
2.779599952697753906e+01
8.574691772460937500e+01
-9.891647338867187500e+01
5.510311889648437500e+01
-9.269634246826171875e+01
-6.351910400390625000e+01
5.508201599121093750e+01
9.729160308837890625e+01
-7.295509338378906250e+01
-9.798416137695312500e+01
3.836413192749023438e+01
9.055191802978515625e+01
-2.305743598937988281e+01
-2.045906066894531250e+01
9.978132629394531250e+01
-2.048052215576171875e+01
7.226208496093750000e+01
6.504841613769531250e+01
9.924438476562500000e+01
-7.985395812988281250e+01
-3.681927490234375000e+01
9.793387603759765625e+01
-3.138280296325683594e+01
-8.075786590576171875e+01
-1.671554946899414062e+01
7.602735137939453125e+01
-8.123316955566406250e+01
9.331615447998046875e+01
9.359685516357421875e+01
-6.800845336914062500e+01
9.989717864990234375e+01
8.372711944580078125e+01
9.992672729492187500e+01
7.632965087890625000e+01
5.410670089721679688e+01
-4.829053115844726562e+01
7.872001528739929199e-01
-9.654980468750000000e+01
9.311649322509765625e+01
-8.984054565429687500e+01
-3.573913192749023438e+01
-5.175268554687500000e+01
9.831464385986328125e+01
-9.113825225830078125e+01
-4.095015716552734375e+01
9.870494842529296875e+01
8.147884368896484375e+01
6.686339569091796875e+01
9.925142669677734375e+01
-4.054552459716796875e+01
-9.417356872558593750e+01
2.466706848144531250e+01
-9.032931518554687500e+01
-8.158213806152343750e+01
-5.986858749389648438e+01
-1.674733352661132812e+01
9.684384155273437500e+01
-3.529663085937500000e+01
-8.500367736816406250e+01
9.978132629394531250e+01
9.858506011962890625e+01
8.339604949951171875e+01
-7.773011016845703125e+01
9.929249572753906250e+01
9.962890625000000000e+01
7.580592346191406250e+01
9.942481994628906250e+01
6.080838012695312500e+01
9.109001159667968750e+01
-5.598826980590820312e+01
-5.339227294921875000e+01
8.924973297119140625e+01
-9.031199645996093750e+01
8.707709503173828125e+01
-6.896665954589843750e+01
-8.634937286376953125e+01
8.165024566650390625e+01
-7.427116394042968750e+01
-4.586973953247070312e+01
7.682746887207031250e+01
-1.615096092224121094e+01
4.450717544555664062e+01
-6.578544616699218750e+01
-6.503675079345703125e+01
8.941673278808593750e+01
8.517490386962890625e+01
-5.752562332153320312e+01
3.572455215454101562e+01
-8.922549438476562500e+01
9.474736785888671875e+01
7.061658799648284912e-02
8.259608459472656250e+01
3.168132400512695312e+01
3.636135864257812500e+01
-2.052659797668457031e+01
-9.676774597167968750e+01
9.871318817138671875e+01
1.417385292053222656e+01
-9.702894592285156250e+01
4.120115661621093750e+01
-8.483224487304687500e+01
8.534130096435546875e+01
-9.170409393310546875e+01
5.544655227661132812e+01
-9.746282196044921875e+01
9.956330871582031250e+01
-5.719202041625976562e+01
-3.948300933837890625e+01
2.312394142150878906e+00
-9.466752624511718750e+01
9.857963562011718750e+01
-2.047481918334960938e+01
5.139485168457031250e+01
-9.289769744873046875e+01
-7.844592285156250000e+01
4.786014175415039062e+01
-9.922213745117187500e+01
-6.343383312225341797e+00
8.813497924804687500e+01
-8.752261352539062500e+01
-9.743778991699218750e+01
-9.756764984130859375e+01
-9.943457031250000000e+01
-9.996011352539062500e+01
-9.892521667480468750e+01
-9.419669342041015625e+01
-6.680332183837890625e+01
1.244850277900695801e+00
9.943439483642578125e+01
9.772642517089843750e+01
9.988447570800781250e+01
9.978163909912109375e+01
9.498771667480468750e+01
9.924043273925781250e+01
9.992206573486328125e+01
9.159146881103515625e+01
9.865512084960937500e+01
9.992115783691406250e+01
9.641719818115234375e+01
-2.712124633789062500e+01
9.683747863769531250e+01
8.937303161621093750e+01
-9.044876098632812500e+01
6.494725036621093750e+01
-8.158625793457031250e+01
9.647368192672729492e-01
-1.058140659332275391e+01
-9.900987243652343750e+01
-2.078148651123046875e+01
-7.879160308837890625e+01
3.061875724792480469e+01
-2.469987487792968750e+01
-1.445335483551025391e+01
9.623435211181640625e+01
9.478846740722656250e+01
9.694316101074218750e+01
-9.487176513671875000e+01
9.348115539550781250e+01
8.250407409667968750e+01
-7.987208557128906250e+01
-8.251152801513671875e+01
9.022439575195312500e+01
-6.297174835205078125e+01
7.315287017822265625e+01
9.747996520996093750e+01
-9.639680480957031250e+01
-1.117450714111328125e+01
9.012201690673828125e+01
-2.096222114562988281e+01
-8.460032653808593750e+01
3.759671401977539062e+01
4.918321228027343750e+01
9.659114074707031250e+01
-9.629948425292968750e+01
9.571806335449218750e+01
5.490436553955078125e+01
1.335980701446533203e+01
5.609679794311523438e+01
-5.503704071044921875e+01
-7.717886352539062500e+01
-8.604562377929687500e+01
6.231953048706054688e+01
-9.975799560546875000e+01
-9.581142425537109375e+01
3.875066757202148438e+01
-9.947036743164062500e+01
8.791118621826171875e+01
-8.637121582031250000e+01
9.760334777832031250e+01
-6.745796966552734375e+01
9.463501739501953125e+01
-9.887421417236328125e+01
9.703307342529296875e+01
6.405065155029296875e+01
-7.103205108642578125e+01
9.343685150146484375e+01
-8.705360412597656250e+01
9.960648345947265625e+01
-2.836555480957031250e+01
4.272296142578125000e+01
9.562078094482421875e+01
8.786922454833984375e+01
-1.841332554817199707e+00
9.944214630126953125e+01
-8.657315063476562500e+01
8.244604492187500000e+01
-8.488894462585449219e+00
-8.208786773681640625e+01
-1.417401599884033203e+01
1.316769886016845703e+01
8.194491577148437500e+01
-9.459093475341796875e+01
9.131250000000000000e+01
4.363579940795898438e+01
8.508008575439453125e+01
4.863372039794921875e+01
-8.244278717041015625e+01
-9.844863128662109375e+01
-8.006277465820312500e+01
1.555840969085693359e+01
-1.506645107269287109e+01
4.640944480895996094e+00
-9.967784881591796875e+01
9.833572387695312500e+01
-3.762786483764648438e+01
5.738760757446289062e+01
-9.445482635498046875e+01
2.278740310668945312e+01
6.548354339599609375e+01
-8.380529022216796875e+01
-7.038886260986328125e+01
9.929263305664062500e+01
-4.527755355834960938e+01
9.965039825439453125e+01
-2.280998039245605469e+01
4.513306045532226562e+01
3.160005187988281250e+01
-1.630678558349609375e+01
-6.962722015380859375e+01
8.452085113525390625e+01
9.880377960205078125e+01
5.717331314086914062e+01
-9.901264953613281250e+01
-2.158531951904296875e+01
1.417399978637695312e+01
5.543949508666992188e+01
4.497746658325195312e+01
-9.037834167480468750e+01
-9.251548767089843750e+01
9.056017303466796875e+01
7.679145050048828125e+01
8.702125549316406250e+01
-8.067115783691406250e+01
4.547406387329101562e+01
-8.209987640380859375e+01
-5.907896804809570312e+01
5.338528823852539062e+01
2.835402488708496094e+01
-3.992250823974609375e+01
-9.445228576660156250e+01
-9.443530273437500000e+01
-8.498335266113281250e+01
9.874814605712890625e+01
7.810815429687500000e+01
-7.521597290039062500e+01
9.965216827392578125e+01
6.897751617431640625e+01
-4.189373397827148438e+01
8.448814392089843750e+01
4.982564163208007812e+01
-8.658402252197265625e+01
9.076689910888671875e+01
4.643535232543945312e+01
-8.006484222412109375e+01
7.091888427734375000e+01
-6.341738128662109375e+01
4.988785934448242188e+01
-4.672497940063476562e+01
-5.501179122924804688e+01
-1.495383071899414062e+01
-7.190596771240234375e+01
7.610289764404296875e+01
4.896753311157226562e+01
-9.865998840332031250e+01
9.736399078369140625e+01
-5.786682128906250000e+00
9.355364227294921875e+01
6.452858734130859375e+01
-6.031335067749023438e+01
9.562452697753906250e+01
2.022372055053710938e+01
-2.747952461242675781e+00
9.682289886474609375e+01
9.313188934326171875e+01
6.561716461181640625e+01
-5.449764251708984375e+00
5.078179168701171875e+01
-8.323430633544921875e+01
-5.404220962524414062e+01
3.254774856567382812e+01
-5.858421325683593750e+01
-9.998178100585937500e+01
9.817182159423828125e+01
-8.725699615478515625e+01
7.965624237060546875e+01
-5.174560546875000000e+01
9.681340789794921875e+01
6.466091156005859375e+01
-9.629423522949218750e+01
7.535243988037109375e+01
-2.590217018127441406e+01
5.319519805908203125e+01
-2.518581199645996094e+01
8.794942474365234375e+01
-9.816071319580078125e+01
-9.964632415771484375e+01
3.174341392517089844e+01
-9.740151977539062500e+01
-6.333670806884765625e+01
-7.602214050292968750e+01
-8.957920837402343750e+01
-9.016993713378906250e+01
-9.935726165771484375e+01
-9.026328277587890625e+01
-9.959136962890625000e+01
8.565820312500000000e+01
-2.561179924011230469e+01
2.507129096984863281e+01
9.652874755859375000e+01
9.741615295410156250e+01
9.997456359863281250e+01
9.883168029785156250e+01
9.971804046630859375e+01
2.004330062866210938e+01
9.826667022705078125e+01
6.812922668457031250e+01
7.903220367431640625e+01
2.377305984497070312e+01
9.643013763427734375e+01
8.269622039794921875e+01
-8.192246437072753906e+00
-9.638039398193359375e+01
9.891275024414062500e+01
5.059264373779296875e+01
-9.262982177734375000e+01
-9.974312591552734375e+01
-8.388024902343750000e+01
1.566520333290100098e+00
3.322736501693725586e+00
-9.200609588623046875e+01
-9.993679809570312500e+01
-9.195029449462890625e+01
-9.967955017089843750e+01
-9.553903198242187500e+01
-4.569681167602539062e+01
7.437963104248046875e+01
8.973496246337890625e+01
-3.439745330810546875e+01
6.154295730590820312e+01
8.724228668212890625e+01
8.789592742919921875e+01
4.720137786865234375e+01
9.519731903076171875e+01
-6.370273971557617188e+01
3.937135696411132812e+01
-6.780212402343750000e+01
-7.605861663818359375e+00
-7.864594268798828125e+01
1.161987400054931641e+01
-9.359333038330078125e+01
9.606624603271484375e+01
2.982479810714721680e+00
-5.173666381835937500e+01
2.236975097656250000e+01
5.856092071533203125e+01
-3.063315391540527344e+01
9.458071899414062500e+01
4.537843322753906250e+01
-3.359122467041015625e+01
-9.322936248779296875e+01
5.907062911987304688e+01
5.298268890380859375e+01
-5.215042877197265625e+01
6.733370971679687500e+01
9.637162017822265625e+01
-9.679187774658203125e+01
-5.444656372070312500e+00
8.854611968994140625e+01
-4.030664062500000000e+01
-3.408057022094726562e+01
-5.651213169097900391e+00
9.104638671875000000e+01
-7.333788299560546875e+01
1.371216583251953125e+01
9.807469177246093750e+01
2.663982582092285156e+01
9.902822113037109375e+01
-5.212901306152343750e+01
-3.242837905883789062e+01
8.992406463623046875e+01
-7.031233215332031250e+01
-7.923628997802734375e+01
2.720592689514160156e+01
-6.863376617431640625e+01
8.354880523681640625e+01
9.890276336669921875e+01
9.989496612548828125e+01
9.722678184509277344e+00
7.554330444335937500e+01
2.396048545837402344e+01
-5.852642059326171875e+01
-9.790874481201171875e+01
2.903248596191406250e+01
-9.390078735351562500e+01
-9.945442962646484375e+01
-9.907366943359375000e+01
2.776414108276367188e+01
-2.121151161193847656e+01
4.064711761474609375e+01
-8.124927520751953125e+01
-7.946807861328125000e+01
1.715246963500976562e+01
-9.785121917724609375e+01
-3.180101203918457031e+01
-8.247413635253906250e+01
2.613452911376953125e+01
6.858905792236328125e+01
7.645223236083984375e+01
9.912793731689453125e+01
7.078035736083984375e+01
8.160683441162109375e+01
-8.543612670898437500e+01
1.350920486450195312e+01
5.085276412963867188e+01
4.606975173950195312e+01
9.149407958984375000e+01
-7.094645690917968750e+01
9.211968231201171875e+01
-9.813426208496093750e+01
-9.718018341064453125e+01
-8.397851562500000000e+01
-7.446266174316406250e+01
-3.918655014038085938e+01
-9.728700256347656250e+01
-3.102999305725097656e+01
7.246021270751953125e+01
-5.102272033691406250e+01
9.973004150390625000e+01
9.596196746826171875e+01
2.150627136230468750e+00
6.153662109375000000e+01
-9.163496398925781250e+01
-1.056245231628417969e+01
3.041882896423339844e+01
-8.556563568115234375e+01
-7.516896057128906250e+01
8.601590728759765625e+01
-4.981583786010742188e+01
-9.307318878173828125e+01
9.823344421386718750e+01
9.999084472656250000e+01
9.922079467773437500e+01
8.740583801269531250e+01
1.376886177062988281e+01
1.394043731689453125e+01
8.397142028808593750e+01
-9.543987274169921875e+01
5.417923355102539062e+01
-7.253298187255859375e+01
-4.750564193725585938e+01
8.368942260742187500e+01
-9.654194641113281250e+01
4.054004287719726562e+01
3.466014099121093750e+01
-6.187400817871093750e+01
5.727178955078125000e+01
-9.957670593261718750e+01
-9.792663574218750000e+01
-8.965602874755859375e+01
-3.187879943847656250e+01
6.057288742065429688e+01
-9.051906585693359375e+01
1.699063301086425781e+01
8.203463745117187500e+01
-9.655664825439453125e+01
5.548676681518554688e+01
-9.977485656738281250e+01
-5.301017761230468750e+01
9.691424560546875000e+01
-8.970865249633789062e+00
2.775737571716308594e+01
3.121490097045898438e+01
1.017468166351318359e+01
-1.752458572387695312e+01
8.960633087158203125e+01
4.997280120849609375e+01
-6.838699340820312500e+00
-8.456526184082031250e+01
-6.686557769775390625e+01
8.669616699218750000e+01
-8.397899627685546875e+01
9.454293823242187500e+01
9.443710327148437500e+01
-9.605444335937500000e+01
5.281848144531250000e+01
6.319426727294921875e+01
4.136079788208007812e+01
-5.058776855468750000e+01
9.862976837158203125e+01
-4.626132583618164062e+01
-8.608023834228515625e+01
2.188628196716308594e+01
-9.758746337890625000e+01
2.829817008972167969e+01
-8.242848205566406250e+01
9.595462799072265625e+01
-9.861970520019531250e+01
-9.748714447021484375e+01
-9.893900299072265625e+01
-2.754100227355957031e+01
-9.649298095703125000e+01
-8.474205780029296875e+01
-8.965348815917968750e+01
7.171086883544921875e+01
-9.957983398437500000e+01
-8.474537658691406250e+01
9.887123107910156250e+01
-3.656714630126953125e+01
9.996797180175781250e+01
9.812235260009765625e+01
9.876206970214843750e+01
9.985984802246093750e+01
6.254910278320312500e+01
9.973371887207031250e+01
9.862317657470703125e+01
7.894126892089843750e+01
9.228005218505859375e+01
7.241878509521484375e+01
-6.787406158447265625e+01
9.898054504394531250e+01
-8.871088409423828125e+01
5.311919403076171875e+01
4.240144729614257812e+00
-2.618390274047851562e+01
4.932483673095703125e+01
-4.123813629150390625e+01
7.663652038574218750e+01
-9.895984649658203125e+01
-5.002865600585937500e+01
-5.308743476867675781e+00
-9.362458038330078125e+01
-3.903190612792968750e+01
-3.904010772705078125e+01
9.838662719726562500e+01
5.655711746215820312e+01
6.522600555419921875e+01
7.207469177246093750e+01
7.943781280517578125e+01
-9.386952209472656250e+01
-4.164444351196289062e+01
5.033389282226562500e+01
9.595978736877441406e+00
-2.686802673339843750e+01
4.947396469116210938e+01
1.014599037170410156e+01
-5.658720779418945312e+01
1.179675006866455078e+01
-8.970885467529296875e+01
-9.072315216064453125e+01
3.684756278991699219e+00
-8.476100921630859375e+01
-2.252417755126953125e+01
-2.639498329162597656e+01
8.729627990722656250e+01
5.112175750732421875e+01
-9.949592590332031250e+01
3.409313964843750000e+01
8.602860260009765625e+01
5.346857452392578125e+01
-6.612132263183593750e+01
-4.217583084106445312e+01
-8.918749237060546875e+01
9.910467529296875000e+01
9.893333435058593750e+01
-9.979599761962890625e+01
7.204384613037109375e+01
2.681176948547363281e+01
6.846768951416015625e+01
-8.148733520507812500e+01
-9.958674621582031250e+01
8.934491729736328125e+01
9.871595764160156250e+01
-9.993560791015625000e+01
4.303057861328125000e+01
-9.636489868164062500e+01
3.823648071289062500e+01
8.166083526611328125e+01
-8.139498901367187500e+01
-3.975960922241210938e+01
4.462728118896484375e+01
-9.729419708251953125e+01
-6.275712203979492188e+01
4.790399169921875000e+01
-9.648003387451171875e+01
-4.608398818969726562e+01
5.831092357635498047e+00
-7.609230041503906250e+01
-3.641320800781250000e+01
9.063036346435546875e+01
-7.519742584228515625e+01
9.793048858642578125e+01
5.353283309936523438e+01
8.364913177490234375e+01
1.182882499694824219e+01
5.750420761108398438e+01
9.903827667236328125e+01
-3.528110122680664062e+01
4.008358764648437500e+01
9.913851165771484375e+01
-9.755583953857421875e+01
-7.272241973876953125e+01
8.441117858886718750e+01
7.704152679443359375e+01
-9.925772857666015625e+01
5.486610412597656250e+01
-9.951298522949218750e+01
-9.969391632080078125e+01
6.479740142822265625e+01
-9.581095886230468750e+01
-2.353086090087890625e+01
5.273737335205078125e+01
-5.266286087036132812e+01
-9.644793701171875000e+01
6.927398681640625000e+01
5.320241451263427734e+00
-9.835785675048828125e+01
7.341860961914062500e+01
-4.595472335815429688e+01
-1.420459747314453125e+01
4.902165222167968750e+01
5.280735015869140625e+01
-7.972762298583984375e+01
7.506483459472656250e+01
9.777933502197265625e+01
-2.474880027770996094e+01
7.389549255371093750e+01
9.684928894042968750e+01
-9.047497558593750000e+01
7.524708557128906250e+01
-6.468172454833984375e+01
-4.392170715332031250e+01
8.270755767822265625e+01
7.320006561279296875e+01
-1.495676803588867188e+01
8.736019897460937500e+01
5.996546936035156250e+01
-8.273839569091796875e+01
9.591475677490234375e+01
-5.930354690551757812e+01
9.926842498779296875e+01
-3.689192581176757812e+01
4.231525802612304688e+01
-3.300221252441406250e+01
7.224781036376953125e+01
7.539494323730468750e+01
-8.993381500244140625e+01
-9.428584289550781250e+01
-8.729113006591796875e+01
-7.419458770751953125e+01
-5.967470932006835938e+01
9.625044250488281250e+01
-9.915932464599609375e+01
-2.234108734130859375e+01
9.963484191894531250e+01
9.783380889892578125e+01
9.562145233154296875e+01
9.944405364990234375e+01
7.100723266601562500e+01
9.701342773437500000e+01
9.062052154541015625e+01
-9.729400634765625000e+01
9.987115478515625000e+01
9.331435394287109375e+01
4.584886550903320312e+01
-9.783337402343750000e+01
-8.865071105957031250e+01
-9.966892242431640625e+01
7.184750366210937500e+01
-9.932917022705078125e+01
-9.977543640136718750e+01
9.449516296386718750e+00
-2.834728717803955078e+00
-7.951714324951171875e+01
-2.472312164306640625e+01
7.136002349853515625e+01
7.473551177978515625e+01
-9.968407440185546875e+01
-3.410301208496093750e+01
3.263790893554687500e+01
-8.286577606201171875e+01
5.181611251831054688e+01
6.408480072021484375e+01
-3.218533706665039062e+01
9.970464324951171875e+01
9.819419860839843750e+01
-3.021606254577636719e+01
9.294865417480468750e+01
-9.167476654052734375e+01
6.923238372802734375e+01
9.416562652587890625e+01
7.389265441894531250e+01
1.432258033752441406e+01
-7.575073242187500000e+01
4.279049301147460938e+01
-2.251530647277832031e+00
-4.628498077392578125e+01
-3.155049800872802734e+00
-4.396749877929687500e+01
6.337245559692382812e+01
-7.579485321044921875e+01
-7.096739959716796875e+01
9.143064880371093750e+01
-9.942353820800781250e+01
-2.861733818054199219e+01
-5.846852493286132812e+01
-6.197897338867187500e+01
3.939638137817382812e+01
-6.386446380615234375e+01
9.338076782226562500e+01
9.516356658935546875e+01
9.954352569580078125e+01
9.742080688476562500e+01
8.188018798828125000e+01
9.935449218750000000e+01
9.371110534667968750e+01
9.986466979980468750e+01
1.716727256774902344e+01
9.777700042724609375e+01
8.868890380859375000e+01
-7.771166992187500000e+01
7.351860046386718750e+01
4.497323608398437500e+01
-9.465736389160156250e+01
-6.994226074218750000e+01
7.695825958251953125e+01
-8.114574432373046875e+01
-9.976195526123046875e+01
-8.212356567382812500e+01
-9.089507293701171875e+01
-9.281536865234375000e+01
-7.502543640136718750e+01
9.715605163574218750e+01
3.744624710083007812e+01
6.088327026367187500e+01
1.232874107360839844e+01
1.478676605224609375e+01
-8.940299987792968750e+01
-9.763874053955078125e+01
9.809221649169921875e+01
2.045663833618164062e+01
7.967985630035400391e+00
-9.923854827880859375e+01
6.166889667510986328e+00
-8.955036926269531250e+01
-6.108615875244140625e+01
1.044511422514915466e-01
4.144638061523437500e+01
-3.314546966552734375e+01
-7.701194763183593750e+01
-8.188419342041015625e+00
8.980784606933593750e+01
1.395180034637451172e+01
-3.859296417236328125e+01
7.172583770751953125e+01
1.895005035400390625e+01
8.638971710205078125e+01
3.032060146331787109e+00
-8.587650299072265625e+01
7.567749786376953125e+01
-9.491202545166015625e+01
-2.829950714111328125e+01
-4.455530929565429688e+01
-3.576147079467773438e+01
9.544262695312500000e+01
-8.216748809814453125e+01
-5.743690109252929688e+01
9.898960113525390625e+01
6.858303833007812500e+01
-1.711903572082519531e+01
9.990933227539062500e+01
9.969682312011718750e+01
9.107479095458984375e+01
9.901116180419921875e+01
6.941149139404296875e+01
-4.818613052368164062e+01
9.931571960449218750e+01
-9.659877777099609375e+01
-7.281844329833984375e+01
9.103109741210937500e+01
-9.098057556152343750e+01
7.956568908691406250e+01
-9.623673248291015625e+01
-8.407498931884765625e+01
9.665180206298828125e+01
-5.600218963623046875e+01
3.518117523193359375e+01
1.689307785034179688e+01
-2.912085342407226562e+01
6.539880371093750000e+01
3.675291061401367188e+01
3.651918411254882812e+01
5.233984756469726562e+01
5.176130676269531250e+01
-9.755922698974609375e+01
-9.849627685546875000e+01
-9.836029052734375000e+01
-9.975285339355468750e+01
6.789890289306640625e+01
-9.945330810546875000e+01
3.621841430664062500e+01
-8.991733551025390625e+01
4.087921142578125000e+01
9.482487487792968750e+01
-8.425577545166015625e+01
-5.080526351928710938e+01
1.725039863586425781e+01
-9.473692321777343750e+01
-9.296303558349609375e+01
-9.562087249755859375e+01
-2.128846549987792969e+01
9.559541320800781250e+01
-5.841366195678710938e+01
1.650774002075195312e+01
9.436331176757812500e+01
5.689246749877929688e+01
5.292330932617187500e+01
9.030078887939453125e+01
4.250062561035156250e+01
6.339844512939453125e+01
8.332083892822265625e+01
-9.996699523925781250e+01
-7.729620361328125000e+01
6.352552032470703125e+01
-9.951497650146484375e+01
-9.006328582763671875e+01
-9.432664489746093750e+01
8.713854980468750000e+01
-9.414889526367187500e+01
4.278187561035156250e+01
-6.822775268554687500e+01
6.538117218017578125e+01
-2.839859199523925781e+01
7.630808258056640625e+01
-9.913273620605468750e+01
2.323344230651855469e+01
-9.881613159179687500e+01
6.897593688964843750e+01
-9.494960021972656250e+01
9.709981536865234375e+01
-6.775129699707031250e+01
8.441606903076171875e+01
-9.336177825927734375e+01
6.835986328125000000e+01
-7.872122192382812500e+01
8.026496124267578125e+01
7.009747314453125000e+01
9.537019348144531250e+01
8.772854614257812500e+01
-9.233876800537109375e+01
8.003765869140625000e+01
-7.344701385498046875e+01
-4.313298034667968750e+01
3.942304992675781250e+01
-5.747290802001953125e+01
-8.946196746826171875e+01
8.888939666748046875e+01
-9.012551879882812500e+01
9.538593292236328125e+01
9.814324188232421875e+01
-9.766957855224609375e+01
1.046599864959716797e+01
-4.012290191650390625e+01
1.569057083129882812e+01
-4.514278793334960938e+01
-3.833655357360839844e+00
6.577692413330078125e+01
5.335055160522460938e+01
9.672911071777343750e+01
9.688445281982421875e+01
3.707331466674804688e+01
-4.240977287292480469e+00
-6.366474533081054688e+01
7.649773406982421875e+01
-9.930709838867187500e+01
-2.954176366329193115e-01
2.355068445205688477e+00
-9.933438873291015625e+01
-1.143899822235107422e+01
-8.803927612304687500e+01
6.490004730224609375e+01
-7.191160583496093750e+01
-2.495118904113769531e+01
-5.809029769897460938e+01
9.406161499023437500e+01
9.572984313964843750e+01
6.320024871826171875e+01
9.584901428222656250e+01
7.054160308837890625e+01
9.196691131591796875e+01
3.733752822875976562e+01
4.678199005126953125e+01
4.193953323364257812e+01
-9.955908966064453125e+01
-3.923233413696289062e+01
-5.877031707763671875e+01
-6.803572845458984375e+01
-5.995922851562500000e+01
-8.180545806884765625e+01
8.669112396240234375e+01
5.767997360229492188e+01
-9.836591339111328125e+01
-9.997230529785156250e+01
-9.902957916259765625e+01
6.930474853515625000e+01
-9.946231842041015625e+01
-9.996559143066406250e+01
3.159001159667968750e+01
-9.989418792724609375e+01
8.663930511474609375e+01
6.247407150268554688e+01
5.018772888183593750e+01
9.752466583251953125e+01
9.598354339599609375e+01
-9.471508789062500000e+01
8.263480377197265625e+01
9.107753753662109375e+01
9.962294006347656250e+01
9.940659332275390625e+01
-3.136160135269165039e+00
5.369610595703125000e+01
9.197135925292968750e+01
-2.992802047729492188e+01
9.176944732666015625e+01
-5.346838378906250000e+01
7.817305755615234375e+01
-6.756848907470703125e+01
-8.052758789062500000e+01
6.370118713378906250e+01
-9.337519836425781250e+01
8.073061370849609375e+01
5.116661071777343750e+01
-9.585887145996093750e+01
5.110575103759765625e+01
-2.890632820129394531e+01
9.812667083740234375e+01
4.904463577270507812e+01
3.547201538085937500e+01
-8.518160247802734375e+01
-8.557426452636718750e+01
-6.842192840576171875e+01
6.241332244873046875e+01
-8.688257598876953125e+01
-6.383193588256835938e+01
1.592497062683105469e+01
-8.246525573730468750e+01
9.097434997558593750e+01
-9.672047424316406250e+01
9.621054077148437500e+01
9.949251556396484375e+01
1.753944015502929688e+01
1.038512802124023438e+01
-9.536178588867187500e+01
9.761973571777343750e+01
-3.329133987426757812e+01
8.680130004882812500e+01
-6.803995513916015625e+01
-2.057806015014648438e+01
8.968214416503906250e+01
7.197206878662109375e+01
6.835380554199218750e+01
-1.255897331237792969e+01
7.627161407470703125e+01
-9.978227233886718750e+01
8.795817565917968750e+01
-8.456710815429687500e+01
-3.972561264038085938e+01
-7.047444915771484375e+01
-4.201172256469726562e+01
9.700435638427734375e+01
1.474078941345214844e+01
2.997398853302001953e+00
-4.940764999389648438e+01
-9.700305175781250000e+01
6.632464599609375000e+01
-7.292929840087890625e+01
9.496398925781250000e+01
-2.030683898925781250e+01
8.491056060791015625e+01
9.847560119628906250e+01
4.247035980224609375e+01
9.628199768066406250e+01
4.841723918914794922e+00
8.336210632324218750e+01
-9.344887542724609375e+01
7.150932312011718750e+01
-9.951046752929687500e+01
-8.345566749572753906e+00
-9.582167816162109375e+01
-7.589922332763671875e+01
-5.556678009033203125e+01
-9.411366271972656250e+01
-7.146141815185546875e+01
5.524028015136718750e+01
8.350381469726562500e+01
6.036578369140625000e+01
-8.819628906250000000e+01
-7.954892730712890625e+01
9.689627075195312500e+01
9.540415191650390625e+01
9.545692443847656250e+01
-8.664773559570312500e+01
6.874901580810546875e+01
1.620462608337402344e+01
7.902544403076171875e+01
1.902500343322753906e+01
-8.894853210449218750e+01
6.691182613372802734e+00
-9.732939147949218750e+01
3.556591796875000000e+01
8.561666870117187500e+01
-9.978977203369140625e+01
6.146854019165039062e+01
-3.245890808105468750e+01
-6.738410949707031250e+01
-9.337448883056640625e+01
-9.714304351806640625e+01
-8.384186553955078125e+01
8.043682861328125000e+01
-7.799942016601562500e+01
8.511278533935546875e+01
9.055820465087890625e+01
-4.085495758056640625e+01
-3.974253082275390625e+01
9.995105743408203125e+01
9.569911956787109375e+01
-8.913789367675781250e+01
9.293797302246093750e+01
-8.324395751953125000e+01
9.967504882812500000e+01
-9.905718994140625000e+01
9.999767303466796875e+01
9.676210784912109375e+01
9.918353271484375000e+01
6.808943939208984375e+01
-1.867137908935546875e+01
9.989423370361328125e+01
-9.979934692382812500e+01
-7.813504028320312500e+01
5.591260147094726562e+01
8.067380523681640625e+01
-9.900094604492187500e+01
-8.579780578613281250e+01
8.273605346679687500e+01
8.029982757568359375e+01
4.320979309082031250e+01
2.324165534973144531e+01
-6.683765411376953125e+00
-9.924029541015625000e+01
-1.089612483978271484e+01
9.978058624267578125e+01
-9.957492065429687500e+01
-2.078075027465820312e+01
8.269820404052734375e+01
-7.852036285400390625e+01
-1.739195442199707031e+01
6.516151428222656250e+01
-9.581583404541015625e+01
-6.997349262237548828e+00
9.684626007080078125e+01
8.092314910888671875e+01
4.793395233154296875e+01
9.056185150146484375e+01
8.063986206054687500e+01
-8.544652557373046875e+01
-6.945318603515625000e+01
7.952059173583984375e+01
-3.469928359985351562e+01
8.433529663085937500e+01
3.914160537719726562e+01
-7.686318206787109375e+01
9.261680603027343750e+01
9.703915405273437500e+01
8.430859565734863281e+00
-7.241965770721435547e+00
5.209875106811523438e+01
-9.944321441650390625e+01
5.151844024658203125e+01
-9.312889099121093750e+01
-8.301712036132812500e+01
-9.053703308105468750e+01
9.656918334960937500e+01
-2.383390808105468750e+01
-7.009515380859375000e+01
5.922646331787109375e+01
-9.893085479736328125e+01
-8.504508972167968750e+01
9.943473815917968750e+01
9.346994781494140625e+01
1.446264648437500000e+01
-4.369322967529296875e+01
9.979409790039062500e+01
-8.931737899780273438e+00
8.685696411132812500e+01
9.257156372070312500e+01
2.353688430786132812e+01
-6.357088851928710938e+01
5.164397811889648438e+01
-9.275560760498046875e+01
-7.377494812011718750e+01
-9.778395080566406250e+01
-9.997946929931640625e+01
-6.087020492553710938e+01
-9.958055877685546875e+01
-9.520701599121093750e+01
-9.803604125976562500e+01
-4.085606002807617188e+01
-7.144362640380859375e+01
9.934375000000000000e+01
9.993083953857421875e+01
7.592015838623046875e+01
9.968019104003906250e+01
9.986677551269531250e+01
9.989818572998046875e+01
9.992156219482421875e+01
9.996183013916015625e+01
9.994372558593750000e+01
9.787026977539062500e+01
9.557125854492187500e+01
8.966177368164062500e+01
-3.434113693237304688e+01
5.265567779541015625e+01
1.978398323059082031e+01
-9.252281188964843750e+01
-7.493782806396484375e+01
-8.329665374755859375e+01
9.568894958496093750e+01
-9.701170349121093750e+01
-6.834712219238281250e+01
9.261928558349609375e+01
8.668009948730468750e+01
-5.202021026611328125e+01
9.012937927246093750e+01
-5.357957458496093750e+01
5.017255401611328125e+01
-6.108512115478515625e+01
7.422984313964843750e+01
5.769000244140625000e+01
1.485301589965820312e+01
1.970527023077011108e-01
-2.538453292846679688e+01
-9.913803100585937500e+01
-6.311613464355468750e+01
3.347219085693359375e+01
-9.994911193847656250e+01
-5.670195770263671875e+01
-2.044390487670898438e+01
9.079040527343750000e+01
-9.928957366943359375e+01
7.241245269775390625e+01
-1.823580932617187500e+01
8.062541198730468750e+01
1.765582847595214844e+01
-3.882021713256835938e+01
8.729006958007812500e+01
7.447296905517578125e+01
-3.494949722290039062e+01
4.978102684020996094e+00
7.181423950195312500e+01
9.517584228515625000e+01
-4.590156173706054688e+01
9.649689483642578125e+01
9.898845672607421875e+01
-1.953186511993408203e+00
-5.536808776855468750e+01
2.335420227050781250e+01
-9.036888122558593750e+01
-9.812844085693359375e+01
-7.832870483398437500e+01
9.482866668701171875e+01
-9.444107818603515625e+01
-3.363249969482421875e+01
7.007063293457031250e+01
-6.469263458251953125e+01
7.160517120361328125e+01
-3.262101173400878906e+00
-9.165100097656250000e+01
9.998910522460937500e+01
9.924679565429687500e+01
8.063494873046875000e+01
9.722882843017578125e+01
8.289878082275390625e+01
8.054516601562500000e+01
-3.332897567749023438e+01
9.345099639892578125e+01
-7.765686511993408203e+00
-2.713068008422851562e+00
9.654956817626953125e+01
-8.386763000488281250e+01
8.905298614501953125e+01
-7.332167816162109375e+01
-8.466043090820312500e+01
6.616571807861328125e+01
-6.901094818115234375e+01
4.048970413208007812e+01
1.675020790100097656e+01
9.753930664062500000e+01
-3.524868011474609375e+01
3.439995956420898438e+01
-2.973744010925292969e+01
6.325448226928710938e+01
9.885073089599609375e+01
2.970465087890625000e+01
-9.798696899414062500e+01
-9.806182098388671875e+01
-9.060456275939941406e+00
6.802005004882812500e+01
-3.561579132080078125e+01
1.680245780944824219e+01
-9.785183715820312500e+01
9.388208007812500000e+01
7.288063812255859375e+01
3.984371566772460938e+01
-9.806538391113281250e+01
-9.652845764160156250e+01
-9.934892272949218750e+01
7.091398620605468750e+01
-9.599333190917968750e+01
-9.367440032958984375e+01
7.262042999267578125e+01
-6.832361602783203125e+01
-8.686106872558593750e+01
9.859355926513671875e+01
8.268344116210937500e+01
1.835626220703125000e+01
-6.261933517456054688e+01
9.746302795410156250e+01
1.099123954772949219e+01
3.992626905441284180e+00
4.957390594482421875e+01
-9.641235351562500000e+01
5.059395980834960938e+01
-9.819814300537109375e+01
-9.981128692626953125e+01
8.492374420166015625e+01
-9.143700408935546875e+01
-9.988450622558593750e+01
9.417747497558593750e+01
9.053788757324218750e+01
-1.823475456237792969e+01
-9.912523651123046875e+01
9.538761138916015625e+01
-8.763877105712890625e+01
1.687964439392089844e+01
-7.698751831054687500e+01
5.284893035888671875e+01
2.694352531433105469e+01
2.163013458251953125e+01
3.820208358764648438e+01
-6.785086059570312500e+01
-8.742211914062500000e+01
8.951921844482421875e+01
-2.330414772033691406e+01
9.530518341064453125e+01
-9.832571411132812500e+01
-9.325363922119140625e+01
9.592334747314453125e+01
7.010609436035156250e+01
-8.872148895263671875e+01
9.552758026123046875e+01
-6.414462280273437500e+01
9.372366333007812500e+01
-5.247107696533203125e+01
-9.693944549560546875e+01
-3.289118194580078125e+01
9.887129974365234375e+01
8.971155548095703125e+01
-6.181657791137695312e+01
9.820406341552734375e+01
9.947650146484375000e+01
2.007636070251464844e+01
-8.012237548828125000e+01
8.133958435058593750e+01
-3.253881835937500000e+01
-1.413885974884033203e+01
9.978454589843750000e+01
7.453205871582031250e+01
9.601331329345703125e+01
-8.171260833740234375e+01
7.165483856201171875e+01
-7.189454650878906250e+01
8.432758331298828125e+01
5.275622177124023438e+01
6.138604879379272461e-01
-7.255754089355468750e+01
4.263394927978515625e+01
6.803434753417968750e+01
-9.912278747558593750e+01
-1.955125236511230469e+01
1.945047616958618164e+00
-1.716535186767578125e+01
-9.969455718994140625e+01
-9.384111785888671875e+01
-8.728427886962890625e+01
9.225061035156250000e+01
-5.923706817626953125e+01
-7.190817260742187500e+01
-9.482349395751953125e+01
-9.384646606445312500e+01
-9.284563446044921875e+01
-5.702403259277343750e+01
-5.755964660644531250e+01
-9.822208404541015625e+01
-9.879280090332031250e+01
-6.902262878417968750e+01
7.464914703369140625e+01
-9.772997283935546875e+01
8.206499481201171875e+01
7.798135375976562500e+01
3.559914779663085938e+01
5.824873352050781250e+01
6.895584869384765625e+01
-2.172250938415527344e+01
-4.868111014366149902e-01
9.925374603271484375e+01
-8.325772857666015625e+01
9.001125335693359375e+01
8.778498840332031250e+01
-2.861600303649902344e+01
9.995717620849609375e+01
4.942356491088867188e+01
9.984598541259765625e+01
7.282604217529296875e+01
8.001644897460937500e+01
1.697079086303710938e+01
4.874826908111572266e+00
-8.343805694580078125e+01
-8.850772094726562500e+01
-9.005169677734375000e+01
6.089810562133789062e+01
-1.881235694885253906e+01
-5.193162536621093750e+01
-8.538414001464843750e+01
-6.224111938476562500e+01
-9.723824310302734375e+01
5.105189800262451172e+00
-7.542341613769531250e+01
9.738527679443359375e+01
7.855329895019531250e+01
9.979666137695312500e+01
-9.063770294189453125e+01
7.327980804443359375e+01
-8.927371978759765625e+01
-7.448045349121093750e+01
9.960743713378906250e+01
-9.063607788085937500e+01
9.994604492187500000e+01
6.844873809814453125e+01
9.440742492675781250e+01
7.730316162109375000e+01
8.597375488281250000e+01
-8.872373199462890625e+01
-7.940275573730468750e+01
1.748947525024414062e+01
-8.617715454101562500e+01
-5.603199005126953125e+01
6.154763793945312500e+01
9.384169006347656250e+01
-6.463177490234375000e+01
-8.236613464355468750e+01
6.058378219604492188e+01
9.835957527160644531e+00
-8.410234069824218750e+01
9.820272064208984375e+01
-7.592752075195312500e+01
3.377927398681640625e+01
-5.482600402832031250e+01
5.165774917602539062e+01
-7.986705780029296875e+01
9.777478790283203125e+01
7.669821929931640625e+01
-7.856539916992187500e+01
-1.985090637207031250e+01
2.525587081909179688e+01
-9.878211975097656250e+01
9.816814422607421875e+01
-9.689894104003906250e+01
6.972709655761718750e+01
-2.226678466796875000e+01
9.477555084228515625e+01
-2.421450996398925781e+01
7.174559116363525391e+00
5.595801544189453125e+01
-3.016443634033203125e+01
-8.705335235595703125e+01
4.133766555786132812e+01
-1.206187915802001953e+01
9.583912658691406250e+01
9.995771789550781250e+01
1.055945968627929688e+01
5.276499557495117188e+01
-1.799245262145996094e+01
4.456446456909179688e+01
-9.965097045898437500e+01
-4.867534255981445312e+01
-8.719338226318359375e+01
8.622053527832031250e+01
-8.786297607421875000e+01
-6.911402130126953125e+01
-8.554933166503906250e+01
9.667308044433593750e+01
8.665405273437500000e+01
6.223496246337890625e+01
9.106634521484375000e+01
9.685991287231445312e+00
6.981104278564453125e+01
-7.613745117187500000e+01
8.716777038574218750e+01
-3.994783020019531250e+01
6.529158782958984375e+01
-9.703446197509765625e+01
-8.453968811035156250e+01
-9.993231201171875000e+01
3.322483444213867188e+01
-8.119987487792968750e+01
9.978972625732421875e+01
-7.878859710693359375e+01
-8.390065765380859375e+01
2.236342620849609375e+01
9.370440673828125000e+01
-7.492331695556640625e+01
8.778374481201171875e+01
9.336045074462890625e+01
-3.011199569702148438e+01
-4.398769378662109375e+01
9.782748413085937500e+01
-5.400201797485351562e+01
6.592083740234375000e+01
9.734690093994140625e+01
7.096015930175781250e+01
9.997794342041015625e+01
8.607811737060546875e+01
-9.064983367919921875e+01
-7.487574005126953125e+01
3.123050689697265625e+01
1.277822303771972656e+01
-9.987666320800781250e+01
-9.912728118896484375e+01
-7.354953002929687500e+01
5.180574798583984375e+01
3.388256835937500000e+01
-9.642404937744140625e+01
5.682820129394531250e+01
-9.585114288330078125e+01
7.211048126220703125e+01
-9.996169281005859375e+01
-7.161049652099609375e+01
9.912456512451171875e+01
-9.704434204101562500e+01
-7.859625244140625000e+01
9.772783660888671875e+01
-7.749652862548828125e+01
2.035729217529296875e+01
6.342655944824218750e+01
-6.493312835693359375e+01
4.527059936523437500e+01
3.759653091430664062e+01
-7.780191802978515625e+01
5.744422531127929688e+01
-4.814263153076171875e+01
3.414020919799804688e+01
1.855761337280273438e+01
-9.271278381347656250e+01
9.958969116210937500e+01
7.914827728271484375e+01
-4.876042842864990234e+00
8.108264160156250000e+01
-5.931698226928710938e+01
3.283537292480468750e+01
-5.491916537284851074e-01
-9.321197509765625000e+01
-1.315527153015136719e+01
-7.282667541503906250e+01
4.017222881317138672e+00
5.637140274047851562e+01
-8.030809783935546875e+01
9.481520080566406250e+01
-9.166060638427734375e+01
9.940669250488281250e+01
3.082607078552246094e+01
-5.214498996734619141e+00
7.931336975097656250e+01
8.147647857666015625e+01
-9.663639831542968750e+01
-8.871931457519531250e+01
9.622962951660156250e+01
9.946470642089843750e+01
3.340617370605468750e+01
-9.832525634765625000e+01
-8.994005584716796875e+01
-6.444013214111328125e+01
9.339003753662109375e+01
5.286260223388671875e+01
-8.024575042724609375e+01
-7.139217376708984375e+01
9.671241760253906250e+01
5.692329406738281250e+01
-2.276518821716308594e+01
-9.923773193359375000e+01
4.022172546386718750e+01
-1.278661823272705078e+01
-9.987429046630859375e+01
2.035014867782592773e+00
-9.670630645751953125e+01
-9.566735839843750000e+01
-9.585583496093750000e+01
-8.533577728271484375e+01
5.165498352050781250e+01
-8.955104827880859375e+01
9.296158599853515625e+01
9.906921386718750000e+01
9.979754638671875000e+01
7.420958709716796875e+01
9.987367248535156250e+01
6.074958419799804688e+01
9.967512512207031250e+01
-6.477761077880859375e+01
9.775133514404296875e+01
1.687491989135742188e+01
3.811105346679687500e+01
-3.294133663177490234e+00
4.618095397949218750e+01
1.183749389648437500e+01
2.765988349914550781e+01
-4.758456802368164062e+01
-9.873308563232421875e+01
-9.388119506835937500e+01
1.832065582275390625e+00
-9.699274063110351562e+00
5.270976257324218750e+01
-9.976690673828125000e+01
-8.764173126220703125e+01
6.393587493896484375e+01
-1.699013328552246094e+01
1.884585189819335938e+01
6.128938674926757812e+01
6.369881057739257812e+01
-8.736203002929687500e+01
8.878207397460937500e+01
9.858993530273437500e+01
7.580641174316406250e+01
-5.418236160278320312e+01
-7.254271697998046875e+01
8.511396026611328125e+01
-9.012779235839843750e+01
3.629084014892578125e+01
-8.995883941650390625e+01
-2.410407215356826782e-01
-3.676882171630859375e+01
8.179121398925781250e+01
-9.575900268554687500e+01
-4.655552291870117188e+01
9.906094360351562500e+01
4.478889465332031250e+01
-9.768878173828125000e+01
4.272332382202148438e+01
9.638916015625000000e+01
-4.069989776611328125e+01
1.025561904907226562e+01
8.981411743164062500e+01
-9.473442077636718750e+01
3.468669128417968750e+01
8.093650817871093750e+00
-8.684660339355468750e+01
9.455118560791015625e+01
1.545717358589172363e+00
-9.745841217041015625e+01
-6.714228820800781250e+01
3.466785049438476562e+01
-9.768196105957031250e+01
-7.490142059326171875e+01
-8.559686279296875000e+01
-3.950400543212890625e+01
-2.355459785461425781e+01
-4.304712295532226562e+01
9.995222473144531250e+01
6.314561843872070312e+01
9.365363311767578125e+01
9.064288330078125000e+01
8.733159637451171875e+01
9.829416656494140625e+01
6.409412384033203125e+01
-8.194612884521484375e+01
9.707686614990234375e+01
5.671839141845703125e+01
-6.194316101074218750e+01
3.684564590454101562e+01
2.305504798889160156e+01
-8.321172332763671875e+01
9.362895965576171875e+01
-8.189530181884765625e+01
-3.891427993774414062e+01
-7.793118286132812500e+01
-8.961195373535156250e+01
-4.596179580688476562e+01
6.726625823974609375e+01
9.528832244873046875e+01
-9.530779266357421875e+01
-4.384153366088867188e+01
8.263352203369140625e+01
9.297442626953125000e+01
8.957923889160156250e+01
-4.258333969116210938e+01
9.190470695495605469e+00
-7.483681488037109375e+01
7.618164062500000000e+01
4.558608245849609375e+01
-8.550552368164062500e+01
4.337977600097656250e+01
-8.259744262695312500e+01
-7.261524963378906250e+01
-8.248120117187500000e+01
-2.982345581054687500e+00
9.802313995361328125e+01
3.213397216796875000e+01
-4.331991672515869141e+00
3.912192153930664062e+01
9.852694702148437500e+01
1.452087879180908203e+01
6.479110717773437500e+01
8.266551971435546875e+01
-2.997949218750000000e+01
9.645129394531250000e+01
-9.258566284179687500e+01
-5.358191299438476562e+01
7.999892425537109375e+01
-9.984682464599609375e+01
8.677996063232421875e+01
-9.667456817626953125e+01
-3.145091629028320312e+01
2.930538368225097656e+01
7.595043945312500000e+01
-4.045509338378906250e+01
4.493544006347656250e+01
-8.493618011474609375e+01
-3.920992660522460938e+01
-9.609092712402343750e+01
9.899569702148437500e+01
5.757688522338867188e+00
9.425656127929687500e+01
3.996615600585937500e+01
9.512089538574218750e+01
2.402061843872070312e+01
9.345649719238281250e+01
-9.586126708984375000e+01
2.933072662353515625e+01
-9.904433441162109375e+01
-5.267323303222656250e+01
-9.986884307861328125e+01
-7.356237792968750000e+01
-6.882374572753906250e+01
-1.048331832885742188e+01
-7.671427154541015625e+01
-7.473571777343750000e+01
8.312597656250000000e+01
9.767629241943359375e+01
-1.459622097015380859e+01
9.895898437500000000e+01
1.722554206848144531e+01
9.553903961181640625e+01
-3.943302536010742188e+01
9.307287597656250000e+01
9.752038574218750000e+01
9.876602935791015625e+01
8.213699340820312500e+01
-3.419794464111328125e+01
5.138747787475585938e+01
-2.957899475097656250e+01
7.325800323486328125e+01
-9.831590270996093750e+01
-1.589053440093994141e+01
5.908118057250976562e+01
-9.320153808593750000e+01
-1.318452358245849609e+01
9.533592987060546875e+01
9.102352905273437500e+01
9.398906707763671875e+00
-8.338770294189453125e+01
9.381729125976562500e+00
9.592461395263671875e+01
-9.815213012695312500e+01
-9.598706054687500000e+01
-9.936459350585937500e+01
4.253326797485351562e+01
-8.933088684082031250e+01
-9.069100952148437500e+01
7.420589447021484375e+01
-5.113521957397460938e+01
9.289410400390625000e+01
9.701239776611328125e+01
-8.069183349609375000e+01
6.984664916992187500e+01
3.906777191162109375e+01
6.325433731079101562e+01
8.628791046142578125e+01
-3.554411697387695312e+01
-6.045631027221679688e+01
8.464283752441406250e+01
-7.138578796386718750e+01
-9.285647583007812500e+01
-9.497935485839843750e+01
-7.229307556152343750e+01
-8.678688049316406250e+01
-9.423788452148437500e+01
-8.094184112548828125e+01
-9.267002105712890625e+01
-9.384268188476562500e+01
8.116999053955078125e+01
-8.982769012451171875e+01
9.999456024169921875e+01
9.986775207519531250e+01
9.999797058105468750e+01
9.971228027343750000e+01
9.980035400390625000e+01
9.999792480468750000e+01
9.996843719482421875e+01
1.186240577697753906e+01
9.371618270874023438e+00
9.873429107666015625e+01
3.652642822265625000e+01
4.083140945434570312e+01
9.704404473304748535e-01
-9.457096099853515625e+00
-2.170260238647460938e+01
-6.689955902099609375e+01
-5.983532714843750000e+01
1.152413558959960938e+01
-3.554145812988281250e+01
9.796675872802734375e+01
4.254105091094970703e+00
-8.705215454101562500e+01
1.095656681060791016e+01
-5.521892929077148438e+01
-3.400992202758789062e+01
-8.776108551025390625e+01
-8.342623138427734375e+01
9.474642944335937500e+01
-5.249903106689453125e+01
7.473449707031250000e+01
8.396352386474609375e+01
-7.099362182617187500e+01
-7.235669708251953125e+01
9.903400421142578125e+01
-1.145505428314208984e+01
5.661582946777343750e+01
-8.135832214355468750e+01
9.771113586425781250e+01
9.438300323486328125e+01
9.652242279052734375e+01
-9.048441314697265625e+01
9.996144866943359375e+01
9.971923828125000000e+01
-2.956237792968750000e+01
-6.544296264648437500e+01
5.165166854858398438e+01
-8.397179412841796875e+01
-5.000285339355468750e+01
9.958781433105468750e+01
3.340987396240234375e+01
-1.557157230377197266e+01
-4.571067810058593750e+01
9.989231872558593750e+01
9.878333282470703125e+01
8.425621032714843750e+01
-7.312771081924438477e-01
8.624815368652343750e+01
8.724549102783203125e+01
-9.416535186767578125e+01
-5.016942596435546875e+01
6.898663330078125000e+01
-8.964502716064453125e+01
-1.803818893432617188e+01
9.789792633056640625e+01
-8.502670288085937500e+01
9.159748840332031250e+01
6.548920440673828125e+01
9.906201934814453125e+01
-6.542968750000000000e+01
-9.925939941406250000e+01
7.565581512451171875e+01
-9.493694305419921875e+01
-6.647323608398437500e+01
-7.419846343994140625e+01
6.537322235107421875e+01
8.110960388183593750e+01
-7.668184661865234375e+01
8.157669830322265625e+01
-8.705367279052734375e+01
-8.893559265136718750e+01
5.579699325561523438e+01
7.000746917724609375e+01
9.860445976257324219e+00
4.010158157348632812e+01
-2.635515975952148438e+01
2.835759162902832031e+01
9.823684692382812500e+01
-2.379850578308105469e+01
3.209146118164062500e+01
-7.843936157226562500e+01
9.587452697753906250e+01
-8.179282379150390625e+01
-9.828581237792968750e+01
-8.434855651855468750e+01
1.916102790832519531e+01
6.684155273437500000e+01
9.296556854248046875e+01
1.595824241638183594e+01
-7.964844512939453125e+01
-9.520800781250000000e+01
-6.256021857261657715e-01
9.510972595214843750e+01
-9.924795532226562500e+01
8.586708068847656250e+00
-9.745861053466796875e+01
5.549326705932617188e+01
-9.940888214111328125e+01
9.430160522460937500e+01
9.968434906005859375e+01
8.623326110839843750e+01
5.513962554931640625e+01
1.889266252517700195e+00
-9.887342071533203125e+01
-9.338871765136718750e+01
-9.714990234375000000e+01
-9.680353546142578125e+01
-4.403780937194824219e+00
-6.466442108154296875e+01
-3.539324569702148438e+01
9.543160247802734375e+01
7.667893981933593750e+01
8.875102233886718750e+01
7.465347290039062500e+01
2.448344612121582031e+01
-6.531578063964843750e+01
8.903570556640625000e+01
-9.746559143066406250e+01
-8.914183807373046875e+01
-3.719955062866210938e+01
-4.232582855224609375e+01
-8.396322631835937500e+01
5.401846694946289062e+01
6.323451232910156250e+01
9.465218353271484375e+01
8.877213287353515625e+01
-6.347265243530273438e+01
-2.111478042602539062e+01
9.850451660156250000e+01
8.345027160644531250e+01
-2.388448333740234375e+01
8.034345245361328125e+01
-8.922595214843750000e+01
9.974832153320312500e+01
9.363764190673828125e+01
9.666703796386718750e+01
-8.068129730224609375e+01
9.782882690429687500e+01
-1.488697767257690430e+00
3.646821212768554688e+01
-9.599545288085937500e+01
9.342223358154296875e+01
4.538417053222656250e+01
-1.626045036315917969e+01
9.303113555908203125e+01
-7.098345947265625000e+01
-8.406303405761718750e+01
4.006488800048828125e+01
-3.267044448852539062e+01
-9.044709014892578125e+01
-5.788009262084960938e+01
7.606817626953125000e+01
2.107932662963867188e+01
9.947155761718750000e+01
-4.245372009277343750e+01
7.446370697021484375e+01
-8.472396087646484375e+01
9.879252624511718750e+01
-5.935777282714843750e+01
7.157888793945312500e+01
