-1.033631414175033569e-01
-1.360221505165100098e-01
-1.657395660877227783e-01
-4.297403395175933838e-01
-3.995840549468994141e-01
-4.271249473094940186e-01
-4.450109601020812988e-01
-1.692804135382175446e-02
-1.918618828058242798e-01
-3.689873814582824707e-01
-4.545553922653198242e-01
-2.760064899921417236e-01
-4.219831824302673340e-01
-1.429598927497863770e-01
-4.140972793102264404e-01
-2.371462807059288025e-02
-3.985331356525421143e-01
4.147414118051528931e-02
-3.605255186557769775e-01
7.673449069261550903e-02
-3.219962120056152344e-01
1.376908272504806519e-01
-1.745484471321105957e-01
6.275621056556701660e-02
-2.499555796384811401e-01
1.422177553176879883e-01
-1.989795714616775513e-01
1.387980282306671143e-01
-1.614965200424194336e-01
1.455305963754653931e-01
-1.094832941889762878e-01
1.400755047798156738e-01
-6.587666273117065430e-02
1.213237345218658447e-01
-3.425059467554092407e-02
1.139731481671333313e-01
1.603846205398440361e-03
1.005590707063674927e-01
4.022647812962532043e-02
7.877353578805923462e-02
6.825307756662368774e-02
8.600988239049911499e-02
8.712980151176452637e-02
1.007039844989776611e-01
9.511020779609680176e-02
1.075354963541030884e-01
1.125559210777282715e-01
9.649863094091415405e-02
1.182073503732681274e-01
1.134130731225013733e-01
1.079740077257156372e-01
1.116026937961578369e-01
1.141889765858650208e-01
1.192523539066314697e-01
1.115389987826347351e-01
1.128288209438323975e-01
1.152883470058441162e-01
1.142370402812957764e-01
1.099117472767829895e-01
1.176125034689903259e-01
1.112208291888237000e-01
1.128212139010429382e-01
1.159677803516387939e-01
1.162695586681365967e-01
1.137285679578781128e-01
1.179569065570831299e-01
1.279210150241851807e-01
1.280813515186309814e-01
1.307526826858520508e-01
1.369880139827728271e-01
1.345599144697189331e-01
1.376369595527648926e-01
1.412992924451828003e-01
1.524500697851181030e-01
1.546397954225540161e-01
1.565610915422439575e-01
1.603818535804748535e-01
1.575170457363128662e-01
1.648676395416259766e-01
1.642202436923980713e-01
1.646426171064376831e-01
1.681687831878662109e-01
1.600466370582580566e-01
1.612637788057327271e-01
1.655494570732116699e-01
1.645875126123428345e-01
1.620329618453979492e-01
1.671153903007507324e-01
1.588739752769470215e-01
1.590087413787841797e-01
1.636804044246673584e-01
1.558448374271392822e-01
1.537758409976959229e-01
1.552765071392059326e-01
1.562704741954803467e-01
1.556080877780914307e-01
1.531163901090621948e-01
1.509978473186492920e-01
1.592543423175811768e-01
1.454991251230239868e-01
1.482125520706176758e-01
1.536878347396850586e-01
1.475338041782379150e-01
1.512985676527023315e-01
1.452370136976242065e-01
1.500510573387145996e-01
1.566032767295837402e-01
1.444263458251953125e-01
1.549002528190612793e-01
1.482337862253189087e-01
1.528306454420089722e-01
1.381096541881561279e-01
1.445851176977157593e-01
1.445395946502685547e-01
1.408274769783020020e-01
1.562784314155578613e-01
1.477371156215667725e-01
1.472258716821670532e-01
1.448922008275985718e-01
1.501371413469314575e-01
1.387218683958053589e-01
1.363539844751358032e-01
1.414267569780349731e-01
1.353001296520233154e-01
1.388309299945831299e-01
1.343307942152023315e-01
1.347659826278686523e-01
1.305550634860992432e-01
1.325375437736511230e-01
1.380394846200942993e-01
1.327458322048187256e-01
1.398237198591232300e-01
1.291674524545669556e-01
1.327141374349594116e-01
1.312092840671539307e-01
1.263973414897918701e-01
1.324955970048904419e-01
1.311784833669662476e-01
1.314912438392639160e-01
1.263760775327682495e-01
1.303805261850357056e-01
1.406584084033966064e-01
1.251320093870162964e-01
1.279879361391067505e-01
1.249273791909217834e-01
1.313333213329315186e-01
1.258615106344223022e-01
1.326783299446105957e-01
1.231390386819839478e-01
1.277868300676345825e-01
1.305707097053527832e-01
1.249622926115989685e-01
1.330843418836593628e-01
1.279049813747406006e-01
1.275184452533721924e-01
1.326188892126083374e-01
1.220011487603187561e-01
1.369086802005767822e-01
1.252591758966445923e-01
1.246943622827529907e-01
1.336230337619781494e-01
1.294213831424713135e-01
1.309447884559631348e-01
1.341309398412704468e-01
1.312173455953598022e-01
1.324968636035919189e-01
1.328449845314025879e-01
1.358708888292312622e-01
1.300904601812362671e-01
1.337722092866897583e-01
1.318718194961547852e-01
1.346321254968643188e-01
1.338221430778503418e-01
1.396482735872268677e-01
1.347196251153945923e-01
1.293147951364517212e-01
1.287633478641510010e-01
1.388731598854064941e-01
1.385523229837417603e-01
1.315303891897201538e-01
1.383131742477416992e-01
1.252365559339523315e-01
1.348745673894882202e-01
1.364689320325851440e-01
1.344320327043533325e-01
1.349340677261352539e-01
1.333752423524856567e-01
1.419794410467147827e-01
1.377539634704589844e-01
1.356679201126098633e-01
1.346187293529510498e-01
1.468599438667297363e-01
1.399961411952972412e-01
1.415245980024337769e-01
1.408305764198303223e-01
1.370234340429306030e-01
1.389613300561904907e-01
1.358832269906997681e-01
1.356566846370697021e-01
1.353749185800552368e-01
1.481305360794067383e-01
1.393070966005325317e-01
1.433781087398529053e-01
1.389788389205932617e-01
1.435966491699218750e-01
1.450628191232681274e-01
1.363667398691177368e-01
1.408486813306808472e-01
1.459291130304336548e-01
1.352637559175491333e-01
1.398262232542037964e-01
1.384045183658599854e-01
1.340892761945724487e-01
1.367878764867782593e-01
1.387827396392822266e-01
1.456110477447509766e-01
1.399337053298950195e-01
1.370313316583633423e-01
1.385760605335235596e-01
1.452894359827041626e-01
1.437646150588989258e-01
1.456075608730316162e-01
1.440281420946121216e-01
1.379710882902145386e-01
1.491427868604660034e-01
1.493152081966400146e-01
1.425351798534393311e-01
1.362826079130172729e-01
1.368653774261474609e-01
1.438894718885421753e-01
1.453547477722167969e-01
1.379707455635070801e-01
1.408871412277221680e-01
1.455866247415542603e-01
1.392517983913421631e-01
1.402229517698287964e-01
1.420053243637084961e-01
1.426613926887512207e-01
1.436288803815841675e-01
1.391943544149398804e-01
1.481637209653854370e-01
1.468683481216430664e-01
1.497664004564285278e-01
1.380429565906524658e-01
1.386242955923080444e-01
1.433854997158050537e-01
1.408887654542922974e-01
1.401401907205581665e-01
1.439746469259262085e-01
1.479589045047760010e-01
1.376781761646270752e-01
1.431598514318466187e-01
1.401639729738235474e-01
1.461536288261413574e-01
1.486330926418304443e-01
1.384519338607788086e-01
1.465160697698593140e-01
1.384089589118957520e-01
1.459966301918029785e-01
1.397488713264465332e-01
1.420304477214813232e-01
1.425625085830688477e-01
1.396608501672744751e-01
1.445267796516418457e-01
1.412879526615142822e-01
1.372006833553314209e-01
1.413141638040542603e-01
1.386858820915222168e-01
1.408225297927856445e-01
1.524524837732315063e-01
1.423154175281524658e-01
1.458838135004043579e-01
1.455922424793243408e-01
1.416799128055572510e-01
1.446062624454498291e-01
1.387150883674621582e-01
1.391260474920272827e-01
1.405257880687713623e-01
1.395173072814941406e-01
1.465397775173187256e-01
1.402642130851745605e-01
1.423318833112716675e-01
1.457657366991043091e-01
1.379066407680511475e-01
1.474922746419906616e-01
1.418062001466751099e-01
1.507715582847595215e-01
1.392238289117813110e-01
1.396494060754776001e-01
1.428762525320053101e-01
1.456561982631683350e-01
1.454699486494064331e-01
1.395426094532012939e-01
1.384904831647872925e-01
1.428207010030746460e-01
1.380375176668167114e-01
1.454277336597442627e-01
1.492905616760253906e-01
1.389021873474121094e-01
1.454477310180664062e-01
1.481878906488418579e-01
1.369593739509582520e-01
1.393899321556091309e-01
1.443670839071273804e-01
1.376840025186538696e-01
1.440956443548202515e-01
1.388093531131744385e-01
1.456343680620193481e-01
1.491380780935287476e-01
1.369830071926116943e-01
1.429693400859832764e-01
1.366948634386062622e-01
1.448147892951965332e-01
1.423736363649368286e-01
1.438165158033370972e-01
1.398176550865173340e-01
1.426674127578735352e-01
1.478721499443054199e-01
1.402741968631744385e-01
1.420437991619110107e-01
1.428269147872924805e-01
1.428492963314056396e-01
1.464637368917465210e-01
1.421058624982833862e-01
1.382853090763092041e-01
1.427958458662033081e-01
1.407213360071182251e-01
1.420673429965972900e-01
1.334483474493026733e-01
1.421688199043273926e-01
1.391208022832870483e-01
1.458807885646820068e-01
1.427923738956451416e-01
1.439372301101684570e-01
1.401285529136657715e-01
1.472672671079635620e-01
1.400773227214813232e-01
1.494974195957183838e-01
1.487773358821868896e-01
1.430229097604751587e-01
1.477685570716857910e-01
1.416745483875274658e-01
1.367889195680618286e-01
1.471972614526748657e-01
1.408216953277587891e-01
1.453756392002105713e-01
1.465258449316024780e-01
1.464859247207641602e-01
1.380255371332168579e-01
1.429112702608108521e-01
1.419928669929504395e-01
1.417557001113891602e-01
1.459808498620986938e-01
1.382685452699661255e-01
1.399424225091934204e-01
1.415603160858154297e-01
1.451027095317840576e-01
1.418644934892654419e-01
1.417494416236877441e-01
1.353989094495773315e-01
1.376413106918334961e-01
1.385254263877868652e-01
1.473855674266815186e-01
1.450581699609756470e-01
1.393402963876724243e-01
1.420740634202957153e-01
1.466345340013504028e-01
1.445005685091018677e-01
1.461748033761978149e-01
1.396833211183547974e-01
1.449337899684906006e-01
1.492815613746643066e-01
1.390680968761444092e-01
1.457745879888534546e-01
1.400020420551300049e-01
1.410784423351287842e-01
1.476244926452636719e-01
1.461022198200225830e-01
1.502545028924942017e-01
1.445107311010360718e-01
1.407632082700729370e-01
1.448475271463394165e-01
1.419304311275482178e-01
1.456601470708847046e-01
1.379102915525436401e-01
1.492931544780731201e-01
1.428442001342773438e-01
1.419071555137634277e-01
1.371281147003173828e-01
1.414137184619903564e-01
1.462008953094482422e-01
1.427162438631057739e-01
1.458048373460769653e-01
1.412648707628250122e-01
1.384281218051910400e-01
1.445340961217880249e-01
1.486287713050842285e-01
1.356688737869262695e-01
1.376700550317764282e-01
1.384556442499160767e-01
1.453049331903457642e-01
1.430533230304718018e-01
1.384796351194381714e-01
1.394324451684951782e-01
1.409229934215545654e-01
1.425381153821945190e-01
1.414296180009841919e-01
1.415799707174301147e-01
1.487626582384109497e-01
1.403275728225708008e-01
1.469423472881317139e-01
1.425693631172180176e-01
1.439046710729598999e-01
1.382556706666946411e-01
1.482474356889724731e-01
1.384240686893463135e-01
1.444281190633773804e-01
1.459747254848480225e-01
1.434646844863891602e-01
1.448531895875930786e-01
1.439116895198822021e-01
1.455674022436141968e-01
1.396252810955047607e-01
1.436816453933715820e-01
1.408221125602722168e-01
1.294039338827133179e-01
1.437613368034362793e-01
1.457298994064331055e-01
1.422545462846755981e-01
1.420343518257141113e-01
1.423810124397277832e-01
1.452310979366302490e-01
1.429161131381988525e-01
1.416154652833938599e-01
1.432535052299499512e-01
1.389488875865936279e-01
1.457811892032623291e-01
1.414596289396286011e-01
1.443343609571456909e-01
1.386486738920211792e-01
1.374711245298385620e-01
1.499141156673431396e-01
1.431369930505752563e-01
1.435438543558120728e-01
1.432278901338577271e-01
1.357979476451873779e-01
1.392299532890319824e-01
1.472679823637008667e-01
1.466713398694992065e-01
1.387879401445388794e-01
1.394009590148925781e-01
1.394600272178649902e-01
1.407190114259719849e-01
1.379150152206420898e-01
1.376849412918090820e-01
1.419306248426437378e-01
1.396194398403167725e-01
1.395372152328491211e-01
1.505499482154846191e-01
1.469520628452301025e-01
1.374900192022323608e-01
1.367720067501068115e-01
1.451907753944396973e-01
1.410938352346420288e-01
1.442818343639373779e-01
1.472179591655731201e-01
1.433622688055038452e-01
1.408250778913497925e-01
1.480715721845626831e-01
1.485762596130371094e-01
1.440634280443191528e-01
1.435711085796356201e-01
1.397221684455871582e-01
1.401768624782562256e-01
1.455323994159698486e-01
1.435789167881011963e-01
1.417831629514694214e-01
1.387456208467483521e-01
1.425397098064422607e-01
1.437593698501586914e-01
1.343411952257156372e-01
1.438958644866943359e-01
1.429693847894668579e-01
1.463421881198883057e-01
1.378442794084548950e-01
1.442281454801559448e-01
1.418391317129135132e-01
1.437509208917617798e-01
1.445981115102767944e-01
1.413354128599166870e-01
1.436096280813217163e-01
1.497254669666290283e-01
1.500391811132431030e-01
1.408569365739822388e-01
1.443983614444732666e-01
1.437012106180191040e-01
1.375916600227355957e-01
1.380666494369506836e-01
1.449290812015533447e-01
1.409463137388229370e-01
1.419030725955963135e-01
1.521653085947036743e-01
1.397240757942199707e-01
1.427133381366729736e-01
1.439857184886932373e-01
1.400986462831497192e-01
1.475690603256225586e-01
1.492201536893844604e-01
1.403175741434097290e-01
1.471935659646987915e-01
1.457270681858062744e-01
1.439561098814010620e-01
1.402388960123062134e-01
1.444945484399795532e-01
1.492764949798583984e-01
1.401675939559936523e-01
1.399419456720352173e-01
1.436425745487213135e-01
1.459338665008544922e-01
1.392972022294998169e-01
1.415338367223739624e-01
1.391972005367279053e-01
1.439360827207565308e-01
1.472928673028945923e-01
1.373001337051391602e-01
1.386029869318008423e-01
1.432847082614898682e-01
1.458075493574142456e-01
1.454266458749771118e-01
1.417883485555648804e-01
1.421431452035903931e-01
1.426066309213638306e-01
1.356442272663116455e-01
1.489313393831253052e-01
1.487385481595993042e-01
1.441665142774581909e-01
1.445114314556121826e-01
1.413029134273529053e-01
1.423538327217102051e-01
1.414484977722167969e-01
1.479977965354919434e-01
1.414034068584442139e-01
1.440573185682296753e-01
1.369984596967697144e-01
1.438948363065719604e-01
1.474920958280563354e-01
1.419467926025390625e-01
1.474293023347854614e-01
1.368364244699478149e-01
1.472067385911941528e-01
1.394282877445220947e-01
1.414579302072525024e-01
1.438071429729461670e-01
1.453704237937927246e-01
1.317117512226104736e-01
1.486772000789642334e-01
1.445885598659515381e-01
1.455697417259216309e-01
1.427004039287567139e-01
1.385297924280166626e-01
1.468071192502975464e-01
1.399819254875183105e-01
1.439560055732727051e-01
1.484281867742538452e-01
1.458639949560165405e-01
1.410288214683532715e-01
1.413225531578063965e-01
1.447141319513320923e-01
1.421086937189102173e-01
1.477767080068588257e-01
1.420043557882308960e-01
1.430885940790176392e-01
1.447832733392715454e-01
1.377870291471481323e-01
1.441087424755096436e-01
1.505075395107269287e-01
1.501980125904083252e-01
1.473867148160934448e-01
1.414327919483184814e-01
1.463582813739776611e-01
1.422036588191986084e-01
1.453879475593566895e-01
1.418092399835586548e-01
1.439956277608871460e-01
1.448266357183456421e-01
1.432496160268783569e-01
1.423864066600799561e-01
1.435407549142837524e-01
1.379049569368362427e-01
1.463170945644378662e-01
1.426001489162445068e-01
1.458559483289718628e-01
1.445508301258087158e-01
1.472043991088867188e-01
1.397055834531784058e-01
1.419779658317565918e-01
1.421506553888320923e-01
1.444864720106124878e-01
1.407784521579742432e-01
1.443939656019210815e-01
1.468746215105056763e-01
1.477019637823104858e-01
1.408670246601104736e-01
1.327596902847290039e-01
1.417330801486968994e-01
1.431659907102584839e-01
1.451691836118698120e-01
1.446022689342498779e-01
1.394173055887222290e-01
1.430580317974090576e-01
1.416985541582107544e-01
1.385008841753005981e-01
1.370523273944854736e-01
1.453177034854888916e-01
1.381888836622238159e-01
1.473025381565093994e-01
1.463133692741394043e-01
1.403744369745254517e-01
1.443244963884353638e-01
1.449238806962966919e-01
1.428353339433670044e-01
1.455330997705459595e-01
1.426457315683364868e-01
1.475132256746292114e-01
1.457489430904388428e-01
1.441217064857482910e-01
1.381575912237167358e-01
1.426547616720199585e-01
1.508222222328186035e-01
1.398658901453018188e-01
1.438634544610977173e-01
1.387163698673248291e-01
1.442853212356567383e-01
1.443607807159423828e-01
1.457745432853698730e-01
1.448948532342910767e-01
1.416587084531784058e-01
1.416331082582473755e-01
1.413212567567825317e-01
1.417406499385833740e-01
1.371707767248153687e-01
1.363548785448074341e-01
1.408047378063201904e-01
1.399444937705993652e-01
1.448423862457275391e-01
1.433053165674209595e-01
1.472790390253067017e-01
1.428271383047103882e-01
1.401815712451934814e-01
1.462420970201492310e-01
1.491460055112838745e-01
1.431167721748352051e-01
1.436484903097152710e-01
1.431376934051513672e-01
1.405766904354095459e-01
1.356423944234848022e-01
1.427359282970428467e-01
1.404363512992858887e-01
1.445692777633666992e-01
1.404809653759002686e-01
1.439141780138015747e-01
1.432860791683197021e-01
1.441737711429595947e-01
1.482023596763610840e-01
1.392907649278640747e-01
1.412966400384902954e-01
1.470637321472167969e-01
1.487410366535186768e-01
1.446631103754043579e-01
1.397652775049209595e-01
1.484038233757019043e-01
1.441860347986221313e-01
1.373320966958999634e-01
1.454669982194900513e-01
1.393956840038299561e-01
1.384028196334838867e-01
1.436138004064559937e-01
1.407691836357116699e-01
1.411646753549575806e-01
1.442602872848510742e-01
1.439060270786285400e-01
1.488453745841979980e-01
1.350739300251007080e-01
1.396968662738800049e-01
1.459713280200958252e-01
1.369961947202682495e-01
1.410150825977325439e-01
1.417822390794754028e-01
1.441861987113952637e-01
1.435172259807586670e-01
1.416486203670501709e-01
1.379551142454147339e-01
1.457153409719467163e-01
1.399269402027130127e-01
1.416827142238616943e-01
1.481281220912933350e-01
1.375346183776855469e-01
1.398550122976303101e-01
1.442223191261291504e-01
1.419968605041503906e-01
1.495834738016128540e-01
1.440074443817138672e-01
1.408026367425918579e-01
1.385349929332733154e-01
1.452961713075637817e-01
1.377504020929336548e-01
1.431966274976730347e-01
1.440840810537338257e-01
1.413827687501907349e-01
1.455417871475219727e-01
1.420834362506866455e-01
1.405286788940429688e-01
1.462820172309875488e-01
1.391924172639846802e-01
1.426061987876892090e-01
1.469967514276504517e-01
1.455020308494567871e-01
1.453041732311248779e-01
1.443476825952529907e-01
1.492627263069152832e-01
1.446152776479721069e-01
1.421990841627120972e-01
1.486371606588363647e-01
1.386633366346359253e-01
1.453472077846527100e-01
1.485134363174438477e-01
1.464821845293045044e-01
1.453116536140441895e-01
1.377021521329879761e-01
1.438836455345153809e-01
1.459529399871826172e-01
1.396016478538513184e-01
1.473400890827178955e-01
1.417120546102523804e-01
1.503329426050186157e-01
1.449695676565170288e-01
1.393197923898696899e-01
1.451542973518371582e-01
1.396583169698715210e-01
1.383479982614517212e-01
1.493236869573593140e-01
1.411253064870834351e-01
1.443218588829040527e-01
1.453240215778350830e-01
1.373496353626251221e-01
1.445342600345611572e-01
1.426528096199035645e-01
1.318831145763397217e-01
1.433361470699310303e-01
1.428088992834091187e-01
1.416699588298797607e-01
1.440719366073608398e-01
1.454597860574722290e-01
1.410021334886550903e-01
1.443333178758621216e-01
1.389628052711486816e-01
1.466404348611831665e-01
1.416200399398803711e-01
1.482710540294647217e-01
1.414155215024948120e-01
1.427479237318038940e-01
1.355154216289520264e-01
1.402022242546081543e-01
1.453735530376434326e-01
1.446481049060821533e-01
1.398628503084182739e-01
1.441172510385513306e-01
1.477729380130767822e-01
1.428492069244384766e-01
1.410527229309082031e-01
1.395063549280166626e-01
1.492386907339096069e-01
1.436603218317031860e-01
1.415578871965408325e-01
1.394698172807693481e-01
1.470518261194229126e-01
1.447897851467132568e-01
1.411400586366653442e-01
1.400548070669174194e-01
1.474120765924453735e-01
1.427077353000640869e-01
1.425420194864273071e-01
1.496379375457763672e-01
1.492475122213363647e-01
1.394480019807815552e-01
1.407820880413055420e-01
1.394525170326232910e-01
1.438105106353759766e-01
1.333552449941635132e-01
1.466984450817108154e-01
1.423263251781463623e-01
1.435583829879760742e-01
1.454116702079772949e-01
1.417872756719589233e-01
1.450189352035522461e-01
1.360438615083694458e-01
1.445223391056060791e-01
1.393249630928039551e-01
1.442843675613403320e-01
1.466010808944702148e-01
1.412167251110076904e-01
1.353611648082733154e-01
1.480787992477416992e-01
1.373574435710906982e-01
1.442303806543350220e-01
1.402364522218704224e-01
1.464313417673110962e-01
1.439836323261260986e-01
1.448373496532440186e-01
1.393716037273406982e-01
1.443199962377548218e-01
1.454011052846908569e-01
1.491892784833908081e-01
1.458778083324432373e-01
1.394856125116348267e-01
1.468679755926132202e-01
1.425399333238601685e-01
1.424428373575210571e-01
1.447829157114028931e-01
1.459430456161499023e-01
1.392527818679809570e-01
1.422008723020553589e-01
1.425391137599945068e-01
1.480132341384887695e-01
1.384623497724533081e-01
1.384187936782836914e-01
1.460517942905426025e-01
1.427102237939834595e-01
1.395282298326492310e-01
1.412030160427093506e-01
1.453540623188018799e-01
1.473451554775238037e-01
1.497307568788528442e-01
1.457551419734954834e-01
1.389063000679016113e-01
1.460106223821640015e-01
1.413070410490036011e-01
1.433771550655364990e-01
1.405147612094879150e-01
1.400441974401473999e-01
1.434579789638519287e-01
1.399733275175094604e-01
1.509235501289367676e-01
1.407162845134735107e-01
1.428209096193313599e-01
1.459637433290481567e-01
1.429518461227416992e-01
1.400078535079956055e-01
1.366760432720184326e-01
1.409583687782287598e-01
1.412949264049530029e-01
1.444675326347351074e-01
1.484151035547256470e-01
1.410449594259262085e-01
1.475632488727569580e-01
1.437667459249496460e-01
1.384482681751251221e-01
1.419864743947982788e-01
1.383932828903198242e-01
1.479392796754837036e-01
1.431763321161270142e-01
1.429054290056228638e-01
1.405745595693588257e-01
1.425636410713195801e-01
1.433479189872741699e-01
1.466246098279953003e-01
1.407935619354248047e-01
1.510811299085617065e-01
1.502740979194641113e-01
1.362237632274627686e-01
1.471133232116699219e-01
1.394817382097244263e-01
1.417726427316665649e-01
1.488599032163619995e-01
1.463626772165298462e-01
1.396704167127609253e-01
1.415822952985763550e-01
1.412497609853744507e-01
1.426186859607696533e-01
1.441704183816909790e-01
1.452718973159790039e-01
1.408941745758056641e-01
1.480550765991210938e-01
1.397982984781265259e-01
1.437309086322784424e-01
1.499989330768585205e-01
1.447464376688003540e-01
1.460525691509246826e-01
1.397282779216766357e-01
1.456937491893768311e-01
1.444974839687347412e-01
1.377235203981399536e-01
1.363987177610397339e-01
1.410387307405471802e-01
1.492883861064910889e-01
1.404573470354080200e-01
1.428280621767044067e-01
1.414866298437118530e-01
1.419313102960586548e-01
1.335604190826416016e-01
1.461497396230697632e-01
1.409247517585754395e-01
1.403170228004455566e-01
1.386020034551620483e-01
1.411316245794296265e-01
1.449091583490371704e-01
1.428534835577011108e-01
1.401895731687545776e-01
1.468203961849212646e-01
1.455495357513427734e-01
1.437607705593109131e-01
1.406569480895996094e-01
1.421874016523361206e-01
1.387747079133987427e-01
1.443030536174774170e-01
1.369628012180328369e-01
1.469952166080474854e-01
1.457810699939727783e-01
1.452313065528869629e-01
1.409496217966079712e-01
1.513064205646514893e-01
1.415987163782119751e-01
1.445687264204025269e-01
1.410298198461532593e-01
1.424817293882369995e-01
1.427651047706604004e-01
1.372129917144775391e-01
1.440107077360153198e-01
1.450473219156265259e-01
1.451288312673568726e-01
1.380542665719985962e-01
1.491381078958511353e-01
1.419869512319564819e-01
1.407150477170944214e-01
1.408789008855819702e-01
1.395553946495056152e-01
1.426605582237243652e-01
1.532664597034454346e-01
1.452311873435974121e-01
1.408757716417312622e-01
1.421882808208465576e-01
1.421689987182617188e-01
1.447947770357131958e-01
1.421224325895309448e-01
1.454628109931945801e-01
1.373159289360046387e-01
1.453792154788970947e-01
1.419395506381988525e-01
1.487205326557159424e-01
1.453086286783218384e-01
1.420132964849472046e-01
1.342937797307968140e-01
1.412970870733261108e-01
1.381556838750839233e-01
1.388590931892395020e-01
1.479869931936264038e-01
1.424197703599929810e-01
1.441177874803543091e-01
1.416282355785369873e-01
1.448461860418319702e-01
1.362661421298980713e-01
1.497946232557296753e-01
1.435201019048690796e-01
1.350222378969192505e-01
1.416627615690231323e-01
1.399670690298080444e-01
1.476437747478485107e-01
1.420392543077468872e-01
1.518489420413970947e-01
1.406478583812713623e-01
1.446419954299926758e-01
1.464997678995132446e-01
1.483908742666244507e-01
1.454512923955917358e-01
1.420844197273254395e-01
1.479304134845733643e-01
1.432832330465316772e-01
1.411672532558441162e-01
1.402247101068496704e-01
1.431089192628860474e-01
1.429138630628585815e-01
1.448182463645935059e-01
1.467630416154861450e-01
1.449227184057235718e-01
1.409133225679397583e-01
1.484811305999755859e-01
1.433674991130828857e-01
1.411291509866714478e-01
1.426381021738052368e-01
1.438855975866317749e-01
1.428995132446289062e-01
1.416093260049819946e-01
1.436710953712463379e-01
1.490020304918289185e-01
1.388071924448013306e-01
1.483186483383178711e-01
1.472139358520507812e-01
1.389056146144866943e-01
1.357504278421401978e-01
1.419970095157623291e-01
1.449801325798034668e-01
1.414123475551605225e-01
1.438687890768051147e-01
1.418689191341400146e-01
1.463385671377182007e-01
1.402366310358047485e-01
1.442844420671463013e-01
1.366042792797088623e-01
1.444894224405288696e-01
1.404600590467453003e-01
1.488187760114669800e-01
1.384045034646987915e-01
1.404109299182891846e-01
1.483715474605560303e-01
1.459747701883316040e-01
1.524304002523422241e-01
1.429938673973083496e-01
1.450078636407852173e-01
1.445934623479843140e-01
1.422768831253051758e-01
1.471926271915435791e-01
1.509662121534347534e-01
1.471911221742630005e-01
1.427603662014007568e-01
1.434564143419265747e-01
1.393541842699050903e-01
1.402933448553085327e-01
1.494494378566741943e-01
1.338006108999252319e-01
1.398909538984298706e-01
1.410437673330307007e-01
1.477238386869430542e-01
1.426951736211776733e-01
1.504419893026351929e-01
1.387626826763153076e-01
1.381875127553939819e-01
1.441457718610763550e-01
1.442590206861495972e-01
1.480288505554199219e-01
1.442783772945404053e-01
1.410868465900421143e-01
1.456197500228881836e-01
1.482595205307006836e-01
1.393772959709167480e-01
1.432632803916931152e-01
1.387856602668762207e-01
1.409431397914886475e-01
1.430139988660812378e-01
1.436195373535156250e-01
1.414443701505661011e-01
1.494188606739044189e-01
1.433859020471572876e-01
1.398535668849945068e-01
1.417858898639678955e-01
1.386839747428894043e-01
1.441669315099716187e-01
1.439528614282608032e-01
1.363032907247543335e-01
1.446210741996765137e-01
1.418120115995407104e-01
1.436298787593841553e-01
1.376898437738418579e-01
1.476645022630691528e-01
1.466637551784515381e-01
1.417253911495208740e-01
1.466437131166458130e-01
1.400464624166488647e-01
1.425115317106246948e-01
1.452169716358184814e-01
1.433294564485549927e-01
1.462974399328231812e-01
1.380950510501861572e-01
1.447368860244750977e-01
1.442958265542984009e-01
1.373523473739624023e-01
1.471790373325347900e-01
1.442355364561080933e-01
1.400656700134277344e-01
1.412421613931655884e-01
1.455920636653900146e-01
1.493839472532272339e-01
1.380640566349029541e-01
1.398238986730575562e-01
1.487764865159988403e-01
1.445744037628173828e-01
1.407457441091537476e-01
1.421319246292114258e-01
1.453836709260940552e-01
1.440842300653457642e-01
1.497558951377868652e-01
1.362950652837753296e-01
1.386873871088027954e-01
1.479773223400115967e-01
1.430216729640960693e-01
1.457746475934982300e-01
1.388928592205047607e-01
1.492403894662857056e-01
1.333142817020416260e-01
1.391946375370025635e-01
1.451121270656585693e-01
1.383529603481292725e-01
1.375079900026321411e-01
1.460395753383636475e-01
1.475778371095657349e-01
1.415123641490936279e-01
1.367581039667129517e-01
1.380606591701507568e-01
1.394195109605789185e-01
1.451513916254043579e-01
1.414385288953781128e-01
1.438818424940109253e-01
1.413579136133193970e-01
1.438628733158111572e-01
1.418098956346511841e-01
1.370662003755569458e-01
1.458206772804260254e-01
1.429906189441680908e-01
1.475496441125869751e-01
1.426386684179306030e-01
1.458277702331542969e-01
1.448597908020019531e-01
1.492238938808441162e-01
1.403723508119583130e-01
1.457358598709106445e-01
1.429601162672042847e-01
1.387295275926589966e-01
1.407569646835327148e-01
1.471840888261795044e-01
1.363724172115325928e-01
1.412247568368911743e-01
1.502764523029327393e-01
1.391869485378265381e-01
1.426427364349365234e-01
1.382109075784683228e-01
1.420476883649826050e-01
1.455755531787872314e-01
1.387699991464614868e-01
1.442516148090362549e-01
1.459319442510604858e-01
1.449129581451416016e-01
1.396936476230621338e-01
1.469182670116424561e-01
1.428174674510955811e-01
1.453961580991744995e-01
1.406483650207519531e-01
1.385426819324493408e-01
1.441696733236312866e-01
1.468076407909393311e-01
1.373886913061141968e-01
1.410149633884429932e-01
1.389313191175460815e-01
1.428137570619583130e-01
1.395888030529022217e-01
1.444500833749771118e-01
1.399339586496353149e-01
1.472658663988113403e-01
1.439384669065475464e-01
1.448657065629959106e-01
1.443160027265548706e-01
1.373121440410614014e-01
1.433532685041427612e-01
1.477789431810379028e-01
1.429054141044616699e-01
1.402001380920410156e-01
1.406014561653137207e-01
1.405273079872131348e-01
1.358966380357742310e-01
1.422089338302612305e-01
1.412123888731002808e-01
1.421578079462051392e-01
1.420787125825881958e-01
1.381441354751586914e-01
1.476960331201553345e-01
1.447340697050094604e-01
1.402567476034164429e-01
1.387425363063812256e-01
1.464864909648895264e-01
1.416655629873275757e-01
1.421493738889694214e-01
1.421745121479034424e-01
1.462947428226470947e-01
1.462649703025817871e-01
1.453037858009338379e-01
1.374253481626510620e-01
1.387775093317031860e-01
1.448073089122772217e-01
1.408385485410690308e-01
1.428731679916381836e-01
1.454528272151947021e-01
1.438921689987182617e-01
1.404551416635513306e-01
1.368576139211654663e-01
1.385157555341720581e-01
1.463381797075271606e-01
1.390601247549057007e-01
1.445185989141464233e-01
1.458957642316818237e-01
1.456893682479858398e-01
1.364021897315979004e-01
1.421005427837371826e-01
1.486546099185943604e-01
1.475608348846435547e-01
1.457158476114273071e-01
1.472420692443847656e-01
1.403473317623138428e-01
1.413279771804809570e-01
1.530750691890716553e-01
1.440430283546447754e-01
1.421917825937271118e-01
1.396405547857284546e-01
1.368156224489212036e-01
1.396615505218505859e-01
1.383475959300994873e-01
1.480184495449066162e-01
1.422320306301116943e-01
1.422916352748870850e-01
1.433244496583938599e-01
1.385495662689208984e-01
1.465471982955932617e-01
1.472378671169281006e-01
1.377358287572860718e-01
1.460085660219192505e-01
1.400810480117797852e-01
1.426551043987274170e-01
1.423944979906082153e-01
1.442552357912063599e-01
1.415139585733413696e-01
1.403851211071014404e-01
1.427718997001647949e-01
1.433902978897094727e-01
1.396215707063674927e-01
1.496421247720718384e-01
1.415774673223495483e-01
1.410224139690399170e-01
1.448328346014022827e-01
1.373012512922286987e-01
1.416986882686614990e-01
1.456133723258972168e-01
1.473421305418014526e-01
1.487894803285598755e-01
1.465353071689605713e-01
1.449394077062606812e-01
1.443840414285659790e-01
1.427175998687744141e-01
1.415225118398666382e-01
1.403223425149917603e-01
1.452082842588424683e-01
1.459702253341674805e-01
1.448283642530441284e-01
1.444456279277801514e-01
1.397601962089538574e-01
1.464306712150573730e-01
1.436001360416412354e-01
1.387745440006256104e-01
1.451357901096343994e-01
1.410469412803649902e-01
1.405073851346969604e-01
1.436774581670761108e-01
1.526569873094558716e-01
1.410738527774810791e-01
1.466564387083053589e-01
1.431131809949874878e-01
1.495943665504455566e-01
1.415382325649261475e-01
1.461842507123947144e-01
1.440970748662948608e-01
1.458317935466766357e-01
1.389254629611968994e-01
1.458442956209182739e-01
1.497731953859329224e-01
1.353991627693176270e-01
1.448941528797149658e-01
1.412398964166641235e-01
1.504102647304534912e-01
1.410240530967712402e-01
1.462134569883346558e-01
1.395669877529144287e-01
1.419414877891540527e-01
1.469850540161132812e-01
1.448843181133270264e-01
1.437144577503204346e-01
1.397274732589721680e-01
1.469519883394241333e-01
1.464230567216873169e-01
1.472150534391403198e-01
1.439360827207565308e-01
1.444083005189895630e-01
1.421294361352920532e-01
1.471698135137557983e-01
1.388119459152221680e-01
1.461266130208969116e-01
1.436268836259841919e-01
1.410119533538818359e-01
1.423406153917312622e-01
1.407893151044845581e-01
1.404891312122344971e-01
1.431931108236312866e-01
1.437897682189941406e-01
1.489736735820770264e-01
1.410043984651565552e-01
1.488759368658065796e-01
1.409739255905151367e-01
1.435328871011734009e-01
1.473737657070159912e-01
1.447104364633560181e-01
1.395496726036071777e-01
1.406046003103256226e-01
1.386654675006866455e-01
1.412231028079986572e-01
1.373029649257659912e-01
1.433573663234710693e-01
1.476456075906753540e-01
1.485887020826339722e-01
1.470774859189987183e-01
1.400296837091445923e-01
1.442470550537109375e-01
1.384514868259429932e-01
1.474415510892868042e-01
1.415342390537261963e-01
1.411235332489013672e-01
1.484415531158447266e-01
1.397022008895874023e-01
1.474935263395309448e-01
1.425486356019973755e-01
1.432652473449707031e-01
1.423041671514511108e-01
1.452872306108474731e-01
1.407897472381591797e-01
1.439612358808517456e-01
1.457809805870056152e-01
1.428546756505966187e-01
1.447067707777023315e-01
1.421136260032653809e-01
1.419896185398101807e-01
1.478278040885925293e-01
1.428254991769790649e-01
1.452601552009582520e-01
1.471498459577560425e-01
1.482445001602172852e-01
1.440108716487884521e-01
1.399073898792266846e-01
1.469888687133789062e-01
1.400544643402099609e-01
1.368756145238876343e-01
1.438837051391601562e-01
1.491123884916305542e-01
1.411823928356170654e-01
1.424147486686706543e-01
1.461863964796066284e-01
1.417452692985534668e-01
1.484071165323257446e-01
1.480337232351303101e-01
1.380946189165115356e-01
1.369759887456893921e-01
1.434348672628402710e-01
1.420361399650573730e-01
1.435280740261077881e-01
1.423902362585067749e-01
1.443429142236709595e-01
1.447639614343643188e-01
1.417364180088043213e-01
1.381662338972091675e-01
1.415351331233978271e-01
1.368413567543029785e-01
1.420817524194717407e-01
1.449879854917526245e-01
1.465157419443130493e-01
1.434370130300521851e-01
1.441575139760971069e-01
1.436382979154586792e-01
1.439579427242279053e-01
1.449365764856338501e-01
1.473447084426879883e-01
1.403348147869110107e-01
1.450703144073486328e-01
1.445008367300033569e-01
1.420504301786422729e-01
1.370049268007278442e-01
1.402784436941146851e-01
1.457423716783523560e-01
1.499522626399993896e-01
1.404536366462707520e-01
1.475698947906494141e-01
1.493477225303649902e-01
1.427988559007644653e-01
1.418469697237014771e-01
1.461530327796936035e-01
1.433507055044174194e-01
1.474284827709197998e-01
1.446918100118637085e-01
1.465302705764770508e-01
1.373729407787322998e-01
1.410839259624481201e-01
1.366255432367324829e-01
1.397840827703475952e-01
1.449298560619354248e-01
1.439803987741470337e-01
1.416986435651779175e-01
1.448969095945358276e-01
1.464623808860778809e-01
1.453994065523147583e-01
1.450080722570419312e-01
1.376146227121353149e-01
1.423750966787338257e-01
1.426131725311279297e-01
1.425423026084899902e-01
1.370921432971954346e-01
1.410863250494003296e-01
1.485478430986404419e-01
1.457215547561645508e-01
1.453926712274551392e-01
1.406971067190170288e-01
1.458584368228912354e-01
1.390215605497360229e-01
1.394944489002227783e-01
1.473522186279296875e-01
1.350597143173217773e-01
1.473602056503295898e-01
1.491671949625015259e-01
1.438951492309570312e-01
1.436833590269088745e-01
1.396067142486572266e-01
1.453131139278411865e-01
1.409760117530822754e-01
1.468487977981567383e-01
1.472713649272918701e-01
1.379396766424179077e-01
1.411399841308593750e-01
1.421972960233688354e-01
1.359342485666275024e-01
1.357012689113616943e-01
1.421528756618499756e-01
1.426964402198791504e-01
1.460070312023162842e-01
1.361389458179473877e-01
1.379219293594360352e-01
1.368592679500579834e-01
1.433109492063522339e-01
1.484239101409912109e-01
1.493560075759887695e-01
1.424417793750762939e-01
1.419378072023391724e-01
1.438288092613220215e-01
1.374965906143188477e-01
1.383799463510513306e-01
1.429129838943481445e-01
1.390445530414581299e-01
1.455214172601699829e-01
1.443298310041427612e-01
1.462178826332092285e-01
1.446858644485473633e-01
1.377750486135482788e-01
1.361796855926513672e-01
1.374667137861251831e-01
1.405788362026214600e-01
1.428850293159484863e-01
1.456455588340759277e-01
1.434462368488311768e-01
1.390247195959091187e-01
1.452200263738632202e-01
1.370331197977066040e-01
1.405662447214126587e-01
1.408207714557647705e-01
1.392668932676315308e-01
1.382059454917907715e-01
1.416294723749160767e-01
1.392119675874710083e-01
1.414714157581329346e-01
1.486282497644424438e-01
1.482340395450592041e-01
1.368611901998519897e-01
1.431961208581924438e-01
1.398289799690246582e-01
1.380603760480880737e-01
1.427836418151855469e-01
1.445610076189041138e-01
1.457393169403076172e-01
1.440464109182357788e-01
1.446323096752166748e-01
1.458137929439544678e-01
1.434505730867385864e-01
1.445527970790863037e-01
1.433395892381668091e-01
1.406668871641159058e-01
1.458986103534698486e-01
1.458364427089691162e-01
1.443692594766616821e-01
1.416478306055068970e-01
1.421955823898315430e-01
1.470480263233184814e-01
1.426728963851928711e-01
1.438549458980560303e-01
1.506366282701492310e-01
1.435601860284805298e-01
1.398278325796127319e-01
1.358246356248855591e-01
1.301150023937225342e-01
1.456925272941589355e-01
1.450660526752471924e-01
1.432762295007705688e-01
1.460977345705032349e-01
1.430858671665191650e-01
1.438610404729843140e-01
1.436456292867660522e-01
1.429363042116165161e-01
1.391422450542449951e-01
1.424420475959777832e-01
1.380490660667419434e-01
1.489535868167877197e-01
1.395178735256195068e-01
1.417371183633804321e-01
1.419384181499481201e-01
1.414706557989120483e-01
1.460786610841751099e-01
1.464133113622665405e-01
1.475958228111267090e-01
1.413149237632751465e-01
1.434831321239471436e-01
1.381887197494506836e-01
1.423572599887847900e-01
1.511279344558715820e-01
1.480421721935272217e-01
1.436149775981903076e-01
1.407481878995895386e-01
1.430281996726989746e-01
1.442818939685821533e-01
1.434803307056427002e-01
1.490615457296371460e-01
1.412061303853988647e-01
1.482090055942535400e-01
1.404658406972885132e-01
1.450056731700897217e-01
1.446683853864669800e-01
1.392937451601028442e-01
1.444641947746276855e-01
1.375761479139328003e-01
1.450668275356292725e-01
1.405002176761627197e-01
1.478606164455413818e-01
1.481356024742126465e-01
1.422089189291000366e-01
1.466420590877532959e-01
1.350990831851959229e-01
1.366593986749649048e-01
1.373882591724395752e-01
1.434315592050552368e-01
1.464273482561111450e-01
1.413445323705673218e-01
1.452442407608032227e-01
1.432017982006072998e-01
1.438629180192947388e-01
1.444034725427627563e-01
1.404976397752761841e-01
1.361300200223922729e-01
1.406440734863281250e-01
1.376231312751770020e-01
1.431791633367538452e-01
1.426054090261459351e-01
1.406273543834686279e-01
1.437671184539794922e-01
1.345366090536117554e-01
1.452196538448333740e-01
1.388982236385345459e-01
1.448041498661041260e-01
1.491809189319610596e-01
1.443749219179153442e-01
1.478927135467529297e-01
1.454978436231613159e-01
1.450142413377761841e-01
1.430126130580902100e-01
1.334842741489410400e-01
1.387692242860794067e-01
1.431753337383270264e-01
1.509874761104583740e-01
1.423828154802322388e-01
1.394195556640625000e-01
1.494204849004745483e-01
1.342587023973464966e-01
1.401490122079849243e-01
1.413253694772720337e-01
1.420162320137023926e-01
1.396417319774627686e-01
1.478108018636703491e-01
1.461845189332962036e-01
1.441158950328826904e-01
1.401710063219070435e-01
1.449795067310333252e-01
1.472369581460952759e-01
1.417408138513565063e-01
1.448137313127517700e-01
1.437978148460388184e-01
1.362146288156509399e-01
1.389230936765670776e-01
1.352703273296356201e-01
1.385562568902969360e-01
1.409132778644561768e-01
1.457746177911758423e-01
1.485067307949066162e-01
1.431097686290740967e-01
1.439663916826248169e-01
1.444519460201263428e-01
1.402026712894439697e-01
1.375953257083892822e-01
1.429842859506607056e-01
1.428900063037872314e-01
1.441614925861358643e-01
1.366726905107498169e-01
1.468887031078338623e-01
1.422835886478424072e-01
1.399658173322677612e-01
1.468381285667419434e-01
1.377299427986145020e-01
1.414747685194015503e-01
1.404113918542861938e-01
1.455294489860534668e-01
1.430848836898803711e-01
1.408710926771163940e-01
1.427059173583984375e-01
1.428266763687133789e-01
1.419311314821243286e-01
1.369794160127639771e-01
1.382622569799423218e-01
1.345495432615280151e-01
1.383911520242691040e-01
1.442519724369049072e-01
1.418282687664031982e-01
1.393429040908813477e-01
1.426690518856048584e-01
1.339479833841323853e-01
1.376294344663619995e-01
1.451918631792068481e-01
1.383347660303115845e-01
1.464355289936065674e-01
1.443894505500793457e-01
1.442560106515884399e-01
1.446677595376968384e-01
1.451583504676818848e-01
1.515047550201416016e-01
1.395633518695831299e-01
1.501655429601669312e-01
1.415281593799591064e-01
1.440806090831756592e-01
1.370259225368499756e-01
1.434716433286666870e-01
1.418760418891906738e-01
1.394943147897720337e-01
1.462595015764236450e-01
1.406896114349365234e-01
1.450593769550323486e-01
1.372563838958740234e-01
1.385423988103866577e-01
1.429893076419830322e-01
1.408105343580245972e-01
1.460972726345062256e-01
1.447125077247619629e-01
1.366604417562484741e-01
1.399754136800765991e-01
1.425855755805969238e-01
1.438255459070205688e-01
1.438090950250625610e-01
1.427725404500961304e-01
1.456508338451385498e-01
1.483314782381057739e-01
1.389820575714111328e-01
1.442371606826782227e-01
1.465726196765899658e-01
1.436380296945571899e-01
1.477661579847335815e-01
1.418879330158233643e-01
1.425503045320510864e-01
1.442895680665969849e-01
1.407622396945953369e-01
1.432193517684936523e-01
1.406312286853790283e-01
1.423512101173400879e-01
1.437400579452514648e-01
1.411093026399612427e-01
1.413037925958633423e-01
1.441196203231811523e-01
1.449029743671417236e-01
1.456533372402191162e-01
1.422774046659469604e-01
1.460106819868087769e-01
1.400176584720611572e-01
1.392593532800674438e-01
1.346031874418258667e-01
1.418441832065582275e-01
1.418866068124771118e-01
1.477195173501968384e-01
1.449238359928131104e-01
1.423324942588806152e-01
1.367922723293304443e-01
1.475846767425537109e-01
1.436122059822082520e-01
1.458680033683776855e-01
1.413646936416625977e-01
1.397030204534530640e-01
1.419103145599365234e-01
1.408559381961822510e-01
1.438350081443786621e-01
1.427291333675384521e-01
1.444547176361083984e-01
1.391085982322692871e-01
1.473634988069534302e-01
1.392515599727630615e-01
1.426904946565628052e-01
1.385611891746520996e-01
1.357837319374084473e-01
1.402622759342193604e-01
1.428404301404953003e-01
1.384952813386917114e-01
1.342699080705642700e-01
1.350668817758560181e-01
1.440339386463165283e-01
1.396389752626419067e-01
1.386828273534774780e-01
1.447125524282455444e-01
1.470596343278884888e-01
1.478204131126403809e-01
1.418742239475250244e-01
1.395120918750762939e-01
1.446154713630676270e-01
1.412221640348434448e-01
1.426140218973159790e-01
1.478772610425949097e-01
1.401875019073486328e-01
1.397434920072555542e-01
1.461900323629379272e-01
1.394597887992858887e-01
1.350089162588119507e-01
1.417518407106399536e-01
1.459380686283111572e-01
1.418450474739074707e-01
1.412168741226196289e-01
1.445895731449127197e-01
1.462374776601791382e-01
1.419018805027008057e-01
1.478221863508224487e-01
1.432791203260421753e-01
1.453273743391036987e-01
1.428218632936477661e-01
1.429484635591506958e-01
1.401893794536590576e-01
1.466155946254730225e-01
1.408677548170089722e-01
1.414292603731155396e-01
1.469874680042266846e-01
1.341486275196075439e-01
1.419804543256759644e-01
1.396065652370452881e-01
1.444577425718307495e-01
1.352821141481399536e-01
1.364218890666961670e-01
1.421142369508743286e-01
1.404228359460830688e-01
1.379549652338027954e-01
1.366760432720184326e-01
1.420693099498748779e-01
1.445569545030593872e-01
1.448271572589874268e-01
1.404220908880233765e-01
1.414712667465209961e-01
1.398568153381347656e-01
1.412288695573806763e-01
1.408567428588867188e-01
1.398323625326156616e-01
1.402980536222457886e-01
1.430720090866088867e-01
1.436203867197036743e-01
1.465567052364349365e-01
1.418393701314926147e-01
1.386812180280685425e-01
1.455104500055313110e-01
1.456041336059570312e-01
1.382641345262527466e-01
1.422696411609649658e-01
1.412949711084365845e-01
1.466671228408813477e-01
1.450407952070236206e-01
1.460208147764205933e-01
1.385331302881240845e-01
1.440279483795166016e-01
1.399633139371871948e-01
1.395494788885116577e-01
1.395489424467086792e-01
1.382219344377517700e-01
1.365344822406768799e-01
1.367097496986389160e-01
1.365430802106857300e-01
1.415664553642272949e-01
1.436804533004760742e-01
1.397255212068557739e-01
1.424772143363952637e-01
1.386351436376571655e-01
1.396276950836181641e-01
1.434774249792098999e-01
1.424742043018341064e-01
1.405958533287048340e-01
1.416712105274200439e-01
1.422845721244812012e-01
1.405255794525146484e-01
1.457039862871170044e-01
1.451562643051147461e-01
1.457550078630447388e-01
1.488114595413208008e-01
1.453773081302642822e-01
1.415169984102249146e-01
1.482303142547607422e-01
1.487722098827362061e-01
1.456304192543029785e-01
1.473038196563720703e-01
1.419593244791030884e-01
1.475704461336135864e-01
1.504340171813964844e-01
1.444177031517028809e-01
1.431123018264770508e-01
1.433096975088119507e-01
1.389928013086318970e-01
1.356799155473709106e-01
1.357878297567367554e-01
1.392787247896194458e-01
1.402565985918045044e-01
1.388129144906997681e-01
1.425382643938064575e-01
1.384572684764862061e-01
1.368658393621444702e-01
1.316399276256561279e-01
1.333309262990951538e-01
1.380011737346649170e-01
1.435130089521408081e-01
1.374052315950393677e-01
1.402102857828140259e-01
1.348944604396820068e-01
1.407296657562255859e-01
1.418021470308303833e-01
1.450951993465423584e-01
1.474846154451370239e-01
1.462864577770233154e-01
1.471693813800811768e-01
1.456741839647293091e-01
1.507732421159744263e-01
1.437301635742187500e-01
1.420130133628845215e-01
1.446856856346130371e-01
1.443738788366317749e-01
1.466809064149856567e-01
1.460223793983459473e-01
1.350039690732955933e-01
1.448469310998916626e-01
1.337046325206756592e-01
1.395497471094131470e-01
1.347553431987762451e-01
1.436978131532669067e-01
1.466228961944580078e-01
1.454675495624542236e-01
1.496138721704483032e-01
1.440951675176620483e-01
1.395926773548126221e-01
1.452948451042175293e-01
1.469787359237670898e-01
1.454361081123352051e-01
1.483814120292663574e-01
1.435048878192901611e-01
1.446698606014251709e-01
1.291558742523193359e-01
1.304403543472290039e-01
1.410381942987442017e-01
1.432827413082122803e-01
1.431240439414978027e-01
1.470955908298492432e-01
1.386850029230117798e-01
1.419317424297332764e-01
1.431586593389511108e-01
1.400463134050369263e-01
1.401817649602890015e-01
1.407376825809478760e-01
1.444741934537887573e-01
1.488006412982940674e-01
1.472065448760986328e-01
1.385118067264556885e-01
1.320568621158599854e-01
1.347612589597702026e-01
1.358627974987030029e-01
1.433664113283157349e-01
1.417156308889389038e-01
1.403915733098983765e-01
1.428073644638061523e-01
1.391602307558059692e-01
1.380087584257125854e-01
1.411728858947753906e-01
1.401735097169876099e-01
1.444949060678482056e-01
1.462944597005844116e-01
1.481396704912185669e-01
1.503773331642150879e-01
1.438069939613342285e-01
1.388839036226272583e-01
1.432707160711288452e-01
1.388671100139617920e-01
1.395924389362335205e-01
1.456517130136489868e-01
1.439378261566162109e-01
1.444551944732666016e-01
1.468869596719741821e-01
1.418360471725463867e-01
1.459593027830123901e-01
1.422086507081985474e-01
1.415778398513793945e-01
1.392570585012435913e-01
1.399991512298583984e-01
1.434879302978515625e-01
1.364737898111343384e-01
1.389883160591125488e-01
1.391321122646331787e-01
1.409762948751449585e-01
1.461319476366043091e-01
1.394493728876113892e-01
1.370748728513717651e-01
1.509834825992584229e-01
1.484296321868896484e-01
1.471698880195617676e-01
1.424518227577209473e-01
1.443247795104980469e-01
1.408390551805496216e-01
1.387251615524291992e-01
1.444152295589447021e-01
1.466192156076431274e-01
1.485573202371597290e-01
1.448387503623962402e-01
1.387047767639160156e-01
1.400733590126037598e-01
1.420705169439315796e-01
1.416961699724197388e-01
1.417803615331649780e-01
1.412382423877716064e-01
1.412661075592041016e-01
1.459439694881439209e-01
1.399447321891784668e-01
1.393876224756240845e-01
1.437805891036987305e-01
1.476625353097915649e-01
1.436245739459991455e-01
1.412023454904556274e-01
1.366390734910964966e-01
1.382358074188232422e-01
1.468020081520080566e-01
1.379990875720977783e-01
1.423480659723281860e-01
1.483072340488433838e-01
1.457591056823730469e-01
1.374563723802566528e-01
1.364902704954147339e-01
1.388905942440032959e-01
1.394634097814559937e-01
1.298548728227615356e-01
1.391155570745468140e-01
1.428472101688385010e-01
1.414259076118469238e-01
1.479502618312835693e-01
1.445069611072540283e-01
1.426722854375839233e-01
1.388925164937973022e-01
1.447908729314804077e-01
1.391973346471786499e-01
1.416783034801483154e-01
1.443361043930053711e-01
1.430395543575286865e-01
1.431128978729248047e-01
1.451022177934646606e-01
1.477751731872558594e-01
1.484498530626296997e-01
1.438786238431930542e-01
1.448689550161361694e-01
1.518020778894424438e-01
1.432142406702041626e-01
1.451997607946395874e-01
1.466050893068313599e-01
1.439868062734603882e-01
1.410904973745346069e-01
1.368928402662277222e-01
1.336879730224609375e-01
1.352498531341552734e-01
1.393811106681823730e-01
1.411121934652328491e-01
1.361075639724731445e-01
1.479311734437942505e-01
1.462898403406143188e-01
1.396354287862777710e-01
1.406675577163696289e-01
1.384242177009582520e-01
1.450876444578170776e-01
1.434553712606430054e-01
1.435419321060180664e-01
1.476078182458877563e-01
1.412518024444580078e-01
1.442967653274536133e-01
1.432182937860488892e-01
1.377747058868408203e-01
1.364256143569946289e-01
1.426077038049697876e-01
1.435108482837677002e-01
1.446321606636047363e-01
1.422333419322967529e-01
1.477233469486236572e-01
1.469891071319580078e-01
1.453152000904083252e-01
1.422984600067138672e-01
1.371108293533325195e-01
1.424381583929061890e-01
1.452609449625015259e-01
1.421646177768707275e-01
1.389474570751190186e-01
1.460118889808654785e-01
1.492018103599548340e-01
1.432463973760604858e-01
1.438345909118652344e-01
1.394792646169662476e-01
1.493699699640274048e-01
1.484841108322143555e-01
1.375025212764739990e-01
1.394499093294143677e-01
1.375598311424255371e-01
1.464702934026718140e-01
1.477260887622833252e-01
1.512935161590576172e-01
1.562380194664001465e-01
1.503481715917587280e-01
1.498799771070480347e-01
1.435849815607070923e-01
1.450201869010925293e-01
1.414258480072021484e-01
1.418305039405822754e-01
1.404210925102233887e-01
1.420498937368392944e-01
1.422140300273895264e-01
1.445790082216262817e-01
1.424293220043182373e-01
1.393213570117950439e-01
1.410439014434814453e-01
1.358018815517425537e-01
1.370625793933868408e-01
1.411994844675064087e-01
1.380307078361511230e-01
1.416300535202026367e-01
1.388415247201919556e-01
1.454199254512786865e-01
1.546099483966827393e-01
1.484888792037963867e-01
