9.683915376663208008e-01
-9.676822423934936523e-01
-7.286934852600097656e-01
-8.632258772850036621e-01
2.893219888210296631e-01
4.464653432369232178e-01
8.232160210609436035e-01
-4.431891441345214844e-01
9.683517217636108398e-01
9.769788980484008789e-01
1.704006344079971313e-01
5.402020215988159180e-01
-6.438578963279724121e-01
9.788079857826232910e-01
8.064416050910949707e-01
5.169839262962341309e-01
-9.432212114334106445e-01
9.578106999397277832e-01
3.482616543769836426e-01
-5.953487157821655273e-01
-9.796261191368103027e-01
9.742997884750366211e-01
-4.838990569114685059e-01
-8.998978137969970703e-01
-1.171390041708946228e-01
2.786513790488243103e-02
-5.092543363571166992e-01
6.859593987464904785e-01
-5.451644062995910645e-01
6.156876087188720703e-01
8.539954423904418945e-01
6.438991427421569824e-01
5.662065744400024414e-01
5.110376477241516113e-01
-5.557024478912353516e-01
3.923410475254058838e-01
9.171196222305297852e-01
9.083973765373229980e-01
7.872647643089294434e-01
7.589396238327026367e-01
9.198490530252456665e-02
2.459584176540374756e-01
-3.352710604667663574e-01
9.749575257301330566e-01
5.274729132652282715e-01
9.737366437911987305e-01
-9.659873694181442261e-02
-9.655244350433349609e-01
-9.648314118385314941e-01
1.266537606716156006e-01
-9.744389653205871582e-01
8.493547439575195312e-01
6.120172142982482910e-01
-4.746267497539520264e-01
9.169381856918334961e-02
9.863972067832946777e-01
1.617331057786941528e-01
-9.446284770965576172e-01
-5.873570591211318970e-02
-5.864070057868957520e-01
-3.978430479764938354e-02
7.004250884056091309e-01
7.496798634529113770e-01
-5.314865708351135254e-01
1.366925537586212158e-01
9.025467634201049805e-01
-4.105704128742218018e-01
7.598185539245605469e-01
-8.517216444015502930e-01
4.748297035694122314e-01
-6.165474057197570801e-01
-3.129570484161376953e-01
8.194962143898010254e-01
-5.235181450843811035e-01
8.825446963310241699e-01
-3.701897561550140381e-01
5.852634310722351074e-01
-5.554449558258056641e-01
-3.637967407703399658e-01
9.438309073448181152e-01
1.026716548949480057e-02
8.868800401687622070e-01
5.510418415069580078e-01
-4.012529551982879639e-01
3.024842143058776855e-01
-4.271753132343292236e-01
-8.384947180747985840e-01
1.013086512684822083e-01
1.560250371694564819e-01
-9.475314617156982422e-01
7.139724493026733398e-01
4.049509167671203613e-01
6.302713155746459961e-01
2.065636366605758667e-01
-6.604422926902770996e-01
8.136480450630187988e-01
2.226649969816207886e-01
6.237956881523132324e-01
9.976177215576171875e-01
9.280045032501220703e-01
1.621508747339248657e-01
6.413841843605041504e-01
7.661585211753845215e-01
8.874563574790954590e-01
-6.370052695274353027e-02
-3.419177532196044922e-01
-1.928109824657440186e-01
-8.340139985084533691e-01
1.127840280532836914e-01
9.009970426559448242e-01
-9.747207164764404297e-01
-6.723337769508361816e-01
1.226194202899932861e-01
-8.848727345466613770e-01
-6.172593235969543457e-01
-3.915929198265075684e-01
-9.667006134986877441e-01
9.202264547348022461e-01
-4.657911956310272217e-01
9.055240750312805176e-01
7.234069705009460449e-02
8.189503550529479980e-01
-8.007346987724304199e-01
2.733080983161926270e-01
-9.754708409309387207e-01
9.927645325660705566e-01
-9.874375462532043457e-01
-3.121721744537353516e-01
2.116998285055160522e-01
-1.750561743974685669e-01
6.939266324043273926e-01
3.033637106418609619e-01
-1.628109067678451538e-01
-3.756251335144042969e-01
6.288107633590698242e-01
-1.593019664287567139e-01
9.949115514755249023e-01
-7.081757783889770508e-01
-6.254271268844604492e-01
-4.562183320522308350e-01
9.586077928543090820e-01
6.587407588958740234e-01
-3.401271104812622070e-01
7.529428005218505859e-01
9.947983622550964355e-01
9.916523098945617676e-01
-8.823086023330688477e-01
8.472142219543457031e-01
9.587261080741882324e-01
9.816114902496337891e-01
7.694759964942932129e-01
5.411964058876037598e-01
3.266179561614990234e-02
7.546486258506774902e-01
-9.870336204767227173e-02
-9.745561480522155762e-01
3.868364542722702026e-02
-8.932614326477050781e-01
-9.799969196319580078e-01
6.864114403724670410e-01
7.645063996315002441e-01
8.224194049835205078e-01
3.477798774838447571e-02
8.495888113975524902e-01
-9.627060294151306152e-01
9.857853055000305176e-01
4.558285474777221680e-01
7.658595442771911621e-01
-9.574780464172363281e-01
9.314358830451965332e-01
-7.447204589843750000e-01
4.323781728744506836e-01
-6.532223224639892578e-01
-5.347771644592285156e-01
-6.548621654510498047e-01
3.835157454013824463e-01
-8.462988138198852539e-01
-8.545066714286804199e-01
-7.018293738365173340e-01
-9.546013474464416504e-01
9.232624769210815430e-01
7.645559906959533691e-01
4.909573197364807129e-01
-7.394946217536926270e-01
-2.613834142684936523e-01
-3.812826275825500488e-01
8.767557144165039062e-01
3.554401695728302002e-01
8.403464555740356445e-01
5.637762546539306641e-01
-8.984714746475219727e-01
-9.605414271354675293e-01
6.918421387672424316e-01
6.774361133575439453e-01
9.472032785415649414e-01
-8.157893419265747070e-01
5.360559225082397461e-01
-8.653857707977294922e-01
1.796949505805969238e-01
8.247251510620117188e-01
6.126750707626342773e-01
-1.660881787538528442e-01
7.099404335021972656e-01
-5.639398694038391113e-01
8.754581809043884277e-01
6.995761394500732422e-01
8.241211175918579102e-01
9.450073838233947754e-01
8.053898215293884277e-01
-9.036225676536560059e-01
4.481525421142578125e-01
-7.168227434158325195e-01
-9.700574278831481934e-01
3.479173481464385986e-01
7.159428000450134277e-01
-2.653235197067260742e-01
9.353419542312622070e-01
-6.354952454566955566e-01
-9.254083037376403809e-01
-6.993885636329650879e-01
-4.639148116111755371e-01
7.669022083282470703e-01
9.244627356529235840e-01
9.587350487709045410e-01
-9.239251017570495605e-01
-8.195644021034240723e-01
8.411848545074462891e-01
8.049024939537048340e-01
8.906399011611938477e-01
9.418653249740600586e-01
7.326499819755554199e-01
-8.730762600898742676e-01
-4.175128340721130371e-01
9.401916265487670898e-01
-6.705970764160156250e-01
-7.890955805778503418e-01
6.452827453613281250e-01
4.806955158710479736e-01
-6.948107481002807617e-01
-8.168647289276123047e-01
-7.390371561050415039e-01
-5.240042805671691895e-01
-4.177955389022827148e-01
9.129422307014465332e-01
-8.468173146247863770e-01
4.166092574596405029e-01
7.170521020889282227e-01
-7.473990917205810547e-01
3.238012790679931641e-01
-2.871763706207275391e-01
4.932846128940582275e-02
9.327623248100280762e-01
5.448972806334495544e-03
-9.359550476074218750e-01
9.554193019866943359e-01
7.999279499053955078e-01
-9.153626561164855957e-01
6.025210618972778320e-01
-2.735625505447387695e-01
3.614244461059570312e-01
9.618233442306518555e-01
4.694439098238945007e-02
9.795820116996765137e-01
-1.287557333707809448e-01
-3.405690789222717285e-01
5.049335956573486328e-01
9.557449817657470703e-01
-8.748538494110107422e-01
9.475234150886535645e-01
-9.606723785400390625e-01
-8.201620578765869141e-01
-9.618563205003738403e-02
7.144502401351928711e-01
-6.148867011070251465e-01
-7.565641999244689941e-01
9.920184612274169922e-01
5.463445782661437988e-01
6.625114083290100098e-01
-9.405588507652282715e-01
7.400556467473506927e-03
-8.322126865386962891e-01
7.291045784950256348e-01
-8.730326294898986816e-01
4.505338966846466064e-01
-3.221143484115600586e-01
8.674176335334777832e-01
1.068362817168235779e-01
7.379975914955139160e-01
8.245742917060852051e-01
9.458091855049133301e-01
8.349995613098144531e-01
7.175754308700561523e-01
-8.327347040176391602e-01
-1.508820801973342896e-01
5.482782721519470215e-01
-7.917029410600662231e-02
9.735146164894104004e-01
8.597078323364257812e-01
9.630301594734191895e-01
-5.989636778831481934e-01
-2.799315452575683594e-01
-8.815660476684570312e-01
3.960470557212829590e-01
-8.177539110183715820e-01
-7.248737812042236328e-01
-9.561835527420043945e-01
2.835049629211425781e-01
-8.862101435661315918e-01
7.072065472602844238e-01
-4.312369227409362793e-01
-5.243343710899353027e-01
3.185618519783020020e-01
-9.552044272422790527e-01
6.116053462028503418e-01
4.090128540992736816e-01
-6.482973098754882812e-01
7.460493445396423340e-01
-1.336740553379058838e-01
5.768370255827903748e-02
6.181263923645019531e-01
-1.948206275701522827e-01
-5.170943140983581543e-01
9.590083360671997070e-01
9.127218723297119141e-01
3.430961370468139648e-01
-6.698762178421020508e-01
1.084397435188293457e-01
9.481672644615173340e-01
-8.438037633895874023e-01
4.084998667240142822e-01
5.318837761878967285e-01
-3.820476830005645752e-01
8.307497501373291016e-01
5.300529003143310547e-01
-1.544398367404937744e-01
8.219237327575683594e-01
-5.343462228775024414e-01
4.131816923618316650e-01
8.057321310043334961e-01
-8.284647464752197266e-01
8.485721349716186523e-01
-8.629460930824279785e-01
4.815254211425781250e-01
-6.554692387580871582e-01
6.983026266098022461e-01
-5.199719667434692383e-01
-9.395349025726318359e-01
5.651481747627258301e-01
7.406867146492004395e-01
-8.767743110656738281e-01
9.627069830894470215e-01
-2.471396699547767639e-02
-8.758013248443603516e-01
6.869380474090576172e-01
7.436554878950119019e-02
-5.741945505142211914e-01
9.480109810829162598e-01
6.710652709007263184e-01
-4.314215779304504395e-01
-1.807565987110137939e-01
-1.797441840171813965e-01
8.748719096183776855e-01
8.257436752319335938e-01
-9.762868881225585938e-01
1.759847998619079590e-02
-6.947431564331054688e-01
-7.293319702148437500e-01
1.363438516855239868e-01
-6.530113518238067627e-02
9.795924425125122070e-01
8.258884549140930176e-01
6.259774565696716309e-01
3.750891238451004028e-02
4.956350475549697876e-02
3.022547960281372070e-01
4.560648202896118164e-01
-9.195945858955383301e-01
4.735664129257202148e-01
2.659957408905029297e-01
6.224765777587890625e-01
-5.584512278437614441e-02
9.874731302261352539e-01
4.654501378536224365e-01
2.999990284442901611e-01
-3.196850046515464783e-02
-4.602999985218048096e-01
-8.239220976829528809e-01
-4.149766862392425537e-01
9.525878429412841797e-01
9.771434664726257324e-01
-9.436699151992797852e-01
-9.891278743743896484e-01
-2.353056818246841431e-01
6.624412536621093750e-01
6.836184859275817871e-01
3.824337944388389587e-02
-6.553030014038085938e-01
-1.142389923334121704e-01
4.569862782955169678e-01
4.033690392971038818e-01
9.421917200088500977e-01
1.463318169116973877e-01
8.603469133377075195e-01
6.700923442840576172e-01
-8.085639476776123047e-01
-9.842797517776489258e-01
9.300658702850341797e-01
6.979544460773468018e-02
-8.015920519828796387e-01
-8.616794347763061523e-01
-2.133254855871200562e-01
-6.377859711647033691e-01
-1.592617630958557129e-01
-8.377794027328491211e-01
2.219535857439041138e-01
-6.802713274955749512e-01
9.451435208320617676e-01
8.646202087402343750e-01
-3.608026802539825439e-01
-2.759235799312591553e-01
2.969245016574859619e-01
9.260535836219787598e-01
-2.844299376010894775e-01
-2.327843755483627319e-01
8.307734131813049316e-01
8.228478431701660156e-01
9.588455557823181152e-01
1.903540790081024170e-01
7.258569002151489258e-01
3.199220299720764160e-01
7.096482515335083008e-01
9.921509027481079102e-01
8.871170282363891602e-01
4.026609957218170166e-01
-3.227053880691528320e-01
9.376046657562255859e-01
6.298401951789855957e-01
8.634737730026245117e-01
-5.180387496948242188e-01
-1.576694697141647339e-01
-1.448570340871810913e-01
-3.243341147899627686e-01
-7.695469260215759277e-01
-7.970007061958312988e-01
-3.401491045951843262e-01
-9.224163889884948730e-01
2.812158167362213135e-01
9.598589539527893066e-01
9.390396624803543091e-02
-9.241939187049865723e-01
4.924732446670532227e-01
-9.754437804222106934e-01
5.862292051315307617e-01
-4.861603975296020508e-01
3.346263766288757324e-01
7.460110187530517578e-01
7.910637259483337402e-01
-3.426423668861389160e-01
-4.083863198757171631e-01
-7.596937417984008789e-01
4.061178565025329590e-01
-2.249900251626968384e-01
-3.885690867900848389e-01
-8.505652844905853271e-02
9.409425258636474609e-01
1.993605494499206543e-01
-7.709906697273254395e-01
-5.703353285789489746e-01
5.944886207580566406e-01
-4.627889990806579590e-01
6.154671907424926758e-01
9.968008399009704590e-01
9.044032692909240723e-01
-6.487633585929870605e-01
-8.135737180709838867e-01
9.294044375419616699e-01
9.696452021598815918e-01
8.815888166427612305e-01
-9.261636137962341309e-01
-8.518924117088317871e-01
9.996291995048522949e-01
-8.280250430107116699e-01
3.480062820017337799e-03
4.921858608722686768e-01
2.931824624538421631e-01
9.697484970092773438e-02
9.798514842987060547e-01
-6.490867733955383301e-01
-3.811843097209930420e-01
1.071686595678329468e-01
9.954953193664550781e-01
8.501923680305480957e-01
3.869704157114028931e-02
9.578853845596313477e-01
-1.395307853817939758e-02
3.626193702220916748e-01
8.115835785865783691e-01
-1.654844880104064941e-01
-9.438310265541076660e-01
2.569449506700038910e-02
-8.606405854225158691e-01
6.670640707015991211e-01
-6.955671310424804688e-01
9.271115809679031372e-02
9.474397897720336914e-01
-3.154720962047576904e-01
9.587015956640243530e-02
-3.819979727268218994e-02
8.663636445999145508e-01
1.597199887037277222e-01
9.496456384658813477e-02
-8.878791332244873047e-01
-2.985944747924804688e-01
7.456316351890563965e-01
8.885635137557983398e-01
4.926420748233795166e-01
2.222206443548202515e-03
-7.401337027549743652e-01
-9.331896901130676270e-01
-3.604343235492706299e-01
-6.833146214485168457e-01
6.206482052803039551e-01
-7.804306149482727051e-01
-9.033862501382827759e-03
7.485979199409484863e-01
3.704935610294342041e-01
2.344505488872528076e-01
-8.755645751953125000e-01
8.375322222709655762e-01
9.181584119796752930e-01
-7.905297875404357910e-01
-3.396391272544860840e-01
-3.326124846935272217e-01
1.602816134691238403e-01
8.682153224945068359e-01
5.079497694969177246e-01
-8.853902816772460938e-01
-9.248429536819458008e-01
4.282421171665191650e-01
-7.863872647285461426e-01
3.287658095359802246e-01
9.711165428161621094e-01
9.363890290260314941e-01
8.339262008666992188e-01
9.426198601722717285e-01
7.443879246711730957e-01
5.519328117370605469e-01
-9.541928768157958984e-01
3.314426541328430176e-01
5.895752906799316406e-01
-2.723915278911590576e-01
9.768090248107910156e-01
-8.542770743370056152e-01
-7.234013676643371582e-01
3.029295802116394043e-01
7.902734279632568359e-01
4.885278344154357910e-01
8.402556180953979492e-01
1.342577487230300903e-01
4.022835567593574524e-02
-4.199169576168060303e-01
5.726563930511474609e-01
-4.125122129917144775e-01
-3.239578306674957275e-01
7.087063789367675781e-01
2.952520549297332764e-01
-2.422313392162322998e-01
-5.596782267093658447e-02
9.483675360679626465e-01
8.965759873390197754e-01
-7.720843553543090820e-01
-6.852687001228332520e-01
5.913329720497131348e-01
-9.428368806838989258e-01
6.505129337310791016e-01
6.732245683670043945e-01
1.159975677728652954e-01
-9.307923316955566406e-01
-3.336235284805297852e-01
-6.231094598770141602e-01
-4.891968369483947754e-01
-9.599469304084777832e-01
3.293693065643310547e-01
-8.825843334197998047e-01
-4.492690861225128174e-01
8.189715445041656494e-02
-9.471305012702941895e-01
1.695142686367034912e-02
7.934253215789794922e-01
7.515059709548950195e-01
9.234818220138549805e-01
6.306445226073265076e-03
6.548729538917541504e-01
-7.196267247200012207e-01
9.066479206085205078e-01
-2.976885531097650528e-03
9.966357946395874023e-01
9.417019486427307129e-01
5.889496207237243652e-01
-1.737999171018600464e-01
7.235866785049438477e-01
9.497684836387634277e-01
-7.685779333114624023e-01
4.372008740901947021e-01
4.396801590919494629e-01
7.062813639640808105e-01
5.835928320884704590e-01
3.454650342464447021e-01
2.801827192306518555e-01
-4.027747213840484619e-01
9.031649827957153320e-01
5.719614028930664062e-02
-8.578537106513977051e-01
-2.234013229608535767e-01
9.041193127632141113e-01
-4.802910983562469482e-01
-9.879227280616760254e-01
-9.859920740127563477e-01
-7.447187304496765137e-01
-8.776390552520751953e-01
8.263746500015258789e-01
-9.866498112678527832e-01
-2.775015532970428467e-01
-1.215963214635848999e-01
8.219511508941650391e-01
-8.499672412872314453e-01
2.020037621259689331e-01
-2.605602741241455078e-01
3.974943980574607849e-02
8.784092664718627930e-01
9.229065477848052979e-02
9.792395234107971191e-01
-1.440033018589019775e-01
-2.839675247669219971e-01
8.815230131149291992e-01
-6.069439649581909180e-01
6.328254938125610352e-01
9.825085401535034180e-01
1.999515742063522339e-01
-1.482108980417251587e-01
-5.498759150505065918e-01
-2.216037064790725708e-01
3.648264110088348389e-01
2.007030546665191650e-01
1.821760460734367371e-02
-8.252243399620056152e-01
7.888311743736267090e-01
8.668570518493652344e-01
-8.015687018632888794e-02
9.837670326232910156e-01
5.600920319557189941e-01
-1.478097736835479736e-01
6.422311663627624512e-01
-5.969765186309814453e-01
7.302875071763992310e-02
4.204933345317840576e-01
-3.690484464168548584e-01
-8.968301415443420410e-01
6.258950233459472656e-01
-9.579031467437744141e-01
-2.817637920379638672e-01
-8.191833496093750000e-01
-7.080836296081542969e-01
7.152940630912780762e-01
-6.716540455818176270e-01
7.750282436609268188e-02
-8.548910021781921387e-01
-6.199617981910705566e-01
3.085429370403289795e-01
7.538641095161437988e-01
-6.905648112297058105e-01
5.358766913414001465e-01
9.805629849433898926e-01
6.693638563156127930e-01
9.380283951759338379e-01
-7.430120110511779785e-01
3.279253244400024414e-01
9.481521844863891602e-01
-1.123465448617935181e-01
4.596703648567199707e-01
-3.930369019508361816e-01
9.102275371551513672e-01
9.373498558998107910e-01
8.695518970489501953e-01
9.968718886375427246e-01
-9.928939342498779297e-01
7.307138442993164062e-01
5.384795069694519043e-01
5.157296657562255859e-01
-9.075860381126403809e-01
3.913241028785705566e-01
9.814411401748657227e-01
-1.566815376281738281e-02
-4.862459897994995117e-01
-1.271536201238632202e-01
-8.253763914108276367e-01
-6.047254800796508789e-01
-8.941404223442077637e-01
-9.763325452804565430e-01
9.046426974236965179e-03
-2.078806310892105103e-01
6.710209250450134277e-01
9.558397531509399414e-01
-8.625146150588989258e-01
-8.446323871612548828e-01
-8.388633131980895996e-01
6.908881068229675293e-01
7.757354378700256348e-01
5.118085741996765137e-01
4.571436047554016113e-01
7.287384271621704102e-01
-9.551891088485717773e-01
-3.343736827373504639e-01
5.108041167259216309e-01
-5.833287239074707031e-01
9.422305971384048462e-02
-1.698751896619796753e-01
-2.275107204914093018e-01
8.635612130165100098e-01
-5.323124304413795471e-02
4.043325781822204590e-02
7.652692198753356934e-01
-2.622710764408111572e-01
-1.323196142911911011e-01
3.641884624958038330e-01
5.200776457786560059e-01
-5.119155645370483398e-01
-6.637207865715026855e-01
5.780688524246215820e-01
-1.998778246343135834e-02
9.956436157226562500e-01
7.880758643150329590e-01
4.915553629398345947e-01
9.642975330352783203e-01
-2.759150564670562744e-01
3.527297973632812500e-01
7.301366329193115234e-01
-7.888837456703186035e-01
6.047727167606353760e-02
-9.260730743408203125e-01
8.168599009513854980e-01
3.565392792224884033e-01
1.124050021171569824e-01
2.543343007564544678e-01
-3.478339314460754395e-01
-1.944557130336761475e-01
4.088550508022308350e-01
-2.282402217388153076e-01
8.484200239181518555e-01
-9.264425635337829590e-01
-5.776981264352798462e-02
7.741410136222839355e-01
8.203810453414916992e-01
4.080966711044311523e-01
1.285668313503265381e-01
-9.152272343635559082e-01
9.551822543144226074e-01
9.288422465324401855e-01
-2.898651659488677979e-01
3.073083460330963135e-01
1.695930510759353638e-01
3.961591720581054688e-01
-7.341316342353820801e-01
-7.090886235237121582e-01
-6.709862947463989258e-01
-9.423155188560485840e-01
-8.952921628952026367e-01
3.777495026588439941e-01
-9.790307283401489258e-01
-7.991102337837219238e-01
8.668754696846008301e-01
9.744582176208496094e-01
7.630066275596618652e-01
-9.836683273315429688e-01
8.412927985191345215e-01
8.442648649215698242e-01
2.221015542745590210e-01
2.798988521099090576e-01
6.168863177299499512e-01
-9.598771929740905762e-01
-4.184688329696655273e-01
6.187531352043151855e-01
-6.601453423500061035e-01
4.296122789382934570e-01
9.588540792465209961e-01
-3.328928351402282715e-01
1.439982205629348755e-01
-4.196556508541107178e-01
-2.181342095136642456e-01
-7.705468535423278809e-01
-8.373971581459045410e-01
2.396340221166610718e-01
-7.666236758232116699e-01
2.696577906608581543e-01
9.969273209571838379e-01
8.448624014854431152e-01
9.712846279144287109e-01
9.712661504745483398e-01
4.450828433036804199e-01
5.689051151275634766e-01
-4.937052130699157715e-01
6.488909721374511719e-01
9.617842435836791992e-01
-8.143208026885986328e-01
8.136532306671142578e-01
2.875635325908660889e-01
-6.550445556640625000e-01
7.216243147850036621e-01
-3.161371871829032898e-02
7.547107934951782227e-01
-2.129853814840316772e-01
9.564072489738464355e-01
9.179335832595825195e-01
4.858156144618988037e-01
-5.961340665817260742e-01
-5.718821287155151367e-01
-8.487991690635681152e-01
-7.968963384628295898e-01
-6.199891567230224609e-01
-6.289746761322021484e-01
-4.050666093826293945e-01
5.936889648437500000e-01
-3.109028637409210205e-01
-2.591960132122039795e-01
-8.841215968132019043e-01
-7.827361822128295898e-01
-9.601698517799377441e-01
-8.579041361808776855e-01
9.820232391357421875e-01
4.243242740631103516e-01
-3.698624372482299805e-01
2.626724541187286377e-01
9.333686828613281250e-01
9.035881757736206055e-01
4.586091339588165283e-01
9.335150718688964844e-01
2.821036577224731445e-01
5.317795276641845703e-01
3.128677010536193848e-01
-5.018568038940429688e-01
5.452132225036621094e-01
-1.595530211925506592e-01
5.083788633346557617e-01
3.694589436054229736e-02
-9.105762839317321777e-01
5.383909344673156738e-01
5.288181900978088379e-01
7.593463659286499023e-01
-4.139089956879615784e-02
4.359647035598754883e-01
-1.405079662799835205e-01
5.702938437461853027e-01
9.238259196281433105e-01
-9.668775200843811035e-01
4.943166859447956085e-03
4.144876301288604736e-01
9.618459939956665039e-01
-9.432775974273681641e-01
9.715606570243835449e-01
-8.445096611976623535e-01
-9.085265398025512695e-01
-4.014100134372711182e-01
1.077832877635955811e-01
-9.243223667144775391e-01
-2.412590831518173218e-01
-1.378161758184432983e-01
2.523920536041259766e-01
7.652715444564819336e-01
-1.042692139744758606e-01
-8.794669993221759796e-03
8.709486126899719238e-01
-6.047663465142250061e-02
1.977494359016418457e-02
9.080216288566589355e-01
5.418748855590820312e-01
3.897286653518676758e-01
-4.462537765502929688e-01
-6.115650534629821777e-01
8.542331457138061523e-01
6.689110398292541504e-01
7.869952917098999023e-01
3.734203577041625977e-01
9.577196240425109863e-01
-6.309786438941955566e-01
1.289447396993637085e-01
-6.998597383499145508e-01
5.148697495460510254e-01
-2.603123784065246582e-01
-5.896087884902954102e-01
3.867284357547760010e-01
-1.094272062182426453e-01
6.401070356369018555e-01
-4.811731278896331787e-01
1.966178566217422485e-01
-9.285803139209747314e-02
8.107995390892028809e-01
3.106960058212280273e-01
-9.582778811454772949e-01
-8.323625922203063965e-01
-8.814022541046142578e-01
-6.790221333503723145e-01
-3.284283280372619629e-01
-1.478567123413085938e-01
-5.924423336982727051e-01
-9.636107683181762695e-01
-6.245492696762084961e-01
-7.383926510810852051e-01
4.402508139610290527e-01
-8.172497153282165527e-01
9.872126579284667969e-01
8.445796370506286621e-01
7.709770798683166504e-01
5.682317614555358887e-01
-7.743360996246337891e-01
9.557169079780578613e-01
8.589659929275512695e-01
2.569453120231628418e-01
5.645093321800231934e-01
7.884345650672912598e-01
-2.776668071746826172e-01
-8.520112037658691406e-01
6.230062842369079590e-01
9.823415279388427734e-01
8.395020365715026855e-01
3.328470885753631592e-01
2.684208154678344727e-01
6.723617315292358398e-01
6.517151594161987305e-01
-5.262887105345726013e-02
8.103734850883483887e-01
-9.767960906028747559e-01
6.374891996383666992e-01
9.873520731925964355e-01
-9.942722916603088379e-01
-9.862369894981384277e-01
-1.466415226459503174e-01
-4.266479909420013428e-01
5.098298788070678711e-01
-8.130360841751098633e-01
-8.585056066513061523e-01
-9.841449260711669922e-01
7.856670618057250977e-01
-9.245862364768981934e-01
-7.036699652671813965e-01
-7.191324830055236816e-01
-9.313988089561462402e-01
-2.435038089752197266e-01
9.524819254875183105e-01
-7.868294715881347656e-01
6.125163435935974121e-01
-4.389466047286987305e-01
-8.567489981651306152e-01
9.697812795639038086e-01
7.847062349319458008e-01
7.053350806236267090e-01
6.725423336029052734e-01
7.723755240440368652e-01
9.407568573951721191e-01
5.171432495117187500e-01
-1.108860224485397339e-02
-1.950984895229339600e-01
-1.005682870745658875e-01
7.083684951066970825e-02
-7.593256980180740356e-02
7.276869416236877441e-01
-3.345156908035278320e-01
9.096457958221435547e-01
-8.150366544723510742e-01
-2.024854570627212524e-01
-2.415881156921386719e-01
1.723618358373641968e-01
-5.294873118400573730e-01
9.886702299118041992e-01
-3.756322562694549561e-01
1.114777848124504089e-01
-2.402744442224502563e-01
-4.683853387832641602e-01
-4.382846355438232422e-01
7.662551403045654297e-01
-5.963642597198486328e-01
9.633377790451049805e-01
-8.074630498886108398e-01
9.994516968727111816e-01
6.511785387992858887e-01
3.965652883052825928e-01
-3.513320982456207275e-01
2.426622211933135986e-01
7.857469320297241211e-01
2.426484823226928711e-01
-1.078599765896797180e-01
9.755824208259582520e-01
-5.874486267566680908e-02
2.902651727199554443e-01
8.118194341659545898e-01
3.930177688598632812e-01
5.283893346786499023e-01
6.400892734527587891e-01
-3.180288970470428467e-01
-8.608391880989074707e-02
-4.043750166893005371e-01
9.368566423654556274e-02
-9.393709897994995117e-01
-9.485913515090942383e-01
-4.991905093193054199e-01
9.418372511863708496e-01
-9.960961937904357910e-01
9.111211895942687988e-01
-1.196383964270353317e-02
-6.117148324847221375e-03
-9.370057582855224609e-01
9.399420768022537231e-02
-8.274241089820861816e-01
-3.467320799827575684e-01
8.377211093902587891e-01
-8.475432991981506348e-01
-5.506539940834045410e-01
-6.197473406791687012e-02
-8.743494749069213867e-01
3.338342607021331787e-01
9.878623485565185547e-01
-5.770613551139831543e-01
7.525085806846618652e-01
-1.532379984855651855e-01
1.228986009955406189e-01
9.602959752082824707e-01
-6.792879700660705566e-01
9.791778326034545898e-01
6.193476319313049316e-01
9.660955667495727539e-01
6.870627999305725098e-01
9.874973893165588379e-01
7.639907002449035645e-01
-2.590341269969940186e-01
-5.098454281687736511e-02
7.961114048957824707e-01
1.533978134393692017e-01
1.710399538278579712e-01
-7.612930536270141602e-01
-8.944236040115356445e-01
-7.474527955055236816e-01
6.840621232986450195e-01
-3.505772054195404053e-01
8.160052895545959473e-01
-2.159621864557266235e-01
6.248676776885986328e-01
9.707724303007125854e-02
3.930162489414215088e-01
5.325917005538940430e-01
6.259535998106002808e-02
-9.642428159713745117e-01
8.533877134323120117e-01
-1.317389309406280518e-01
3.086914122104644775e-01
-3.673264384269714355e-01
5.427916646003723145e-01
1.004222854971885681e-01
-7.798509597778320312e-01
-7.348757386207580566e-01
-3.669300675392150879e-01
-5.590838789939880371e-01
-6.864454150199890137e-01
-9.385600686073303223e-01
-9.769880771636962891e-01
-1.661355644464492798e-01
-4.865064322948455811e-01
8.701186180114746094e-01
-5.840927362442016602e-01
4.028463661670684814e-01
-5.238847136497497559e-01
-8.553910255432128906e-01
7.255700826644897461e-01
9.787837862968444824e-01
8.756608963012695312e-01
9.924926757812500000e-01
8.375349640846252441e-01
3.807922303676605225e-01
-2.497287988662719727e-01
6.396688818931579590e-01
7.723490595817565918e-01
9.594159126281738281e-01
7.693243026733398438e-01
9.907684922218322754e-01
5.733504891395568848e-01
-3.956098854541778564e-01
9.020131230354309082e-01
7.508095502853393555e-01
-8.764684200286865234e-01
4.840418696403503418e-01
-8.165495097637176514e-02
1.442978531122207642e-01
-1.268151551485061646e-01
-9.816259741783142090e-01
-6.532303690910339355e-01
-2.031687460839748383e-02
-9.880703091621398926e-01
6.361421942710876465e-01
-9.653734564781188965e-01
-5.214396119117736816e-01
-8.643680810928344727e-01
3.001562654972076416e-01
-9.981467723846435547e-01
-3.440907895565032959e-01
-8.455151319503784180e-02
-3.463408946990966797e-01
2.011364251375198364e-01
1.356171220541000366e-01
-4.528190791606903076e-01
-8.322228193283081055e-01
-8.992356657981872559e-01
2.135273814201354980e-01
6.918773055076599121e-01
6.574720740318298340e-01
-5.625147223472595215e-01
6.596425920724868774e-02
5.520491003990173340e-01
9.386866092681884766e-01
9.828439354896545410e-01
9.216669201850891113e-01
-1.197092533111572266e-01
-6.099159717559814453e-01
9.928627014160156250e-01
5.129250288009643555e-01
-9.777376800775527954e-02
9.934296607971191406e-01
9.707523584365844727e-01
7.255887389183044434e-01
-9.084998965263366699e-01
5.784876346588134766e-01
9.905117750167846680e-01
8.165430426597595215e-01
3.946222960948944092e-01
9.499942660331726074e-01
-8.401353359222412109e-01
9.851614832878112793e-01
8.920143842697143555e-01
3.830613195896148682e-01
3.170940652489662170e-02
-6.982363462448120117e-01
-9.738286733627319336e-01
2.170191556215286255e-01
-7.799127101898193359e-01
-4.548595249652862549e-01
-9.842834472656250000e-01
-8.831658363342285156e-01
-9.679974317550659180e-01
1.241441350430250168e-02
-9.292748570442199707e-01
6.861450672149658203e-01
-7.498188018798828125e-01
-8.598580360412597656e-01
-5.566341876983642578e-01
9.560683369636535645e-01
-3.924377560615539551e-01
4.636738914996385574e-03
-9.036260843276977539e-01
-6.364932656288146973e-02
-2.426508441567420959e-02
-6.666205525398254395e-01
6.772780418395996094e-01
-5.148105025291442871e-01
5.984856486320495605e-01
-2.748731970787048340e-01
8.236264586448669434e-01
7.670208811759948730e-01
7.781823873519897461e-01
7.422088384628295898e-01
3.590834438800811768e-01
9.515451192855834961e-01
7.176671624183654785e-01
1.992314159870147705e-01
1.971423327922821045e-01
9.878541231155395508e-01
9.971134662628173828e-01
-6.453948467969894409e-02
-7.899712324142456055e-01
7.174443453550338745e-02
-4.312327504158020020e-01
-6.404184103012084961e-01
5.668066740036010742e-01
8.876441717147827148e-01
-1.343310773372650146e-01
8.422309160232543945e-01
1.789171695709228516e-01
-7.103595733642578125e-01
-8.718745708465576172e-01
-1.916597485542297363e-01
-3.717683255672454834e-02
7.587001919746398926e-01
3.565276265144348145e-01
-3.656808137893676758e-01
-9.658595919609069824e-01
-3.800262808799743652e-01
7.577944397926330566e-01
2.292461395263671875e-01
9.590642452239990234e-01
7.995637059211730957e-01
-8.550971746444702148e-01
8.298794627189636230e-01
-3.564302325248718262e-01
4.942013025283813477e-01
-9.244922399520874023e-01
-5.774280428886413574e-01
-6.122065186500549316e-01
-2.981293201446533203e-02
3.982830643653869629e-01
-8.883275985717773438e-01
-9.486628174781799316e-01
8.595327734947204590e-01
-8.105126023292541504e-01
3.374988138675689697e-01
-5.528763532638549805e-01
3.699427247047424316e-01
8.877089023590087891e-01
9.976158738136291504e-01
6.630827188491821289e-01
8.885447382926940918e-01
8.442010730504989624e-02
1.933107376098632812e-01
9.924622774124145508e-01
-1.920411586761474609e-01
4.677378833293914795e-01
-6.462302803993225098e-01
-8.926236033439636230e-01
8.662717342376708984e-01
4.361886680126190186e-01
-5.756335854530334473e-01
8.834969997406005859e-01
-1.464333385229110718e-01
6.062930077314376831e-02
-2.143913805484771729e-01
9.579063653945922852e-01
-6.552128195762634277e-01
1.416832059621810913e-01
9.669203162193298340e-01
-6.184927225112915039e-01
7.007064819335937500e-01
7.906389236450195312e-01
7.692846655845642090e-01
-3.691363334655761719e-01
-4.655379951000213623e-01
3.789878785610198975e-01
-9.834604263305664062e-01
-4.132068455219268799e-01
-8.086305856704711914e-01
4.121072590351104736e-01
-6.081104874610900879e-01
-9.553305506706237793e-01
5.468341708183288574e-01
9.118543863296508789e-01
-5.992040783166885376e-02
-1.416143029928207397e-01
6.347056627273559570e-01
9.363285899162292480e-01
1.206772923469543457e-01
2.713159024715423584e-01
7.515047192573547363e-01
-8.810788393020629883e-01
9.895468503236770630e-02
-8.186352252960205078e-01
7.008171677589416504e-01
6.077961325645446777e-01
6.659116148948669434e-01
1.244386360049247742e-01
-5.924085378646850586e-01
1.143693923950195312e-01
-5.838714241981506348e-01
-6.629112362861633301e-01
5.554489493370056152e-01
-8.682330250740051270e-01
-7.405651807785034180e-01
-2.009554356336593628e-01
-8.869977593421936035e-01
5.798706412315368652e-01
-6.662992238998413086e-01
9.966274499893188477e-01
8.068884015083312988e-01
2.881077826023101807e-01
-9.413653612136840820e-01
9.138107895851135254e-01
2.287452816963195801e-01
7.387265563011169434e-01
9.313809871673583984e-01
5.276851058006286621e-01
7.762542963027954102e-01
3.596317768096923828e-01
9.272754192352294922e-01
8.173672556877136230e-01
9.388524293899536133e-01
9.371352791786193848e-01
-7.041895389556884766e-01
4.988597035408020020e-01
-3.058936893939971924e-01
5.133963227272033691e-01
-9.870747327804565430e-01
-5.154590010643005371e-01
8.390312194824218750e-01
3.240033090114593506e-01
-9.603964686393737793e-01
-8.800228834152221680e-01
5.630300045013427734e-01
-2.236851304769515991e-01
-2.232130020856857300e-01
-8.170037716627120972e-02
9.157520532608032227e-01
-9.368377327919006348e-01
8.659934401512145996e-01
-9.696886539459228516e-01
-1.790738403797149658e-01
-5.029629915952682495e-02
4.436451196670532227e-01
8.047363162040710449e-01
-4.826115965843200684e-01
-6.942808032035827637e-01
-5.456461310386657715e-01
-7.089787721633911133e-01
-9.273428916931152344e-01
1.133669838309288025e-01
-9.336901307106018066e-01
7.757521867752075195e-01
6.207099556922912598e-01
9.280748367309570312e-01
7.972568273544311523e-01
4.622707962989807129e-01
-5.240224599838256836e-01
-4.910174310207366943e-01
-5.203068852424621582e-01
8.522769808769226074e-01
4.177007079124450684e-01
-9.928730726242065430e-01
7.232758402824401855e-01
6.808892488479614258e-01
-7.972111105918884277e-01
9.284532666206359863e-01
5.009059309959411621e-01
-9.121870398521423340e-01
5.857586264610290527e-01
-1.568583995103836060e-01
6.382353305816650391e-01
9.464537501335144043e-01
-3.152128756046295166e-01
-5.048414319753646851e-02
7.928538918495178223e-01
-9.084662795066833496e-01
-6.222150847315788269e-02
3.501038253307342529e-01
-6.553271412849426270e-01
-8.174552917480468750e-01
9.672865271568298340e-01
1.585638970136642456e-01
1.062820330262184143e-01
-5.638415813446044922e-01
9.241449832916259766e-01
5.629318356513977051e-01
-9.250290989875793457e-01
-9.271244406700134277e-01
-4.348937571048736572e-01
7.297021746635437012e-01
9.551416039466857910e-01
5.095552802085876465e-01
4.762087762355804443e-01
2.618909776210784912e-01
8.006690740585327148e-01
-2.190018743276596069e-01
4.911131411790847778e-02
-2.192878276109695435e-01
-3.865807957481592894e-04
6.674627065658569336e-01
5.700767040252685547e-01
-4.331647157669067383e-01
-5.755845308303833008e-01
1.049744859337806702e-01
-7.035266160964965820e-01
-3.272478580474853516e-01
3.333513140678405762e-01
5.334683060646057129e-01
5.782427191734313965e-01
-4.007374048233032227e-01
1.522932797670364380e-01
9.652103185653686523e-01
9.813609719276428223e-01
1.200158968567848206e-01
6.396154165267944336e-01
-7.081667184829711914e-01
7.346422672271728516e-01
-9.358816146850585938e-01
2.659921348094940186e-01
-8.081409931182861328e-01
-7.866806387901306152e-01
-7.844289541244506836e-01
-9.839765429496765137e-01
-2.820754349231719971e-01
-8.040826320648193359e-01
-5.803121328353881836e-01
-6.089465022087097168e-01
9.133828878402709961e-01
-5.753909051418304443e-02
5.241711139678955078e-01
-2.103333026170730591e-01
-7.613578438758850098e-01
-4.517374634742736816e-01
-9.196497201919555664e-01
-9.061353206634521484e-01
-3.860705718398094177e-02
-7.155503630638122559e-01
8.160846829414367676e-01
9.047059416770935059e-01
7.587814331054687500e-01
7.062662243843078613e-01
7.293440699577331543e-01
8.754116892814636230e-01
-5.165237188339233398e-01
8.195050954818725586e-01
7.754715681076049805e-01
5.767562985420227051e-01
9.235555529594421387e-01
-7.776340842247009277e-01
7.854749560356140137e-01
7.916433811187744141e-01
-1.910031437873840332e-01
9.364629983901977539e-01
-8.666542172431945801e-01
3.406660854816436768e-01
9.517250657081604004e-01
-2.646990120410919189e-01
4.427037537097930908e-01
-9.570637345314025879e-01
8.920665979385375977e-01
-4.830600619316101074e-01
-1.616797298192977905e-01
3.404205739498138428e-01
-9.375503659248352051e-01
-1.339812427759170532e-01
6.378878951072692871e-01
-9.870939254760742188e-01
-2.941270172595977783e-01
-3.637202680110931396e-01
-2.987742722034454346e-01
-2.112908661365509033e-01
8.963629603385925293e-01
-8.308819532394409180e-01
-7.904024720191955566e-01
-7.409513592720031738e-01
9.291742444038391113e-01
-5.104109644889831543e-01
4.996769130229949951e-01
5.123467445373535156e-01
7.014670372009277344e-01
5.927845835685729980e-01
6.786980628967285156e-01
5.894992351531982422e-01
-4.162644743919372559e-01
4.130588471889495850e-01
5.210644602775573730e-01
9.094825983047485352e-01
-5.024029612541198730e-01
8.826045393943786621e-01
2.348635643720626831e-01
-8.669645786285400391e-01
-9.055021405220031738e-01
-9.461268782615661621e-01
-3.535324931144714355e-01
-5.092733502388000488e-01
-7.008175253868103027e-01
9.378802180290222168e-01
-2.521984279155731201e-01
8.757460117340087891e-02
-7.717697024345397949e-01
8.669612407684326172e-01
-7.580056190490722656e-01
8.187602758407592773e-01
6.469621658325195312e-01
7.744347453117370605e-01
6.424469947814941406e-01
-2.378557622432708740e-01
5.743669271469116211e-01
5.982166528701782227e-01
9.768797159194946289e-01
9.159764051437377930e-01
-4.184872806072235107e-01
-5.491805076599121094e-01
-2.573800981044769287e-01
4.553767740726470947e-01
8.345205187797546387e-01
-3.183214664459228516e-01
3.772504329681396484e-01
1.969480067491531372e-01
-4.604091048240661621e-01
3.387151360511779785e-01
-2.735280394554138184e-01
-6.575534939765930176e-01
-6.396590471267700195e-01
-1.827409416437149048e-01
7.623504996299743652e-01
7.754150629043579102e-01
-2.300035655498504639e-01
5.734428763389587402e-01
9.770070314407348633e-01
-9.484347701072692871e-01
-8.529585599899291992e-01
-4.884417057037353516e-01
4.327730834484100342e-01
-4.578737020492553711e-01
9.134787321090698242e-01
7.013545632362365723e-01
-5.787798166275024414e-01
-7.702106237411499023e-02
-2.728089392185211182e-01
-6.905300617218017578e-01
-1.515207439661026001e-01
8.890950679779052734e-01
-4.451746940612792969e-01
5.765604600310325623e-02
2.031300365924835205e-01
3.960203826427459717e-01
-7.365968823432922363e-01
4.045297801494598389e-01
7.511310577392578125e-01
6.124828457832336426e-01
-6.177164316177368164e-01
-8.457710742950439453e-01
9.862931966781616211e-01
4.648653864860534668e-01
4.519431591033935547e-01
-4.983780682086944580e-01
1.239302158355712891e-01
8.579046726226806641e-01
8.285839557647705078e-01
-5.007127523422241211e-01
3.454077839851379395e-01
-6.590078473091125488e-01
8.784364461898803711e-01
8.689355254173278809e-01
6.185805797576904297e-01
9.819785356521606445e-01
-3.806082904338836670e-01
-9.467287063598632812e-01
7.571153640747070312e-01
6.399084329605102539e-01
4.532611072063446045e-01
8.379590697586536407e-03
-6.926559805870056152e-01
-2.555707991123199463e-01
-4.949803948402404785e-01
-8.992521762847900391e-01
-9.738349318504333496e-01
-8.516044020652770996e-01
5.267153382301330566e-01
-3.614003658294677734e-01
-3.162159621715545654e-01
-6.501486301422119141e-01
7.781377434730529785e-02
6.683495640754699707e-01
9.588006883859634399e-02
2.175520807504653931e-01
-1.738464832305908203e-01
-6.468704938888549805e-01
-3.592473268508911133e-01
9.308965206146240234e-01
2.628546655178070068e-01
7.839725017547607422e-01
-1.072265803813934326e-01
6.257025599479675293e-01
8.819834589958190918e-01
-3.616056144237518311e-01
3.885114192962646484e-01
8.304568529129028320e-01
4.811524748802185059e-01
7.782409787178039551e-01
-6.745051741600036621e-01
6.662658452987670898e-01
4.790799319744110107e-01
7.168851494789123535e-01
8.697586506605148315e-02
9.537780880928039551e-01
8.717083334922790527e-01
9.577065706253051758e-01
-1.390433013439178467e-01
9.598930925130844116e-02
-9.435938596725463867e-01
9.471229314804077148e-01
-9.760040640830993652e-01
9.069528579711914062e-01
2.248321324586868286e-01
-7.465196847915649414e-01
3.898210227489471436e-01
-9.382194280624389648e-01
-9.244843125343322754e-01
-8.715696334838867188e-01
2.646177113056182861e-01
9.376264214515686035e-01
-4.615216851234436035e-01
-6.746168136596679688e-01
-4.743342399597167969e-01
-6.900727748870849609e-01
-3.947781622409820557e-01
6.699414253234863281e-01
-9.051296114921569824e-01
-4.728344380855560303e-01
-6.889903545379638672e-01
-4.262469112873077393e-01
-7.904564142227172852e-01
-2.763985395431518555e-01
8.696769364178180695e-03
-2.909596264362335205e-01
-9.490620344877243042e-02
5.160161256790161133e-01
-1.246026307344436646e-01
-2.781797051429748535e-01
9.783237576484680176e-01
-3.844437301158905029e-01
-9.793986082077026367e-01
9.859521985054016113e-01
7.048529982566833496e-01
8.434777855873107910e-01
9.080588817596435547e-01
7.287058234214782715e-01
1.499824821949005127e-01
9.343274831771850586e-01
-7.315266728401184082e-01
8.073373436927795410e-01
6.881840825080871582e-01
2.101117372512817383e-01
-1.129953488707542419e-01
7.683114409446716309e-01
2.241928428411483765e-01
8.314832448959350586e-01
-1.709051281213760376e-01
-9.255157113075256348e-01
-2.715287506580352783e-01
-5.064439177513122559e-01
-6.192271709442138672e-01
-8.885021209716796875e-01
6.088963747024536133e-01
-5.020199418067932129e-01
-1.999986320734024048e-01
-7.884795069694519043e-01
5.549765005707740784e-02
-5.467101335525512695e-01
-8.367416858673095703e-01
9.449734687805175781e-01
2.237413078546524048e-03
3.390721380710601807e-01
7.730489373207092285e-01
-7.708369493484497070e-01
-8.271064758300781250e-01
9.828035235404968262e-01
-7.443982958793640137e-01
2.027237564325332642e-01
7.372257113456726074e-01
6.791576743125915527e-01
5.019553005695343018e-02
2.996075749397277832e-01
6.715624928474426270e-01
2.608819007873535156e-01
-9.170275926589965820e-01
-9.633666276931762695e-01
-6.851292401552200317e-02
5.912676453590393066e-01
8.960603475570678711e-01
-6.238389387726783752e-02
4.371918141841888428e-01
-9.727525711059570312e-01
-1.596245318651199341e-01
5.120524764060974121e-01
-3.735305666923522949e-01
8.656932115554809570e-01
7.594061642885208130e-02
5.650312900543212891e-01
-7.867816090583801270e-01
-1.713576763868331909e-01
-5.715679526329040527e-01
9.184644222259521484e-01
8.064332604408264160e-01
4.651086926460266113e-01
-9.066844731569290161e-02
-8.937034606933593750e-01
-5.348598957061767578e-01
-9.924907684326171875e-01
1.594130843877792358e-01
7.595916390419006348e-01
1.472698450088500977e-01
-8.706687688827514648e-01
3.357671499252319336e-01
5.773279443383216858e-02
9.733357429504394531e-01
-7.889650464057922363e-01
7.425681948661804199e-01
9.730391502380371094e-01
3.808953464031219482e-01
-2.958119809627532959e-01
3.682385683059692383e-01
-6.749636959284543991e-03
-8.715897202491760254e-01
2.797572612762451172e-01
-1.636600047349929810e-01
-1.171862706542015076e-02
5.981803536415100098e-01
-1.499380916357040405e-01
2.559052780270576477e-02
-8.384985923767089844e-01
8.576815128326416016e-01
-8.616614341735839844e-01
-6.561511158943176270e-01
-6.710821390151977539e-02
4.440069664269685745e-03
-6.643787771463394165e-02
-4.090777039527893066e-01
6.190456151962280273e-01
6.304835677146911621e-01
9.900850653648376465e-01
-1.402955353260040283e-01
-5.615271925926208496e-01
2.785291075706481934e-01
-2.915384434163570404e-02
9.002342224121093750e-01
-5.223287940025329590e-01
-8.752586245536804199e-01
3.455972373485565186e-01
3.500988483428955078e-01
3.436957299709320068e-01
2.763706147670745850e-01
-1.210142821073532104e-01
6.302602291107177734e-01
-1.303423792123794556e-01
-3.461655378341674805e-01
6.612558364868164062e-01
-4.035720601677894592e-02
-5.838713049888610840e-01
-8.398239612579345703e-01
7.846115231513977051e-01
3.421998620033264160e-01
6.838834881782531738e-01
-6.418184041976928711e-01
-9.496393799781799316e-01
-9.482990503311157227e-01
9.192576408386230469e-01
4.556552171707153320e-01
-2.786383628845214844e-01
-6.545934081077575684e-01
9.761013388633728027e-01
3.633581101894378662e-01
-2.529436349868774414e-01
2.975355684757232666e-01
4.327696561813354492e-01
-8.035826086997985840e-01
6.314024925231933594e-01
5.697558522224426270e-01
-8.172334432601928711e-01
-6.545534729957580566e-01
1.484802365303039551e-01
-7.455003261566162109e-01
9.271525144577026367e-01
6.601209640502929688e-01
5.474687814712524414e-01
6.018580794334411621e-01
-4.764985293149948120e-02
3.316522389650344849e-02
-5.038434863090515137e-01
-3.186825513839721680e-01
3.666663467884063721e-01
8.238251805305480957e-01
-1.215256229043006897e-01
3.668274581432342529e-01
-7.626033425331115723e-01
9.909579157829284668e-01
5.597053170204162598e-01
7.247115373611450195e-01
1.710145771503448486e-01
-1.486649811267852783e-01
3.890106081962585449e-01
-9.966285824775695801e-01
4.486230611801147461e-01
1.507283747196197510e-01
3.763088583946228027e-01
-1.577927321195602417e-01
1.048356667160987854e-02
-9.514670372009277344e-01
-9.116348624229431152e-01
-3.248182237148284912e-01
4.105747342109680176e-01
-5.566536784172058105e-01
-7.764918208122253418e-01
-4.655393958091735840e-01
9.274395704269409180e-01
1.603429615497589111e-01
9.981280565261840820e-01
-8.958128690719604492e-01
-9.915855526924133301e-01
2.471007406711578369e-01
4.863606393337249756e-01
8.729140162467956543e-01
-3.504528999328613281e-01
-3.290506312623620033e-03
5.712299942970275879e-01
8.773715049028396606e-02
-4.204393625259399414e-01
2.353708818554878235e-02
1.303610857576131821e-02
9.013801217079162598e-01
-7.949760556221008301e-01
8.928588032722473145e-01
-5.311043262481689453e-01
3.482465445995330811e-01
-8.859360218048095703e-01
1.672251522541046143e-01
-1.943074464797973633e-01
9.771598577499389648e-01
4.528924524784088135e-01
7.868030071258544922e-01
7.983639240264892578e-01
5.543509721755981445e-01
9.175075888633728027e-01
-9.353623390197753906e-01
-2.064933925867080688e-01
5.622400045394897461e-01
-7.897123098373413086e-01
-4.027324318885803223e-01
4.468298256397247314e-01
-7.945432662963867188e-01
7.518529891967773438e-01
-1.570306718349456787e-01
-8.633670806884765625e-01
8.738402128219604492e-01
-4.709257185459136963e-01
9.015236794948577881e-02
-6.949898004531860352e-01
-6.662424802780151367e-01
6.169255971908569336e-01
7.521337866783142090e-01
-9.681579470634460449e-01
-9.820041246712207794e-03
7.745823264122009277e-01
-9.245423078536987305e-01
-2.031830139458179474e-03
8.167804479598999023e-01
5.647617578506469727e-01
4.452632367610931396e-01
-4.579592645168304443e-01
6.699746251106262207e-01
1.679444462060928345e-01
9.556895494461059570e-01
5.598387122154235840e-01
8.404076099395751953e-01
7.906565666198730469e-01
8.517186045646667480e-01
-7.990134954452514648e-01
1.361053138971328735e-01
7.604961097240447998e-02
-1.201583370566368103e-01
-6.995470523834228516e-01
1.669342517852783203e-01
-9.732860922813415527e-01
5.166233181953430176e-01
9.754385948181152344e-01
-9.646362662315368652e-01
-7.867016196250915527e-01
5.352808237075805664e-01
-4.000227749347686768e-01
3.701086938381195068e-01
-4.432752728462219238e-01
-1.736976951360702515e-01
3.769882023334503174e-01
-8.232908248901367188e-01
7.572144865989685059e-01
-2.845970094203948975e-01
4.518938958644866943e-01
1.906000263988971710e-02
-6.894077658653259277e-01
1.033322978764772415e-02
3.741434216499328613e-01
8.631783127784729004e-01
-9.519807696342468262e-01
2.515735849738121033e-02
1.079538241028785706e-01
9.332996606826782227e-01
7.977154850959777832e-02
2.999266386032104492e-01
8.287664502859115601e-03
-4.866732358932495117e-01
4.352835416793823242e-01
-8.018575906753540039e-01
-6.196604967117309570e-01
-2.680157124996185303e-01
-5.984829664230346680e-01
-6.151269078254699707e-01
-1.900053322315216064e-01
9.256224036216735840e-01
9.103980064392089844e-01
2.018835395574569702e-01
-5.689080953598022461e-01
-1.080633029341697693e-01
6.445505023002624512e-01
5.288096070289611816e-01
7.663415074348449707e-01
9.374505877494812012e-01
9.261927604675292969e-01
-3.243291974067687988e-01
-4.854352474212646484e-01
4.177979528903961182e-01
2.202881425619125366e-01
-5.703884363174438477e-01
2.832572758197784424e-01
9.891473650932312012e-01
-8.744351863861083984e-01
-6.302163004875183105e-01
-2.951367795467376709e-01
1.282430905848741531e-02
-4.421445429325103760e-01
-9.150667786598205566e-01
-7.016263008117675781e-01
2.738314270973205566e-01
6.044729351997375488e-01
-8.477627038955688477e-01
-7.088043689727783203e-01
7.321410775184631348e-01
1.058733016252517700e-01
6.918071508407592773e-01
9.477683901786804199e-01
9.272803068161010742e-01
7.895237207412719727e-01
8.950917124748229980e-01
9.289792180061340332e-01
7.072466611862182617e-02
4.319779872894287109e-01
3.316003680229187012e-01
-7.302707433700561523e-01
4.685583114624023438e-01
1.099621802568435669e-01
-6.578367948532104492e-01
9.764041900634765625e-01
8.334657549858093262e-02
-5.040482878684997559e-01
6.246429681777954102e-01
8.169773817062377930e-01
-1.410014033317565918e-01
4.898906648159027100e-01
-9.138755798339843750e-01
-4.843942224979400635e-01
-2.055679559707641602e-01
-9.813957214355468750e-01
3.551611304283142090e-01
-9.927211999893188477e-01
-9.085283279418945312e-01
-4.477708935737609863e-01
-5.258747339248657227e-01
-8.753331303596496582e-01
5.054103732109069824e-01
-5.561234951019287109e-01
-8.027647733688354492e-01
-8.022539019584655762e-01
3.666155636310577393e-01
-7.560810446739196777e-01
9.297907948493957520e-01
-8.299890905618667603e-02
8.912039995193481445e-01
7.757360339164733887e-01
9.171854853630065918e-01
6.341750025749206543e-01
-9.450410604476928711e-01
-9.770257025957107544e-02
2.277350872755050659e-01
-8.057975769042968750e-01
9.050149917602539062e-01
4.476103782653808594e-01
9.042305946350097656e-01
9.116538763046264648e-01
-3.950366377830505371e-01
-7.062085270881652832e-01
8.185383677482604980e-01
1.572046428918838501e-01
7.953792214393615723e-01
8.504070639610290527e-01
8.982317894697189331e-02
7.914326786994934082e-01
8.381489515304565430e-01
8.910506963729858398e-01
-9.404636025428771973e-01
4.970665872097015381e-01
8.567405343055725098e-01
5.176321864128112793e-01
5.075163245201110840e-01
-2.393242865800857544e-01
-7.761582732200622559e-01
1.519881486892700195e-01
-6.963455080986022949e-01
-7.549848556518554688e-01
-7.140240669250488281e-01
-4.959493279457092285e-01
1.062207147479057312e-01
-7.096844911575317383e-01
-9.728239774703979492e-01
-5.966864824295043945e-01
-1.347805932164192200e-02
4.664567708969116211e-01
-5.045098066329956055e-01
3.875152766704559326e-01
-1.369866430759429932e-01
-1.190633922815322876e-01
-1.736271195113658905e-02
-9.444976449012756348e-01
8.685532212257385254e-01
1.116576977074146271e-02
-6.876482367515563965e-01
-2.915121801197528839e-02
-1.368079781532287598e-01
6.383074522018432617e-01
-4.754189550876617432e-01
-2.135961055755615234e-01
-9.589305520057678223e-01
4.999048709869384766e-01
-8.744984269142150879e-01
-9.631298780441284180e-01
-2.354070842266082764e-01
9.886525273323059082e-01
-5.542160272598266602e-01
5.009545087814331055e-01
2.502075731754302979e-01
-9.359933137893676758e-01
7.706208229064941406e-01
7.843157052993774414e-01
4.586519896984100342e-01
9.103351235389709473e-01
5.597568750381469727e-01
-8.047233223915100098e-01
-1.102064549922943115e-01
1.859108358621597290e-01
4.685401916503906250e-02
2.293492257595062256e-01
7.064040303230285645e-01
-6.398323178291320801e-01
-5.854241549968719482e-03
-7.461083531379699707e-01
-5.850110054016113281e-01
6.338015794754028320e-01
7.586172819137573242e-01
-7.684767246246337891e-02
-7.617428898811340332e-02
-3.698027431964874268e-01
-5.255066752433776855e-01
8.282336592674255371e-01
-2.481538504362106323e-01
-6.129125952720642090e-01
8.320037126541137695e-01
7.309061884880065918e-01
-8.195568919181823730e-01
-2.656396925449371338e-01
4.639239311218261719e-01
8.030620217323303223e-01
