8.113269209861755371e-01
9.501652121543884277e-01
9.782732725143432617e-01
2.173143178224563599e-01
2.099688202142715454e-01
7.326864004135131836e-01
-2.030306607484817505e-01
-5.798844695091247559e-01
-2.136118523776531219e-02
5.610739588737487793e-01
6.423185467720031738e-01
9.184050559997558594e-01
4.950667917728424072e-01
5.840414166450500488e-01
8.150096982717514038e-02
2.939610779285430908e-01
9.806123375892639160e-01
4.625964164733886719e-01
6.588728427886962891e-01
-5.024052262306213379e-01
-8.781968355178833008e-01
8.203586935997009277e-01
7.907330393791198730e-01
-1.796292066574096680e-01
-6.949620246887207031e-01
1.790422648191452026e-01
4.668157082051038742e-03
-7.125326395034790039e-01
-5.903621912002563477e-01
-7.700063586235046387e-01
-6.607578992843627930e-01
-8.726778030395507812e-01
8.639047145843505859e-01
-5.379049181938171387e-01
4.225159883499145508e-01
-9.505323171615600586e-01
-1.706074327230453491e-01
-7.643896341323852539e-01
6.153366565704345703e-01
7.502620220184326172e-01
-9.921697378158569336e-01
9.037888050079345703e-01
-2.562302649021148682e-01
5.098456144332885742e-01
9.746795892715454102e-01
5.387491583824157715e-01
6.553202867507934570e-01
-6.578707098960876465e-01
-6.027319431304931641e-01
-7.084215879440307617e-01
7.541786432266235352e-01
-6.010944247245788574e-01
-6.933677792549133301e-01
-7.112665772438049316e-01
3.998680710792541504e-01
2.371712923049926758e-01
5.770127177238464355e-01
9.492890834808349609e-01
-1.587552577257156372e-02
9.434834718704223633e-01
-2.474380135536193848e-01
6.596320867538452148e-01
-1.720793545246124268e-02
-6.257067918777465820e-01
-7.996451854705810547e-02
-2.644483447074890137e-01
5.016894340515136719e-01
-8.387266397476196289e-01
-5.513845086097717285e-01
-1.290256977081298828e-01
9.600685834884643555e-01
2.754905521869659424e-01
-2.576416432857513428e-01
-5.258162617683410645e-01
-8.884167075157165527e-01
-3.933871388435363770e-01
4.495086073875427246e-01
7.476813197135925293e-01
2.989741861820220947e-01
-1.462670713663101196e-01
8.145304024219512939e-02
-1.810921728610992432e-01
-8.792367577552795410e-01
6.626280546188354492e-01
-2.627799808979034424e-01
-7.511793375015258789e-01
-5.743466019630432129e-01
-7.634577751159667969e-01
-6.066758036613464355e-01
-6.955654621124267578e-01
-9.700512886047363281e-01
8.249585032463073730e-01
4.291975200176239014e-01
-9.943133592605590820e-01
-6.276381611824035645e-01
-5.730053186416625977e-01
-9.747527241706848145e-01
1.802024841308593750e-01
7.724030017852783203e-01
6.132611632347106934e-01
2.068089097738265991e-01
9.430695176124572754e-01
7.652551531791687012e-01
-3.250958919525146484e-01
-7.183099389076232910e-01
-2.205431759357452393e-01
5.958190560340881348e-01
8.056415915489196777e-01
3.726815283298492432e-01
9.484934806823730469e-01
8.001998066902160645e-02
-3.506901264190673828e-01
-2.351493984460830688e-01
7.390903830528259277e-01
-5.132598876953125000e-01
-1.590273380279541016e-01
1.409466117620468140e-01
-6.293756365776062012e-01
-9.221381545066833496e-01
-9.318361878395080566e-01
-2.389582246541976929e-01
2.238119393587112427e-01
2.931318879127502441e-01
7.246084213256835938e-01
-9.582047350704669952e-03
3.435603156685829163e-02
-8.734970092773437500e-01
8.091916441917419434e-01
-8.245678544044494629e-01
-1.381940692663192749e-01
7.260796427726745605e-01
9.484107792377471924e-02
1.847067475318908691e-01
-4.385591745376586914e-01
9.368357062339782715e-01
6.295018792152404785e-01
-7.823911309242248535e-01
-9.484156370162963867e-01
-4.233398139476776123e-01
-4.602772295475006104e-01
-9.978275895118713379e-01
-5.877596735954284668e-01
3.986335694789886475e-01
-7.116649746894836426e-01
-7.296028733253479004e-01
-5.908259153366088867e-01
-8.733530044555664062e-01
-5.049723982810974121e-01
-6.745693683624267578e-01
7.426517009735107422e-01
5.293691158294677734e-01
-5.769202709197998047e-01
9.491509199142456055e-01
9.632603526115417480e-01
5.768993496894836426e-01
3.321191072463989258e-01
-9.706157445907592773e-01
-6.625040769577026367e-01
-9.295220375061035156e-01
-5.874598026275634766e-01
3.950053155422210693e-01
9.030853509902954102e-01
6.701561808586120605e-02
-4.792199134826660156e-01
-5.000354051589965820e-01
-5.354905724525451660e-01
-3.257549405097961426e-01
8.556833863258361816e-01
-8.773131966590881348e-01
-5.065552592277526855e-01
1.159302964806556702e-01
9.562664031982421875e-01
3.143279850482940674e-01
9.594865441322326660e-01
9.054254293441772461e-01
-1.696949601173400879e-01
-7.580762505531311035e-01
-3.990449383854866028e-02
6.454923152923583984e-01
-3.112970590591430664e-01
-8.035134077072143555e-01
7.673047780990600586e-01
-9.018570184707641602e-01
-9.964490532875061035e-01
8.648501634597778320e-01
2.660255134105682373e-01
-8.733958601951599121e-01
-9.586158394813537598e-01
7.652549743652343750e-01
-7.534915208816528320e-01
-5.891878008842468262e-01
-7.811220884323120117e-01
2.008909434080123901e-01
-5.553079247474670410e-01
-6.064140796661376953e-01
-4.649572372436523438e-01
-9.164934754371643066e-01
-5.196722745895385742e-01
1.923956125974655151e-01
6.362027525901794434e-01
6.839580535888671875e-01
-9.136511087417602539e-01
-2.396619766950607300e-01
-9.941317439079284668e-01
-2.207483649253845215e-01
8.642594218254089355e-01
5.583100914955139160e-01
6.962669491767883301e-01
2.557013630867004395e-01
8.227233290672302246e-01
8.209479451179504395e-01
-3.263155519962310791e-01
-6.715211868286132812e-01
9.713025093078613281e-01
9.472872614860534668e-01
7.917684316635131836e-01
8.197536468505859375e-01
-9.606501460075378418e-02
-8.602861166000366211e-01
-3.964200317859649658e-01
-6.867079734802246094e-01
-1.809386420063674450e-03
5.622879136353731155e-03
-6.585865616798400879e-01
6.521348357200622559e-01
7.352457046508789062e-01
6.721019744873046875e-01
8.427100777626037598e-01
2.132192701101303101e-01
-1.234089490026235580e-02
9.529522061347961426e-01
4.328093230724334717e-01
8.737845420837402344e-01
-1.575921326875686646e-01
6.321525573730468750e-01
4.223558306694030762e-01
-8.848364949226379395e-01
-8.327384591102600098e-01
-1.715995967388153076e-01
2.756692171096801758e-01
5.946895480155944824e-01
-2.933037281036376953e-01
8.699379563331604004e-01
6.741916537284851074e-01
1.961750239133834839e-01
-2.792700231075286865e-01
8.124043941497802734e-01
-6.013252586126327515e-02
7.891856431961059570e-01
-1.123681142926216125e-01
-4.622049629688262939e-01
-4.594598114490509033e-01
-5.542939305305480957e-01
6.411338448524475098e-01
6.200395822525024414e-01
4.888525903224945068e-01
-3.969257175922393799e-01
-6.508370488882064819e-02
-1.080116108059883118e-01
8.891555070877075195e-01
9.553340077400207520e-01
-5.658022761344909668e-01
8.434274196624755859e-01
-9.738897681236267090e-01
-2.593041062355041504e-01
-6.034259796142578125e-01
-4.964352250099182129e-01
-7.205919027328491211e-01
-9.161615371704101562e-01
-3.044136762619018555e-01
-4.286550283432006836e-01
-9.819887876510620117e-01
-2.664596736431121826e-01
-7.837186753749847412e-02
-6.636051535606384277e-01
-3.805648684501647949e-01
9.009290933609008789e-01
8.175379633903503418e-01
6.674308776855468750e-01
-4.297655224800109863e-01
7.365369796752929688e-02
-3.969019651412963867e-01
-3.558250665664672852e-01
4.955093264579772949e-01
6.060951352119445801e-01
1.675254702568054199e-01
8.501746058464050293e-01
-5.670085549354553223e-01
-9.173621535301208496e-01
2.895024418830871582e-01
-4.405336081981658936e-01
-4.521843791007995605e-01
-6.258653402328491211e-01
-9.232190847396850586e-01
5.127667263150215149e-02
-9.600386023521423340e-01
-2.155977115035057068e-02
-8.279607295989990234e-01
4.094629883766174316e-01
-7.863013148307800293e-01
5.683021545410156250e-01
-3.388292193412780762e-01
-7.176554799079895020e-01
6.969673186540603638e-02
-7.210692763328552246e-01
-7.261493206024169922e-01
-7.312486171722412109e-01
-8.289975523948669434e-01
2.166051603853702545e-02
3.129908069968223572e-02
8.643363714218139648e-01
1.799763292074203491e-01
-9.567846059799194336e-01
-6.012110710144042969e-01
9.006177186965942383e-01
5.628073215484619141e-01
-8.459196686744689941e-01
-9.209815263748168945e-01
-4.500494301319122314e-01
-9.572554230690002441e-01
8.685762286186218262e-01
5.425689816474914551e-01
-2.334185987710952759e-01
5.328862667083740234e-01
7.379091978073120117e-01
-9.510029852390289307e-02
5.673317909240722656e-01
7.310931086540222168e-01
-5.442752838134765625e-01
4.033068418502807617e-01
-1.900388598442077637e-01
-9.154117107391357422e-01
2.918951213359832764e-01
9.617772102355957031e-01
-4.624955356121063232e-01
-5.794209837913513184e-01
-3.031237125396728516e-01
8.659480214118957520e-01
-2.133869081735610962e-01
-4.332837089896202087e-02
-8.521233201026916504e-01
-9.319646358489990234e-01
-5.175705552101135254e-01
-3.203880786895751953e-01
-5.487573146820068359e-01
2.280565202236175537e-01
4.548733234405517578e-01
-2.038097977638244629e-01
-8.242781162261962891e-01
7.157424688339233398e-01
-7.616592049598693848e-01
-9.693449735641479492e-01
-8.955558538436889648e-01
5.303488373756408691e-01
5.866094827651977539e-01
-2.826942503452301025e-01
5.314444899559020996e-01
5.999246239662170410e-01
4.280644059181213379e-01
7.527013421058654785e-01
6.736139655113220215e-01
3.406783044338226318e-01
1.180565953254699707e-01
2.235532552003860474e-01
-6.390164494514465332e-01
5.051002502441406250e-01
3.718505799770355225e-01
9.290679693222045898e-01
9.931634068489074707e-01
-8.882233500480651855e-01
-7.454228997230529785e-01
-9.956431984901428223e-01
1.113424152135848999e-01
-7.364047765731811523e-01
7.400911450386047363e-01
8.779958486557006836e-01
9.035902619361877441e-01
3.117723464965820312e-01
5.309054851531982422e-01
8.665741980075836182e-02
-8.592664003372192383e-01
-7.432560324668884277e-01
-3.288649022579193115e-01
2.698216736316680908e-01
-7.687465548515319824e-01
-9.706242084503173828e-01
-6.917740106582641602e-01
-9.139304161071777344e-01
-7.317180037498474121e-01
-2.924397587776184082e-01
9.916441142559051514e-02
4.488559067249298096e-01
-2.557876408100128174e-01
4.345068335533142090e-02
9.264460802078247070e-01
5.817258264869451523e-03
-8.357353210449218750e-01
-9.658174514770507812e-01
-9.607367515563964844e-01
-3.029733896255493164e-01
-6.171553730964660645e-01
-3.011428713798522949e-01
-6.801186800003051758e-01
-7.143136262893676758e-01
-4.894536435604095459e-01
5.443496704101562500e-01
5.779373049736022949e-01
-9.790915250778198242e-01
-5.292433500289916992e-01
-1.518367556855082512e-03
5.722228288650512695e-01
-9.633550643920898438e-01
-8.811045885086059570e-01
7.190451025962829590e-02
-8.926265239715576172e-01
-4.414048790931701660e-01
-9.824910163879394531e-01
-5.958291292190551758e-01
2.632033526897430420e-01
4.869324862957000732e-01
-7.497811913490295410e-01
-9.870557785034179688e-01
3.387446403503417969e-01
3.451096117496490479e-01
9.669279456138610840e-01
9.759005904197692871e-01
-1.239439025521278381e-01
-8.473654985427856445e-01
-8.085944652557373047e-01
1.099953576922416687e-01
-5.414868593215942383e-01
-6.716046333312988281e-01
-9.147620201110839844e-01
3.459425568580627441e-01
-2.576948702335357666e-01
-8.135361671447753906e-01
9.791896343231201172e-01
4.885781109333038330e-01
-7.306014299392700195e-01
-9.143653512001037598e-01
-6.654744744300842285e-01
-5.031373500823974609e-01
-9.486971497535705566e-01
-9.605342745780944824e-01
-9.485312104225158691e-01
-5.648285150527954102e-01
-9.711090922355651855e-01
2.920869365334510803e-02
5.470998883247375488e-01
-4.551250040531158447e-01
-6.963709592819213867e-01
-9.886235594749450684e-01
-6.985396146774291992e-01
-2.819191217422485352e-01
5.864365100860595703e-01
8.708833456039428711e-01
7.710636854171752930e-01
2.293369323015213013e-01
4.822816408704966307e-04
7.312974333763122559e-01
2.105054212734103203e-03
-1.989782005548477173e-01
-7.093772888183593750e-01
3.747004270553588867e-01
9.353187084197998047e-01
-2.211347222328186035e-02
-3.531193435192108154e-01
2.734552323818206787e-01
-7.996787130832672119e-02
-3.853996992111206055e-01
-3.308222293853759766e-01
-9.374916553497314453e-01
2.738712728023529053e-01
3.506891429424285889e-01
-6.072453856468200684e-01
5.810874104499816895e-01
-9.340070486068725586e-01
-1.990870535373687744e-01
7.998640090227127075e-02
-2.251336425542831421e-01
-6.714397072792053223e-01
-1.746512353420257568e-01
2.332995235919952393e-01
-8.103039860725402832e-01
-7.675723433494567871e-01
-8.480526804924011230e-01
-9.057891964912414551e-01
1.345844417810440063e-01
9.632055759429931641e-01
7.838521003723144531e-01
7.127951383590698242e-01
-5.987334847450256348e-01
-8.972769975662231445e-01
-1.101047620177268982e-01
-6.211034655570983887e-01
-5.219117999076843262e-01
-7.957937121391296387e-01
-1.754042953252792358e-01
5.660418868064880371e-01
8.861203789710998535e-01
7.409960031509399414e-01
-8.766303062438964844e-01
-7.587603330612182617e-01
-6.390918493270874023e-01
7.359758615493774414e-01
-3.423444926738739014e-01
-4.762168228626251221e-01
-4.386237263679504395e-01
-5.864052772521972656e-01
-3.829121291637420654e-01
-7.491618394851684570e-01
7.582582235336303711e-01
