-9.973537325859069824e-01
-9.985730648040771484e-01
-9.963200092315673828e-01
-9.794160723686218262e-01
-8.947414755821228027e-01
-6.655148267745971680e-01
-1.570847779512405396e-01
4.036110639572143555e-01
6.776877045631408691e-01
8.804278969764709473e-01
9.198202490806579590e-01
8.674705028533935547e-01
7.629157304763793945e-01
7.920163273811340332e-01
7.187610268592834473e-01
7.780600786209106445e-01
6.292568445205688477e-01
5.383287072181701660e-01
-3.872400149703025818e-02
-3.067956566810607910e-01
-8.281912803649902344e-01
-8.911281824111938477e-01
-7.010115981101989746e-01
-3.871236741542816162e-01
3.554201424121856689e-01
8.817498683929443359e-01
9.306208491325378418e-01
8.870396614074707031e-01
9.373927712440490723e-01
7.626750469207763672e-01
5.638395547866821289e-01
-7.176075130701065063e-02
-6.014073491096496582e-01
-8.851006031036376953e-01
-3.675537407398223877e-01
-4.737111330032348633e-01
-3.413967788219451904e-01
2.036383002996444702e-01
9.026795029640197754e-01
9.574826359748840332e-01
9.397900104522705078e-01
8.360697031021118164e-01
7.540761232376098633e-01
2.951918840408325195e-01
-6.306539773941040039e-01
-9.023185968399047852e-01
-4.780601263046264648e-01
-4.199507236480712891e-01
-6.174497008323669434e-01
-1.324617266654968262e-01
5.512142181396484375e-01
9.456006288528442383e-01
9.639905691146850586e-01
9.274985194206237793e-01
6.307358741760253906e-01
1.722915172576904297e-01
-2.976547479629516602e-01
-8.118306398391723633e-01
-7.962071299552917480e-01
-4.531751275062561035e-01
2.756429910659790039e-01
4.735888540744781494e-01
8.908734321594238281e-01
9.848250746726989746e-01
6.326555013656616211e-01
-1.722622066736221313e-01
-4.886662364006042480e-01
-7.143114209175109863e-01
-6.139691472053527832e-01
4.158979281783103943e-02
3.304015100002288818e-01
8.791034817695617676e-01
9.861635565757751465e-01
9.838709235191345215e-01
4.456870853900909424e-01
-5.142539143562316895e-01
-7.256281375885009766e-01
-6.369518041610717773e-01
-7.198623567819595337e-02
2.944635450839996338e-01
3.354099392890930176e-01
8.276312351226806641e-01
9.837599396705627441e-01
8.719524145126342773e-01
-6.432521939277648926e-01
-9.481045007705688477e-01
-7.269750237464904785e-01
-6.257523298263549805e-01
-2.871223688125610352e-01
6.755483150482177734e-01
9.629631042480468750e-01
9.856257438659667969e-01
9.704626798629760742e-01
8.713003396987915039e-01
-7.716119885444641113e-01
-9.179185032844543457e-01
-7.538354396820068359e-01
-7.414474487304687500e-01
-3.199800476431846619e-02
5.563885569572448730e-01
9.797393679618835449e-01
9.782742857933044434e-01
9.201405048370361328e-01
-4.906415939331054688e-02
-5.048515200614929199e-01
-7.814810276031494141e-01
-7.107569575309753418e-01
-2.833153307437896729e-01
3.575159311294555664e-01
6.595711708068847656e-01
9.793591499328613281e-01
9.795151352882385254e-01
8.038845062255859375e-01
-5.070125460624694824e-01
-9.305000901222229004e-01
-8.199619650840759277e-01
-3.805412352085113525e-01
-4.818778932094573975e-01
2.203967571258544922e-01
9.607310891151428223e-01
9.893071055412292480e-01
9.575472474098205566e-01
9.389128088951110840e-01
-2.349172532558441162e-01
-9.155178070068359375e-01
-9.477306008338928223e-01
-6.040169000625610352e-01
-2.236664295196533203e-01
2.389349043369293213e-01
7.533708810806274414e-01
9.845538735389709473e-01
9.772869348526000977e-01
7.892107963562011719e-01
-3.112180233001708984e-01
-8.574884533882141113e-01
-9.266530275344848633e-01
-8.349096775054931641e-01
-5.624243021011352539e-01
-8.427033200860023499e-03
7.774721384048461914e-01
9.932046532630920410e-01
9.525809288024902344e-01
9.445804953575134277e-01
6.791855692863464355e-01
-5.323863029479980469e-01
-9.280411601066589355e-01
-8.409933447837829590e-01
-2.714006006717681885e-01
-1.722134053707122803e-01
4.268297553062438965e-01
9.628555774688720703e-01
9.475434422492980957e-01
8.837424516677856445e-01
-9.832374751567840576e-02
-6.950883269309997559e-01
-9.576225876808166504e-01
-8.429184556007385254e-01
-4.258332550525665283e-01
2.190623134374618530e-01
9.232033491134643555e-01
9.936723113059997559e-01
9.389929175376892090e-01
8.912967443466186523e-01
1.361758857965469360e-01
-8.740600943565368652e-01
-9.408745169639587402e-01
-8.292069435119628906e-01
-5.096471309661865234e-01
-1.047507748007774353e-01
7.961865663528442383e-01
9.764460325241088867e-01
9.701147675514221191e-01
8.946141004562377930e-01
3.103681206703186035e-01
-6.930896639823913574e-01
-9.733694791793823242e-01
-7.199171185493469238e-01
-7.410665750503540039e-01
-1.247750595211982727e-01
8.543749451637268066e-01
9.825842380523681641e-01
9.440856575965881348e-01
8.731259703636169434e-01
1.478396207094192505e-01
-5.550663471221923828e-01
-9.283523559570312500e-01
-6.999468803405761719e-01
-6.379745006561279297e-01
-2.283900678157806396e-01
6.831352114677429199e-01
9.761531352996826172e-01
9.360101222991943359e-01
9.644825458526611328e-01
2.743381559848785400e-01
-5.748903155326843262e-01
-8.790160417556762695e-01
-8.496545553207397461e-01
-7.261696457862854004e-01
-1.104974150657653809e-01
7.836891412734985352e-01
9.864635467529296875e-01
9.557133913040161133e-01
8.637939691543579102e-01
1.174525320529937744e-01
-3.481216728687286377e-01
-9.247744083404541016e-01
-8.958852887153625488e-01
-6.062676906585693359e-01
-2.885011434555053711e-01
6.886668205261230469e-01
9.760126471519470215e-01
9.608241319656372070e-01
9.287713766098022461e-01
4.120470583438873291e-01
-6.605352163314819336e-01
-9.613224267959594727e-01
-8.567141294479370117e-01
-4.777579605579376221e-01
-4.230527281761169434e-01
5.442172884941101074e-01
9.768321514129638672e-01
9.606829881668090820e-01
9.709016680717468262e-01
7.458671331405639648e-01
-3.765534758567810059e-01
-9.385388493537902832e-01
-9.322527647018432617e-01
-7.638128995895385742e-01
-1.984965801239013672e-01
6.538675427436828613e-01
9.639903903007507324e-01
9.498296380043029785e-01
8.934405446052551270e-01
4.252098500728607178e-01
-6.834142804145812988e-01
-9.409795999526977539e-01
-8.595539927482604980e-01
-8.286392092704772949e-01
-6.023774147033691406e-01
7.172159552574157715e-01
9.765226244926452637e-01
9.728558659553527832e-01
9.559068083763122559e-01
7.456411719322204590e-01
-4.689624309539794922e-01
-9.185773730278015137e-01
-8.378620743751525879e-01
-7.653153538703918457e-01
-1.963326334953308105e-01
5.729522705078125000e-01
9.699354171752929688e-01
9.758189320564270020e-01
9.075809121131896973e-01
1.673338860273361206e-01
-6.889309287071228027e-01
-9.584687352180480957e-01
-7.987662553787231445e-01
-6.972617506980895996e-01
-1.622043550014495850e-01
9.181172847747802734e-01
9.921259284019470215e-01
9.583674073219299316e-01
9.582336544990539551e-01
3.313148021697998047e-01
-6.506154537200927734e-01
-9.192276000976562500e-01
-8.339226841926574707e-01
-7.050395607948303223e-01
-5.651423335075378418e-02
9.158372282981872559e-01
9.889606833457946777e-01
9.166038036346435547e-01
8.319437503814697266e-01
1.492534577846527100e-01
-7.575052380561828613e-01
-9.255111217498779297e-01
-8.548639416694641113e-01
-6.764244437217712402e-01
8.108919486403465271e-03
7.659019827842712402e-01
9.795064330101013184e-01
9.511834383010864258e-01
9.188699722290039062e-01
4.547846913337707520e-01
-5.111916065216064453e-01
-9.548792243003845215e-01
-8.594015240669250488e-01
-5.096431374549865723e-01
-6.277347803115844727e-01
4.034764468669891357e-01
9.460904598236083984e-01
9.570564627647399902e-01
9.374922513961791992e-01
7.861782908439636230e-01
-5.593089461326599121e-01
-9.568571448326110840e-01
-9.030932784080505371e-01
-9.140492081642150879e-01
-2.612739205360412598e-01
4.765855967998504639e-01
9.589351415634155273e-01
9.523250460624694824e-01
9.341176152229309082e-01
7.948407530784606934e-01
-1.042438149452209473e-01
-8.706578612327575684e-01
-9.566671848297119141e-01
-8.003984093666076660e-01
-6.449814438819885254e-01
-1.072925888001918793e-02
8.762152791023254395e-01
9.856275916099548340e-01
9.506380558013916016e-01
9.220778346061706543e-01
6.366752386093139648e-01
-4.955013692378997803e-01
-9.637253880500793457e-01
-9.529055356979370117e-01
-8.643459677696228027e-01
-4.053870141506195068e-01
7.532973885536193848e-01
9.873512387275695801e-01
9.194742441177368164e-01
8.734489083290100098e-01
7.338140606880187988e-01
-4.462574124336242676e-01
-9.282529950141906738e-01
-9.598424434661865234e-01
-8.095001578330993652e-01
-5.708940625190734863e-01
6.023549437522888184e-01
9.824154973030090332e-01
9.331336617469787598e-01
8.639308810234069824e-01
6.614574193954467773e-01
-2.752613127231597900e-01
-9.060342311859130859e-01
-9.163631200790405273e-01
-7.753956317901611328e-01
-6.294935345649719238e-01
5.029108524322509766e-01
9.855391383171081543e-01
9.609826803207397461e-01
9.542632699012756348e-01
7.266994714736938477e-01
-7.379779219627380371e-02
-8.424493670463562012e-01
-9.741024971008300781e-01
-8.564515709877014160e-01
-7.989721894264221191e-01
4.488185942173004150e-01
9.830431342124938965e-01
9.834387898445129395e-01
8.830885291099548340e-01
8.480573892593383789e-01
1.019018590450286865e-01
-8.118273615837097168e-01
-9.557378292083740234e-01
-8.968874216079711914e-01
-5.632928013801574707e-01
-4.372732937335968018e-01
9.098241925239562988e-01
9.901341795921325684e-01
9.103407859802246094e-01
9.155685901641845703e-01
7.023401856422424316e-01
-5.617305040359497070e-01
-9.039837718009948730e-01
-8.071611523628234863e-01
-6.386757493019104004e-01
-6.460341066122055054e-02
7.298123240470886230e-01
9.854319691658020020e-01
8.522122502326965332e-01
7.774652242660522461e-01
-2.991759181022644043e-01
-7.889511585235595703e-01
-8.902807831764221191e-01
-9.223988652229309082e-01
-4.225843548774719238e-01
5.334982182830572128e-03
9.236301779747009277e-01
9.815573096275329590e-01
9.663057327270507812e-01
9.426236152648925781e-01
6.150519251823425293e-01
-4.414522647857666016e-01
-9.595727324485778809e-01
-9.473444223403930664e-01
-8.338627219200134277e-01
-3.698609769344329834e-01
6.570311784744262695e-01
9.902837276458740234e-01
9.453381299972534180e-01
8.920303583145141602e-01
6.789727210998535156e-01
-6.325837373733520508e-01
-9.523602724075317383e-01
-9.212362170219421387e-01
-6.740648150444030762e-01
-5.673533082008361816e-01
7.776811718940734863e-01
9.835691452026367188e-01
8.761733770370483398e-01
9.492741823196411133e-01
5.502761006355285645e-01
-6.132910251617431641e-01
-9.309664964675903320e-01
-8.478061556816101074e-01
-5.539192557334899902e-01
-3.181358873844146729e-01
3.630895316600799561e-01
9.851790666580200195e-01
9.427888393402099609e-01
8.761491775512695312e-01
5.857258439064025879e-01
-5.979438871145248413e-02
-9.031215310096740723e-01
-9.334865808486938477e-01
-8.035973906517028809e-01
-7.147620916366577148e-01
3.259755671024322510e-01
9.643569588661193848e-01
9.674229621887207031e-01
9.144947528839111328e-01
9.364275932312011719e-01
3.783897757530212402e-01
-8.454677462577819824e-01
-9.798036813735961914e-01
-9.122290611267089844e-01
-7.800688147544860840e-01
-3.151108920574188232e-01
8.071182966232299805e-01
9.909544587135314941e-01
9.136863946914672852e-01
9.702275991439819336e-01
7.021796107292175293e-01
-4.489032626152038574e-01
-8.913534879684448242e-01
-9.054823517799377441e-01
-8.037856221199035645e-01
-5.324310660362243652e-01
6.429102420806884766e-01
9.690085053443908691e-01
9.084671139717102051e-01
8.845010995864868164e-01
7.640044093132019043e-01
-7.018588781356811523e-01
-9.580578207969665527e-01
-8.567906618118286133e-01
-8.292919993400573730e-01
-1.260686665773391724e-01
7.075132131576538086e-01
9.885069131851196289e-01
9.272774457931518555e-01
8.766222596168518066e-01
4.663007557392120361e-01
-6.446514725685119629e-01
-9.644159674644470215e-01
-8.867261409759521484e-01
-7.082128524780273438e-01
-4.079358577728271484e-01
8.508421778678894043e-01
9.780805110931396484e-01
8.948868513107299805e-01
8.246210813522338867e-01
5.689508914947509766e-01
-4.523739218711853027e-01
-9.460044503211975098e-01
-9.035326838493347168e-01
-7.951900362968444824e-01
-3.044576011598110199e-02
7.517800927162170410e-01
9.860123395919799805e-01
8.902125954627990723e-01
8.338654637336730957e-01
4.596005082130432129e-01
-6.744694113731384277e-01
-9.813380241394042969e-01
-8.948976397514343262e-01
-5.421165227890014648e-01
-4.963036179542541504e-01
8.115557432174682617e-01
9.902037382125854492e-01
9.281620383262634277e-01
8.985573053359985352e-01
7.581288218498229980e-01
-7.544746398925781250e-01
-9.539046287536621094e-01
-9.375413060188293457e-01
-6.699703931808471680e-01
-5.597220063209533691e-01
7.998142242431640625e-01
9.774690270423889160e-01
9.485124945640563965e-01
9.183007478713989258e-01
6.372695565223693848e-01
-4.389747977256774902e-01
-9.338824748992919922e-01
-9.451959729194641113e-01
-7.257204055786132812e-01
-5.418187379837036133e-01
6.509326100349426270e-01
9.874131679534912109e-01
9.317534565925598145e-01
8.599300980567932129e-01
7.083705067634582520e-01
-6.327154636383056641e-01
-9.462049007415771484e-01
-8.391648530960083008e-01
-6.730344295501708984e-01
-2.237117439508438110e-01
8.177160024642944336e-01
9.803262948989868164e-01
8.580148816108703613e-01
8.175883889198303223e-01
2.563696801662445068e-01
-6.237149834632873535e-01
-9.702377915382385254e-01
-8.441668152809143066e-01
-6.979132890701293945e-01
-2.111131101846694946e-01
8.565434217453002930e-01
9.829155206680297852e-01
9.210137724876403809e-01
8.643895387649536133e-01
6.824045777320861816e-01
-1.271932274103164673e-01
-8.996242284774780273e-01
-9.601331949234008789e-01
-8.753454089164733887e-01
-8.122103214263916016e-01
1.716572195291519165e-01
9.538790583610534668e-01
9.592577219009399414e-01
9.310030341148376465e-01
8.363288640975952148e-01
2.689743936061859131e-01
-3.115267753601074219e-01
-9.703557491302490234e-01
-9.793202280998229980e-01
-8.596959114074707031e-01
-3.400917053222656250e-01
7.542492747306823730e-01
9.826081991195678711e-01
9.189599752426147461e-01
8.672974705696105957e-01
6.604011058807373047e-01
-3.574663698673248291e-01
-8.978067040443420410e-01
-9.488546848297119141e-01
-8.873054385185241699e-01
-5.386645197868347168e-01
7.696960568428039551e-01
9.805942773818969727e-01
9.240030646324157715e-01
8.896238207817077637e-01
7.488399147987365723e-01
-3.677608072757720947e-01
-9.446505904197692871e-01
-9.375399351119995117e-01
-7.394382357597351074e-01
-4.195736646652221680e-01
5.059965848922729492e-01
9.763714671134948730e-01
9.369426965713500977e-01
8.097401857376098633e-01
3.064216077327728271e-01
-2.260304391384124756e-01
-8.185905218124389648e-01
-9.083154797554016113e-01
-7.962627410888671875e-01
-7.041181921958923340e-01
6.983624100685119629e-01
9.903886914253234863e-01
9.744373559951782227e-01
8.435814380645751953e-01
7.245143651962280273e-01
9.272452443838119507e-02
-3.149245381355285645e-01
-9.412963986396789551e-01
-8.710909485816955566e-01
-7.855100631713867188e-01
-4.215723276138305664e-01
8.416428565979003906e-01
9.870220422744750977e-01
9.474623203277587891e-01
8.235899806022644043e-01
6.453918814659118652e-01
-2.911566197872161865e-01
-9.674112796783447266e-01
-9.545615315437316895e-01
-8.539258241653442383e-01
-8.179420828819274902e-01
8.085227608680725098e-01
9.721693992614746094e-01
9.764159917831420898e-01
8.750362992286682129e-01
8.010307550430297852e-01
-3.832786381244659424e-01
-8.896701335906982422e-01
-9.622695446014404297e-01
-9.168370366096496582e-01
-6.516059041023254395e-01
4.383575618267059326e-01
9.848798513412475586e-01
9.365001320838928223e-01
8.363251090049743652e-01
8.793479204177856445e-01
-5.880333483219146729e-02
-6.783955097198486328e-01
-9.719701409339904785e-01
-9.382210373878479004e-01
-8.431560397148132324e-01
3.970676064491271973e-01
9.656085371971130371e-01
9.662953615188598633e-01
9.310653805732727051e-01
8.359580636024475098e-01
2.723324894905090332e-01
-7.232937216758728027e-01
-9.307625293731689453e-01
-9.288775920867919922e-01
-8.229446411132812500e-01
-3.256130730733275414e-03
9.455478787422180176e-01
9.480967521667480469e-01
8.365197777748107910e-01
8.459417819976806641e-01
4.477340281009674072e-01
-6.940533518791198730e-01
-9.771311879158020020e-01
-9.390156865119934082e-01
-8.105794787406921387e-01
-6.497392654418945312e-01
8.195844888687133789e-01
9.797866344451904297e-01
9.287534356117248535e-01
9.440926909446716309e-01
8.937668800354003906e-01
-5.951170325279235840e-01
-9.214041233062744141e-01
-9.374296069145202637e-01
-8.095320463180541992e-01
-4.400959312915802002e-01
9.438754916191101074e-01
9.881962537765502930e-01
9.572193026542663574e-01
8.913362622261047363e-01
7.084697484970092773e-01
-5.787655711174011230e-01
-9.540579915046691895e-01
-9.456105828285217285e-01
-8.561032414436340332e-01
-6.132574081420898438e-01
5.329253077507019043e-01
9.893630743026733398e-01
9.198314547538757324e-01
9.350796341896057129e-01
6.424453854560852051e-01
1.076364889740943909e-01
-7.607059478759765625e-01
-9.864181280136108398e-01
-9.125983119010925293e-01
-8.468445539474487305e-01
-1.779182106256484985e-01
8.862405419349670410e-01
9.920458793640136719e-01
8.552065491676330566e-01
9.351286292076110840e-01
7.665404081344604492e-01
-7.019143700599670410e-01
-9.566784501075744629e-01
-9.031636714935302734e-01
-8.242484331130981445e-01
-1.227297410368919373e-01
6.982473731040954590e-01
9.838103055953979492e-01
9.311947226524353027e-01
7.517420053482055664e-01
5.431448817253112793e-01
-4.328460991382598877e-01
-9.334219694137573242e-01
-9.632842540740966797e-01
-8.104625344276428223e-01
-4.250152409076690674e-01
8.907117843627929688e-01
9.706469178199768066e-01
9.130635857582092285e-01
8.540511727333068848e-01
4.623891711235046387e-01
-4.538306891918182373e-01
-9.473648667335510254e-01
-9.597522616386413574e-01
-8.372050523757934570e-01
-4.884102046489715576e-01
7.150359153747558594e-01
9.808877706527709961e-01
9.298914074897766113e-01
8.908247351646423340e-01
7.428537011146545410e-01
-1.031227037310600281e-01
-8.680185675621032715e-01
-9.268578290939331055e-01
-8.476693630218505859e-01
-8.299148678779602051e-01
1.415927112102508545e-01
9.751929640769958496e-01
9.719146490097045898e-01
8.596031069755554199e-01
7.715399861335754395e-01
3.962799310684204102e-01
-6.360177397727966309e-01
-9.550313949584960938e-01
-9.478890299797058105e-01
-8.147766590118408203e-01
3.157870769500732422e-01
9.591305851936340332e-01
9.745151996612548828e-01
8.562623858451843262e-01
7.311453819274902344e-01
-8.881470561027526855e-02
-8.196153640747070312e-01
-9.780240058898925781e-01
-8.639943599700927734e-01
-8.650670051574707031e-01
5.479246377944946289e-01
9.833956956863403320e-01
9.229341149330139160e-01
9.360141158103942871e-01
8.833999037742614746e-01
3.758580684661865234e-01
-8.376411795616149902e-01
-9.790316820144653320e-01
-9.574888944625854492e-01
-8.270898461341857910e-01
-5.157064199447631836e-01
6.550745964050292969e-01
9.810864329338073730e-01
9.436376690864562988e-01
8.600383996963500977e-01
7.176057696342468262e-01
3.534052670001983643e-01
-8.044153451919555664e-01
-9.805534482002258301e-01
-9.177427291870117188e-01
-7.880978584289550781e-01
-2.139662802219390869e-01
7.918873429298400879e-01
9.775068759918212891e-01
8.962505459785461426e-01
7.606285810470581055e-01
7.727932929992675781e-01
-3.664404153823852539e-01
-9.311409592628479004e-01
-9.607272148132324219e-01
-8.923212885856628418e-01
-4.132152199745178223e-01
4.244736731052398682e-01
9.778738617897033691e-01
9.162262678146362305e-01
8.412693142890930176e-01
7.538925409317016602e-01
-4.605574160814285278e-02
-7.989071011543273926e-01
-9.596098661422729492e-01
-7.507945299148559570e-01
-7.228928804397583008e-01
2.526174485683441162e-01
9.565816521644592285e-01
9.471256732940673828e-01
9.312377572059631348e-01
7.295815944671630859e-01
9.973536431789398193e-02
-6.139372587203979492e-01
-9.646528363227844238e-01
-8.903729319572448730e-01
-7.541581392288208008e-01
-3.737889826297760010e-01
9.152284264564514160e-01
9.838188290596008301e-01
9.183272719383239746e-01
8.914557099342346191e-01
6.976068615913391113e-01
-2.973399460315704346e-01
-9.107909202575683594e-01
-9.874699711799621582e-01
-9.005507826805114746e-01
-6.294169425964355469e-01
7.543695569038391113e-01
9.818456768989562988e-01
9.455567002296447754e-01
8.052246570587158203e-01
5.552548766136169434e-01
1.439047157764434814e-01
-6.957940459251403809e-01
-9.711563587188720703e-01
-9.467644095420837402e-01
-7.397907376289367676e-01
-3.271210789680480957e-01
6.971584558486938477e-01
9.846515655517578125e-01
9.534914493560791016e-01
8.021066784858703613e-01
8.022727966308593750e-01
-1.412614434957504272e-01
-8.202703595161437988e-01
-9.665547609329223633e-01
-8.793708086013793945e-01
-5.458806157112121582e-01
5.240222215652465820e-01
9.782433509826660156e-01
8.791144490242004395e-01
9.006364345550537109e-01
7.231432199478149414e-01
-4.818656742572784424e-01
-9.354883432388305664e-01
-9.587385058403015137e-01
-8.714877963066101074e-01
-4.122118055820465088e-01
7.219327092170715332e-01
9.778636693954467773e-01
9.242596030235290527e-01
9.035092592239379883e-01
6.693248152732849121e-01
-3.962657153606414795e-01
-9.249496459960937500e-01
-9.409491419792175293e-01
-8.973035216331481934e-01
-5.549052953720092773e-01
7.498216032981872559e-01
9.866710901260375977e-01
7.920318245887756348e-01
8.816499710083007812e-01
6.326624155044555664e-01
1.207377612590789795e-01
-8.678705692291259766e-01
-9.770497679710388184e-01
-8.595737218856811523e-01
-8.411403894424438477e-01
1.688455045223236084e-01
9.748796820640563965e-01
9.397473931312561035e-01
8.805324435234069824e-01
5.377433896064758301e-01
6.284396648406982422e-01
-5.303798913955688477e-01
-9.712499380111694336e-01
-9.669594168663024902e-01
-9.055929183959960938e-01
-3.064802289009094238e-01
8.110722303390502930e-01
9.560403823852539062e-01
9.298980236053466797e-01
9.233528971672058105e-01
7.084646224975585938e-01
-2.737503051757812500e-01
-9.170832037925720215e-01
-9.344597458839416504e-01
-8.815838694572448730e-01
-7.400344014167785645e-01
6.426725387573242188e-01
9.760085940361022949e-01
9.353070259094238281e-01
8.809546828269958496e-01
8.749015331268310547e-01
-2.940273880958557129e-01
-9.651585221290588379e-01
-9.729964733123779297e-01
-8.854678869247436523e-01
-7.873812317848205566e-01
-1.598438024520874023e-01
9.661229848861694336e-01
9.587889313697814941e-01
9.552629590034484863e-01
9.361431598663330078e-01
7.460162043571472168e-01
-6.210452914237976074e-01
-9.436427354812622070e-01
-9.409863352775573730e-01
-7.965665459632873535e-01
-2.763484418392181396e-01
8.801165819168090820e-01
9.726838469505310059e-01
8.336873650550842285e-01
7.592900395393371582e-01
4.066212773323059082e-01
-5.006778240203857422e-01
-9.410496950149536133e-01
-9.351426362991333008e-01
-9.040374159812927246e-01
-2.928060591220855713e-01
8.066742420196533203e-01
9.837068319320678711e-01
9.316220283508300781e-01
8.286878466606140137e-01
7.912757992744445801e-01
-2.401807755231857300e-01
-8.728709220886230469e-01
-9.845957159996032715e-01
-9.243885278701782227e-01
-7.970531582832336426e-01
2.091736644506454468e-01
9.517068862915039062e-01
9.793739914894104004e-01
9.245413541793823242e-01
7.651453614234924316e-01
1.303562968969345093e-01
-4.435736238956451416e-01
-9.076504111289978027e-01
-9.724504351615905762e-01
-7.313227653503417969e-01
-2.202846407890319824e-01
7.116244435310363770e-01
9.707833528518676758e-01
9.322301745414733887e-01
9.316211938858032227e-01
4.591971039772033691e-01
-4.385569095611572266e-01
-9.541484117507934570e-01
-9.827890396118164062e-01
-7.921886444091796875e-01
-2.571067810058593750e-01
8.174748420715332031e-01
9.707768559455871582e-01
8.827752470970153809e-01
7.937694191932678223e-01
4.804326295852661133e-01
-5.003162622451782227e-01
-8.953029513359069824e-01
-9.765410423278808594e-01
-8.601582050323486328e-01
-7.691243290901184082e-02
9.177828431129455566e-01
9.835491180419921875e-01
9.118766784667968750e-01
7.872571945190429688e-01
2.741104066371917725e-01
-6.003988981246948242e-01
-9.834039807319641113e-01
-9.260277152061462402e-01
-8.839026093482971191e-01
-1.067853420972824097e-01
8.928750753402709961e-01
9.778673648834228516e-01
8.293756246566772461e-01
8.706808686256408691e-01
7.014752626419067383e-01
-7.158558368682861328e-01
-9.699959754943847656e-01
-9.455314278602600098e-01
-9.142113924026489258e-01
-3.793838024139404297e-01
7.518208026885986328e-01
9.710739254951477051e-01
8.945090174674987793e-01
8.614093065261840820e-01
5.868632197380065918e-01
-3.991864919662475586e-01
-9.299028515815734863e-01
-9.683871865272521973e-01
-9.247825145721435547e-01
-1.681245118379592896e-01
8.987944722175598145e-01
9.752284884452819824e-01
8.827948570251464844e-01
8.892533779144287109e-01
1.816946417093276978e-01
-1.682006269693374634e-01
-8.945260643959045410e-01
-9.742705225944519043e-01
-8.393611311912536621e-01
-4.657196998596191406e-01
6.207290291786193848e-01
9.718095660209655762e-01
9.104084968566894531e-01
9.288646578788757324e-01
7.466422915458679199e-01
-4.611225128173828125e-01
-9.099683761596679688e-01
-9.503756761550903320e-01
-9.079148173332214355e-01
-5.285730361938476562e-01
5.753688812255859375e-01
9.819961190223693848e-01
9.143788814544677734e-01
8.319777846336364746e-01
8.565040230751037598e-01
-2.997255623340606689e-01
-8.786023855209350586e-01
-9.672974944114685059e-01
-8.724623918533325195e-01
-6.962523460388183594e-01
5.885837078094482422e-01
9.820914268493652344e-01
9.101986885070800781e-01
7.709826231002807617e-01
6.216250658035278320e-01
-5.575048923492431641e-01
-9.245858192443847656e-01
-9.356200098991394043e-01
-8.733816146850585938e-01
-1.836863011121749878e-01
9.621489644050598145e-01
9.704770445823669434e-01
9.074626564979553223e-01
8.208597898483276367e-01
5.805140137672424316e-01
-7.685125619173049927e-02
-8.403853178024291992e-01
-9.455645680427551270e-01
-9.028573036193847656e-01
-6.637123227119445801e-01
4.337233304977416992e-01
9.672963023185729980e-01
9.422959685325622559e-01
6.836643815040588379e-01
7.780539989471435547e-01
3.789888024330139160e-01
-6.623975634574890137e-01
-9.573819041252136230e-01
-9.678950309753417969e-01
-9.429340958595275879e-01
-6.465761661529541016e-01
6.407853364944458008e-01
9.886224865913391113e-01
8.654763102531433105e-01
8.590055704116821289e-01
7.216636538505554199e-01
1.414195001125335693e-01
-6.364114284515380859e-01
-9.758272767066955566e-01
-8.919902443885803223e-01
-8.113433718681335449e-01
2.453404068946838379e-01
9.699322581291198730e-01
9.428610205650329590e-01
7.358311414718627930e-01
7.751213908195495605e-01
9.521972388029098511e-02
-6.539602875709533691e-01
-9.576683640480041504e-01
-9.431284070014953613e-01
-8.092205524444580078e-01
4.432121217250823975e-01
9.799153208732604980e-01
9.611863493919372559e-01
8.241431713104248047e-01
8.926232457160949707e-01
9.270451217889785767e-02
-7.971547245979309082e-01
-9.678545594215393066e-01
-9.598205089569091797e-01
-7.578923106193542480e-01
-1.939151585102081299e-01
8.460214734077453613e-01
9.699262976646423340e-01
8.883096575736999512e-01
8.376767635345458984e-01
6.354988813400268555e-01
-2.241347581148147583e-01
-8.221699595451354980e-01
-9.767554402351379395e-01
-9.423096776008605957e-01
-6.883270144462585449e-01
3.593639433383941650e-01
9.872406721115112305e-01
9.153017401695251465e-01
8.057231903076171875e-01
7.207805514335632324e-01
5.396781563758850098e-01
-7.475646734237670898e-01
-9.780714511871337891e-01
-9.660621285438537598e-01
-9.218199849128723145e-01
-5.014470219612121582e-01
7.367928028106689453e-01
9.834218025207519531e-01
8.510645627975463867e-01
8.535006642341613770e-01
6.182695031166076660e-01
-1.609245389699935913e-01
-6.962034702301025391e-01
-9.855345487594604492e-01
-9.227293133735656738e-01
-6.215242147445678711e-01
7.932316064834594727e-01
9.831607937812805176e-01
8.616473674774169922e-01
8.915553689002990723e-01
4.379349946975708008e-01
1.567950472235679626e-02
-8.639334440231323242e-01
-9.623450040817260742e-01
-8.975573778152465820e-01
-7.325916886329650879e-01
4.225785136222839355e-01
9.742779135704040527e-01
9.483754038810729980e-01
7.777180671691894531e-01
7.302992343902587891e-01
3.527880012989044189e-01
-4.068728685379028320e-01
-9.525904655456542969e-01
-9.775153398513793945e-01
-9.327537417411804199e-01
-4.351948201656341553e-01
6.586243510246276855e-01
9.775301218032836914e-01
8.660949468612670898e-01
7.747867703437805176e-01
5.438128709793090820e-01
-2.138886451721191406e-01
-8.207617402076721191e-01
-9.480250477790832520e-01
-9.097226262092590332e-01
-5.866832137107849121e-01
6.148564219474792480e-01
9.761818647384643555e-01
9.151248931884765625e-01
6.150373816490173340e-01
7.959091067314147949e-01
-1.115147024393081665e-01
-7.326296567916870117e-01
-9.708009362220764160e-01
-8.879684805870056152e-01
-2.948105931282043457e-01
5.317499041557312012e-01
9.607942104339599609e-01
9.190744161605834961e-01
7.421123385429382324e-01
5.143907070159912109e-01
-1.046596392989158630e-01
-8.559008836746215820e-01
-9.757874608039855957e-01
-9.025793671607971191e-01
-6.556845903396606445e-01
7.046517729759216309e-01
9.562065005302429199e-01
8.568879365921020508e-01
8.703009486198425293e-01
7.052553892135620117e-01
7.450193911790847778e-02
-6.835419535636901855e-01
-9.774352312088012695e-01
-9.409202337265014648e-01
-8.749600052833557129e-01
-2.237032949924468994e-01
8.026481270790100098e-01
9.663560986518859863e-01
8.675674796104431152e-01
8.733448982238769531e-01
7.571413516998291016e-01
-7.184472084045410156e-01
-9.655438065528869629e-01
-9.523138999938964844e-01
-8.998340368270874023e-01
4.712457302957773209e-03
8.452927470207214355e-01
9.728922247886657715e-01
8.442099690437316895e-01
7.284298539161682129e-01
-8.568615466356277466e-02
-3.394224047660827637e-01
-7.421191930770874023e-01
-9.323203563690185547e-01
-8.696821928024291992e-01
-2.885136008262634277e-01
9.038112163543701172e-01
9.699474573135375977e-01
8.707816004753112793e-01
9.088042378425598145e-01
7.013901472091674805e-01
-6.427117586135864258e-01
-9.540603756904602051e-01
-9.204775094985961914e-01
-8.592739105224609375e-01
-1.942614316940307617e-01
7.755175232887268066e-01
9.879567027091979980e-01
8.613439202308654785e-01
6.814718246459960938e-01
5.813459753990173340e-01
-5.702221989631652832e-01
-9.499229192733764648e-01
-9.615218043327331543e-01
-8.900716900825500488e-01
-3.696390092372894287e-01
9.224563837051391602e-01
9.614158272743225098e-01
8.575671315193176270e-01
7.219538092613220215e-01
1.684616208076477051e-01
-1.089142188429832458e-01
-7.695418596267700195e-01
-9.645230174064636230e-01
-9.064501523971557617e-01
-4.204826056957244873e-01
8.593958020210266113e-01
9.834178090095520020e-01
7.967699170112609863e-01
8.304905891418457031e-01
7.703697681427001953e-01
-1.269011646509170532e-01
-8.003877401351928711e-01
-9.606173038482666016e-01
-9.307748675346374512e-01
-8.575078845024108887e-01
2.214923948049545288e-01
9.576447010040283203e-01
9.321169853210449219e-01
9.339398741722106934e-01
8.623877763748168945e-01
3.279072940349578857e-01
-7.013218998908996582e-01
-9.787607192993164062e-01
-9.729139804840087891e-01
-9.334728121757507324e-01
-1.168864220380783081e-01
7.540233731269836426e-01
9.589643478393554688e-01
8.239602446556091309e-01
7.791422605514526367e-01
6.609754562377929688e-01
-4.399419724941253662e-01
-9.570640921592712402e-01
-9.790414571762084961e-01
-8.830214738845825195e-01
-6.762483716011047363e-01
8.012639284133911133e-01
9.699241518974304199e-01
7.977005839347839355e-01
8.601295351982116699e-01
5.524246692657470703e-01
1.120970547199249268e-01
-6.517845988273620605e-01
-9.822606444358825684e-01
-9.250050783157348633e-01
-8.394426703453063965e-01
4.367692768573760986e-01
9.647378325462341309e-01
8.749273419380187988e-01
7.433783411979675293e-01
5.108299255371093750e-01
1.848772764205932617e-01
-5.782822966575622559e-01
-9.595217704772949219e-01
-9.172034263610839844e-01
-7.912347316741943359e-01
4.791868627071380615e-01
9.703112840652465820e-01
9.167425036430358887e-01
6.917046904563903809e-01
6.891729235649108887e-01
3.372160345315933228e-02
-5.237922072410583496e-01
-9.716008305549621582e-01
-9.522642493247985840e-01
-8.252995610237121582e-01
3.083079159259796143e-01
9.697483181953430176e-01
9.677157402038574219e-01
8.642029762268066406e-01
7.017900943756103516e-01
1.214048415422439575e-01
-6.156184077262878418e-01
-9.233515262603759766e-01
-9.422537684440612793e-01
-8.298056721687316895e-01
3.683627545833587646e-01
9.631404280662536621e-01
8.955470919609069824e-01
6.772560477256774902e-01
8.331049084663391113e-01
-2.747349441051483154e-01
-7.685710191726684570e-01
-9.779939651489257812e-01
-8.636053204536437988e-01
-7.871748208999633789e-01
6.375912427902221680e-01
9.785783886909484863e-01
8.691261410713195801e-01
8.803494572639465332e-01
6.511994004249572754e-01
-1.184948831796646118e-01
-8.739774823188781738e-01
-9.639322757720947266e-01
-9.500383734703063965e-01
-6.992891430854797363e-01
6.316849589347839355e-01
9.791414737701416016e-01
9.200341701507568359e-01
8.258939385414123535e-01
6.540189385414123535e-01
6.796408444643020630e-02
-7.197728753089904785e-01
-9.475923776626586914e-01
-9.764269590377807617e-01
-9.093218445777893066e-01
6.185433864593505859e-01
9.707927703857421875e-01
9.387372732162475586e-01
7.550748586654663086e-01
6.625308394432067871e-01
-2.259533554315567017e-01
-8.329698443412780762e-01
-9.862056970596313477e-01
-9.607826471328735352e-01
-6.555070877075195312e-01
5.716954469680786133e-01
9.808219671249389648e-01
8.121132850646972656e-01
7.441203594207763672e-01
7.433515191078186035e-01
2.054649591445922852e-01
-7.448373436927795410e-01
-9.616109132766723633e-01
-9.334245324134826660e-01
-7.425167560577392578e-01
3.546938896179199219e-01
9.399194121360778809e-01
9.034883975982666016e-01
7.752972841262817383e-01
7.494114041328430176e-01
-3.245489299297332764e-01
-6.718164682388305664e-01
-9.754881858825683594e-01
-9.454787373542785645e-01
-4.501328766345977783e-01
7.728233933448791504e-01
9.711893200874328613e-01
8.226824402809143066e-01
8.101839423179626465e-01
3.409827649593353271e-01
-2.528993487358093262e-01
-8.338346481323242188e-01
-9.685359597206115723e-01
-8.749807476997375488e-01
-3.898952603340148926e-01
7.328852415084838867e-01
9.818130135536193848e-01
7.807761430740356445e-01
7.976906895637512207e-01
5.979681015014648438e-01
-4.243050515651702881e-01
-9.256665110588073730e-01
-9.404956102371215820e-01
-8.556520342826843262e-01
-2.045618593692779541e-01
8.028866052627563477e-01
9.605130553245544434e-01
8.095003366470336914e-01
8.128576278686523438e-01
6.358576416969299316e-01
-1.596605479717254639e-01
-7.664041519165039062e-01
-9.853566884994506836e-01
-9.628255367279052734e-01
-8.261772990226745605e-01
2.009256631135940552e-01
8.718599081039428711e-01
9.253066778182983398e-01
8.162034153938293457e-01
6.133621931076049805e-01
4.502606093883514404e-01
-1.530618071556091309e-01
-8.745998144149780273e-01
-9.853546023368835449e-01
-9.106951355934143066e-01
-6.343400478363037109e-01
6.601804494857788086e-01
9.311448335647583008e-01
8.308693766593933105e-01
6.582288146018981934e-01
6.824640631675720215e-01
-3.240708708763122559e-01
-8.053749799728393555e-01
-9.781220555305480957e-01
-8.580226898193359375e-01
-1.779995113611221313e-01
8.137711286544799805e-01
9.679198265075683594e-01
8.345346450805664062e-01
8.133966922760009766e-01
2.152565568685531616e-01
-2.899789512157440186e-01
-8.536909818649291992e-01
-9.773639440536499023e-01
-7.411561608314514160e-01
-8.013870567083358765e-02
9.197282195091247559e-01
9.128186106681823730e-01
8.781442046165466309e-01
5.273208022117614746e-01
1.928715556859970093e-01
-5.141624212265014648e-01
-8.362625241279602051e-01
-9.836154580116271973e-01
-8.463470339775085449e-01
-7.676935195922851562e-02
9.297181963920593262e-01
9.647250175476074219e-01
8.970142602920532227e-01
8.165318369865417480e-01
4.245550930500030518e-01
-7.755412459373474121e-01
-9.555848240852355957e-01
-9.676933884620666504e-01
-7.239651679992675781e-01
7.214941829442977905e-02
9.456048607826232910e-01
8.408709168434143066e-01
7.826602458953857422e-01
6.090362071990966797e-01
3.304450809955596924e-01
-3.477634489536285400e-01
-9.038069844245910645e-01
-9.616327881813049316e-01
-8.770292401313781738e-01
-4.466895759105682373e-01
8.587710857391357422e-01
9.487515687942504883e-01
8.285436034202575684e-01
8.098066449165344238e-01
3.545414507389068604e-01
-1.611914336681365967e-01
-7.983520030975341797e-01
-9.874389171600341797e-01
-9.244864583015441895e-01
-5.447769761085510254e-01
8.214528560638427734e-01
9.808750152587890625e-01
8.843976259231567383e-01
7.465944290161132812e-01
6.544632315635681152e-01
-3.965327143669128418e-01
-8.896228671073913574e-01
-9.704955220222473145e-01
-9.015952348709106445e-01
-5.241951942443847656e-01
8.662643432617187500e-01
9.662372469902038574e-01
7.244382500648498535e-01
7.569000124931335449e-01
7.302243709564208984e-01
-3.989602029323577881e-01
-8.787615299224853516e-01
-9.684746861457824707e-01
-8.788047432899475098e-01
-1.462386697530746460e-01
7.831596136093139648e-01
9.543181061744689941e-01
7.375718355178833008e-01
5.511727929115295410e-01
4.750018119812011719e-01
-6.367788910865783691e-01
-9.587988853454589844e-01
-9.572873115539550781e-01
-8.610405325889587402e-01
1.975118368864059448e-01
9.689692854881286621e-01
9.674680233001708984e-01
6.309245824813842773e-01
6.699017286300659180e-01
3.861986696720123291e-01
-6.617552638053894043e-01
-9.140093922615051270e-01
-9.288167357444763184e-01
-7.380373477935791016e-01
2.796941995620727539e-01
9.665271043777465820e-01
9.101423025131225586e-01
7.564821839332580566e-01
6.491883397102355957e-01
3.583806157112121582e-01
-7.292599678039550781e-01
-9.539321660995483398e-01
-9.591538906097412109e-01
-9.228562712669372559e-01
5.803999304771423340e-02
7.613654732704162598e-01
9.528378844261169434e-01
8.779825568199157715e-01
5.738005042076110840e-01
3.288740813732147217e-01
-2.557508647441864014e-01
-8.883466720581054688e-01
-8.983434438705444336e-01
-9.153288602828979492e-01
-1.741972118616104126e-01
8.337002992630004883e-01
9.252520203590393066e-01
7.948714494705200195e-01
6.459070444107055664e-01
4.598366916179656982e-01
-4.001412093639373779e-01
-8.571476936340332031e-01
-9.660890102386474609e-01
-8.366664052009582520e-01
-5.387804284691810608e-02
8.678106069564819336e-01
9.362369775772094727e-01
7.935824394226074219e-01
6.805397868156433105e-01
2.289655506610870361e-01
-4.513464868068695068e-01
-8.902025222778320312e-01
-9.537677168846130371e-01
-7.778612375259399414e-01
-3.626361787319183350e-01
8.633354306221008301e-01
9.606235623359680176e-01
7.517312765121459961e-01
7.899181246757507324e-01
4.640748798847198486e-01
-4.494674503803253174e-01
-8.574703931808471680e-01
-9.500198960304260254e-01
-8.358322381973266602e-01
1.366801112890243530e-01
9.324469566345214844e-01
8.930401206016540527e-01
7.966210842132568359e-01
6.423081159591674805e-01
6.493791937828063965e-02
-5.890697240829467773e-01
-9.216805100440979004e-01
-9.506608247756958008e-01
-7.774802446365356445e-01
1.995293498039245605e-01
9.412522912025451660e-01
9.362001419067382812e-01
6.993436813354492188e-01
5.150811076164245605e-01
3.664078712463378906e-01
-3.325303196907043457e-01
-8.247458934783935547e-01
-9.753655791282653809e-01
-8.623383045196533203e-01
-3.407011330127716064e-01
9.253404736518859863e-01
9.285904169082641602e-01
8.331430554389953613e-01
7.444196343421936035e-01
3.560752868652343750e-01
-2.006288468837738037e-01
-6.155677437782287598e-01
-9.917587041854858398e-01
-9.396278858184814453e-01
-6.939984560012817383e-01
6.844434142112731934e-01
9.191811680793762207e-01
8.611348271369934082e-01
8.260334134101867676e-01
5.478906631469726562e-01
-2.824079692363739014e-01
-7.640327215194702148e-01
-9.754911661148071289e-01
-9.283782243728637695e-01
-3.475034534931182861e-01
8.036304712295532227e-01
9.095728397369384766e-01
7.262093424797058105e-01
7.908180356025695801e-01
8.026843070983886719e-01
-4.391763210296630859e-01
-9.175564050674438477e-01
-9.724692106246948242e-01
-8.572582006454467773e-01
-6.778362393379211426e-01
7.809529900550842285e-01
9.424438476562500000e-01
7.670777440071105957e-01
8.071011304855346680e-01
6.982213258743286133e-01
-4.233097732067108154e-01
-8.686081171035766602e-01
-9.702209234237670898e-01
-8.924772739410400391e-01
-3.209569156169891357e-01
7.608554959297180176e-01
8.857677578926086426e-01
8.300553560256958008e-01
7.043846249580383301e-01
3.758707642555236816e-01
-4.810357093811035156e-01
-9.027997255325317383e-01
-9.745050668716430664e-01
-8.736970424652099609e-01
4.460345208644866943e-01
9.582577347755432129e-01
8.424581885337829590e-01
6.649365425109863281e-01
5.353543758392333984e-01
1.061031147837638855e-01
-4.840354323387145996e-01
-9.015806913375854492e-01
-9.096606373786926270e-01
-7.796002626419067383e-01
3.549508154392242432e-01
9.807515740394592285e-01
9.316725730895996094e-01
6.129313111305236816e-01
7.390294075012207031e-01
-2.585373520851135254e-01
-7.042485475540161133e-01
-9.430209398269653320e-01
-9.274985790252685547e-01
-1.846607625484466553e-01
8.009251952171325684e-01
9.012198448181152344e-01
7.654815912246704102e-01
6.863085031509399414e-01
9.579719603061676025e-02
-4.467061460018157959e-01
-8.480368852615356445e-01
-9.651098847389221191e-01
-8.800542354583740234e-01
3.680209815502166748e-01
9.445655345916748047e-01
9.006422758102416992e-01
8.351851701736450195e-01
8.190509676933288574e-01
-1.667133904993534088e-02
-5.432131886482238770e-01
-9.589730501174926758e-01
-9.781681895256042480e-01
-8.509731292724609375e-01
2.288456559181213379e-01
9.336723089218139648e-01
8.815008997917175293e-01
7.281231880187988281e-01
7.391604781150817871e-01
4.801197946071624756e-01
-5.074169635772705078e-01
-9.451343417167663574e-01
-9.864511489868164062e-01
-9.599776864051818848e-01
-4.111168980598449707e-01
8.856241106986999512e-01
9.344731569290161133e-01
5.866781473159790039e-01
6.661881804466247559e-01
6.326398849487304688e-01
-4.473209977149963379e-01
-8.090558648109436035e-01
-9.708876013755798340e-01
-8.773170709609985352e-01
-2.642999887466430664e-01
9.642798304557800293e-01
9.594368934631347656e-01
7.392489314079284668e-01
5.332663655281066895e-01
1.204921230673789978e-01
4.766255244612693787e-02
-5.047845244407653809e-01
-9.373349547386169434e-01
-9.484658837318420410e-01
-2.042181491851806641e-01
8.383515477180480957e-01
9.755291342735290527e-01
8.345301151275634766e-01
5.763768553733825684e-01
3.338814377784729004e-01
-6.529899239540100098e-01
-9.577885270118713379e-01
-9.511740207672119141e-01
-6.898115873336791992e-01
4.306335151195526123e-01
9.615072607994079590e-01
9.001756310462951660e-01
5.103313326835632324e-01
6.240926980972290039e-01
-1.246477570384740829e-02
-7.583191394805908203e-01
-9.452563524246215820e-01
-9.496378898620605469e-01
-5.109955072402954102e-01
5.338041186332702637e-01
9.599143862724304199e-01
8.853058815002441406e-01
6.583972573280334473e-01
6.810140013694763184e-01
4.764744546264410019e-03
-3.022506833076477051e-01
-9.253331422805786133e-01
-9.660900831222534180e-01
-8.717157244682312012e-01
-1.231634896248579025e-02
7.971779704093933105e-01
9.180430769920349121e-01
7.652563452720642090e-01
7.906555533409118652e-01
3.782919943332672119e-01
-7.446342110633850098e-01
-9.522886276245117188e-01
-9.623985290527343750e-01
-7.705940604209899902e-01
5.146593451499938965e-01
9.148306250572204590e-01
7.845113277435302734e-01
6.777579784393310547e-01
5.714389681816101074e-01
-1.778001189231872559e-01
-6.466558575630187988e-01
-9.741622805595397949e-01
-9.541928172111511230e-01
-7.090836167335510254e-01
8.148101568222045898e-01
9.531056880950927734e-01
7.002229690551757812e-01
8.062394261360168457e-01
6.183832287788391113e-01
-1.648413836956024170e-01
-7.068166732788085938e-01
-9.498400092124938965e-01
-9.552877545356750488e-01
-3.757670223712921143e-01
6.792963743209838867e-01
9.023260474205017090e-01
8.260480761528015137e-01
8.223106861114501953e-01
3.218812048435211182e-01
-5.301263928413391113e-01
-8.637770414352416992e-01
-9.565936326980590820e-01
-8.624165654182434082e-01
3.289075195789337158e-01
9.414721727371215820e-01
8.713217973709106445e-01
6.867337822914123535e-01
4.056117832660675049e-01
3.045134544372558594e-01
-3.943665027618408203e-01
-9.062597155570983887e-01
-9.828689098358154297e-01
-8.458529114723205566e-01
-1.617243438959121704e-01
8.738209605216979980e-01
9.143732190132141113e-01
8.579084277153015137e-01
7.250747084617614746e-01
3.396468162536621094e-01
1.081388816237449646e-01
-6.877078413963317871e-01
-9.426903724670410156e-01
-9.201237559318542480e-01
-6.630644798278808594e-01
3.044796586036682129e-01
9.215739965438842773e-01
8.074725866317749023e-01
6.232365369796752930e-01
6.291025280952453613e-01
8.631469309329986572e-02
-6.281853914260864258e-01
-9.374470114707946777e-01
-9.487587213516235352e-01
-6.721414923667907715e-01
5.930130481719970703e-01
9.631874561309814453e-01
9.095864295959472656e-01
5.692590475082397461e-01
5.719312429428100586e-01
-3.802497684955596924e-01
-8.382792472839355469e-01
-9.457831978797912598e-01
-9.296186566352844238e-01
4.916835948824882507e-02
9.007466435432434082e-01
9.119324088096618652e-01
7.358971834182739258e-01
5.776099562644958496e-01
3.415736556053161621e-01
-2.740942537784576416e-01
-8.539313077926635742e-01
-9.726010560989379883e-01
-9.074994325637817383e-01
5.457462370395660400e-02
9.102281928062438965e-01
9.202652573585510254e-01
8.113375902175903320e-01
4.305774867534637451e-01
2.452204376459121704e-01
-4.734869003295898438e-01
-9.098312258720397949e-01
-9.661365747451782227e-01
-9.169213771820068359e-01
3.915814161300659180e-01
9.358922243118286133e-01
8.525614142417907715e-01
8.267760872840881348e-01
5.252205729484558105e-01
-1.575707793235778809e-01
-5.931426286697387695e-01
-8.987972736358642578e-01
-9.443944692611694336e-01
-6.141486167907714844e-01
4.627274572849273682e-01
9.447282552719116211e-01
7.735093832015991211e-01
6.709172725677490234e-01
5.173860192298889160e-01
2.818148434162139893e-01
9.553497284650802612e-02
-8.515722155570983887e-01
-9.634814858436584473e-01
-8.211696743965148926e-01
-9.657073020935058594e-02
8.038366436958312988e-01
8.902918696403503418e-01
7.243692278861999512e-01
4.357718229293823242e-01
4.580391105264425278e-03
-4.757820367813110352e-01
-9.255711436271667480e-01
-9.328010082244873047e-01
-8.318147659301757812e-01
5.827073454856872559e-01
9.650725722312927246e-01
8.589609265327453613e-01
5.050788521766662598e-01
6.368049979209899902e-01
1.375666409730911255e-01
-3.532988429069519043e-01
-8.660913109779357910e-01
-9.720141887664794922e-01
-7.923929095268249512e-01
5.345960855484008789e-01
9.449090957641601562e-01
7.479563355445861816e-01
7.027137279510498047e-01
3.194785118103027344e-01
3.156109480187296867e-03
-4.989334642887115479e-01
-9.301395416259765625e-01
-9.676178097724914551e-01
-7.275367379188537598e-01
7.650216221809387207e-01
9.272809624671936035e-01
8.469615578651428223e-01
6.425796151161193848e-01
4.377760291099548340e-01
-1.271890401840209961e-01
-7.015362381935119629e-01
-8.719755411148071289e-01
-9.144828915596008301e-01
-5.661534667015075684e-01
8.584328293800354004e-01
9.296229481697082520e-01
7.259983420372009277e-01
4.687141478061676025e-01
6.580308675765991211e-01
-3.611088395118713379e-01
-6.799872517585754395e-01
-9.275577068328857422e-01
-9.440957903861999512e-01
-1.183358356356620789e-01
9.245350360870361328e-01
9.423525333404541016e-01
8.448873758316040039e-01
6.634507179260253906e-01
2.509249448776245117e-01
-8.074290752410888672e-01
-9.572705626487731934e-01
-9.476630091667175293e-01
-8.086202740669250488e-01
6.347348093986511230e-01
9.209423661231994629e-01
7.523053288459777832e-01
6.945517659187316895e-01
3.996975719928741455e-01
9.740460664033889771e-02
-6.470242142677307129e-01
-9.182386994361877441e-01
-9.439555406570434570e-01
-5.046352148056030273e-01
7.915197610855102539e-01
9.293606281280517578e-01
7.637966871261596680e-01
7.815505862236022949e-01
-1.277512907981872559e-01
-3.421036601066589355e-01
-8.220423460006713867e-01
-9.504032731056213379e-01
-9.183571338653564453e-01
5.354967713356018066e-01
9.207333922386169434e-01
9.033595919609069824e-01
7.403412461280822754e-01
7.042720913887023926e-01
-7.951240241527557373e-02
-6.309481263160705566e-01
-9.604164958000183105e-01
-9.749182462692260742e-01
-7.922117710113525391e-01
7.420589327812194824e-01
9.330430626869201660e-01
8.945887088775634766e-01
7.414934635162353516e-01
6.728012561798095703e-01
-1.755250990390777588e-01
-8.380541801452636719e-01
-9.671878218650817871e-01
-9.681089520454406738e-01
-6.208177208900451660e-01
5.893697142601013184e-01
9.457387328147888184e-01
7.550690770149230957e-01
4.745524823665618896e-01
6.920514106750488281e-01
-1.781817674636840820e-01
-7.357869744300842285e-01
-9.556885361671447754e-01
-8.876280188560485840e-01
-6.295249462127685547e-01
6.831049323081970215e-01
9.512604475021362305e-01
8.461490869522094727e-01
7.813996076583862305e-01
7.549369931221008301e-01
-2.395663112401962280e-01
-7.288566827774047852e-01
-9.395983219146728516e-01
-9.594708085060119629e-01
-4.055413901805877686e-01
6.945671439170837402e-01
8.814018964767456055e-01
6.247373223304748535e-01
4.811642765998840332e-01
5.670651197433471680e-01
1.231004223227500916e-01
-3.945920169353485107e-01
-9.360805153846740723e-01
-9.769329428672790527e-01
-8.681651949882507324e-01
6.640122085809707642e-02
8.446848392486572266e-01
8.628462553024291992e-01
7.664160728454589844e-01
6.322444081306457520e-01
4.778069555759429932e-01
1.138446107506752014e-01
-7.493054270744323730e-01
-9.774209260940551758e-01
-9.804785847663879395e-01
-5.986949801445007324e-01
4.526636302471160889e-01
8.862562179565429688e-01
8.127186894416809082e-01
6.697307229042053223e-01
3.608205318450927734e-01
-8.385019749402999878e-02
-6.123472452163696289e-01
-8.566033840179443359e-01
-8.908774256706237793e-01
-5.161249637603759766e-01
7.933782339096069336e-01
9.267125129699707031e-01
8.572310805320739746e-01
7.459934353828430176e-01
4.674774706363677979e-01
-3.660050332546234131e-01
-7.581217885017395020e-01
-9.780150651931762695e-01
-9.655678272247314453e-01
7.389941066503524780e-02
7.906903028488159180e-01
8.948834538459777832e-01
6.194540262222290039e-01
5.238363742828369141e-01
2.472773045301437378e-01
-7.208340615034103394e-02
-7.533389329910278320e-01
-9.690470099449157715e-01
-9.585428833961486816e-01
-1.563685983419418335e-01
6.651825308799743652e-01
9.529010653495788574e-01
7.258311510086059570e-01
5.354953408241271973e-01
7.971406579017639160e-01
-4.848626852035522461e-01
-8.751482367515563965e-01
-9.784310460090637207e-01
-9.577782154083251953e-01
-2.767290174961090088e-01
8.447600007057189941e-01
8.827908039093017578e-01
8.908395767211914062e-01
6.498486399650573730e-01
5.123812556266784668e-01
-5.957075953483581543e-02
-7.652140855789184570e-01
-9.679200649261474609e-01
-9.621234536170959473e-01
-6.555504798889160156e-01
7.213599085807800293e-01
9.268403053283691406e-01
6.632044911384582520e-01
8.138213157653808594e-01
4.639454185962677002e-01
-2.396809607744216919e-01
-6.965686082839965820e-01
-9.233215451240539551e-01
-9.661267399787902832e-01
-2.822968959808349609e-01
8.159902095794677734e-01
9.000486135482788086e-01
7.479920983314514160e-01
5.926612615585327148e-01
2.641961872577667236e-01
-4.405673742294311523e-01
-7.888604402542114258e-01
-9.419022202491760254e-01
-7.885948419570922852e-01
1.754867136478424072e-01
8.632114529609680176e-01
9.342561364173889160e-01
7.734353542327880859e-01
6.390082836151123047e-01
6.031593307852745056e-02
-3.661255538463592529e-01
-8.840083479881286621e-01
-9.743334650993347168e-01
-8.337091803550720215e-01
4.083918035030364990e-01
8.982210755348205566e-01
7.890063524246215820e-01
4.589368104934692383e-01
5.518966317176818848e-01
2.359982728958129883e-01
-3.596217930316925049e-01
-8.511417508125305176e-01
-9.668577909469604492e-01
-8.017683029174804688e-01
1.786736994981765747e-01
8.698619008064270020e-01
8.877242207527160645e-01
7.277086973190307617e-01
6.071979403495788574e-01
3.655996024608612061e-01
-6.496433615684509277e-01
-9.209831953048706055e-01
-9.676893353462219238e-01
-7.590322494506835938e-01
3.329717516899108887e-01
8.801750540733337402e-01
7.141076326370239258e-01
