-9.693318977952003479e-03
-9.923081994056701660e-01
-9.978652596473693848e-01
-7.254976034164428711e-01
-9.977144598960876465e-01
-9.975404739379882812e-01
-9.978664517402648926e-01
-9.967420697212219238e-01
-9.801521897315979004e-01
-9.996219873428344727e-01
-9.807626605033874512e-01
-9.546588659286499023e-01
-9.949179291725158691e-01
-9.571659564971923828e-01
-9.798250794410705566e-01
-9.977734088897705078e-01
-9.236553907394409180e-01
-9.691757559776306152e-01
-9.934034943580627441e-01
-9.596803784370422363e-01
-9.435200691223144531e-01
-6.925187110900878906e-01
-9.753986001014709473e-01
-9.650175571441650391e-01
-9.169496893882751465e-01
-9.816634654998779297e-01
-2.782627940177917480e-01
8.809240460395812988e-01
9.941802024841308594e-01
5.676799416542053223e-01
-9.500401020050048828e-01
-9.992652535438537598e-01
-9.969716668128967285e-01
-9.480179548263549805e-01
-9.929902553558349609e-01
-9.881350994110107422e-01
-9.981899261474609375e-01
-9.990159273147583008e-01
-9.945668578147888184e-01
-9.995105862617492676e-01
-9.985375404357910156e-01
-9.975320696830749512e-01
-9.918577671051025391e-01
-9.809134006500244141e-01
-9.817631244659423828e-01
-9.983444213867187500e-01
-9.983651638031005859e-01
-9.945678114891052246e-01
-9.886190295219421387e-01
-9.768784642219543457e-01
-8.999493122100830078e-01
-9.541891217231750488e-01
-9.593936800956726074e-01
-8.829609155654907227e-01
-9.062289595603942871e-01
-2.559672594070434570e-01
1.495559066534042358e-01
1.314171552658081055e-01
4.067345559597015381e-01
9.755378961563110352e-01
-9.627599120140075684e-01
-9.878852963447570801e-01
-9.979185461997985840e-01
-9.327490925788879395e-01
-9.973645210266113281e-01
-9.916810989379882812e-01
-9.926272630691528320e-01
-9.957188367843627930e-01
-9.701938629150390625e-01
-9.947531223297119141e-01
-9.996031522750854492e-01
-9.919530749320983887e-01
-9.954781532287597656e-01
-9.998961091041564941e-01
-9.812610745429992676e-01
-9.995935559272766113e-01
-9.145540595054626465e-01
-9.975683689117431641e-01
-9.923148751258850098e-01
-9.527472853660583496e-01
-9.956339597702026367e-01
-9.298781156539916992e-01
-9.327389001846313477e-01
-9.368873238563537598e-01
-2.995339334011077881e-01
6.908388733863830566e-01
7.478976845741271973e-01
2.786480486392974854e-01
5.183110833168029785e-01
-9.220564961433410645e-01
-9.976682066917419434e-01
-8.893054127693176270e-01
-9.396304488182067871e-01
-9.996259212493896484e-01
-9.997462034225463867e-01
-9.992567896842956543e-01
-9.921849370002746582e-01
-9.994876980781555176e-01
-9.993954896926879883e-01
-9.957050681114196777e-01
-9.902605414390563965e-01
-9.955774545669555664e-01
-9.998354315757751465e-01
-9.996464848518371582e-01
-9.991267919540405273e-01
-8.966283798217773438e-01
-9.828303456306457520e-01
-8.420117497444152832e-01
-9.053829312324523926e-01
-9.554642438888549805e-01
-9.777808785438537598e-01
-9.219612479209899902e-01
-8.478820323944091797e-01
-6.117154955863952637e-01
-6.252449005842208862e-02
-4.459871053695678711e-01
-2.807941734790802002e-01
1.278031319379806519e-01
-1.529133915901184082e-01
-9.168471097946166992e-01
-9.944713711738586426e-01
-9.968758821487426758e-01
-9.639769196510314941e-01
-9.072285890579223633e-01
-9.970822334289550781e-01
-9.544127583503723145e-01
-9.929313063621520996e-01
-9.981568455696105957e-01
-9.967027902603149414e-01
-9.951602816581726074e-01
-9.959750175476074219e-01
-9.992664456367492676e-01
-9.981295466423034668e-01
-9.754863977432250977e-01
-9.870287179946899414e-01
-6.223424077033996582e-01
-9.936030507087707520e-01
-9.955335259437561035e-01
-9.901804327964782715e-01
-9.891018867492675781e-01
-7.139524817466735840e-01
-9.846453666687011719e-01
-9.945502281188964844e-01
-9.497097730636596680e-01
-9.959170222282409668e-01
-9.840885400772094727e-01
-9.787736535072326660e-01
-9.898795485496520996e-01
-7.558672428131103516e-01
-9.961016178131103516e-01
-9.927679300308227539e-01
-9.833806157112121582e-01
-9.841523766517639160e-01
-9.943606853485107422e-01
-9.332939386367797852e-01
-8.021253943443298340e-01
-9.710032343864440918e-01
-9.818339943885803223e-01
-9.848099350929260254e-01
-9.909792542457580566e-01
-8.789400458335876465e-01
-9.424924850463867188e-01
-9.976942539215087891e-01
-9.436231255531311035e-01
-9.695198535919189453e-01
-9.679481983184814453e-01
-9.824143648147583008e-01
-9.961426854133605957e-01
-9.968696832656860352e-01
-9.968281984329223633e-01
-7.740376591682434082e-01
-6.922630667686462402e-01
-5.838093161582946777e-01
-9.341623783111572266e-01
-9.547782540321350098e-01
-9.792688488960266113e-01
-9.971105456352233887e-01
-9.390992522239685059e-01
-9.829688072204589844e-01
-9.987023472785949707e-01
-9.992277026176452637e-01
-9.958869814872741699e-01
-9.970123767852783203e-01
-9.943770766258239746e-01
-9.973232746124267578e-01
-9.986531138420104980e-01
-9.958271980285644531e-01
-9.928647875785827637e-01
-9.940252900123596191e-01
-9.669141769409179688e-01
-9.965763688087463379e-01
-9.983026385307312012e-01
-9.599848985671997070e-01
-9.715875983238220215e-01
-8.541209101676940918e-01
-9.523140192031860352e-01
-9.411677718162536621e-01
-9.685288667678833008e-01
-9.962527155876159668e-01
-9.931145310401916504e-01
-9.764001965522766113e-01
-9.636960625648498535e-01
-9.915242195129394531e-01
-9.867468476295471191e-01
-7.822293639183044434e-01
-9.679965972900390625e-01
-9.842116832733154297e-01
-9.867531657218933105e-01
-9.987817406654357910e-01
-9.942145943641662598e-01
-9.929074048995971680e-01
-9.936879277229309082e-01
-9.961936473846435547e-01
-9.613920450210571289e-01
-9.826404452323913574e-01
-9.959480166435241699e-01
-9.965308904647827148e-01
-9.199995994567871094e-01
-9.974457621574401855e-01
-9.874854087829589844e-01
-9.976431727409362793e-01
-9.504822492599487305e-01
-9.298573732376098633e-01
-9.867386221885681152e-01
-9.902161359786987305e-01
-9.890145659446716309e-01
-9.676287770271301270e-01
-9.895524382591247559e-01
-8.654449582099914551e-01
-7.816030979156494141e-01
-9.898499846458435059e-01
-9.927279353141784668e-01
-9.959731101989746094e-01
-9.053164124488830566e-01
-9.726646542549133301e-01
-9.910849928855895996e-01
-8.939957618713378906e-01
-9.679988622665405273e-01
-9.956638216972351074e-01
-9.748117327690124512e-01
-9.801969528198242188e-01
-9.781166315078735352e-01
-9.987523555755615234e-01
-9.611134529113769531e-01
-9.536474943161010742e-01
-9.616616964340209961e-01
-8.303373456001281738e-01
-9.828446507453918457e-01
-9.902480840682983398e-01
-9.925855994224548340e-01
-9.744274020195007324e-01
-9.984013438224792480e-01
-9.918732047080993652e-01
-9.916076064109802246e-01
-9.955092072486877441e-01
-9.921799898147583008e-01
-9.991606473922729492e-01
-9.809214472770690918e-01
-9.784492254257202148e-01
-9.631852507591247559e-01
-9.162504076957702637e-01
-9.887173771858215332e-01
-9.907079935073852539e-01
-9.968549013137817383e-01
-8.963909149169921875e-01
-9.725825190544128418e-01
-9.918175935745239258e-01
-9.991088509559631348e-01
-9.809406399726867676e-01
-9.847359657287597656e-01
-9.562187790870666504e-01
-8.856672048568725586e-01
-9.859656095504760742e-01
-9.918072223663330078e-01
-9.935383200645446777e-01
-9.983044862747192383e-01
-9.987207651138305664e-01
-9.811128973960876465e-01
-9.756040573120117188e-01
-9.863272905349731445e-01
-9.682673811912536621e-01
-9.753598570823669434e-01
-9.215032458305358887e-01
-9.450719952583312988e-01
-9.689199924468994141e-01
-9.794223308563232422e-01
-9.437245726585388184e-01
-9.942787885665893555e-01
-9.727557897567749023e-01
-9.936864972114562988e-01
-9.883933663368225098e-01
-9.970442056655883789e-01
-9.827461838722229004e-01
-9.702240824699401855e-01
-9.696381092071533203e-01
-9.974184036254882812e-01
-8.902822136878967285e-01
-9.985073208808898926e-01
-9.541371464729309082e-01
-9.996005892753601074e-01
-9.976939558982849121e-01
-9.825001358985900879e-01
-9.984564781188964844e-01
-9.984933137893676758e-01
-9.837989807128906250e-01
-9.930690526962280273e-01
-8.957748413085937500e-01
-9.856601953506469727e-01
-9.790933728218078613e-01
-9.975590705871582031e-01
-8.753193020820617676e-01
-9.840494990348815918e-01
-9.389896392822265625e-01
-9.468935728073120117e-01
-9.969022274017333984e-01
-9.954802393913269043e-01
-9.646426439285278320e-01
-9.959138035774230957e-01
-9.968301057815551758e-01
-9.804823398590087891e-01
-9.643290042877197266e-01
-9.952589869499206543e-01
-9.973547458648681641e-01
-9.978895783424377441e-01
-9.994187355041503906e-01
-8.283394575119018555e-01
-9.930259585380554199e-01
-9.919705986976623535e-01
-9.968978166580200195e-01
-9.937967061996459961e-01
-9.882624745368957520e-01
-9.976524710655212402e-01
-9.757997393608093262e-01
-9.926120638847351074e-01
-9.907782673835754395e-01
-9.986184835433959961e-01
-9.972139596939086914e-01
-9.944077134132385254e-01
-9.956675767898559570e-01
7.844516038894653320e-01
6.149238944053649902e-01
8.513443470001220703e-01
8.962443470954895020e-01
2.759296596050262451e-01
4.593302905559539795e-01
4.201547205448150635e-01
6.763309240341186523e-01
-4.778103530406951904e-01
-9.450408816337585449e-01
-9.654154777526855469e-01
-9.808720350265502930e-01
-9.986593127250671387e-01
-9.152609109878540039e-01
-9.959915876388549805e-01
-8.228908777236938477e-01
-9.931549429893493652e-01
-9.388244748115539551e-01
-8.810886740684509277e-01
-9.967964887619018555e-01
-9.956645369529724121e-01
-9.663493633270263672e-01
-9.934297800064086914e-01
-9.966024160385131836e-01
-9.912210702896118164e-01
-9.904401302337646484e-01
-9.829291105270385742e-01
-9.724531769752502441e-01
-6.518434882164001465e-01
-9.281429052352905273e-01
6.932418346405029297e-01
9.203529953956604004e-01
9.785692095756530762e-01
9.888778328895568848e-01
8.855494260787963867e-01
9.993553757667541504e-01
9.910133481025695801e-01
3.271746635437011719e-02
9.874443411827087402e-01
-9.506705403327941895e-01
-9.976910352706909180e-01
-9.667943120002746582e-01
-9.983878731727600098e-01
-9.947952032089233398e-01
-9.647554755210876465e-01
-9.955978393554687500e-01
-9.998107552528381348e-01
-9.982967376708984375e-01
-9.979867339134216309e-01
-9.945426583290100098e-01
-9.800723195075988770e-01
-9.915309548377990723e-01
-9.886159896850585938e-01
-9.758034944534301758e-01
-9.886236786842346191e-01
-8.244399428367614746e-01
-6.097446084022521973e-01
-9.302927851676940918e-01
-7.420071959495544434e-01
-6.059187650680541992e-01
-3.980917036533355713e-01
9.474235177040100098e-01
8.788177371025085449e-01
6.505405306816101074e-01
9.919573068618774414e-01
6.926289200782775879e-01
-9.997695088386535645e-01
-9.996950030326843262e-01
-8.873612284660339355e-01
-9.970048069953918457e-01
-9.947035312652587891e-01
-9.996836185455322266e-01
-9.939263463020324707e-01
-9.957551956176757812e-01
-9.961211681365966797e-01
-9.775921702384948730e-01
-9.994671344757080078e-01
-9.674107432365417480e-01
-9.709726572036743164e-01
-5.373666882514953613e-01
-4.988862574100494385e-01
-8.909462094306945801e-01
-9.939441680908203125e-01
-9.971380829811096191e-01
-9.142811298370361328e-01
-8.691982030868530273e-01
-6.606111526489257812e-01
-7.614975571632385254e-01
-8.497573137283325195e-01
-4.593297541141510010e-01
8.858524560928344727e-01
9.765098690986633301e-01
9.881826043128967285e-01
-9.986590147018432617e-01
-9.980190396308898926e-01
-9.991422295570373535e-01
-9.964903593063354492e-01
-9.957576990127563477e-01
-9.961344003677368164e-01
-9.963192939758300781e-01
-9.962888360023498535e-01
-9.778374433517456055e-01
-9.672512412071228027e-01
-9.946731328964233398e-01
-9.824713468551635742e-01
-9.974932074546813965e-01
-9.962863922119140625e-01
-3.727199733257293701e-01
8.319131135940551758e-01
9.147024750709533691e-01
9.932368397712707520e-01
-9.949249625205993652e-01
-9.994893670082092285e-01
-9.985771179199218750e-01
-9.762203693389892578e-01
-9.889097213745117188e-01
-9.582176804542541504e-01
-9.961642026901245117e-01
-9.957586526870727539e-01
-9.844810962677001953e-01
-9.993399977684020996e-01
-9.946601390838623047e-01
-9.825334548950195312e-01
-9.985598325729370117e-01
-9.913622736930847168e-01
-9.427227377891540527e-01
-9.994594454765319824e-01
-9.870772361755371094e-01
-8.491558432579040527e-01
-6.385881453752517700e-02
7.658735513687133789e-01
9.711825847625732422e-01
9.371715784072875977e-01
-9.981846213340759277e-01
-9.996339082717895508e-01
-9.904617071151733398e-01
-9.646016359329223633e-01
-8.863647580146789551e-01
-9.961048364639282227e-01
-9.980444312095642090e-01
-9.971774816513061523e-01
-9.933384656906127930e-01
-9.774783849716186523e-01
-9.830679297447204590e-01
-9.983732700347900391e-01
-9.963116049766540527e-01
-9.418660402297973633e-01
-9.855700135231018066e-01
-9.679316878318786621e-01
-9.857626557350158691e-01
-9.902289509773254395e-01
-9.764671325683593750e-01
-9.534454345703125000e-01
-4.641970396041870117e-01
1.543315947055816650e-01
4.933685958385467529e-01
9.083794355392456055e-01
-9.881231784820556641e-01
-9.924011230468750000e-01
-9.974769949913024902e-01
-9.792776107788085938e-01
-9.930950403213500977e-01
-9.869363903999328613e-01
-9.669228196144104004e-01
-9.956035017967224121e-01
-9.819547533988952637e-01
-9.950653910636901855e-01
-9.759389162063598633e-01
-9.869995713233947754e-01
-9.948396682739257812e-01
-9.618667960166931152e-01
-9.952168464660644531e-01
-9.287468791007995605e-01
