-9.938689470291137695e-01
-7.681207656860351562e-01
-5.829209089279174805e-01
7.850835323333740234e-01
4.408562481403350830e-01
9.715941548347473145e-01
4.078027009963989258e-01
8.669202923774719238e-01
-8.981319665908813477e-01
-3.084804117679595947e-01
3.533428609371185303e-01
7.154771089553833008e-01
8.001291155815124512e-01
-3.864988386631011963e-01
4.847259819507598877e-01
1.535072922706604004e-01
-3.733111321926116943e-01
3.048078417778015137e-01
4.003641903400421143e-01
5.574311614036560059e-01
8.512485027313232422e-01
9.882426820695400238e-03
-3.878242373466491699e-01
5.704939365386962891e-01
-2.564051747322082520e-01
9.263405203819274902e-01
3.503395020961761475e-01
-9.164282679557800293e-01
-7.394760847091674805e-01
8.799084424972534180e-01
9.556958675384521484e-01
7.251980304718017578e-01
-6.094160676002502441e-01
6.521392464637756348e-01
-6.146481037139892578e-01
8.770151995122432709e-03
5.612841844558715820e-01
7.307543754577636719e-01
-1.046391800045967102e-01
-3.269173502922058105e-01
8.678385615348815918e-01
-6.791651248931884766e-03
5.923076272010803223e-01
-4.847725108265876770e-02
-5.353409647941589355e-01
-3.404040038585662842e-01
5.489781498908996582e-01
-4.425353705883026123e-01
-2.002937644720077515e-01
1.587643325328826904e-01
6.622838973999023438e-01
-1.832989230751991272e-02
4.532793536782264709e-02
6.293306350708007812e-01
8.360779285430908203e-01
3.414754271507263184e-01
3.967774212360382080e-01
-5.157742500305175781e-01
-3.789131343364715576e-02
1.388785541057586670e-01
1.309330016374588013e-01
4.502626657485961914e-01
-7.922381162643432617e-01
-4.323820769786834717e-01
4.286512434482574463e-01
-7.868898659944534302e-02
8.189283013343811035e-01
-7.284638881683349609e-01
9.458932876586914062e-01
-9.876634478569030762e-01
-6.381638050079345703e-01
8.001268506050109863e-01
-3.915885929018259048e-03
1.790396869182586670e-01
-2.879399657249450684e-01
8.885810971260070801e-01
7.472462654113769531e-01
5.553531646728515625e-01
-8.212360739707946777e-01
5.484306216239929199e-01
8.994853496551513672e-01
3.549952208995819092e-01
2.131465226411819458e-01
-1.937680095434188843e-01
-9.641226530075073242e-01
8.849725127220153809e-01
-5.810523629188537598e-01
-1.156304851174354553e-01
-2.239312827587127686e-01
5.048222541809082031e-01
1.894867271184921265e-01
6.891602873802185059e-01
1.059415489435195923e-01
-4.744856953620910645e-01
-3.418315649032592773e-01
-6.189234256744384766e-01
4.374920725822448730e-01
6.031146645545959473e-01
2.782272398471832275e-01
-7.805377840995788574e-01
-4.095773100852966309e-01
1.799305528402328491e-01
4.066106975078582764e-01
9.876592159271240234e-01
6.202512383460998535e-01
1.950667351484298706e-01
-3.391330838203430176e-01
1.116836890578269958e-01
-2.565140128135681152e-01
2.334256172180175781e-01
8.592509031295776367e-01
-5.149201154708862305e-01
-5.548990964889526367e-01
-2.192143201828002930e-01
-7.877122163772583008e-01
-7.938249707221984863e-01
6.343109011650085449e-01
8.384293913841247559e-01
9.645561575889587402e-01
2.062271982431411743e-01
8.810917735099792480e-01
-9.234945178031921387e-01
9.185434579849243164e-01
-2.009761333465576172e-01
-4.035634994506835938e-01
-2.635830342769622803e-01
6.492357850074768066e-01
6.996676325798034668e-01
2.457620501518249512e-01
-8.335542082786560059e-01
-9.808803349733352661e-02
5.713188052177429199e-01
-2.147255837917327881e-01
-3.545843064785003662e-01
5.450358986854553223e-01
1.404637396335601807e-01
-1.592871993780136108e-01
7.646431922912597656e-01
-2.715549170970916748e-01
-6.564747691154479980e-01
-6.469961404800415039e-01
6.375515460968017578e-01
9.234343767166137695e-01
2.666265964508056641e-01
8.143326044082641602e-01
-9.287983775138854980e-01
8.034120202064514160e-01
8.229333758354187012e-01
3.676377981901168823e-02
-8.435193300247192383e-01
-4.831811785697937012e-01
-1.191473305225372314e-01
-6.460039615631103516e-01
-8.576585650444030762e-01
-1.575980186462402344e-01
9.859161376953125000e-01
-2.151176035404205322e-01
8.282194733619689941e-01
2.735165059566497803e-01
4.094446003437042236e-01
2.591772973537445068e-01
1.920397430658340454e-01
3.132056072354316711e-02
-3.145909607410430908e-01
1.506190001964569092e-01
5.798780918121337891e-01
-1.784191280603408813e-01
-5.705237388610839844e-01
8.594056963920593262e-01
-9.652289152145385742e-01
8.264262676239013672e-01
2.874665558338165283e-01
8.215717077255249023e-01
2.758825123310089111e-01
-5.160824656486511230e-01
-6.845664978027343750e-01
3.383069336414337158e-01
2.964363694190979004e-01
1.847355812788009644e-01
2.809520363807678223e-01
-9.630506634712219238e-01
4.281894564628601074e-01
2.868177890777587891e-01
-5.627139806747436523e-01
7.857069969177246094e-01
-7.706767320632934570e-01
8.619139790534973145e-01
5.999895334243774414e-01
-4.498870372772216797e-01
6.699323654174804688e-01
-1.959422975778579712e-01
-6.335079073905944824e-01
-7.571676969528198242e-01
9.431338906288146973e-01
-3.471465408802032471e-01
2.842665016651153564e-01
5.375828146934509277e-01
2.282096147537231445e-01
8.286200761795043945e-01
-7.934736609458923340e-01
4.193624556064605713e-01
-7.900772094726562500e-01
-5.246402621269226074e-01
9.616097807884216309e-01
6.412336230278015137e-01
2.466145902872085571e-01
2.496514469385147095e-01
-4.583917558193206787e-01
9.074776172637939453e-01
-2.755752801895141602e-01
-3.996065258979797363e-01
3.012475967407226562e-01
6.451595425605773926e-01
6.565144658088684082e-02
-6.778954267501831055e-01
5.150313973426818848e-01
-6.897364854812622070e-01
2.977231144905090332e-01
3.064103424549102783e-01
6.149576306343078613e-01
-7.668285965919494629e-01
7.848172187805175781e-01
-8.675643801689147949e-01
8.623938560485839844e-01
-1.411536037921905518e-01
7.670786380767822266e-01
-7.948268055915832520e-01
-5.524431467056274414e-01
4.000520706176757812e-01
1.696832850575447083e-02
-8.610652089118957520e-01
4.355061054229736328e-01
2.307296097278594971e-01
2.162975966930389404e-01
-8.292534947395324707e-01
7.821037769317626953e-01
2.274892479181289673e-01
-6.525393128395080566e-01
9.499311447143554688e-01
9.560679793357849121e-01
2.666239142417907715e-01
5.501712560653686523e-01
3.534137904644012451e-01
8.224684596061706543e-01
-8.984493613243103027e-01
-7.844346165657043457e-01
-1.472615897655487061e-01
6.429746747016906738e-01
-1.116960942745208740e-01
-7.492513954639434814e-02
2.322536110877990723e-01
-5.775662064552307129e-01
9.584382772445678711e-01
4.982546269893646240e-01
-4.336820542812347412e-01
-6.561009883880615234e-01
1.926792263984680176e-01
-7.022755742073059082e-01
7.799733281135559082e-01
9.377701878547668457e-01
2.937524914741516113e-01
-8.162080049514770508e-01
-8.294281959533691406e-01
-3.137445151805877686e-01
8.514771461486816406e-01
8.262109756469726562e-01
5.466485023498535156e-01
9.171417951583862305e-01
-2.054613083600997925e-01
-2.091426551342010498e-01
-2.746070921421051025e-01
-9.639126658439636230e-01
-5.769698023796081543e-01
-6.083770990371704102e-01
-1.379718258976936340e-02
8.744525909423828125e-01
5.234052538871765137e-01
7.969089150428771973e-01
9.003286361694335938e-01
-5.396533608436584473e-01
-4.137943983078002930e-01
-7.811329364776611328e-01
3.125812709331512451e-01
9.631441235542297363e-01
8.853721022605895996e-01
8.528077602386474609e-01
-1.647110730409622192e-01
-7.065452933311462402e-01
-9.376124739646911621e-01
-2.924244105815887451e-01
3.723891079425811768e-01
-2.397877573966979980e-01
2.088748067617416382e-01
-2.950516045093536377e-01
3.066403865814208984e-01
2.167231142520904541e-01
8.972388505935668945e-01
3.332255780696868896e-01
-1.901957541704177856e-01
7.047653198242187500e-01
-5.136501416563987732e-02
-2.887803018093109131e-01
-6.429484486579895020e-01
2.507193982601165771e-01
-3.277078568935394287e-01
-2.337280511856079102e-01
-8.705143332481384277e-01
5.411681532859802246e-01
9.056797623634338379e-01
7.964982837438583374e-02
8.451641798019409180e-01
-9.178984165191650391e-01
-1.642328649759292603e-01
6.504972577095031738e-01
7.794914245605468750e-01
1.008387729525566101e-01
2.805097401142120361e-01
-6.353816986083984375e-01
-8.002028465270996094e-01
3.251527547836303711e-01
7.760515809059143066e-01
6.961619853973388672e-01
6.639515757560729980e-01
3.552784025669097900e-01
5.264239385724067688e-02
-5.464590787887573242e-01
-9.940713644027709961e-01
9.467040300369262695e-01
-9.162788391113281250e-01
-3.335226774215698242e-01
-8.577670902013778687e-02
6.434570550918579102e-01
-7.815697193145751953e-01
7.787944674491882324e-01
-4.462549984455108643e-01
5.361141562461853027e-01
-4.459033161401748657e-02
5.880107879638671875e-01
-5.353824496269226074e-01
9.707602262496948242e-01
9.809111356735229492e-01
5.692587494850158691e-01
-4.191009104251861572e-01
-8.501361012458801270e-01
-3.202008828520774841e-02
-5.632942318916320801e-01
-7.511046528816223145e-01
2.326322644948959351e-01
8.703566789627075195e-01
9.455568194389343262e-01
5.017071366310119629e-01
-8.266983628273010254e-01
4.767390191555023193e-01
-5.537305027246475220e-02
5.691676139831542969e-01
1.471046656370162964e-01
-7.126163244247436523e-01
-8.201403021812438965e-01
8.283864855766296387e-01
4.149274230003356934e-01
1.229004189372062683e-01
2.247751802206039429e-01
-8.185526728630065918e-01
-2.631975710391998291e-01
5.384569764137268066e-01
-7.212501168251037598e-01
6.414762735366821289e-01
4.569119215011596680e-01
5.812402963638305664e-01
8.870552778244018555e-01
5.666133165359497070e-01
4.700757861137390137e-01
-9.314445257186889648e-01
-9.769017100334167480e-01
-4.749923944473266602e-01
2.645095586776733398e-01
6.006161496043205261e-02
8.441671133041381836e-01
1.966328173875808716e-01
-9.669635295867919922e-01
-1.984026730060577393e-01
-4.650371521711349487e-02
1.300899982452392578e-01
8.485965132713317871e-01
5.763831734657287598e-01
-5.774087905883789062e-01
6.858835220336914062e-01
-6.879632472991943359e-01
2.694811820983886719e-01
5.338522195816040039e-01
9.312965869903564453e-01
-3.589591383934020996e-01
-8.511347174644470215e-01
-2.119903080165386200e-02
-8.387332558631896973e-01
7.130439877510070801e-01
5.245504975318908691e-01
-7.772280573844909668e-01
3.134951740503311157e-02
4.879477918148040771e-01
7.786248922348022461e-01
-4.240955710411071777e-01
9.179428815841674805e-01
1.940685808658599854e-01
7.380444407463073730e-01
-7.455480098724365234e-01
4.699442088603973389e-01
-1.746662408113479614e-01
5.295002460479736328e-01
8.442959189414978027e-02
-5.914928913116455078e-01
-1.121123656630516052e-01
8.401752710342407227e-01
1.582892537117004395e-01
-8.370512127876281738e-01
-2.183562070131301880e-01
7.862336635589599609e-01
-4.165055155754089355e-01
5.563371181488037109e-01
-1.296939551830291748e-01
-8.935317397117614746e-01
9.325678348541259766e-01
-4.114528298377990723e-01
9.612706303596496582e-01
1.190604493021965027e-01
1.455955803394317627e-01
-4.885620623826980591e-02
-3.980507254600524902e-01
2.498387843370437622e-01
9.517663121223449707e-01
-3.081785738468170166e-01
-1.494413167238235474e-01
-8.860317617654800415e-02
-5.932283401489257812e-01
9.026701450347900391e-01
-6.541126370429992676e-01
2.422476261854171753e-01
8.619897961616516113e-01
6.890295743942260742e-01
5.438956022262573242e-01
-3.951912820339202881e-01
-8.260398507118225098e-01
-6.750054955482482910e-01
4.659635424613952637e-01
7.627303004264831543e-01
-5.807769298553466797e-01
-5.148137211799621582e-01
7.446836233139038086e-01
-4.637255370616912842e-01
7.959711551666259766e-01
4.174252450466156006e-01
1.318529695272445679e-01
-1.430582404136657715e-01
-7.892660498619079590e-01
-6.235364675521850586e-01
5.848301053047180176e-01
7.468484640121459961e-01
-5.658807158470153809e-01
-4.945139884948730469e-01
9.767975807189941406e-01
2.172916531562805176e-01
1.420217659324407578e-02
9.622525572776794434e-01
9.596438407897949219e-01
-7.100681662559509277e-01
-5.947907567024230957e-01
-7.827451825141906738e-01
-5.604651570320129395e-01
8.843812942504882812e-01
9.136783480644226074e-01
6.273429393768310547e-01
-4.057308137416839600e-01
8.729199171066284180e-01
3.803103268146514893e-01
-9.561148881912231445e-01
-9.205241799354553223e-01
3.631663918495178223e-01
-5.028771758079528809e-01
-1.261650118976831436e-02
3.162603974342346191e-01
-1.201798245310783386e-01
7.301875948905944824e-01
8.366030454635620117e-01
4.861023426055908203e-01
-7.736400961875915527e-01
8.299908638000488281e-01
-6.458166837692260742e-01
-6.544225215911865234e-01
-8.486023545265197754e-01
7.016129493713378906e-01
8.204995393753051758e-01
-3.263399899005889893e-01
7.526424527168273926e-01
7.765552401542663574e-01
-6.084825396537780762e-01
7.965639233589172363e-01
-7.187408208847045898e-01
8.483193516731262207e-01
-3.093091249465942383e-01
-5.503710508346557617e-01
-8.555392622947692871e-01
-3.854063451290130615e-01
4.741479754447937012e-01
9.482867121696472168e-01
-2.405132651329040527e-01
7.011522650718688965e-01
-7.906875014305114746e-01
7.400457262992858887e-01
5.243207812309265137e-01
-2.720813453197479248e-01
7.968339920043945312e-01
-8.405090570449829102e-01
1.459293067455291748e-01
-4.233623445034027100e-01
-4.621056914329528809e-01
9.198609590530395508e-01
7.514852285385131836e-01
-4.597256779670715332e-01
2.580845952033996582e-01
-9.503431916236877441e-01
-2.235168404877185822e-02
7.065668702125549316e-01
-4.405966997146606445e-01
-1.959652304649353027e-01
9.308878779411315918e-01
8.126469254493713379e-01
-9.899119734764099121e-01
8.627126216888427734e-01
5.152294635772705078e-01
6.414191722869873047e-01
2.937250435352325439e-01
-3.503940403461456299e-01
2.540065050125122070e-01
-9.277102947235107422e-01
-6.336550116539001465e-01
-2.904137969017028809e-01
-2.116738706827163696e-01
-1.232129782438278198e-01
6.370701789855957031e-01
-7.646051049232482910e-01
7.545804977416992188e-01
9.560548067092895508e-01
8.469530344009399414e-01
4.208226799964904785e-01
-2.913897037506103516e-01
-5.733739137649536133e-01
5.400056019425392151e-02
-7.234486192464828491e-02
3.125748336315155029e-01
-9.342256188392639160e-01
9.058609604835510254e-01
-4.820699691772460938e-01
5.577182173728942871e-01
3.209319710731506348e-01
3.821466863155364990e-01
9.659559726715087891e-01
8.117557168006896973e-01
-8.319683074951171875e-01
-9.082888364791870117e-01
-9.065425992012023926e-01
9.491544961929321289e-02
3.509817123413085938e-01
9.007436037063598633e-01
-7.063089013099670410e-01
-6.355918049812316895e-01
-7.054629269987344742e-03
5.192869901657104492e-01
2.915031015872955322e-01
-3.493510186672210693e-01
-6.524946093559265137e-01
9.975062012672424316e-01
1.942850798368453979e-01
4.182073473930358887e-01
6.284143924713134766e-01
5.151930451393127441e-01
-4.458070695400238037e-01
7.091829180717468262e-02
2.175237238407135010e-01
-3.868816494941711426e-01
5.763038992881774902e-01
-5.798907279968261719e-01
-1.958093047142028809e-01
-1.427531987428665161e-01
8.541657328605651855e-01
7.072126269340515137e-01
4.153673723340034485e-02
-8.229542970657348633e-01
9.079160690307617188e-01
3.443780541419982910e-01
7.379127740859985352e-01
9.987142682075500488e-02
-9.254604578018188477e-01
-2.210916727781295776e-01
-7.768287658691406250e-01
-8.264550566673278809e-02
-5.005941987037658691e-01
-4.995213449001312256e-01
1.150467991828918457e-01
5.328910350799560547e-01
9.886313676834106445e-01
-2.674686908721923828e-01
9.709897637367248535e-01
9.833691716194152832e-01
-6.167020797729492188e-01
8.325593471527099609e-01
1.952406913042068481e-01
-1.229192987084388733e-01
-5.734324455261230469e-01
-2.449114769697189331e-01
1.418025344610214233e-01
2.188882231712341309e-01
-6.749942898750305176e-01
-2.827814221382141113e-01
1.611935943365097046e-01
9.622164368629455566e-01
8.478549867868423462e-02
4.994000792503356934e-01
-9.478113055229187012e-01
4.412322342395782471e-01
6.163528561592102051e-01
-2.296828776597976685e-01
7.381585985422134399e-02
4.497046768665313721e-01
4.316146373748779297e-01
-2.967080175876617432e-01
-4.725697338581085205e-01
-5.011070370674133301e-01
6.529899239540100098e-01
-5.621020197868347168e-01
4.449169337749481201e-01
7.878395915031433105e-01
5.264528989791870117e-01
-8.433315157890319824e-01
-1.474077999591827393e-01
9.330907464027404785e-01
-4.060457348823547363e-01
3.493821024894714355e-01
-9.015718698501586914e-01
8.095398545265197754e-01
1.926793158054351807e-01
9.006141424179077148e-01
-8.561425209045410156e-01
-5.738649368286132812e-01
2.675535678863525391e-01
6.018169969320297241e-02
4.622010141611099243e-02
8.784920573234558105e-01
9.052467346191406250e-01
-8.062978982925415039e-01
-3.690161928534507751e-02
5.887964963912963867e-01
4.662491977214813232e-01
-8.127643465995788574e-01
-6.897202134132385254e-01
-6.033190488815307617e-01
7.603877186775207520e-01
-6.347023844718933105e-01
9.386689662933349609e-01
-9.114788770675659180e-01
4.385152459144592285e-01
-6.265046000480651855e-01
9.956150650978088379e-01
9.779985547065734863e-01
9.317972660064697266e-01
7.579864263534545898e-01
-2.042634487152099609e-01
5.226583778858184814e-02
-5.168955922126770020e-01
-5.085111260414123535e-01
-6.719805002212524414e-01
-4.591587781906127930e-01
-5.483372882008552551e-02
9.474570155143737793e-01
6.112771630287170410e-01
7.920187115669250488e-01
8.964042067527770996e-01
-4.525814652442932129e-01
-3.713748753070831299e-01
-8.354014754295349121e-01
-1.581590622663497925e-02
5.936993956565856934e-01
-2.114979028701782227e-01
-9.757903218269348145e-01
-9.538655877113342285e-01
5.799878239631652832e-01
5.270127058029174805e-01
3.893205821514129639e-01
3.694925829768180847e-02
9.160697460174560547e-01
4.617556333541870117e-01
-7.126269340515136719e-01
9.437431097030639648e-01
3.323828279972076416e-01
-3.825246393680572510e-01
-6.431969404220581055e-01
8.483712673187255859e-01
-9.794019460678100586e-01
8.370401859283447266e-01
3.104651868343353271e-01
1.664637625217437744e-01
2.615040838718414307e-01
-5.489805713295936584e-02
-9.481487870216369629e-01
8.070957064628601074e-01
2.195460647344589233e-01
-9.813223034143447876e-02
2.832172811031341553e-01
-5.433403253555297852e-01
-4.136774539947509766e-01
6.207344532012939453e-01
4.490758180618286133e-01
8.486565947532653809e-01
-6.653649210929870605e-01
-5.792499780654907227e-01
7.991055250167846680e-01
-7.927993312478065491e-03
3.296061232686042786e-02
6.649542450904846191e-01
-8.104629516601562500e-01
-4.236934483051300049e-01
8.928425312042236328e-01
4.238391816616058350e-01
7.888736128807067871e-01
-7.024455070495605469e-01
-3.889318406581878662e-01
5.237645283341407776e-02
8.524523973464965820e-01
1.731313765048980713e-01
-6.036077737808227539e-01
-2.371504306793212891e-01
4.616875350475311279e-01
4.902768731117248535e-01
2.735728919506072998e-01
-2.051087170839309692e-01
2.637713849544525146e-01
6.698123216629028320e-01
7.408234477043151855e-01
-1.994992792606353760e-01
-5.681062340736389160e-01
4.729557335376739502e-01
-3.908794522285461426e-01
-5.827130675315856934e-01
-5.689849853515625000e-01
-2.258596271276473999e-01
8.503986001014709473e-01
-3.181868493556976318e-01
-4.730432033538818359e-01
9.577644467353820801e-01
9.225446581840515137e-01
3.095464408397674561e-01
-9.096969962120056152e-01
8.753550648689270020e-01
-6.106578111648559570e-01
-4.997296929359436035e-01
5.112811326980590820e-01
4.944720864295959473e-01
-2.929251194000244141e-01
1.846547611057758331e-02
-2.163951694965362549e-01
8.027439713478088379e-01
-4.532254859805107117e-02
7.365583777427673340e-01
9.410228729248046875e-01
-6.801291108131408691e-01
-5.031462907791137695e-01
-4.429045021533966064e-01
9.119588136672973633e-01
4.250019788742065430e-02
2.886703051626682281e-02
-7.493612766265869141e-01
5.808417797088623047e-01
-3.917048573493957520e-01
-9.745349287986755371e-01
8.360412716865539551e-01
6.920010447502136230e-01
3.357382416725158691e-01
8.966099023818969727e-01
-5.461688637733459473e-01
4.945762157440185547e-01
-8.986275643110275269e-03
-8.718767166137695312e-01
8.917683959007263184e-01
-7.396304011344909668e-01
6.763297915458679199e-01
-3.126581907272338867e-01
1.451346725225448608e-01
5.122525095939636230e-01
4.888274967670440674e-01
-1.282642185688018799e-01
-2.027216255664825439e-01
-5.742516517639160156e-01
9.479100108146667480e-01
-6.955198049545288086e-01
2.472347468137741089e-01
5.221297964453697205e-02
6.376046538352966309e-01
-4.040682315826416016e-01
-1.609671562910079956e-01
5.971002578735351562e-01
-1.728297472000122070e-01
1.832057386636734009e-01
4.091035947203636169e-02
-1.887955218553543091e-01
4.796983599662780762e-01
-7.685760855674743652e-01
2.684396207332611084e-01
4.641206562519073486e-01
4.850902259349822998e-01
2.065904587507247925e-01
-3.285340070724487305e-01
2.972232699394226074e-01
2.344014495611190796e-01
8.567628860473632812e-01
-2.773734033107757568e-01
-2.654818892478942871e-01
1.852370053529739380e-02
-6.136705279350280762e-01
-1.980790644884109497e-01
2.147741466760635376e-01
4.890554770827293396e-02
7.544751763343811035e-01
6.311697363853454590e-01
2.866335809230804443e-01
2.968440353870391846e-01
-3.618755340576171875e-01
-3.030241131782531738e-01
3.317882716655731201e-01
-8.953702449798583984e-01
2.165514379739761353e-01
-8.024600148200988770e-01
4.674608409404754639e-01
-3.828737139701843262e-01
5.997410416603088379e-01
6.731544137001037598e-01
-5.046160891652107239e-02
2.063800841569900513e-01
-5.515444874763488770e-01
7.641219496726989746e-01
7.635699510574340820e-01
-2.239435911178588867e-02
-4.574970807880163193e-03
-8.172426819801330566e-01
-5.819466114044189453e-01
5.962735414505004883e-01
8.244060277938842773e-01
-9.691412001848220825e-02
1.985917687416076660e-01
-3.493797481060028076e-01
7.733687758445739746e-01
9.145221710205078125e-01
-6.958363652229309082e-01
2.148762643337249756e-01
2.941071093082427979e-01
5.463656783103942871e-01
2.817375361919403076e-01
-9.968265891075134277e-01
-9.184610843658447266e-01
-1.974155902862548828e-01
1.336816847324371338e-01
8.422135114669799805e-01
-8.843554258346557617e-01
6.353152990341186523e-01
8.401863276958465576e-02
2.836154103279113770e-01
-6.636450439691543579e-02
1.874707490205764771e-01
-9.693220853805541992e-01
9.508270621299743652e-01
9.657130837440490723e-01
-6.525866985321044922e-01
-2.355853021144866943e-01
8.278837800025939941e-01
-5.061240196228027344e-01
7.113908529281616211e-01
-2.336224615573883057e-01
-4.417542219161987305e-01
6.971558928489685059e-02
5.895149111747741699e-01
9.157541394233703613e-01
-8.784237504005432129e-01
1.094118785113096237e-02
7.429568767547607422e-01
-4.585550427436828613e-01
2.080426365137100220e-02
8.465746641159057617e-01
-4.114799201488494873e-01
8.247911334037780762e-01
5.058939456939697266e-01
1.865113377571105957e-01
-4.269397854804992676e-01
-5.488907694816589355e-01
-9.271270036697387695e-01
6.209655404090881348e-01
7.713007330894470215e-01
8.951025605201721191e-01
1.843803375959396362e-01
-4.691141247749328613e-01
-6.097741052508354187e-02
-1.301374286413192749e-01
5.108013749122619629e-02
-9.312869310379028320e-01
-4.072980284690856934e-01
2.140285521745681763e-01
-2.169923186302185059e-01
9.282680749893188477e-01
-1.398168317973613739e-02
4.300992190837860107e-01
9.577553272247314453e-01
1.638039946556091309e-01
1.507262438535690308e-01
-9.657456874847412109e-01
-4.791837036609649658e-01
7.348772287368774414e-01
5.397663712501525879e-01
-7.715884447097778320e-01
6.955789923667907715e-01
3.708425462245941162e-01
-1.494407504796981812e-01
4.647175967693328857e-01
-1.973104327917098999e-01
1.613381952047348022e-01
-8.266796469688415527e-01
-6.566992402076721191e-01
8.769493699073791504e-01
-6.883701086044311523e-01
-3.216544985771179199e-01
3.019400537014007568e-01
5.907989740371704102e-01
8.124908208847045898e-01
6.315472126007080078e-01
9.531387090682983398e-01
-3.718053400516510010e-01
-7.914817929267883301e-01
-1.868143863976001740e-02
8.615694642066955566e-01
9.639193415641784668e-01
-1.249564513564109802e-01
-9.251596927642822266e-01
-9.183281660079956055e-01
6.706439256668090820e-01
2.387149631977081299e-01
4.567217528820037842e-01
-4.229400753974914551e-01
3.192739188671112061e-01
5.844018459320068359e-01
-4.882093071937561035e-01
-4.717527329921722412e-01
8.490071296691894531e-01
1.436069905757904053e-01
5.981164053082466125e-02
-8.282753229141235352e-01
1.807079464197158813e-01
-3.424351215362548828e-01
-2.771615982055664062e-01
3.899537622928619385e-01
9.573144912719726562e-01
6.511532664299011230e-01
6.288590431213378906e-01
-9.679819345474243164e-01
3.825487941503524780e-02
3.080839812755584717e-01
3.323048651218414307e-01
4.228219762444496155e-02
5.312277078628540039e-01
-8.470496535301208496e-01
1.985223293304443359e-01
4.129703044891357422e-01
7.787504196166992188e-01
-2.292364239692687988e-01
-4.296019375324249268e-01
8.728428483009338379e-01
-6.907869577407836914e-01
1.872103065252304077e-01
-5.934738516807556152e-01
3.708985149860382080e-01
-8.195950835943222046e-02
1.599358320236206055e-01
-7.148573994636535645e-01
2.133747190237045288e-01
4.166246950626373291e-01
7.838628888130187988e-01
-1.269592791795730591e-01
8.945396542549133301e-01
5.491223335266113281e-01
-3.760626018047332764e-01
-7.449584603309631348e-01
9.444643259048461914e-01
-5.055491328239440918e-01
-2.495250552892684937e-01
-2.547618150711059570e-01
3.829816356301307678e-02
-7.768657803535461426e-01
8.706399798393249512e-01
-2.807672023773193359e-01
8.268770575523376465e-01
8.264646530151367188e-01
-1.293188482522964478e-01
3.525019586086273193e-01
-3.160246908664703369e-01
-2.627865970134735107e-01
-9.598684310913085938e-01
7.889875769615173340e-01
-1.138897389173507690e-01
4.904693365097045898e-01
7.005938291549682617e-01
6.607149839401245117e-01
-8.312616497278213501e-02
-4.532051384449005127e-01
9.129303693771362305e-01
-6.810506582260131836e-01
-1.801458373665809631e-02
-7.916187644004821777e-01
4.996867775917053223e-01
2.848885655403137207e-01
-8.991386294364929199e-01
1.694934070110321045e-02
-3.149341344833374023e-01
-2.243305593729019165e-01
9.787332415580749512e-01
9.879487156867980957e-01
7.661842703819274902e-01
-1.040193662047386169e-01
1.490589231252670288e-01
1.785267144441604614e-01
-3.216187059879302979e-01
-6.231966018676757812e-01
-6.960834860801696777e-01
-3.181284964084625244e-01
1.059923470020294189e-01
3.333875834941864014e-01
5.777907371520996094e-01
2.050165534019470215e-01
1.938145607709884644e-01
9.915741086006164551e-01
-6.309102475643157959e-02
7.710997462272644043e-01
-9.030471444129943848e-01
7.739353179931640625e-01
-9.109845012426376343e-02
-3.072350621223449707e-01
-3.805738091468811035e-01
-3.784338235855102539e-01
2.354978770017623901e-01
5.593534111976623535e-01
4.810651540756225586e-01
9.354032874107360840e-01
-5.322467088699340820e-01
-9.388806819915771484e-01
4.212730750441551208e-02
-6.171410679817199707e-01
9.083075523376464844e-01
4.500131905078887939e-01
-7.534207105636596680e-01
-6.327292919158935547e-01
7.130926847457885742e-01
7.672794461250305176e-01
6.708849668502807617e-01
-6.087508201599121094e-01
4.109951555728912354e-01
2.115040272474288940e-01
-3.019304871559143066e-01
1.869569271802902222e-01
6.565684080123901367e-01
-9.364663958549499512e-01
-9.319371581077575684e-01
8.474060297012329102e-01
9.294200539588928223e-01
-7.056653499603271484e-02
7.677756547927856445e-01
5.609925389289855957e-01
-7.987878918647766113e-01
-9.300410747528076172e-01
-5.397170186042785645e-01
7.029127478599548340e-01
6.975448727607727051e-01
9.601302742958068848e-01
4.948834478855133057e-01
-2.437200993299484253e-01
-9.485765099525451660e-01
-8.143959939479827881e-02
8.169786930084228516e-01
-8.247298598289489746e-01
-6.648889183998107910e-02
6.092096567153930664e-01
-7.926836013793945312e-01
-2.955846190452575684e-01
-5.487350821495056152e-01
9.524429440498352051e-01
8.707091808319091797e-01
3.154334425926208496e-01
4.745264947414398193e-01
5.176644921302795410e-01
-6.453934907913208008e-01
2.291376888751983643e-01
7.458050847053527832e-01
-7.235859632492065430e-01
-6.195507198572158813e-02
-5.803400278091430664e-02
4.660637080669403076e-01
3.432088792324066162e-01
7.026715874671936035e-01
2.417259663343429565e-01
-3.270505070686340332e-01
-9.217626452445983887e-01
3.565998971462249756e-01
3.356304764747619629e-01
-6.155233830213546753e-02
-5.746722221374511719e-01
8.122771978378295898e-01
-8.659586906433105469e-01
3.083008229732513428e-01
8.534761667251586914e-01
-7.479013204574584961e-01
-2.432762086391448975e-01
6.971259117126464844e-01
8.759092092514038086e-01
4.572642147541046143e-01
-7.588781714439392090e-01
5.835450813174247742e-02
1.216987222433090210e-01
1.705729588866233826e-02
7.113972306251525879e-01
-5.506787896156311035e-01
7.102109193801879883e-01
4.221518710255622864e-02
-5.924009084701538086e-01
4.957541227340698242e-01
7.956973314285278320e-01
-3.209601640701293945e-01
-8.977577090263366699e-01
1.701970100402832031e-01
-7.277388125658035278e-02
-6.965878009796142578e-01
7.418413162231445312e-01
8.848756551742553711e-01
-2.982590198516845703e-01
5.260179638862609863e-01
2.663858532905578613e-01
8.056606054306030273e-01
-7.709721326828002930e-01
5.529187917709350586e-01
-4.301167726516723633e-01
1.406084001064300537e-01
-5.854142829775810242e-02
-5.559461116790771484e-01
7.314230203628540039e-01
1.402047872543334961e-01
-1.638048291206359863e-01
-3.507899940013885498e-01
2.766917049884796143e-01
5.061397552490234375e-01
6.366013884544372559e-01
-5.411754250526428223e-01
-4.765367507934570312e-01
7.731396555900573730e-01
7.402676343917846680e-01
-8.773472905158996582e-01
-1.062050908803939819e-01
-2.885110080242156982e-01
6.524574160575866699e-01
-9.803069382905960083e-02
3.854922652244567871e-01
6.177386641502380371e-01
-5.884128212928771973e-01
8.524731397628784180e-01
-7.485568523406982422e-01
1.200764700770378113e-01
-1.406917572021484375e-01
2.272193580865859985e-01
7.978719472885131836e-01
-4.697153270244598389e-01
3.001221120357513428e-01
2.117873132228851318e-01
-2.998976409435272217e-01
-7.020709514617919922e-01
8.253107070922851562e-01
5.830003619194030762e-01
7.071853280067443848e-01
-6.567879319190979004e-01
3.605323433876037598e-01
-6.891053318977355957e-01
3.563572466373443604e-01
9.549639374017715454e-02
-3.627463877201080322e-01
5.665686130523681641e-01
7.570791840553283691e-01
-5.358582139015197754e-01
2.003785967826843262e-02
-4.947839379310607910e-01
6.450286507606506348e-01
-2.879462670534849167e-03
7.456364035606384277e-01
-2.351212054491043091e-01
-7.918495535850524902e-01
8.319001793861389160e-01
7.959841489791870117e-01
2.006240934133529663e-01
-4.771933853626251221e-01
-8.898722380399703979e-02
9.430109262466430664e-01
-9.823976755142211914e-01
4.291336834430694580e-01
-8.952025771141052246e-01
9.649884700775146484e-01
9.417377710342407227e-01
-9.611873030662536621e-01
4.804596602916717529e-01
-1.934725046157836914e-02
9.795990586280822754e-01
-9.199080467224121094e-01
-8.882269859313964844e-01
3.444097638130187988e-01
-3.103037476539611816e-01
4.916682094335556030e-02
7.573291063308715820e-01
1.419945508241653442e-01
3.437500298023223877e-01
4.133817926049232483e-02
-4.768204092979431152e-01
7.756543159484863281e-01
-2.858361005783081055e-01
2.157044708728790283e-01
4.577043652534484863e-01
-3.903495669364929199e-01
9.412494897842407227e-01
-5.129013657569885254e-01
-2.301104515790939331e-01
-7.036224603652954102e-01
8.971709609031677246e-01
2.636379897594451904e-01
1.294993609189987183e-01
-6.581472158432006836e-01
4.224054217338562012e-01
2.195496857166290283e-01
-1.963031142950057983e-01
8.969159722328186035e-01
-3.157840967178344727e-01
6.787095069885253906e-01
-7.581948041915893555e-01
2.592348158359527588e-01
6.329370737075805664e-01
2.642780542373657227e-01
3.044528663158416748e-01
-4.528566598892211914e-01
1.974439918994903564e-01
-6.321500539779663086e-01
3.278554975986480713e-01
1.528870016336441040e-01
7.366109490394592285e-01
1.033217161893844604e-01
-9.258503317832946777e-01
-8.875670284032821655e-02
5.720743536949157715e-01
-6.297367215156555176e-01
7.340026497840881348e-01
-8.750421553850173950e-02
-7.138087153434753418e-01
-5.885746479034423828e-01
9.992661476135253906e-01
8.066766858100891113e-01
-3.743224442005157471e-01
9.771475791931152344e-01
-6.404526531696319580e-02
8.993822932243347168e-01
4.940252006053924561e-01
-6.066201925277709961e-01
8.659055829048156738e-02
-6.517688035964965820e-01
-7.594347000122070312e-01
5.862849354743957520e-01
7.425510287284851074e-01
-2.660565376281738281e-01
2.114451378583908081e-01
-1.172687038779258728e-01
-6.005693674087524414e-01
8.633294701576232910e-01
-4.155219495296478271e-01
5.425132513046264648e-01
3.812957108020782471e-01
-9.500090479850769043e-01
6.787125468254089355e-01
6.276364326477050781e-01
-3.148325681686401367e-01
-1.295308321714401245e-01
-7.544878721237182617e-01
8.938513994216918945e-01
-5.729014873504638672e-01
4.483826756477355957e-01
4.645625352859497070e-01
5.542893409729003906e-01
8.716879487037658691e-01
-7.769540548324584961e-01
-9.616626501083374023e-01
8.054370880126953125e-01
-6.582978963851928711e-01
-5.800226330757141113e-01
9.062190651893615723e-01
7.617240548133850098e-01
-2.244378775358200073e-01
2.580336034297943115e-01
6.802596449851989746e-01
-2.169851362705230713e-01
-8.705322146415710449e-01
-7.447474598884582520e-01
5.871950387954711914e-01
-2.651659250259399414e-01
4.351902902126312256e-01
9.544051289558410645e-01
9.161103963851928711e-01
-9.721517562866210938e-01
4.894517362117767334e-01
9.578749537467956543e-01
2.216400951147079468e-01
-8.703557252883911133e-01
-5.441910624504089355e-01
-2.967024408280849457e-02
-6.258701533079147339e-02
7.972954511642456055e-01
-7.266239821910858154e-02
-7.461824417114257812e-01
-1.336918920278549194e-01
-3.624472916126251221e-01
1.297567784786224365e-01
7.408818006515502930e-01
9.406557679176330566e-01
5.115659832954406738e-01
-3.564083278179168701e-01
-2.693992853164672852e-01
-6.038005352020263672e-01
3.350578844547271729e-01
7.479085922241210938e-01
-8.200659155845642090e-01
1.508636325597763062e-01
5.560126900672912598e-01
8.315960764884948730e-01
-6.159238219261169434e-01
5.742070674896240234e-01
9.108421206474304199e-01
-9.292018413543701172e-01
-7.397345900535583496e-01
-9.400600194931030273e-01
8.505180478096008301e-01
8.230471611022949219e-01
-3.620760738849639893e-01
1.104514822363853455e-01
7.227131724357604980e-01
6.455841660499572754e-01
8.360942006111145020e-01
-6.530166864395141602e-01
-7.842448949813842773e-01
-4.863553941249847412e-01
-4.597930610179901123e-01
-4.712282121181488037e-01
8.844604492187500000e-01
7.411496043205261230e-01
4.919984042644500732e-01
4.957570433616638184e-01
4.596503973007202148e-01
-8.348205685615539551e-01
2.317638695240020752e-01
-8.791384100914001465e-01
-2.916935384273529053e-01
2.102105468511581421e-01
7.663802504539489746e-01
2.512582540512084961e-01
4.175724983215332031e-01
2.109389007091522217e-01
-5.349454283714294434e-01
-1.701504439115524292e-01
-4.179740846157073975e-01
8.878535628318786621e-01
9.652153253555297852e-01
-8.970190286636352539e-01
-2.262630015611648560e-01
-5.694955587387084961e-01
8.743549138307571411e-02
8.186275362968444824e-01
9.698547124862670898e-01
6.825692206621170044e-02
3.107535839080810547e-01
6.192139387130737305e-01
-9.675360918045043945e-01
-8.379456996917724609e-01
5.780317783355712891e-01
-5.298324227333068848e-01
4.799065887928009033e-01
4.890490174293518066e-01
6.838908195495605469e-01
-8.698362708091735840e-01
-6.396166086196899414e-01
4.174948930740356445e-01
5.946071147918701172e-01
3.325333893299102783e-01
7.563551515340805054e-02
2.818372547626495361e-01
-8.050538301467895508e-01
5.500783920288085938e-01
6.417067646980285645e-01
3.766709268093109131e-01
8.027550578117370605e-01
-8.701717853546142578e-01
2.568045854568481445e-01
-7.335436940193176270e-01
6.570234298706054688e-01
-3.142418712377548218e-02
-8.042576909065246582e-01
-5.338022112846374512e-01
1.393225342035293579e-01
9.615675806999206543e-01
-6.493408083915710449e-01
1.269160807132720947e-01
6.099173426628112793e-01
3.654929399490356445e-01
4.459613263607025146e-01
3.099865615367889404e-01
-2.870685160160064697e-01
7.105960845947265625e-01
7.556126713752746582e-01
3.453035652637481689e-01
-4.264487326145172119e-01
-8.292332291603088379e-01
5.265112519264221191e-01
-6.097086071968078613e-01
3.051460087299346924e-01
-8.252999782562255859e-01
1.489013880491256714e-01
6.444768309593200684e-01
6.135590672492980957e-01
-1.605242192745208740e-01
-7.522580623626708984e-01
-4.670133441686630249e-02
1.737119704484939575e-01
-2.426646351814270020e-01
6.293483376502990723e-01
-7.528968453407287598e-01
3.399040102958679199e-01
8.939345479011535645e-01
-1.829460114240646362e-01
6.686577200889587402e-01
-2.146240174770355225e-01
-2.736655175685882568e-01
7.922894954681396484e-01
8.930227756500244141e-01
1.158868670463562012e-01
-3.763164877891540527e-01
8.774223923683166504e-01
-6.289279460906982422e-01
7.384735941886901855e-01
-3.133486583828926086e-02
-3.586535155773162842e-01
-9.529674649238586426e-01
4.645800590515136719e-02
-6.175082325935363770e-01
9.183718562126159668e-01
3.363235890865325928e-01
3.160984516143798828e-01
7.956377863883972168e-01
-2.933272421360015869e-01
4.654167592525482178e-01
-7.236967682838439941e-01
-9.228340983390808105e-01
6.577171087265014648e-01
-2.833365201950073242e-01
-4.548169672489166260e-01
8.277283906936645508e-01
-1.704896092414855957e-01
-8.825085163116455078e-01
2.651925683021545410e-01
9.644655585289001465e-01
8.750540018081665039e-01
3.321861475706100464e-02
2.657671086490154266e-02
4.148015677928924561e-01
-6.714894175529479980e-01
-9.292646646499633789e-01
6.993781924247741699e-01
4.206812381744384766e-01
3.879672288894653320e-01
6.158609390258789062e-01
2.291047871112823486e-01
-5.170364975929260254e-01
-2.905120849609375000e-01
-4.591150283813476562e-01
9.755961298942565918e-01
8.907559514045715332e-01
-8.431459069252014160e-01
3.860653340816497803e-01
4.689107239246368408e-01
-2.172456532716751099e-01
-2.942162752151489258e-01
4.207988977432250977e-01
-7.480145096778869629e-01
6.216995120048522949e-01
-2.345202118158340454e-01
8.824512958526611328e-01
6.310217380523681641e-01
7.673887908458709717e-02
-2.938711941242218018e-01
2.824396193027496338e-01
4.425534904003143311e-01
-9.246838688850402832e-01
-9.672716856002807617e-01
6.193358898162841797e-01
-3.057764768600463867e-01
4.837234616279602051e-01
-8.708882927894592285e-01
7.535933256149291992e-01
8.626094460487365723e-01
2.134061306715011597e-01
-1.249486356973648071e-01
-1.144421100616455078e-01
-4.101791083812713623e-01
3.009381890296936035e-02
2.658094763755798340e-01
3.693740665912628174e-01
3.442361354827880859e-01
8.700196743011474609e-01
-3.056091368198394775e-01
6.355279684066772461e-02
1.358772516250610352e-01
-8.581282943487167358e-02
7.211681604385375977e-01
2.651189267635345459e-02
-9.662418365478515625e-01
-6.952787637710571289e-01
7.568721771240234375e-01
7.122318148612976074e-01
-3.723737001419067383e-01
-8.368721604347229004e-01
2.449050247669219971e-01
7.284530401229858398e-01
-6.629088521003723145e-02
7.844436168670654297e-01
-5.685575604438781738e-01
-7.094735503196716309e-01
5.713424682617187500e-01
7.909210324287414551e-01
1.557054221630096436e-01
-3.043620288372039795e-01
7.833825349807739258e-01
6.000636219978332520e-01
5.598939210176467896e-02
1.211471557617187500e-01
-2.454302459955215454e-01
5.404371023178100586e-01
-7.290798425674438477e-01
6.315249949693679810e-02
-7.592346072196960449e-01
8.760794401168823242e-01
-8.995729684829711914e-01
5.622718334197998047e-01
-3.378453850746154785e-02
7.500161528587341309e-01
-7.755315303802490234e-01
5.380499362945556641e-01
5.668712034821510315e-02
-5.807458162307739258e-01
3.969109952449798584e-01
6.244767308235168457e-01
7.843825221061706543e-01
-1.241017132997512817e-01
-8.524435162544250488e-01
-2.918964922428131104e-01
-1.673250272870063782e-02
8.984450101852416992e-01
5.130788087844848633e-01
5.334632396697998047e-01
-7.926760315895080566e-01
-5.311170220375061035e-01
7.569799423217773438e-01
-1.112450510263442993e-01
-1.295217126607894897e-01
7.526448965072631836e-01
-1.685744374990463257e-01
-4.336099922657012939e-01
1.304778456687927246e-01
5.341007709503173828e-01
-7.353537082672119141e-01
9.534223675727844238e-01
3.672479689121246338e-01
1.744132637977600098e-01
7.234860062599182129e-01
-1.268670856952667236e-01
-7.998370528221130371e-01
3.937996625900268555e-01
-3.172121644020080566e-01
6.064617037773132324e-01
-3.838023841381072998e-01
4.721076786518096924e-01
-4.041320681571960449e-01
7.779030799865722656e-01
-2.980059385299682617e-01
-3.988502919673919678e-01
6.598948240280151367e-01
-8.312352299690246582e-01
5.358909964561462402e-01
8.496176004409790039e-01
-5.614923834800720215e-01
-4.972412288188934326e-01
-1.128337606787681580e-01
2.856594920158386230e-01
7.779994010925292969e-01
1.290365606546401978e-01
7.653690576553344727e-01
2.600731551647186279e-01
-6.878597140312194824e-01
7.021594643592834473e-01
-4.635910987854003906e-01
2.981052100658416748e-01
2.212301045656204224e-01
4.684079289436340332e-01
-7.927262187004089355e-01
-3.886414766311645508e-01
-9.113348722457885742e-01
7.242218255996704102e-01
-3.396813198924064636e-02
-3.132993876934051514e-01
9.123789668083190918e-01
6.766310334205627441e-01
-1.509146541357040405e-01
8.404066562652587891e-01
4.298579990863800049e-01
4.731039106845855713e-01
-8.875126838684082031e-01
-5.955761075019836426e-01
-5.742127895355224609e-01
-6.059932708740234375e-01
6.190412640571594238e-01
3.400660157203674316e-01
-8.619615435600280762e-01
9.258928894996643066e-01
9.184989929199218750e-01
-6.958574652671813965e-01
3.303281068801879883e-01
2.710609138011932373e-01
-6.972766015678644180e-03
6.680776476860046387e-01
1.815288066864013672e-01
7.372519373893737793e-01
2.946977019309997559e-01
5.588172078132629395e-01
-9.892837405204772949e-01
-8.143652081489562988e-01
-3.405404090881347656e-02
-1.444168984889984131e-01
-4.417923688888549805e-01
-8.423504233360290527e-01
6.920745372772216797e-01
-2.695337235927581787e-01
9.571778178215026855e-01
9.400153756141662598e-01
-3.543618917465209961e-01
3.877044022083282471e-01
1.073116287589073181e-01
-7.936956286430358887e-01
9.496278762817382812e-01
6.918276101350784302e-02
2.901109755039215088e-01
5.101529955863952637e-01
-3.967338204383850098e-01
-5.466192364692687988e-01
-1.530318260192871094e-01
4.938609898090362549e-01
-3.073392808437347412e-01
-3.177532553672790527e-02
7.991796731948852539e-01
6.208114027976989746e-01
2.684129178524017334e-01
4.468111991882324219e-01
-7.301213145256042480e-01
5.604249238967895508e-01
-8.769250512123107910e-01
1.088032573461532593e-01
2.822168767452239990e-01
4.244311153888702393e-01
-9.488369226455688477e-01
-1.541367266327142715e-02
4.158297181129455566e-01
5.221726894378662109e-01
-9.878997206687927246e-01
2.847356498241424561e-01
-2.051913887262344360e-01
8.115998506546020508e-01
-2.860045731067657471e-01
-4.982465207576751709e-01
-7.119550108909606934e-01
9.811705946922302246e-01
9.886869192123413086e-01
4.585390985012054443e-01
5.687805414199829102e-01
1.001538112759590149e-01
3.563280999660491943e-01
-2.709833681583404541e-01
8.458110094070434570e-01
-8.224670290946960449e-01
8.043873310089111328e-02
-7.769389748573303223e-01
5.021063089370727539e-01
5.495176911354064941e-01
1.818561851978302002e-01
9.391039609909057617e-01
-7.966668009757995605e-01
-7.877482175827026367e-01
8.798425197601318359e-01
3.502330183982849121e-01
-8.602949380874633789e-01
-6.688430309295654297e-01
-6.800729632377624512e-01
-5.948235392570495605e-01
1.626572459936141968e-01
8.576632738113403320e-01
5.192809700965881348e-01
9.095972776412963867e-01
2.696569561958312988e-01
-2.333128079771995544e-02
4.222182035446166992e-01
3.229806423187255859e-01
-2.344259470701217651e-01
-7.077588886022567749e-02
-8.888092637062072754e-01
2.106260955333709717e-01
8.815797567367553711e-01
3.405609428882598877e-01
7.446040511131286621e-01
4.764401167631149292e-02
-9.236115217208862305e-01
-4.933595359325408936e-01
7.500426471233367920e-02
2.591769993305206299e-01
2.531527578830718994e-01
2.349394708871841431e-01
-8.197191953659057617e-01
-3.358096182346343994e-01
8.751752376556396484e-01
9.321502447128295898e-01
-6.080415248870849609e-01
8.332466483116149902e-01
6.926363110542297363e-01
4.950801134109497070e-01
-8.257943391799926758e-01
1.304239593446254730e-02
2.444931864738464355e-01
-8.484289050102233887e-01
-4.782872498035430908e-01
-5.966179966926574707e-01
-5.539134740829467773e-01
8.885946273803710938e-01
8.958615064620971680e-01
3.864288330078125000e-02
5.773423314094543457e-01
6.203273776918649673e-03
7.035248279571533203e-01
-3.669326752424240112e-02
1.961040049791336060e-01
-2.021418213844299316e-01
3.624562621116638184e-01
-5.404925942420959473e-01
-2.752215266227722168e-01
-6.999231576919555664e-01
7.672210335731506348e-01
-6.897934079170227051e-01
8.106650114059448242e-01
2.009318023920059204e-01
8.220764994621276855e-01
9.500289559364318848e-01
-1.098990887403488159e-01
-5.032550692558288574e-01
8.808599710464477539e-01
-5.603231862187385559e-02
-9.845819473266601562e-01
-5.086041092872619629e-01
-6.387099623680114746e-01
-7.995334863662719727e-01
5.132177472114562988e-01
2.181703895330429077e-01
9.088144302368164062e-01
-2.835983932018280029e-01
5.344825983047485352e-01
-1.084846258163452148e-01
6.698330640792846680e-01
9.527973532676696777e-01
-5.996770262718200684e-01
7.742543220520019531e-01
-4.211028516292572021e-01
3.178659379482269287e-01
-8.956640958786010742e-01
-8.355631679296493530e-02
2.818097360432147980e-02
5.964877009391784668e-01
3.365281522274017334e-01
-4.068768918514251709e-01
-3.857599198818206787e-01
-6.486420035362243652e-01
8.691782951354980469e-01
-3.926581144332885742e-01
8.254973888397216797e-01
3.730072975158691406e-01
5.900077223777770996e-01
1.886501759290695190e-01
4.904018640518188477e-01
-9.550572186708450317e-02
-5.147328972816467285e-01
-9.033215045928955078e-02
-5.728055834770202637e-01
8.152937889099121094e-01
8.215216994285583496e-01
-9.415260553359985352e-01
1.631661206483840942e-01
-5.623826384544372559e-01
7.351286411285400391e-01
7.512515038251876831e-02
8.830199837684631348e-01
2.474153228104114532e-02
-5.355508923530578613e-01
8.497592061758041382e-02
-4.751652181148529053e-01
7.028374075889587402e-01
2.481713593006134033e-01
4.263524711132049561e-01
-3.670738041400909424e-01
-1.634191907942295074e-02
-9.142827987670898438e-01
-1.273862123489379883e-01
4.734883606433868408e-01
6.387833356857299805e-01
7.731574773788452148e-02
3.316146135330200195e-01
-8.535805344581604004e-01
8.699494004249572754e-01
5.243477821350097656e-01
7.732203006744384766e-01
6.009094715118408203e-01
6.538720726966857910e-01
3.169266879558563232e-01
-9.313067793846130371e-01
-9.312746524810791016e-01
-9.217523783445358276e-02
3.986832201480865479e-01
-9.215058684349060059e-01
8.160403966903686523e-01
8.530446887016296387e-01
-4.137389063835144043e-01
-9.464500546455383301e-01
-4.554944038391113281e-01
-8.239417672157287598e-01
2.641223669052124023e-01
-8.373661637306213379e-01
2.415192276239395142e-01
2.097210437059402466e-01
9.416383504867553711e-01
9.485904574394226074e-01
8.681666254997253418e-01
-4.483084678649902344e-01
9.463772773742675781e-01
-7.062238454818725586e-01
6.733132004737854004e-01
1.786066293716430664e-01
7.634167671203613281e-01
-5.068424344062805176e-01
-8.736916184425354004e-01
-8.957848697900772095e-02
6.183746457099914551e-01
5.689596533775329590e-01
-4.618146419525146484e-01
-5.079124569892883301e-01
7.107661366462707520e-01
2.367975562810897827e-01
-6.659638881683349609e-01
7.692772746086120605e-01
-3.831294775009155273e-01
7.875474691390991211e-01
-8.804814815521240234e-01
3.271500766277313232e-01
-7.198583334684371948e-02
3.319881856441497803e-01
6.134461164474487305e-01
5.702412128448486328e-01
9.140795469284057617e-01
1.604481935501098633e-01
-6.945983171463012695e-01
-4.781660139560699463e-01
-2.114687561988830566e-01
5.803918838500976562e-01
-7.613898515701293945e-01
7.704964280128479004e-01
-4.003706276416778564e-01
-6.011862158775329590e-01
-4.814247786998748779e-01
9.085272550582885742e-01
8.384085297584533691e-01
-3.572281599044799805e-01
3.241377770900726318e-01
-2.512845993041992188e-01
8.756779879331588745e-02
-6.880454421043395996e-01
2.287364378571510315e-02
4.783535376191139221e-02
4.219375848770141602e-01
8.686099648475646973e-01
8.946286886930465698e-02
-2.340659797191619873e-01
-1.997981816530227661e-01
-8.158550262451171875e-01
6.306661963462829590e-01
8.182585835456848145e-01
3.172973990440368652e-01
-7.141236662864685059e-01
9.166140556335449219e-01
7.537201642990112305e-01
9.915766119956970215e-01
-8.041407465934753418e-01
5.730536580085754395e-01
4.192521274089813232e-01
2.989588081836700439e-01
-7.777962088584899902e-01
-3.328846991062164307e-01
-1.090466454625129700e-01
-2.872501909732818604e-01
-1.286531053483486176e-02
-2.464629560708999634e-01
-3.415081202983856201e-01
2.371966391801834106e-01
-7.071071863174438477e-01
9.750195741653442383e-01
8.096150755882263184e-01
-3.917409479618072510e-01
6.138854026794433594e-01
5.066727101802825928e-02
-4.759558290243148804e-02
1.425810009241104126e-01
-7.778247594833374023e-01
4.182033240795135498e-01
9.027011990547180176e-01
3.524451255798339844e-01
-4.046790301799774170e-01
1.158003136515617371e-02
-1.030118837952613831e-01
3.242169618606567383e-01
-1.162847802042961121e-01
2.334702461957931519e-01
7.005562186241149902e-01
-3.929110467433929443e-01
8.754543662071228027e-01
-9.264389276504516602e-01
-8.242213129997253418e-01
8.281230926513671875e-01
8.328799009323120117e-01
4.161245375871658325e-02
-2.129373103380203247e-01
-1.585908681154251099e-01
-7.309883236885070801e-01
2.398428022861480713e-01
1.838845461606979370e-01
-4.373489320278167725e-01
8.742150068283081055e-01
8.969954848289489746e-01
-5.800559520721435547e-01
7.151560187339782715e-01
-1.458752900362014771e-01
6.318599581718444824e-01
5.164880156517028809e-01
4.582560360431671143e-01
-1.488876640796661377e-01
-4.462187886238098145e-01
-2.926976382732391357e-01
-8.138367533683776855e-01
5.864673256874084473e-01
2.775924503803253174e-01
-4.323912858963012695e-01
-2.902702093124389648e-01
-4.238925576210021973e-01
6.980123519897460938e-01
7.808724045753479004e-01
-5.218388438224792480e-01
5.497257709503173828e-01
2.356947809457778931e-01
7.782971262931823730e-01
-9.314757585525512695e-01
-3.921568095684051514e-01
8.975933790206909180e-01
-5.621644258499145508e-01
5.480592846870422363e-01
3.786212801933288574e-01
4.310757815837860107e-01
-7.022387981414794922e-01
-3.854329586029052734e-01
9.598076343536376953e-01
6.192956566810607910e-01
-5.062229633331298828e-01
2.271627187728881836e-01
5.417891740798950195e-01
-5.136647820472717285e-01
2.426425814628601074e-01
-5.695046186447143555e-01
7.034742832183837891e-01
-1.873221099376678467e-01
-7.505313158035278320e-01
2.767711579799652100e-01
4.025229811668395996e-01
-9.111737012863159180e-01
6.310384273529052734e-01
-9.849664056673645973e-04
8.253584802150726318e-02
8.313358426094055176e-01
5.804198980331420898e-01
3.243273496627807617e-01
-8.696360886096954346e-02
-3.901338279247283936e-01
7.878881692886352539e-01
-2.210304588079452515e-01
6.194550991058349609e-01
-1.828511953353881836e-01
6.648294925689697266e-01
-9.123535752296447754e-01
5.411078929901123047e-01
-4.431135356426239014e-01
-3.488727211952209473e-01
-8.740072846412658691e-01
2.324723750352859497e-01
-3.866300880908966064e-01
7.342287302017211914e-01
-6.212775111198425293e-01
6.642851233482360840e-01
2.637679576873779297e-01
7.379752397537231445e-02
-7.306336192414164543e-04
4.558261632919311523e-01
2.652684450149536133e-01
5.410741567611694336e-01
7.057848572731018066e-01
9.196064472198486328e-01
-9.023397564888000488e-01
3.148828148841857910e-01
7.970700971782207489e-03
-7.726011425256729126e-02
-6.294806003570556641e-01
-6.924633979797363281e-01
-7.835963964462280273e-01
1.933303475379943848e-01
8.274616003036499023e-01
-7.599821090698242188e-01
-7.383285164833068848e-01
9.961619377136230469e-01
9.610249996185302734e-01
8.517040014266967773e-01
9.481658935546875000e-01
2.090043425559997559e-01
-2.458675056695938110e-01
