9.907479882240295410e-01
9.919384121894836426e-01
9.912091493606567383e-01
9.943336248397827148e-01
9.944255948066711426e-01
9.960370063781738281e-01
9.968385100364685059e-01
9.972515702247619629e-01
9.973671436309814453e-01
9.976131319999694824e-01
9.973044395446777344e-01
9.976108074188232422e-01
9.975100755691528320e-01
9.973561763763427734e-01
-9.975049495697021484e-01
-9.977913498878479004e-01
-9.959459900856018066e-01
8.497775197029113770e-01
9.939612746238708496e-01
9.944079518318176270e-01
9.907326102256774902e-01
9.915526509284973145e-01
9.915692806243896484e-01
9.923797249794006348e-01
9.929882287979125977e-01
9.931929707527160645e-01
9.955658316612243652e-01
9.960758090019226074e-01
9.971695542335510254e-01
9.976869821548461914e-01
9.974347352981567383e-01
9.971907734870910645e-01
9.977132678031921387e-01
9.977294802665710449e-01
9.971769452095031738e-01
9.976315498352050781e-01
-9.978187680244445801e-01
-9.976077675819396973e-01
-9.964820146560668945e-01
8.665448427200317383e-01
9.936633706092834473e-01
9.939498901367187500e-01
9.918138980865478516e-01
9.918377995491027832e-01
9.918390512466430664e-01
9.923518896102905273e-01
9.923351407051086426e-01
9.937655925750732422e-01
9.947146773338317871e-01
9.960569739341735840e-01
9.972258210182189941e-01
9.973285794258117676e-01
9.976451992988586426e-01
9.976250529289245605e-01
9.974574446678161621e-01
9.974902868270874023e-01
9.979956746101379395e-01
9.975475072860717773e-01
-9.977683424949645996e-01
-9.977372884750366211e-01
-9.955218434333801270e-01
8.462415337562561035e-01
9.941205382347106934e-01
9.939610362052917480e-01
9.909709095954895020e-01
9.910059571266174316e-01
9.904923439025878906e-01
9.915288686752319336e-01
9.926354885101318359e-01
9.929097890853881836e-01
9.944899678230285645e-01
9.958488345146179199e-01
9.971134066581726074e-01
9.977487325668334961e-01
9.976379871368408203e-01
9.971817135810852051e-01
9.979223608970642090e-01
9.975023269653320312e-01
9.974614977836608887e-01
9.972100853919982910e-01
-9.978694915771484375e-01
-9.975948333740234375e-01
-9.955819249153137207e-01
8.597836494445800781e-01
9.932423233985900879e-01
9.935246109962463379e-01
9.895919561386108398e-01
9.912940263748168945e-01
9.910208582878112793e-01
9.907911419868469238e-01
9.918568730354309082e-01
9.936977028846740723e-01
9.950395822525024414e-01
9.959559440612792969e-01
9.967561960220336914e-01
9.971930384635925293e-01
9.975405931472778320e-01
9.975427985191345215e-01
9.977083206176757812e-01
9.979450702667236328e-01
9.975597262382507324e-01
9.974060058593750000e-01
-9.974699616432189941e-01
-9.976218938827514648e-01
-9.958556890487670898e-01
8.500614762306213379e-01
9.940775632858276367e-01
9.942433834075927734e-01
9.900804758071899414e-01
9.907966852188110352e-01
9.913182854652404785e-01
9.921926259994506836e-01
9.925160408020019531e-01
9.934903383255004883e-01
9.956591129302978516e-01
9.959928393363952637e-01
9.973117113113403320e-01
9.979068040847778320e-01
9.972603917121887207e-01
9.976553320884704590e-01
9.975392222404479980e-01
9.976431727409362793e-01
9.975195527076721191e-01
9.979701638221740723e-01
-9.974322915077209473e-01
-9.979708790779113770e-01
-9.960645437240600586e-01
8.493346571922302246e-01
9.926815629005432129e-01
9.948070049285888672e-01
9.904015660285949707e-01
9.902611970901489258e-01
9.910915493965148926e-01
9.917250871658325195e-01
9.926517009735107422e-01
9.929653406143188477e-01
9.942948818206787109e-01
9.963101148605346680e-01
9.973800182342529297e-01
9.972373247146606445e-01
9.972725510597229004e-01
9.975665807723999023e-01
9.974901676177978516e-01
9.976310729980468750e-01
9.974489212036132812e-01
9.980155229568481445e-01
-9.978083372116088867e-01
-9.974023103713989258e-01
-9.960796833038330078e-01
8.572238087654113770e-01
9.938215613365173340e-01
9.941424727439880371e-01
9.901407957077026367e-01
9.920890927314758301e-01
9.913164377212524414e-01
9.912308454513549805e-01
9.927321672439575195e-01
9.937409162521362305e-01
9.942755699157714844e-01
9.958720207214355469e-01
9.970023632049560547e-01
9.973028302192687988e-01
9.977672696113586426e-01
9.976806044578552246e-01
9.976134896278381348e-01
9.974080920219421387e-01
9.972823262214660645e-01
9.976930618286132812e-01
-9.975930452346801758e-01
-9.977223873138427734e-01
-9.967522025108337402e-01
8.514737486839294434e-01
9.930438995361328125e-01
9.943631887435913086e-01
9.899795651435852051e-01
9.907401800155639648e-01
9.909598827362060547e-01
9.925228953361511230e-01
9.933733344078063965e-01
9.934936165809631348e-01
9.945061206817626953e-01
9.967504739761352539e-01
9.972413778305053711e-01
9.975554347038269043e-01
9.973278045654296875e-01
9.977592825889587402e-01
9.976121783256530762e-01
9.974802136421203613e-01
9.975465536117553711e-01
9.974934458732604980e-01
-9.975634217262268066e-01
-9.976142644882202148e-01
-9.960356950759887695e-01
8.448150753974914551e-01
9.933749437332153320e-01
9.937642216682434082e-01
9.917152523994445801e-01
9.896472692489624023e-01
9.915330410003662109e-01
9.916601181030273438e-01
9.923939704895019531e-01
9.935045242309570312e-01
9.946222305297851562e-01
9.961393475532531738e-01
9.970560669898986816e-01
9.970767498016357422e-01
9.975970983505249023e-01
9.979148507118225098e-01
9.971142411231994629e-01
9.973744750022888184e-01
9.978660941123962402e-01
9.976695179939270020e-01
-9.974436759948730469e-01
-9.976027011871337891e-01
-9.959458708763122559e-01
8.492525219917297363e-01
9.944304823875427246e-01
9.924809932708740234e-01
9.906685352325439453e-01
9.902364611625671387e-01
9.907333254814147949e-01
9.922888278961181641e-01
9.930468201637268066e-01
9.936206340789794922e-01
9.948079586029052734e-01
9.961410760879516602e-01
9.974159598350524902e-01
9.977180361747741699e-01
9.978682994842529297e-01
9.978581666946411133e-01
9.978030920028686523e-01
9.974668622016906738e-01
9.976950883865356445e-01
9.979305267333984375e-01
-9.975694417953491211e-01
-9.978363513946533203e-01
-9.964464306831359863e-01
8.655751943588256836e-01
9.929980635643005371e-01
9.933997988700866699e-01
9.911466836929321289e-01
9.905512928962707520e-01
9.917333722114562988e-01
9.905147552490234375e-01
9.934136271476745605e-01
9.933371543884277344e-01
9.947834610939025879e-01
9.963080883026123047e-01
9.974874258041381836e-01
9.976335763931274414e-01
9.976333975791931152e-01
9.974983930587768555e-01
9.978385567665100098e-01
9.975646734237670898e-01
9.973822832107543945e-01
9.977957606315612793e-01
-9.975752234458923340e-01
-9.973950982093811035e-01
-9.960122704505920410e-01
8.402281999588012695e-01
9.937554597854614258e-01
9.944942593574523926e-01
9.918471574783325195e-01
9.903088212013244629e-01
9.912873506546020508e-01
9.918539524078369141e-01
9.932659268379211426e-01
9.928548336029052734e-01
9.948664307594299316e-01
9.963280558586120605e-01
9.970198869705200195e-01
9.973868727684020996e-01
9.975872039794921875e-01
9.978076219558715820e-01
9.978253245353698730e-01
9.979093670845031738e-01
9.971637129783630371e-01
9.975571036338806152e-01
-9.975550770759582520e-01
-9.978440999984741211e-01
-9.960031509399414062e-01
8.536763787269592285e-01
9.937653541564941406e-01
9.933190941810607910e-01
9.902448654174804688e-01
9.901409745216369629e-01
9.914977550506591797e-01
9.925383925437927246e-01
9.920916557312011719e-01
9.928472638130187988e-01
9.950525760650634766e-01
9.954085350036621094e-01
9.972908496856689453e-01
9.973139166831970215e-01
9.978691339492797852e-01
9.978893399238586426e-01
9.978405237197875977e-01
9.977586269378662109e-01
9.974257349967956543e-01
9.975152611732482910e-01
-9.976062178611755371e-01
-9.975268840789794922e-01
-9.960283637046813965e-01
8.548437356948852539e-01
9.937821626663208008e-01
9.937243461608886719e-01
9.907686710357666016e-01
9.894407987594604492e-01
9.924322962760925293e-01
9.906131625175476074e-01
9.916904568672180176e-01
9.939779043197631836e-01
9.950056076049804688e-01
9.962100982666015625e-01
9.968950748443603516e-01
9.970312714576721191e-01
9.978739619255065918e-01
9.974719882011413574e-01
9.975891709327697754e-01
9.977692961692810059e-01
9.976156949996948242e-01
9.977661967277526855e-01
-9.977713823318481445e-01
-9.972968697547912598e-01
-9.958121776580810547e-01
8.585287928581237793e-01
9.934450984001159668e-01
9.939857125282287598e-01
9.902285337448120117e-01
9.916374087333679199e-01
9.917204380035400391e-01
9.920564293861389160e-01
9.930850267410278320e-01
9.935595989227294922e-01
9.938958287239074707e-01
9.959616661071777344e-01
9.971346855163574219e-01
9.972902536392211914e-01
9.978453516960144043e-01
9.975445866584777832e-01
9.978406429290771484e-01
9.975776672363281250e-01
9.975073933601379395e-01
9.978737831115722656e-01
-9.973026514053344727e-01
-9.976883530616760254e-01
-9.958502054214477539e-01
8.407988548278808594e-01
9.933391809463500977e-01
9.920001029968261719e-01
9.922813177108764648e-01
9.911823272705078125e-01
9.907096624374389648e-01
9.913458228111267090e-01
9.930188655853271484e-01
9.930171370506286621e-01
9.948672652244567871e-01
9.965527653694152832e-01
9.973496794700622559e-01
9.975644350051879883e-01
9.975200295448303223e-01
9.970232248306274414e-01
9.975022673606872559e-01
9.976513385772705078e-01
9.979283809661865234e-01
9.979403018951416016e-01
-9.975278973579406738e-01
-9.972940683364868164e-01
-9.959431290626525879e-01
8.708693385124206543e-01
9.936903715133666992e-01
9.927447438240051270e-01
9.906984567642211914e-01
9.905150532722473145e-01
9.915638566017150879e-01
9.917117953300476074e-01
9.924479722976684570e-01
9.941028356552124023e-01
9.941598773002624512e-01
9.955492019653320312e-01
9.971787929534912109e-01
9.977412819862365723e-01
9.971657991409301758e-01
9.976899027824401855e-01
9.975625276565551758e-01
9.976851940155029297e-01
9.973865747451782227e-01
9.976526498794555664e-01
-9.970927238464355469e-01
-9.976747035980224609e-01
-9.955781698226928711e-01
8.553799986839294434e-01
9.931849837303161621e-01
9.940435290336608887e-01
9.899475574493408203e-01
9.910709857940673828e-01
9.923759102821350098e-01
9.912202358245849609e-01
9.933394193649291992e-01
9.925855994224548340e-01
9.944309592247009277e-01
9.958678483963012695e-01
9.972187876701354980e-01
9.971454739570617676e-01
9.975661635398864746e-01
9.976141452789306641e-01
9.977218508720397949e-01
9.975395798683166504e-01
9.974585175514221191e-01
9.976704716682434082e-01
-9.975953102111816406e-01
-9.975454211235046387e-01
-9.953452944755554199e-01
8.599891066551208496e-01
9.931953549385070801e-01
9.928441047668457031e-01
9.893320798873901367e-01
9.909348487854003906e-01
9.923743605613708496e-01
9.923193454742431641e-01
9.912638068199157715e-01
9.930251240730285645e-01
9.945808649063110352e-01
9.962129592895507812e-01
9.967128634452819824e-01
9.974585175514221191e-01
9.975991845130920410e-01
9.974839687347412109e-01
9.978907108306884766e-01
9.979299306869506836e-01
9.978681206703186035e-01
9.978920817375183105e-01
-9.978401064872741699e-01
-9.975539445877075195e-01
-9.957697987556457520e-01
8.564741611480712891e-01
9.931469559669494629e-01
9.934288263320922852e-01
9.913822412490844727e-01
9.910889267921447754e-01
9.911755323410034180e-01
9.917784333229064941e-01
9.932696223258972168e-01
9.931584596633911133e-01
9.949861168861389160e-01
9.957225918769836426e-01
9.968708753585815430e-01
9.974411129951477051e-01
9.971607327461242676e-01
9.977786540985107422e-01
9.978508949279785156e-01
9.977867007255554199e-01
9.979014396667480469e-01
9.978188276290893555e-01
-9.976217150688171387e-01
-9.974724650382995605e-01
-9.960600137710571289e-01
8.727567791938781738e-01
9.938504099845886230e-01
9.936657547950744629e-01
9.901504516601562500e-01
9.902870655059814453e-01
9.910884499549865723e-01
9.921920895576477051e-01
9.918833374977111816e-01
9.935314059257507324e-01
9.952998161315917969e-01
9.965532422065734863e-01
9.972645640373229980e-01
9.973689317703247070e-01
9.976397752761840820e-01
9.971821904182434082e-01
9.974809288978576660e-01
9.975275397300720215e-01
9.973888397216796875e-01
9.979581832885742188e-01
-9.975619912147521973e-01
-9.977595806121826172e-01
-9.959728121757507324e-01
8.463211655616760254e-01
9.936801195144653320e-01
9.937848448753356934e-01
9.899435639381408691e-01
9.901939630508422852e-01
9.910702705383300781e-01
9.919772744178771973e-01
9.936847686767578125e-01
9.931030869483947754e-01
9.947592616081237793e-01
9.958771467208862305e-01
9.974116683006286621e-01
9.973465800285339355e-01
9.975631833076477051e-01
9.974869489669799805e-01
9.973908066749572754e-01
9.976710081100463867e-01
9.972336888313293457e-01
9.973607063293457031e-01
-9.976463913917541504e-01
-9.975495934486389160e-01
-9.966953396797180176e-01
8.550621867179870605e-01
9.936802387237548828e-01
9.946469068527221680e-01
9.896500110626220703e-01
9.917269945144653320e-01
9.912171959877014160e-01
9.931902289390563965e-01
9.921089410781860352e-01
9.938395619392395020e-01
9.944568872451782227e-01
9.960734248161315918e-01
9.969443678855895996e-01
9.977577924728393555e-01
9.975651502609252930e-01
9.974033832550048828e-01
9.971696734428405762e-01
9.973759055137634277e-01
9.976688623428344727e-01
9.974740743637084961e-01
-9.972997903823852539e-01
-9.975837469100952148e-01
-9.954290390014648438e-01
8.502214550971984863e-01
9.933648109436035156e-01
9.939372539520263672e-01
9.908418655395507812e-01
9.904978871345520020e-01
9.914661049842834473e-01
9.919134378433227539e-01
9.931438565254211426e-01
9.937974214553833008e-01
9.950412511825561523e-01
9.963364601135253906e-01
9.968966245651245117e-01
9.971895813941955566e-01
9.976534247398376465e-01
9.972076416015625000e-01
9.975186586380004883e-01
9.976008534431457520e-01
9.974886178970336914e-01
9.972043037414550781e-01
-9.974995255470275879e-01
-9.976226091384887695e-01
-9.955412745475769043e-01
8.536486625671386719e-01
9.935867190361022949e-01
9.937914609909057617e-01
9.907842278480529785e-01
9.911735057830810547e-01
9.917100667953491211e-01
9.910609722137451172e-01
9.927913546562194824e-01
9.935544729232788086e-01
9.947752356529235840e-01
9.963197708129882812e-01
9.974272251129150391e-01
9.977165460586547852e-01
9.976626634597778320e-01
9.974369406700134277e-01
9.978041648864746094e-01
9.973112940788269043e-01
9.973759055137634277e-01
9.976098537445068359e-01
-9.975115060806274414e-01
-9.975387454032897949e-01
-9.957964420318603516e-01
8.412491679191589355e-01
9.936978220939636230e-01
9.932995438575744629e-01
9.905635714530944824e-01
9.897711277008056641e-01
9.907432198524475098e-01
9.911747574806213379e-01
9.927160143852233887e-01
9.936816096305847168e-01
9.954102039337158203e-01
9.962592720985412598e-01
9.969791173934936523e-01
9.975153207778930664e-01
9.976285099983215332e-01
9.976755976676940918e-01
9.976008534431457520e-01
9.972558617591857910e-01
9.975197315216064453e-01
9.976875782012939453e-01
-9.976306557655334473e-01
-9.973188042640686035e-01
-9.959572553634643555e-01
8.349756002426147461e-01
9.930881261825561523e-01
9.944986701011657715e-01
9.894062280654907227e-01
9.919323921203613281e-01
9.909462928771972656e-01
9.925286173820495605e-01
9.928135275840759277e-01
9.934404492378234863e-01
9.948609471321105957e-01
9.959360361099243164e-01
9.972693920135498047e-01
9.971942901611328125e-01
9.974263310432434082e-01
9.978939890861511230e-01
9.977368712425231934e-01
9.974749088287353516e-01
9.975550770759582520e-01
9.973775744438171387e-01
-9.979701042175292969e-01
-9.974500536918640137e-01
-9.954249858856201172e-01
8.776941895484924316e-01
9.930165410041809082e-01
9.900534152984619141e-01
9.901843070983886719e-01
9.909670948982238770e-01
9.913774132728576660e-01
9.905204176902770996e-01
9.918019771575927734e-01
9.929303526878356934e-01
9.942369461059570312e-01
9.965999722480773926e-01
9.971979260444641113e-01
9.976615905761718750e-01
9.971680641174316406e-01
9.971785545349121094e-01
9.974497556686401367e-01
9.978522062301635742e-01
9.975870847702026367e-01
9.972556233406066895e-01
-9.976546168327331543e-01
-9.973027706146240234e-01
-9.960159063339233398e-01
8.533021211624145508e-01
9.931319952011108398e-01
9.941655993461608887e-01
9.905065894126892090e-01
9.925651550292968750e-01
9.916122555732727051e-01
9.923686981201171875e-01
9.928475022315979004e-01
9.939925074577331543e-01
9.947623014450073242e-01
9.961605072021484375e-01
9.970953464508056641e-01
9.974890351295471191e-01
9.977584481239318848e-01
9.971863031387329102e-01
9.977694749832153320e-01
9.975259304046630859e-01
9.979408979415893555e-01
9.976903200149536133e-01
-9.974511861801147461e-01
-9.976951479911804199e-01
-9.961805343627929688e-01
8.748988509178161621e-01
9.928902983665466309e-01
9.930406212806701660e-01
9.914948344230651855e-01
9.905670881271362305e-01
9.916356205940246582e-01
9.918774962425231934e-01
9.930361509323120117e-01
9.943056702613830566e-01
9.949282407760620117e-01
9.961786270141601562e-01
9.969561100006103516e-01
9.977823495864868164e-01
9.976312518119812012e-01
9.972280263900756836e-01
9.977402687072753906e-01
9.977039098739624023e-01
9.977591037750244141e-01
9.970994591712951660e-01
-9.976173639297485352e-01
-9.975516200065612793e-01
-9.959051609039306641e-01
8.537008166313171387e-01
9.935269951820373535e-01
9.925170540809631348e-01
9.894262552261352539e-01
9.919571280479431152e-01
9.919034838676452637e-01
9.909549951553344727e-01
9.913217425346374512e-01
9.941316246986389160e-01
9.952071309089660645e-01
9.958255887031555176e-01
9.974053502082824707e-01
9.973841309547424316e-01
9.975558519363403320e-01
9.974932074546813965e-01
9.977068305015563965e-01
9.977677464485168457e-01
9.974538087844848633e-01
9.974244832992553711e-01
-9.974420070648193359e-01
-9.974060058593750000e-01
-9.960476756095886230e-01
8.510087728500366211e-01
9.923643469810485840e-01
9.929343461990356445e-01
9.904052019119262695e-01
9.908224344253540039e-01
9.923861622810363770e-01
9.925551414489746094e-01
9.925374388694763184e-01
9.938238859176635742e-01
9.944114089012145996e-01
9.963600635528564453e-01
9.970583915710449219e-01
9.972891211509704590e-01
9.973127841949462891e-01
9.974484443664550781e-01
9.979960918426513672e-01
9.976025223731994629e-01
9.976771473884582520e-01
9.974783658981323242e-01
-9.973134398460388184e-01
-9.976933598518371582e-01
-9.960338473320007324e-01
8.465326428413391113e-01
9.920294284820556641e-01
9.932997822761535645e-01
9.895370006561279297e-01
9.907652139663696289e-01
9.912011623382568359e-01
9.929558038711547852e-01
9.921624064445495605e-01
9.933819174766540527e-01
9.944446086883544922e-01
9.965723752975463867e-01
9.968322515487670898e-01
9.971150755882263184e-01
9.971723556518554688e-01
9.973811507225036621e-01
9.979487061500549316e-01
9.976472258567810059e-01
9.976965785026550293e-01
9.976932406425476074e-01
-9.972787499427795410e-01
-9.975469112396240234e-01
-9.957104325294494629e-01
8.554814457893371582e-01
9.938839673995971680e-01
9.936788678169250488e-01
9.880321025848388672e-01
9.917166233062744141e-01
9.923134446144104004e-01
9.910676479339599609e-01
9.928467869758605957e-01
9.932255744934082031e-01
9.952642917633056641e-01
9.961735010147094727e-01
9.968420267105102539e-01
9.975575804710388184e-01
9.976106882095336914e-01
9.979603290557861328e-01
9.972561597824096680e-01
9.974095821380615234e-01
9.980528950691223145e-01
9.973453283309936523e-01
-9.974724054336547852e-01
-9.978528618812561035e-01
-9.957248568534851074e-01
8.630847334861755371e-01
9.943217635154724121e-01
9.942765235900878906e-01
9.918648600578308105e-01
9.902395606040954590e-01
9.911240935325622559e-01
9.917252659797668457e-01
9.929018616676330566e-01
9.944840669631958008e-01
9.946327209472656250e-01
9.962712526321411133e-01
9.969217777252197266e-01
9.977115392684936523e-01
9.973999261856079102e-01
9.975670576095581055e-01
9.978540539741516113e-01
9.976196289062500000e-01
9.977035522460937500e-01
9.970546960830688477e-01
-9.973940253257751465e-01
-9.975703954696655273e-01
-9.961663484573364258e-01
8.340057134628295898e-01
9.921204447746276855e-01
9.935084581375122070e-01
9.899147748947143555e-01
9.909099936485290527e-01
9.916622638702392578e-01
9.917702674865722656e-01
9.917649626731872559e-01
9.924402236938476562e-01
9.946160316467285156e-01
9.960259199142456055e-01
9.969055056571960449e-01
9.975141882896423340e-01
9.973321557044982910e-01
9.975668787956237793e-01
9.976609945297241211e-01
9.975039958953857422e-01
9.971970915794372559e-01
9.976696372032165527e-01
-9.973661899566650391e-01
-9.974368214607238770e-01
-9.961771368980407715e-01
8.699564337730407715e-01
9.932601451873779297e-01
9.942502379417419434e-01
9.917030334472656250e-01
9.906767606735229492e-01
9.903860688209533691e-01
9.908809661865234375e-01
9.923264384269714355e-01
9.925479888916015625e-01
9.948056340217590332e-01
9.963293075561523438e-01
9.972303509712219238e-01
9.976253509521484375e-01
9.977291226387023926e-01
9.975640177726745605e-01
9.977560043334960938e-01
9.972053766250610352e-01
9.975215792655944824e-01
9.977000951766967773e-01
-9.974172711372375488e-01
-9.977611303329467773e-01
-9.961135387420654297e-01
8.555282354354858398e-01
9.935650229454040527e-01
9.940631389617919922e-01
9.910536408424377441e-01
9.897835850715637207e-01
9.903131127357482910e-01
9.921602010726928711e-01
9.931188821792602539e-01
9.929168224334716797e-01
9.947310686111450195e-01
9.958975315093994141e-01
9.967104196548461914e-01
9.972820281982421875e-01
9.976325631141662598e-01
9.976892471313476562e-01
9.978031516075134277e-01
9.973100423812866211e-01
9.974197745323181152e-01
9.975616335868835449e-01
-9.976679682731628418e-01
-9.975813031196594238e-01
-9.960393905639648438e-01
8.556235432624816895e-01
9.938420653343200684e-01
9.938653111457824707e-01
9.903728365898132324e-01
9.921139478683471680e-01
9.919087290763854980e-01
9.925118088722229004e-01
9.915020465850830078e-01
9.925150871276855469e-01
9.949814081192016602e-01
9.961889386177062988e-01
9.971533417701721191e-01
9.974655508995056152e-01
9.976694583892822266e-01
9.975619912147521973e-01
9.973329305648803711e-01
9.978737235069274902e-01
9.978839159011840820e-01
9.972978234291076660e-01
-9.975580573081970215e-01
-9.976554512977600098e-01
-9.959226846694946289e-01
8.649989366531372070e-01
9.938418865203857422e-01
9.933732748031616211e-01
9.894368052482604980e-01
9.901370406150817871e-01
9.910662770271301270e-01
9.919561743736267090e-01
9.921147227287292480e-01
9.938585758209228516e-01
9.939844012260437012e-01
9.961922168731689453e-01
9.973344206809997559e-01
9.970287680625915527e-01
9.974032640457153320e-01
9.975747466087341309e-01
9.979255199432373047e-01
9.977696537971496582e-01
9.974457621574401855e-01
9.975613951683044434e-01
-9.976678490638732910e-01
-9.978885650634765625e-01
-9.958175420761108398e-01
8.617025017738342285e-01
9.934048056602478027e-01
9.926736950874328613e-01
9.892238378524780273e-01
9.916467070579528809e-01
9.905349016189575195e-01
9.915527701377868652e-01
9.934614896774291992e-01
9.926106333732604980e-01
9.948210120201110840e-01
9.966269731521606445e-01
9.970220327377319336e-01
9.976249933242797852e-01
9.978082776069641113e-01
9.976918697357177734e-01
9.977017641067504883e-01
9.973376989364624023e-01
9.977008700370788574e-01
9.977359771728515625e-01
-9.977526664733886719e-01
-9.975000619888305664e-01
-9.958012700080871582e-01
8.536319732666015625e-01
9.942555427551269531e-01
9.935799837112426758e-01
9.902579188346862793e-01
9.910989403724670410e-01
9.912050962448120117e-01
9.915693402290344238e-01
9.919999241828918457e-01
9.938833713531494141e-01
9.954418540000915527e-01
9.959048628807067871e-01
9.970065951347351074e-01
9.975765943527221680e-01
9.974907636642456055e-01
9.976387619972229004e-01
9.972275495529174805e-01
9.971820712089538574e-01
9.976654648780822754e-01
9.978890419006347656e-01
-9.973633289337158203e-01
-9.976398348808288574e-01
-9.965630173683166504e-01
8.651903867721557617e-01
9.941115975379943848e-01
9.944904446601867676e-01
9.906316399574279785e-01
9.905655384063720703e-01
9.917289614677429199e-01
9.919617176055908203e-01
9.927155971527099609e-01
9.946249723434448242e-01
9.950670003890991211e-01
9.955995082855224609e-01
9.973781108856201172e-01
9.976006150245666504e-01
9.973377585411071777e-01
9.974451661109924316e-01
9.977131485939025879e-01
9.976217746734619141e-01
9.978396296501159668e-01
9.974960088729858398e-01
-9.976148009300231934e-01
-9.975343346595764160e-01
-9.958007335662841797e-01
8.522296547889709473e-01
9.927840828895568848e-01
9.939543604850769043e-01
9.904106855392456055e-01
9.908009171485900879e-01
9.911453127861022949e-01
9.932777881622314453e-01
9.929276108741760254e-01
9.939345121383666992e-01
9.950948953628540039e-01
9.961308240890502930e-01
9.972279071807861328e-01
9.971628189086914062e-01
9.972664713859558105e-01
9.976007342338562012e-01
9.976745247840881348e-01
9.977946281433105469e-01
9.979444742202758789e-01
9.977326989173889160e-01
-9.973632097244262695e-01
-9.970366358757019043e-01
-9.959507584571838379e-01
8.445344567298889160e-01
9.939277768135070801e-01
9.940533638000488281e-01
9.901743531227111816e-01
9.903358817100524902e-01
9.909797310829162598e-01
9.927383065223693848e-01
9.928956627845764160e-01
9.938667416572570801e-01
9.947022199630737305e-01
9.961840510368347168e-01
9.966899752616882324e-01
9.974699616432189941e-01
9.973869323730468750e-01
9.973930716514587402e-01
9.975309371948242188e-01
9.975697398185729980e-01
9.974507689476013184e-01
9.970450997352600098e-01
-9.970579743385314941e-01
-9.974070787429809570e-01
-9.957521557807922363e-01
8.476924896240234375e-01
9.938847422599792480e-01
9.935147762298583984e-01
9.912360310554504395e-01
9.908659458160400391e-01
9.913499951362609863e-01
9.912780523300170898e-01
9.929358363151550293e-01
9.935662150382995605e-01
9.946221113204956055e-01
9.965239763259887695e-01
9.970648884773254395e-01
9.970693588256835938e-01
9.976925849914550781e-01
9.976512193679809570e-01
9.977192878723144531e-01
9.974480271339416504e-01
9.978711009025573730e-01
9.977203011512756348e-01
-9.974574446678161621e-01
-9.974656105041503906e-01
-9.956622719764709473e-01
8.618927597999572754e-01
9.932703971862792969e-01
9.936799407005310059e-01
9.894865155220031738e-01
9.898007512092590332e-01
9.908413887023925781e-01
9.922546744346618652e-01
9.924661517143249512e-01
9.937056899070739746e-01
9.945565462112426758e-01
9.962098598480224609e-01
9.973014593124389648e-01
9.973281621932983398e-01
9.973469972610473633e-01
9.978713393211364746e-01
9.977514147758483887e-01
9.975047707557678223e-01
9.974749088287353516e-01
9.975328445434570312e-01
-9.978209137916564941e-01
-9.977669715881347656e-01
-9.957527518272399902e-01
8.394557237625122070e-01
9.932912588119506836e-01
9.947478771209716797e-01
9.891377687454223633e-01
9.915184974670410156e-01
9.911582469940185547e-01
9.923778176307678223e-01
9.915351867675781250e-01
9.935517311096191406e-01
9.946273565292358398e-01
9.961275458335876465e-01
9.969314336776733398e-01
9.971579313278198242e-01
9.975174665451049805e-01
9.973005652427673340e-01
9.980132579803466797e-01
9.972652792930603027e-01
9.969739317893981934e-01
9.978619813919067383e-01
-9.977967739105224609e-01
-9.978738427162170410e-01
-9.963644146919250488e-01
8.527817130088806152e-01
9.940539598464965820e-01
9.937927722930908203e-01
9.908229708671569824e-01
9.915810823440551758e-01
9.917322993278503418e-01
9.914467334747314453e-01
9.926058650016784668e-01
9.938236474990844727e-01
9.952502250671386719e-01
9.963595271110534668e-01
9.966226816177368164e-01
9.974743723869323730e-01
9.970926046371459961e-01
9.973931312561035156e-01
9.972198605537414551e-01
9.977424144744873047e-01
9.977322220802307129e-01
9.975022077560424805e-01
-9.976451992988586426e-01
-9.974196553230285645e-01
-9.957227706909179688e-01
8.528897166252136230e-01
9.931970834732055664e-01
9.935988187789916992e-01
9.899620413780212402e-01
9.911223649978637695e-01
9.904275536537170410e-01
9.923196434974670410e-01
9.928485155105590820e-01
9.942327141761779785e-01
9.948242902755737305e-01
9.961267709732055664e-01
9.970120787620544434e-01
9.974680542945861816e-01
9.972332119941711426e-01
9.974110126495361328e-01
9.976662397384643555e-01
9.976800680160522461e-01
9.975409507751464844e-01
9.975219964981079102e-01
-9.973756074905395508e-01
-9.977335333824157715e-01
-9.962699413299560547e-01
8.418130278587341309e-01
9.946179389953613281e-01
9.947051405906677246e-01
9.894694089889526367e-01
9.912251830101013184e-01
9.909817576408386230e-01
9.909041523933410645e-01
9.925277233123779297e-01
9.931054711341857910e-01
9.954017400741577148e-01
9.962555170059204102e-01
9.971805214881896973e-01
9.978315830230712891e-01
9.974386692047119141e-01
9.974526166915893555e-01
9.975582361221313477e-01
9.974152445793151855e-01
9.978625178337097168e-01
9.974426627159118652e-01
-9.975814223289489746e-01
-9.979300498962402344e-01
-9.961268305778503418e-01
8.518901467323303223e-01
9.938712120056152344e-01
9.935507178306579590e-01
9.904105067253112793e-01
9.902231693267822266e-01
9.917754530906677246e-01
9.922279715538024902e-01
9.938542246818542480e-01
9.938543438911437988e-01
9.942811727523803711e-01
9.963570237159729004e-01
9.969993233680725098e-01
9.971723556518554688e-01
9.976475834846496582e-01
9.974821209907531738e-01
9.974097013473510742e-01
9.974887967109680176e-01
9.977423548698425293e-01
9.977027773857116699e-01
-9.976578354835510254e-01
-9.975787997245788574e-01
-9.965437054634094238e-01
8.583120703697204590e-01
9.923180341720581055e-01
9.937550425529479980e-01
9.905381798744201660e-01
9.920294284820556641e-01
9.915142059326171875e-01
9.898865222930908203e-01
9.935074448585510254e-01
9.935246109962463379e-01
9.949801564216613770e-01
9.966446161270141602e-01
9.972516298294067383e-01
9.971157908439636230e-01
9.973129034042358398e-01
9.976089000701904297e-01
9.974064826965332031e-01
9.974675774574279785e-01
9.975457191467285156e-01
9.969830513000488281e-01
-9.977039694786071777e-01
-9.977051019668579102e-01
-9.959073066711425781e-01
8.601924180984497070e-01
9.935038089752197266e-01
9.938256740570068359e-01
9.901171922683715820e-01
9.916937947273254395e-01
9.931394457817077637e-01
9.913576245307922363e-01
9.920483827590942383e-01
9.934059977531433105e-01
9.953665137290954590e-01
9.953455328941345215e-01
9.971513748168945312e-01
9.977536797523498535e-01
9.977990984916687012e-01
9.977774024009704590e-01
9.975538253784179688e-01
9.969941377639770508e-01
9.974972009658813477e-01
9.974619150161743164e-01
-9.973028302192687988e-01
-9.974204897880554199e-01
-9.962468147277832031e-01
8.583192825317382812e-01
9.927684068679809570e-01
9.939262866973876953e-01
9.899603128433227539e-01
9.903898239135742188e-01
9.910874962806701660e-01
9.928905367851257324e-01
9.920849800109863281e-01
9.936738610267639160e-01
9.938585758209228516e-01
9.966510534286499023e-01
9.975647926330566406e-01
9.975644946098327637e-01
9.972302317619323730e-01
9.975668787956237793e-01
9.975829720497131348e-01
9.974483847618103027e-01
9.978162050247192383e-01
9.975535273551940918e-01
-9.976447224617004395e-01
-9.973707199096679688e-01
-9.963092207908630371e-01
8.604022264480590820e-01
9.928220510482788086e-01
9.937323927879333496e-01
9.898121953010559082e-01
9.897364377975463867e-01
9.905893802642822266e-01
9.921439886093139648e-01
9.932323694229125977e-01
9.935321807861328125e-01
9.955579042434692383e-01
9.965607523918151855e-01
9.972116351127624512e-01
9.974849820137023926e-01
9.975858330726623535e-01
9.975458979606628418e-01
9.978703260421752930e-01
9.977006912231445312e-01
9.973982572555541992e-01
9.972252249717712402e-01
-9.977432489395141602e-01
-9.973730444908142090e-01
-9.957380890846252441e-01
8.562295436859130859e-01
9.928531050682067871e-01
9.926408529281616211e-01
9.909157752990722656e-01
9.899683594703674316e-01
9.923315048217773438e-01
9.915519356727600098e-01
9.918217658996582031e-01
9.940017461776733398e-01
9.948346614837646484e-01
9.959194660186767578e-01
9.970052242279052734e-01
9.972634315490722656e-01
9.977282285690307617e-01
9.973933100700378418e-01
9.976074099540710449e-01
9.976580739021301270e-01
9.974057674407958984e-01
9.977767467498779297e-01
-9.971927404403686523e-01
-9.977187514305114746e-01
-9.964123964309692383e-01
8.492221236228942871e-01
9.933369159698486328e-01
9.944703578948974609e-01
9.902931451797485352e-01
9.886801838874816895e-01
9.905382990837097168e-01
9.925572276115417480e-01
9.922725558280944824e-01
9.936963319778442383e-01
9.958176612854003906e-01
9.963119029998779297e-01
9.971223473548889160e-01
9.971948862075805664e-01
9.976763129234313965e-01
9.972557425498962402e-01
9.978010654449462891e-01
9.973043799400329590e-01
9.975632429122924805e-01
9.978303313255310059e-01
-9.977663159370422363e-01
-9.974874258041381836e-01
-9.959023594856262207e-01
8.642925024032592773e-01
9.930471181869506836e-01
9.939132332801818848e-01
9.908117651939392090e-01
9.919797778129577637e-01
9.916198849678039551e-01
9.922595024108886719e-01
9.911968708038330078e-01
9.939620494842529297e-01
9.937928318977355957e-01
9.964525699615478516e-01
9.969154000282287598e-01
9.975271224975585938e-01
9.975388646125793457e-01
9.972156882286071777e-01
9.977107048034667969e-01
9.975513219833374023e-01
9.979531764984130859e-01
9.974780082702636719e-01
-9.973709583282470703e-01
-9.979023933410644531e-01
-9.959200620651245117e-01
8.592018485069274902e-01
9.940227866172790527e-01
9.932776689529418945e-01
9.894188642501831055e-01
9.901772141456604004e-01
9.915753006935119629e-01
9.925116896629333496e-01
9.910655617713928223e-01
9.937630891799926758e-01
9.945105314254760742e-01
9.958112835884094238e-01
9.969332218170166016e-01
9.977161288261413574e-01
9.977439641952514648e-01
9.976900219917297363e-01
9.977663755416870117e-01
9.977087378501892090e-01
9.975413680076599121e-01
9.975104928016662598e-01
-9.975270032882690430e-01
-9.974904060363769531e-01
-9.962775707244873047e-01
8.534699678421020508e-01
9.944879412651062012e-01
9.936752319335937500e-01
9.913052320480346680e-01
9.899527430534362793e-01
9.914687275886535645e-01
9.918715953826904297e-01
9.922934174537658691e-01
9.934685826301574707e-01
9.944614768028259277e-01
9.956645965576171875e-01
9.973001480102539062e-01
9.976062774658203125e-01
9.976925849914550781e-01
9.978920817375183105e-01
9.976333379745483398e-01
9.972636103630065918e-01
9.977588653564453125e-01
9.976556897163391113e-01
-9.975652694702148438e-01
-9.978337883949279785e-01
-9.963261485099792480e-01
8.684021234512329102e-01
9.942488670349121094e-01
9.948136210441589355e-01
9.920632243156433105e-01
9.908319115638732910e-01
9.904556870460510254e-01
9.914728403091430664e-01
9.918812513351440430e-01
9.936293959617614746e-01
9.945276379585266113e-01
9.963954687118530273e-01
9.969606995582580566e-01
9.976944327354431152e-01
9.977860450744628906e-01
9.975344538688659668e-01
9.972646236419677734e-01
9.973832368850708008e-01
9.977408051490783691e-01
9.975686073303222656e-01
-9.975689649581909180e-01
-9.974535107612609863e-01
-9.957648515701293945e-01
8.540964126586914062e-01
9.940636754035949707e-01
9.938852787017822266e-01
9.907882809638977051e-01
9.916355609893798828e-01
9.901684522628784180e-01
9.925532341003417969e-01
9.932971596717834473e-01
9.939191341400146484e-01
9.952315688133239746e-01
9.959140419960021973e-01
9.967915415763854980e-01
9.975810647010803223e-01
9.974812269210815430e-01
9.971550107002258301e-01
9.971207976341247559e-01
9.977576732635498047e-01
9.975597262382507324e-01
9.972482323646545410e-01
-9.973674416542053223e-01
-9.975707530975341797e-01
-9.962035417556762695e-01
8.746387362480163574e-01
9.925720095634460449e-01
9.938663840293884277e-01
9.888599514961242676e-01
9.911042451858520508e-01
9.915872812271118164e-01
9.920012950897216797e-01
9.913263320922851562e-01
9.929825067520141602e-01
9.954873919486999512e-01
9.965034723281860352e-01
9.972103238105773926e-01
9.975888133049011230e-01
9.977200627326965332e-01
9.976997971534729004e-01
9.977819323539733887e-01
9.977774024009704590e-01
9.975370764732360840e-01
9.976829886436462402e-01
-9.977045655250549316e-01
-9.976344704627990723e-01
-9.967612624168395996e-01
8.405357599258422852e-01
9.928928613662719727e-01
9.938097000122070312e-01
9.906985163688659668e-01
9.898919463157653809e-01
9.907967448234558105e-01
9.914733171463012695e-01
9.925767779350280762e-01
9.942451119422912598e-01
9.945921301841735840e-01
9.960073828697204590e-01
9.970383644104003906e-01
9.976984858512878418e-01
9.978306293487548828e-01
9.975404143333435059e-01
9.975591897964477539e-01
9.974882006645202637e-01
9.973451495170593262e-01
9.975985884666442871e-01
-9.975444674491882324e-01
-9.976804852485656738e-01
-9.960694313049316406e-01
8.496498465538024902e-01
9.940767288208007812e-01
9.930990338325500488e-01
9.901387691497802734e-01
9.906520247459411621e-01
9.917294979095458984e-01
9.912695884704589844e-01
9.917696118354797363e-01
9.920291900634765625e-01
9.945594072341918945e-01
9.958435297012329102e-01
9.969059824943542480e-01
9.971444606781005859e-01
9.969150424003601074e-01
9.978619217872619629e-01
9.976404905319213867e-01
9.975036382675170898e-01
9.973043799400329590e-01
9.977747797966003418e-01
-9.972608685493469238e-01
-9.973980784416198730e-01
-9.958193898200988770e-01
8.436003327369689941e-01
9.929960370063781738e-01
9.942708611488342285e-01
9.906649589538574219e-01
9.915140271186828613e-01
9.916936755180358887e-01
9.922173619270324707e-01
9.922678470611572266e-01
9.939360618591308594e-01
9.952868819236755371e-01
9.965682625770568848e-01
9.968540072441101074e-01
9.973303675651550293e-01
9.977172613143920898e-01
9.975332617759704590e-01
9.976121783256530762e-01
9.976824522018432617e-01
9.978136420249938965e-01
9.973896145820617676e-01
-9.973960518836975098e-01
-9.976588487625122070e-01
-9.961725473403930664e-01
8.519998788833618164e-01
9.933925271034240723e-01
9.939200878143310547e-01
9.914644956588745117e-01
9.922433495521545410e-01
9.913178682327270508e-01
9.911160469055175781e-01
9.919701218605041504e-01
9.928743243217468262e-01
9.951566457748413086e-01
9.968202710151672363e-01
9.973319172859191895e-01
9.978681802749633789e-01
9.974604249000549316e-01
9.974760413169860840e-01
9.974634647369384766e-01
9.973747134208679199e-01
9.978510737419128418e-01
9.977352619171142578e-01
-9.976832270622253418e-01
-9.975229501724243164e-01
-9.961519837379455566e-01
8.659186959266662598e-01
9.928424358367919922e-01
9.937983155250549316e-01
9.903256297111511230e-01
9.910210967063903809e-01
9.901895523071289062e-01
9.913510084152221680e-01
9.937838912010192871e-01
9.940340518951416016e-01
9.954602718353271484e-01
9.958383440971374512e-01
9.970862865447998047e-01
9.970933794975280762e-01
9.972096681594848633e-01
9.977771639823913574e-01
9.976569414138793945e-01
9.978390932083129883e-01
9.975168108940124512e-01
9.975416660308837891e-01
-9.976369142532348633e-01
-9.977183341979980469e-01
-9.956147074699401855e-01
8.701251745223999023e-01
9.930863976478576660e-01
9.944726824760437012e-01
9.908828735351562500e-01
9.911192059516906738e-01
9.919713735580444336e-01
9.914366006851196289e-01
9.930272698402404785e-01
9.930037260055541992e-01
9.952962994575500488e-01
9.964428544044494629e-01
9.966858029365539551e-01
9.978409409523010254e-01
9.974374175071716309e-01
9.976418018341064453e-01
9.980300664901733398e-01
9.974382519721984863e-01
9.975759983062744141e-01
9.978078603744506836e-01
-9.974675178527832031e-01
-9.978878498077392578e-01
-9.960973262786865234e-01
8.581785559654235840e-01
9.935353398323059082e-01
9.936707019805908203e-01
9.915831089019775391e-01
9.897504448890686035e-01
9.907121062278747559e-01
9.924514293670654297e-01
9.919101595878601074e-01
9.941024184226989746e-01
9.954281449317932129e-01
9.968205690383911133e-01
9.971017241477966309e-01
9.973639845848083496e-01
9.975556135177612305e-01
9.974701404571533203e-01
9.974942207336425781e-01
9.974507689476013184e-01
9.976415634155273438e-01
9.973713755607604980e-01
-9.975929260253906250e-01
-9.970763921737670898e-01
-9.961146712303161621e-01
8.516762852668762207e-01
9.937722682952880859e-01
9.933265447616577148e-01
9.899262785911560059e-01
9.916044473648071289e-01
9.915786385536193848e-01
9.907497763633728027e-01
9.934436678886413574e-01
9.935793280601501465e-01
9.955772757530212402e-01
9.963221549987792969e-01
9.969127178192138672e-01
9.975846409797668457e-01
9.977819323539733887e-01
9.977445602416992188e-01
9.974244236946105957e-01
9.974349141120910645e-01
9.973992109298706055e-01
9.976509809494018555e-01
-9.971239566802978516e-01
-9.977688789367675781e-01
-9.956750869750976562e-01
8.717970848083496094e-01
9.935719966888427734e-01
9.927720427513122559e-01
9.892299771308898926e-01
9.902361631393432617e-01
9.912407398223876953e-01
9.917464852333068848e-01
9.928132891654968262e-01
9.936609268188476562e-01
9.954251050949096680e-01
9.957827329635620117e-01
9.975373148918151855e-01
9.972139596939086914e-01
9.977161288261413574e-01
9.976209402084350586e-01
9.974657893180847168e-01
9.974551796913146973e-01
9.975837469100952148e-01
9.974884986877441406e-01
-9.974775314331054688e-01
-9.974683523178100586e-01
-9.959561228752136230e-01
8.451364040374755859e-01
9.933076500892639160e-01
9.946615099906921387e-01
9.910058379173278809e-01
9.911389946937561035e-01
9.904292225837707520e-01
9.927082657814025879e-01
9.930686950683593750e-01
9.928293824195861816e-01
9.951035976409912109e-01
9.962759613990783691e-01
9.972608685493469238e-01
9.974635839462280273e-01
9.975990653038024902e-01
9.974874258041381836e-01
9.973005056381225586e-01
9.973730444908142090e-01
9.975554943084716797e-01
9.976593255996704102e-01
-9.980162978172302246e-01
-9.977408647537231445e-01
-9.957325458526611328e-01
8.566911816596984863e-01
9.931842088699340820e-01
9.941458106040954590e-01
9.902366399765014648e-01
9.912619590759277344e-01
9.902238249778747559e-01
9.920213818550109863e-01
9.931057095527648926e-01
9.937695264816284180e-01
9.943458437919616699e-01
9.962705373764038086e-01
9.972698688507080078e-01
9.972667098045349121e-01
9.973340034484863281e-01
9.972071647644042969e-01
9.976410269737243652e-01
9.974827170372009277e-01
9.974323511123657227e-01
9.972659349441528320e-01
-9.970387816429138184e-01
-9.974336624145507812e-01
-9.952858090400695801e-01
8.547344207763671875e-01
9.931746721267700195e-01
9.922755956649780273e-01
9.903172254562377930e-01
9.898563027381896973e-01
9.923542141914367676e-01
9.910390973091125488e-01
9.924423694610595703e-01
9.939026832580566406e-01
9.954259991645812988e-01
9.968428611755371094e-01
9.970348477363586426e-01
9.977648258209228516e-01
9.978283643722534180e-01
9.974831938743591309e-01
9.976933002471923828e-01
9.978689551353454590e-01
9.975442886352539062e-01
9.973843097686767578e-01
-9.978089928627014160e-01
-9.975416064262390137e-01
-9.959366917610168457e-01
8.624081015586853027e-01
9.935090541839599609e-01
9.939013719558715820e-01
9.900270104408264160e-01
9.904342889785766602e-01
9.930386543273925781e-01
9.915278553962707520e-01
9.926403164863586426e-01
9.936333298683166504e-01
9.950281977653503418e-01
9.961408972740173340e-01
9.970697760581970215e-01
9.975594878196716309e-01
9.977004528045654297e-01
9.975505471229553223e-01
9.975825548171997070e-01
9.972502589225769043e-01
9.973815083503723145e-01
9.974287152290344238e-01
-9.976211786270141602e-01
-9.976983070373535156e-01
-9.964058399200439453e-01
8.587750792503356934e-01
9.940339326858520508e-01
9.942260384559631348e-01
9.891806244850158691e-01
9.914135932922363281e-01
9.914493560791015625e-01
9.921649694442749023e-01
9.921500682830810547e-01
9.931355118751525879e-01
9.953179359436035156e-01
9.959682226181030273e-01
9.966393709182739258e-01
9.974240660667419434e-01
9.976060986518859863e-01
9.972540736198425293e-01
9.976012110710144043e-01
9.978148341178894043e-01
9.973794817924499512e-01
9.970936775207519531e-01
-9.976626038551330566e-01
-9.977620244026184082e-01
-9.965471029281616211e-01
8.593905568122863770e-01
9.935269355773925781e-01
9.934736490249633789e-01
9.898818135261535645e-01
9.887793064117431641e-01
9.915027022361755371e-01
9.916536808013916016e-01
9.920064210891723633e-01
9.930819272994995117e-01
9.949897527694702148e-01
9.965075850486755371e-01
9.972854256629943848e-01
9.978845119476318359e-01
9.975437521934509277e-01
9.974387288093566895e-01
9.975379109382629395e-01
9.976557493209838867e-01
9.974493980407714844e-01
9.977821707725524902e-01
-9.974471926689147949e-01
-9.975609779357910156e-01
-9.955659508705139160e-01
8.689985871315002441e-01
9.943306446075439453e-01
9.939007163047790527e-01
9.901521205902099609e-01
9.905316233634948730e-01
9.921359419822692871e-01
9.911292195320129395e-01
9.932964444160461426e-01
9.933742284774780273e-01
9.946621060371398926e-01
9.955939054489135742e-01
9.969679117202758789e-01
9.970393180847167969e-01
9.965667128562927246e-01
9.976621270179748535e-01
9.977496862411499023e-01
9.976344704627990723e-01
9.972451329231262207e-01
9.976465702056884766e-01
-9.971646070480346680e-01
-9.976052641868591309e-01
-9.957750439643859863e-01
8.663392663002014160e-01
9.925705194473266602e-01
9.933013916015625000e-01
9.891249537467956543e-01
9.915708899497985840e-01
9.919726252555847168e-01
9.924371838569641113e-01
9.920675158500671387e-01
9.926875829696655273e-01
9.941422939300537109e-01
9.963623881340026855e-01
9.966276884078979492e-01
9.975712895393371582e-01
9.976686835289001465e-01
9.973179697990417480e-01
9.971799850463867188e-01
9.977767467498779297e-01
9.977545738220214844e-01
9.971258640289306641e-01
-9.974611401557922363e-01
-9.976614117622375488e-01
-9.961157441139221191e-01
8.535925745964050293e-01
9.933879375457763672e-01
9.937433600425720215e-01
9.906715750694274902e-01
9.900662302970886230e-01
9.913534522056579590e-01
9.921218752861022949e-01
9.928835630416870117e-01
9.936382770538330078e-01
9.954673647880554199e-01
9.963470697402954102e-01
9.966598153114318848e-01
9.974604845046997070e-01
9.972580671310424805e-01
9.974026083946228027e-01
9.977755546569824219e-01
9.974746108055114746e-01
9.980595111846923828e-01
9.974815249443054199e-01
-9.976146221160888672e-01
-9.978161454200744629e-01
-9.962366819381713867e-01
8.678099513053894043e-01
9.931450486183166504e-01
9.933313131332397461e-01
9.900389909744262695e-01
9.903470277786254883e-01
9.905773997306823730e-01
9.928463101387023926e-01
9.912338852882385254e-01
9.935336709022521973e-01
9.951200485229492188e-01
9.957576990127563477e-01
9.972123503684997559e-01
9.976918101310729980e-01
9.973498582839965820e-01
9.975560903549194336e-01
9.976005554199218750e-01
9.973729252815246582e-01
9.974923133850097656e-01
9.975242018699645996e-01
-9.977060556411743164e-01
-9.976992011070251465e-01
-9.960981011390686035e-01
8.482815623283386230e-01
9.931807518005371094e-01
9.928783774375915527e-01
9.889509081840515137e-01
9.894368648529052734e-01
9.921373724937438965e-01
9.908106923103332520e-01
9.923405051231384277e-01
9.937384724617004395e-01
9.949463605880737305e-01
9.958828687667846680e-01
9.967382550239562988e-01
9.974049925804138184e-01
9.976134300231933594e-01
9.975655078887939453e-01
9.975512027740478516e-01
9.973758459091186523e-01
9.978848099708557129e-01
9.974477887153625488e-01
-9.976009726524353027e-01
-9.978398084640502930e-01
-9.961637258529663086e-01
8.332608342170715332e-01
9.937977790832519531e-01
9.938916563987731934e-01
9.896597266197204590e-01
9.896784424781799316e-01
9.910128116607666016e-01
9.921869039535522461e-01
9.933644533157348633e-01
9.938387274742126465e-01
9.945573806762695312e-01
9.961476325988769531e-01
9.969671368598937988e-01
9.973467588424682617e-01
9.977616667747497559e-01
9.976130723953247070e-01
9.978494644165039062e-01
9.976261854171752930e-01
9.975020289421081543e-01
9.976617693901062012e-01
-9.971680641174316406e-01
-9.977494478225708008e-01
-9.956262111663818359e-01
8.471816182136535645e-01
9.937259554862976074e-01
9.936715960502624512e-01
9.891053438186645508e-01
9.908776879310607910e-01
9.914095401763916016e-01
9.915543198585510254e-01
9.921024441719055176e-01
9.931484460830688477e-01
9.950920939445495605e-01
9.962811470031738281e-01
9.971954226493835449e-01
9.974480271339416504e-01
9.975840449333190918e-01
9.976772069931030273e-01
9.977269172668457031e-01
9.975222349166870117e-01
9.973152875900268555e-01
9.975406527519226074e-01
-9.976395368576049805e-01
-9.974452853202819824e-01
-9.961637854576110840e-01
8.573591113090515137e-01
9.935835003852844238e-01
9.939162135124206543e-01
9.909413456916809082e-01
9.903371334075927734e-01
9.912447929382324219e-01
9.925708770751953125e-01
9.927353262901306152e-01
9.942204952239990234e-01
9.942269325256347656e-01
9.961627125740051270e-01
9.971995949745178223e-01
9.975429773330688477e-01
9.972720146179199219e-01
9.971295595169067383e-01
9.977082014083862305e-01
9.975084066390991211e-01
9.974946379661560059e-01
9.976693391799926758e-01
-9.975270032882690430e-01
-9.977889657020568848e-01
-9.960343241691589355e-01
8.755257129669189453e-01
9.933062791824340820e-01
9.910064935684204102e-01
9.894121289253234863e-01
9.902878999710083008e-01
9.920340776443481445e-01
9.928347468376159668e-01
9.922313690185546875e-01
9.940977096557617188e-01
9.952070713043212891e-01
9.960955977439880371e-01
9.968762993812561035e-01
9.975730776786804199e-01
9.977039694786071777e-01
9.977515339851379395e-01
9.979187250137329102e-01
9.975879192352294922e-01
9.973507523536682129e-01
9.977687597274780273e-01
-9.974586367607116699e-01
-9.976942539215087891e-01
-9.964885115623474121e-01
8.537637591361999512e-01
9.929034709930419922e-01
9.937465190887451172e-01
9.895043373107910156e-01
9.913058876991271973e-01
9.911608695983886719e-01
9.918808937072753906e-01
9.934975504875183105e-01
9.944406747817993164e-01
9.947739243507385254e-01
9.961270689964294434e-01
9.973677396774291992e-01
9.973863959312438965e-01
9.976645112037658691e-01
9.976487755775451660e-01
9.978595972061157227e-01
9.973462224006652832e-01
9.978155493736267090e-01
9.974731802940368652e-01
-9.975923299789428711e-01
-9.972706437110900879e-01
-9.959447979927062988e-01
8.802722096443176270e-01
9.939193725585937500e-01
9.914807677268981934e-01
9.899237155914306641e-01
9.909499883651733398e-01
9.906404614448547363e-01
9.918275475502014160e-01
9.924889802932739258e-01
9.936754107475280762e-01
9.950218796730041504e-01
9.969255924224853516e-01
9.971025586128234863e-01
9.975039362907409668e-01
9.974604845046997070e-01
9.976638555526733398e-01
9.974927306175231934e-01
9.974506497383117676e-01
9.975639581680297852e-01
9.978921413421630859e-01
-9.975578784942626953e-01
-9.976323246955871582e-01
-9.957333803176879883e-01
8.545361161231994629e-01
9.938439130783081055e-01
9.937582015991210938e-01
9.913296103477478027e-01
9.908408522605895996e-01
9.906041622161865234e-01
9.924883246421813965e-01
9.921621084213256836e-01
9.939583539962768555e-01
9.948790669441223145e-01
9.952310919761657715e-01
9.969444274902343750e-01
9.970960617065429688e-01
9.974803328514099121e-01
9.980612397193908691e-01
9.977816343307495117e-01
9.976156949996948242e-01
9.979081749916076660e-01
9.975754022598266602e-01
-9.977552294731140137e-01
-9.974746704101562500e-01
-9.959377050399780273e-01
8.535877466201782227e-01
9.929908514022827148e-01
9.940845966339111328e-01
9.911176562309265137e-01
9.889310002326965332e-01
9.917364716529846191e-01
9.915342926979064941e-01
9.924134612083435059e-01
9.936886429786682129e-01
9.939454197883605957e-01
9.962615966796875000e-01
9.968717098236083984e-01
9.976584315299987793e-01
9.973721504211425781e-01
9.977832436561584473e-01
9.974042773246765137e-01
9.975396990776062012e-01
9.977411627769470215e-01
9.976032972335815430e-01
-9.975650310516357422e-01
-9.978605508804321289e-01
-9.963891506195068359e-01
8.651301264762878418e-01
9.932311177253723145e-01
9.932845234870910645e-01
9.912179708480834961e-01
9.912075996398925781e-01
9.905995130538940430e-01
9.923967123031616211e-01
