-7.454618811607360840e-01
6.184813380241394043e-01
4.068036079406738281e-01
9.634251594543457031e-01
-4.847745969891548157e-02
8.036696910858154297e-01
8.912643790245056152e-01
-8.303071856498718262e-01
-8.985274434089660645e-01
5.058524608612060547e-01
-5.799375176429748535e-01
9.744855165481567383e-01
1.322221308946609497e-01
9.865462779998779297e-01
7.606359124183654785e-01
-5.501577854156494141e-01
8.118830919265747070e-01
-5.718646645545959473e-01
4.041314721107482910e-01
-1.516639143228530884e-01
7.972401976585388184e-01
6.703906655311584473e-01
2.417688965797424316e-01
-8.610375523567199707e-01
-2.640539407730102539e-01
-9.566478431224822998e-02
9.162105917930603027e-01
9.854124188423156738e-01
9.254169464111328125e-01
9.881420135498046875e-01
-1.262712329626083374e-01
-9.732887744903564453e-01
7.153553366661071777e-01
-9.534782171249389648e-01
9.800204634666442871e-01
-2.383985668420791626e-01
3.035744726657867432e-01
9.895262122154235840e-01
-3.028410971164703369e-01
9.726348519325256348e-01
4.872387945652008057e-01
-9.741324186325073242e-01
9.297212958335876465e-01
-9.257662296295166016e-01
9.825026988983154297e-01
1.541504561901092529e-01
9.155174493789672852e-01
9.962476491928100586e-01
-9.919384121894836426e-01
8.937126398086547852e-01
-1.007688343524932861e-01
-7.428856194019317627e-02
7.586039304733276367e-01
-9.771646857261657715e-01
-2.011618763208389282e-01
7.315559983253479004e-01
-1.532256454229354858e-01
8.216513991355895996e-01
9.855349063873291016e-01
9.496005773544311523e-01
-9.834516644477844238e-01
5.246248245239257812e-01
-9.421920776367187500e-01
-8.866071701049804688e-01
9.908676147460937500e-01
9.924330711364746094e-01
3.026863932609558105e-01
9.971991181373596191e-01
9.919576048851013184e-01
-9.908859729766845703e-01
9.237700104713439941e-01
-3.199163079261779785e-01
5.993630886077880859e-01
4.064414799213409424e-01
6.660642623901367188e-01
8.759915828704833984e-01
-7.400619983673095703e-01
-7.958407402038574219e-01
9.124031066894531250e-01
6.591344475746154785e-01
9.221382439136505127e-02
9.324835538864135742e-01
6.402847766876220703e-01
-7.360936403274536133e-01
7.504211366176605225e-02
-6.047191023826599121e-01
9.852705597877502441e-01
-7.941539287567138672e-01
-7.101523876190185547e-01
3.600298464298248291e-01
2.223304957151412964e-01
9.852040410041809082e-01
9.994795918464660645e-01
9.903507232666015625e-01
2.962930798530578613e-01
-7.938463091850280762e-01
-1.585500985383987427e-01
9.643516540527343750e-01
-4.855049401521682739e-02
3.375540673732757568e-02
7.384407520294189453e-01
7.892153859138488770e-01
-8.687975406646728516e-01
8.583272099494934082e-01
9.847142547369003296e-02
-3.403633534908294678e-01
7.848631143569946289e-01
1.747565567493438721e-01
9.814015626907348633e-01
-9.719124436378479004e-01
7.601789832115173340e-01
-2.812016308307647705e-01
9.271398186683654785e-01
-9.758780598640441895e-01
9.845588207244873047e-01
8.689159750938415527e-01
-5.607143640518188477e-01
9.776811599731445312e-01
-3.601394295692443848e-01
2.731648683547973633e-01
3.796950280666351318e-01
3.351467251777648926e-01
8.391350507736206055e-01
-9.289259910583496094e-01
1.379009932279586792e-01
8.220390081405639648e-01
-3.718977570533752441e-01
9.138575196266174316e-01
-6.302856802940368652e-01
7.763528227806091309e-01
9.083414077758789062e-01
-2.016803771257400513e-01
-7.483715564012527466e-02
7.339168787002563477e-01
-2.763568162918090820e-01
6.426205039024353027e-01
7.110838890075683594e-01
6.081652641296386719e-01
-9.903826713562011719e-01
-5.962893366813659668e-01
-6.655545830726623535e-01
9.723588228225708008e-01
8.289061784744262695e-01
9.943356513977050781e-01
9.996783137321472168e-01
5.150826573371887207e-01
6.896760463714599609e-01
-9.548500776290893555e-01
1.151227764785289764e-02
-8.394881486892700195e-01
-9.768288135528564453e-01
-2.126494497060775757e-01
3.733784854412078857e-01
-5.827994346618652344e-01
-3.684710860252380371e-01
9.143549203872680664e-01
-3.225443065166473389e-01
-3.127108216285705566e-01
9.634605050086975098e-01
1.146363019943237305e-01
9.018751382827758789e-01
7.013601660728454590e-01
9.841085672378540039e-01
9.573605656623840332e-01
4.934791326522827148e-01
9.860686063766479492e-01
-5.249195173382759094e-02
9.617300033569335938e-01
-4.868135452270507812e-01
-6.337927281856536865e-02
8.691384196281433105e-01
-1.295237801969051361e-02
6.419301629066467285e-01
1.997813582420349121e-01
9.378407001495361328e-01
6.556404232978820801e-01
3.608909249305725098e-01
-5.205727219581604004e-01
-3.491022288799285889e-01
4.618755578994750977e-01
1.358413398265838623e-01
-9.202671647071838379e-01
-4.798915386199951172e-01
-6.319562196731567383e-01
5.615813136100769043e-01
7.031581401824951172e-01
8.951341509819030762e-01
8.657214641571044922e-01
8.423026651144027710e-02
-2.834901213645935059e-01
-1.319300979375839233e-01
9.516382813453674316e-01
-6.437782049179077148e-01
8.236070871353149414e-01
-6.187503933906555176e-01
3.718436956405639648e-01
9.256857037544250488e-01
-4.817941188812255859e-01
9.118010997772216797e-01
5.043790340423583984e-01
-3.354929387569427490e-01
7.283712625503540039e-01
7.254973649978637695e-01
-5.814000368118286133e-01
-2.641285657882690430e-01
9.527782201766967773e-01
-5.945127606391906738e-01
7.460048198699951172e-01
5.635881423950195312e-01
8.646375536918640137e-01
-8.861464858055114746e-01
8.485469222068786621e-01
4.055751264095306396e-01
-4.360411167144775391e-01
7.740246653556823730e-01
-9.892421960830688477e-01
4.599678814411163330e-01
4.942528307437896729e-01
4.778127074241638184e-01
-9.047365188598632812e-01
9.387432932853698730e-01
4.345521628856658936e-01
9.334178566932678223e-01
-6.867537498474121094e-01
8.574989438056945801e-01
4.074762463569641113e-01
3.219865262508392334e-01
2.924273312091827393e-01
-7.908446788787841797e-01
3.898610174655914307e-01
-2.102741599082946777e-02
9.056262969970703125e-01
6.735217571258544922e-01
2.141402065753936768e-01
-7.215594649314880371e-01
1.610047668218612671e-01
-5.791994929313659668e-01
7.532821893692016602e-01
8.615620434284210205e-02
9.835247397422790527e-01
9.480885863304138184e-01
1.401806622743606567e-01
-3.095553517341613770e-01
2.917186021804809570e-01
-7.107765674591064453e-01
2.794487774372100830e-01
6.757677197456359863e-01
4.041870534420013428e-01
-7.268288731575012207e-01
9.682328104972839355e-01
-6.974621415138244629e-01
8.881248235702514648e-01
4.486264288425445557e-01
-4.342066049575805664e-01
6.519688665866851807e-02
9.311590194702148438e-01
9.233019351959228516e-01
6.842123270034790039e-01
2.174931019544601440e-01
5.437527298927307129e-01
-5.457176566123962402e-01
-5.108712315559387207e-01
-7.561196684837341309e-01
-2.059847861528396606e-02
9.082754850387573242e-01
7.612121105194091797e-01
6.250503659248352051e-01
-6.912827491760253906e-01
2.328763753175735474e-01
9.742405414581298828e-01
6.015131473541259766e-01
-9.579706192016601562e-01
9.459621310234069824e-01
1.489061862230300903e-01
7.942560911178588867e-01
-7.835739850997924805e-01
8.267876505851745605e-01
8.107510209083557129e-01
-7.994155287742614746e-01
6.151349544525146484e-01
8.721415996551513672e-01
-3.868239820003509521e-01
9.906561374664306641e-01
-5.070219039916992188e-01
6.502989530563354492e-01
5.465393662452697754e-01
-9.364442825317382812e-01
3.823917806148529053e-01
-7.713270783424377441e-01
-8.229166269302368164e-01
9.601826667785644531e-01
9.975985288619995117e-01
-1.366297155618667603e-01
9.835797548294067383e-01
5.604990571737289429e-02
8.573815226554870605e-01
3.635506033897399902e-01
8.672729730606079102e-01
-5.185800790786743164e-01
-1.960342228412628174e-01
4.110990092158317566e-02
9.116539955139160156e-01
6.281483173370361328e-01
-9.686499238014221191e-01
2.234005630016326904e-01
7.125895619392395020e-01
-1.390491239726543427e-02
-8.337507843971252441e-01
-2.845525741577148438e-04
9.817287921905517578e-01
6.332121491432189941e-01
4.037333130836486816e-01
9.718522429466247559e-01
-4.810456931591033936e-01
3.660942316055297852e-01
7.416521310806274414e-01
-3.542627394199371338e-01
-1.448825597763061523e-01
-6.629291176795959473e-01
7.268291115760803223e-01
5.722788572311401367e-01
5.778623223304748535e-01
7.469334602355957031e-01
4.572852849960327148e-01
-9.504795670509338379e-01
8.761895895004272461e-01
7.342223525047302246e-01
-6.515503525733947754e-01
5.518746972084045410e-01
-1.000502854585647583e-01
8.523249030113220215e-01
-8.182868361473083496e-02
-2.254460193216800690e-02
1.082677692174911499e-01
-9.209538102149963379e-01
7.629207968711853027e-01
5.482858791947364807e-02
8.707219958305358887e-01
9.829485416412353516e-01
-2.232263386249542236e-01
1.707851141691207886e-01
5.810523405671119690e-03
-9.041005373001098633e-01
9.369862675666809082e-01
-9.971003234386444092e-02
8.471788167953491211e-01
2.282767593860626221e-01
-5.872718095779418945e-01
7.403003573417663574e-01
7.848977446556091309e-01
-9.602519869804382324e-01
8.441246151924133301e-01
9.744605422019958496e-01
-1.388291865587234497e-01
7.472085356712341309e-01
3.425624072551727295e-01
-4.428286254405975342e-01
-4.600750505924224854e-01
7.307193875312805176e-01
7.340057492256164551e-01
-7.475616335868835449e-01
9.904186725616455078e-01
7.633965611457824707e-01
2.211167067289352417e-01
2.404203861951828003e-01
3.326569497585296631e-01
-6.396244764328002930e-01
8.608067035675048828e-02
2.146891802549362183e-01
9.128044247627258301e-01
-7.895904183387756348e-01
9.494054913520812988e-01
3.555933833122253418e-01
6.568364500999450684e-01
-9.967105984687805176e-01
8.726551532745361328e-01
-2.272195965051651001e-01
9.161764979362487793e-01
-2.488630414009094238e-01
7.655465602874755859e-01
1.610544472932815552e-01
-8.858731985092163086e-01
-5.191937685012817383e-01
6.615813374519348145e-01
9.841507077217102051e-01
4.686446487903594971e-01
7.397300601005554199e-01
2.240345776081085205e-01
-5.212786793708801270e-01
-2.235895209014415741e-02
9.495748206973075867e-03
7.320390343666076660e-01
-1.824042201042175293e-01
3.671807050704956055e-01
8.688625097274780273e-01
-7.273814678192138672e-01
9.604755640029907227e-01
4.453350603580474854e-01
-5.774191617965698242e-01
9.295067787170410156e-01
8.562247157096862793e-01
-7.976372838020324707e-01
9.939755201339721680e-01
-7.406281828880310059e-01
9.972782135009765625e-01
4.192295670509338379e-02
-3.989211916923522949e-01
8.290571570396423340e-01
3.950028419494628906e-01
-7.765611410140991211e-01
6.305187940597534180e-01
7.633148431777954102e-01
2.317057847976684570e-01
8.483483195304870605e-01
-9.403215050697326660e-01
-3.982823491096496582e-01
9.368550181388854980e-01
9.269783496856689453e-01
-8.956696391105651855e-01
9.692955613136291504e-01
4.223042428493499756e-01
2.417032122611999512e-01
6.185970306396484375e-01
-9.871047139167785645e-01
7.004067301750183105e-01
-7.237938642501831055e-01
8.657577633857727051e-01
-2.402116060256958008e-01
8.906242251396179199e-01
8.714562058448791504e-01
5.298587679862976074e-01
-7.977390885353088379e-01
-8.342968225479125977e-01
9.952516555786132812e-01
1.780555695295333862e-01
6.840958595275878906e-01
-4.090646505355834961e-01
7.359167933464050293e-01
-2.746921777725219727e-01
7.861064672470092773e-01
-9.196202158927917480e-01
-2.489513009786605835e-01
9.906520843505859375e-01
9.029821157455444336e-01
8.934117555618286133e-01
1.552013605833053589e-01
-3.090405762195587158e-01
8.743916749954223633e-01
2.038621157407760620e-01
-9.797876477241516113e-01
5.105892419815063477e-01
9.538666009902954102e-01
4.474923908710479736e-01
4.723371565341949463e-01
8.869540691375732422e-01
-9.392321705818176270e-01
5.693004727363586426e-01
-3.148358166217803955e-01
-5.450902581214904785e-01
2.358940094709396362e-01
-1.973502188920974731e-01
9.683722257614135742e-01
6.833652257919311523e-01
2.892414294183254242e-02
7.780356407165527344e-01
-3.202309310436248779e-01
8.201866149902343750e-01
7.844467163085937500e-01
-8.516925573348999023e-01
-7.608580589294433594e-01
4.733791351318359375e-01
9.882787466049194336e-01
-9.620023369789123535e-01
-3.991341963410377502e-02
9.556044340133666992e-01
3.742078244686126709e-01
5.653499960899353027e-01
8.928300142288208008e-01
-9.601353406906127930e-01
1.059812679886817932e-01
-4.660947322845458984e-01
9.466579556465148926e-01
7.070294022560119629e-01
9.450471401214599609e-01
3.503402173519134521e-01
2.959058582782745361e-01
-1.536242812871932983e-01
5.307044386863708496e-01
-9.720568060874938965e-01
7.020763754844665527e-01
8.922380208969116211e-01
-6.837494373321533203e-01
9.545634984970092773e-01
3.071978092193603516e-01
1.789031550288200378e-03
-6.976249814033508301e-01
9.924394488334655762e-01
-3.048524558544158936e-01
7.153347879648208618e-02
8.247377276420593262e-01
7.895308732986450195e-01
-7.822269797325134277e-01
9.952418208122253418e-01
-7.935366630554199219e-01
9.072210192680358887e-01
5.051785111427307129e-01
6.557841897010803223e-01
-9.790893793106079102e-01
-4.721224606037139893e-01
7.397672533988952637e-01
6.927757859230041504e-01
5.487881898880004883e-01
5.319558978080749512e-01
-9.380807876586914062e-01
7.731156945228576660e-01
2.503788173198699951e-01
-7.376094460487365723e-01
9.604322910308837891e-01
4.866606295108795166e-01
8.722185492515563965e-01
-9.829278588294982910e-01
7.288565393537282944e-03
9.819205403327941895e-01
-6.250777244567871094e-01
9.181322455406188965e-01
-7.472795248031616211e-01
9.866591691970825195e-01
4.219853579998016357e-01
3.536567324772477150e-03
3.542914092540740967e-01
8.471803069114685059e-01
-4.638344049453735352e-01
6.061547994613647461e-01
1.623511463403701782e-01
8.887123465538024902e-01
-3.333497047424316406e-01
6.998504996299743652e-01
-3.996371924877166748e-01
-2.786453068256378174e-01
8.396055698394775391e-01
5.980539321899414062e-02
1.318658441305160522e-01
6.151192188262939453e-01
-6.501350998878479004e-01
2.785128355026245117e-01
8.210877180099487305e-01
-6.090608835220336914e-01
1.684992611408233643e-01
8.308748602867126465e-01
7.668383419513702393e-02
2.248441278934478760e-01
1.245070695877075195e-01
4.827392399311065674e-01
-8.164501786231994629e-01
8.449295163154602051e-01
8.168923854827880859e-01
9.079706668853759766e-01
-7.915762662887573242e-01
9.493996500968933105e-01
-6.300906538963317871e-01
7.469574809074401855e-01
8.231250047683715820e-01
3.132454752922058105e-01
-4.670475721359252930e-01
9.737414121627807617e-01
-9.458224773406982422e-01
9.456321597099304199e-01
-8.765454888343811035e-01
9.758828878402709961e-01
-8.624308705329895020e-01
6.722416877746582031e-01
-1.335624884814023972e-02
4.196260571479797363e-01
7.613125443458557129e-01
-4.847628772258758545e-01
-6.487848162651062012e-01
9.765990972518920898e-01
5.235512852668762207e-01
8.951570987701416016e-01
3.850854933261871338e-01
-5.204713344573974609e-01
5.943158268928527832e-01
-3.494016528129577637e-01
4.611527919769287109e-01
4.522612094879150391e-01
7.999847531318664551e-01
-3.461673855781555176e-01
9.757743477821350098e-01
-9.954344630241394043e-01
7.326183915138244629e-01
8.681554198265075684e-01
-1.037009283900260925e-01
8.857737779617309570e-01
-9.140693545341491699e-01
7.486469745635986328e-01
7.865179777145385742e-01
-4.753575325012207031e-01
-8.752983212471008301e-01
2.784584760665893555e-01
8.799047470092773438e-01
-4.108413457870483398e-01
4.066049158573150635e-01
9.763633012771606445e-01
9.550713300704956055e-01
-8.988487720489501953e-01
-4.028736352920532227e-01
6.788706183433532715e-01
2.294687628746032715e-01
-3.425393104553222656e-01
9.800090789794921875e-01
7.296767234802246094e-01
5.146769285202026367e-01
-7.646318525075912476e-02
2.678934335708618164e-01
-2.781450450420379639e-01
8.582227230072021484e-01
-2.639732956886291504e-01
3.639337122440338135e-01
6.838427782058715820e-01
-4.448584318161010742e-01
2.868891060352325439e-01
-6.498329639434814453e-01
6.660106778144836426e-01
-7.569105625152587891e-01
8.164021968841552734e-01
8.743616342544555664e-01
5.435377955436706543e-01
-8.072198033332824707e-01
9.815219640731811523e-01
6.405940055847167969e-01
-2.082883268594741821e-01
5.805676579475402832e-01
9.092978835105895996e-01
-8.109019398689270020e-01
5.876760482788085938e-01
7.617689371109008789e-01
-5.347133874893188477e-01
6.511893868446350098e-01
1.974320113658905029e-01
-8.641237020492553711e-01
9.498944878578186035e-01
8.695373535156250000e-01
-8.537697792053222656e-01
9.196268320083618164e-01
-9.758960604667663574e-01
9.847468733787536621e-01
6.712267547845840454e-02
7.224703431129455566e-01
7.393190860748291016e-01
-7.050014734268188477e-01
8.945466279983520508e-01
-9.632976055145263672e-01
7.509750127792358398e-01
8.687075972557067871e-01
-2.336633354425430298e-01
-2.106439769268035889e-01
2.395086586475372314e-01
-9.130110144615173340e-01
9.416960477828979492e-01
4.250505864620208740e-01
9.613221883773803711e-01
8.156328201293945312e-01
-5.851528048515319824e-01
8.683828115463256836e-01
-9.820715785026550293e-01
8.950258493423461914e-01
-7.552489638328552246e-01
3.472349941730499268e-01
9.899893999099731445e-01
5.352623462677001953e-01
2.366551905870437622e-01
1.903797537088394165e-01
-5.942225456237792969e-01
9.691661000251770020e-01
-3.627476692199707031e-01
9.776620864868164062e-01
6.814132332801818848e-01
-8.927484750747680664e-01
9.847020506858825684e-01
-7.792409062385559082e-01
-6.191294193267822266e-01
1.121654435992240906e-01
9.776237010955810547e-01
6.977873444557189941e-01
7.791025638580322266e-01
5.471246838569641113e-01
-5.565267801284790039e-01
8.434303998947143555e-01
-7.287237644195556641e-01
9.631626009941101074e-01
-6.416554450988769531e-01
5.882048010826110840e-01
9.279927015304565430e-01
8.713352084159851074e-01
-2.144157886505126953e-01
7.914847731590270996e-01
-5.109426975250244141e-01
-1.052423715591430664e-01
-5.286759138107299805e-01
5.176535844802856445e-01
2.230411469936370850e-01
6.915457248687744141e-01
8.509305119514465332e-01
4.898777008056640625e-01
-1.466355472803115845e-01
-9.577804803848266602e-01
9.241566658020019531e-01
-9.476842880249023438e-01
-6.121917366981506348e-01
4.558993875980377197e-01
5.230879783630371094e-01
9.807701706886291504e-01
8.051928877830505371e-01
3.942958414554595947e-01
9.406256079673767090e-01
-9.905659556388854980e-01
9.900932312011718750e-01
-9.753545522689819336e-01
9.516126513481140137e-01
-7.446593642234802246e-01
9.451215863227844238e-01
4.255139529705047607e-01
9.764311313629150391e-01
2.536959052085876465e-01
-7.237476110458374023e-01
6.860023140907287598e-01
6.496255397796630859e-01
-8.047540187835693359e-01
-1.424853969365358353e-02
7.572897076606750488e-01
-6.488380953669548035e-03
9.661787152290344238e-01
-5.348962172865867615e-02
3.619086444377899170e-01
8.767703771591186523e-01
-5.862265229225158691e-01
-8.015630841255187988e-01
7.565154880285263062e-02
5.429140329360961914e-01
9.206647872924804688e-01
8.954316377639770508e-01
9.005940556526184082e-01
-9.441248774528503418e-01
4.615795910358428955e-01
-3.758774697780609131e-01
-3.877700120210647583e-02
-5.239872932434082031e-01
5.345370173454284668e-01
8.885509967803955078e-01
9.750617146492004395e-01
-5.384548306465148926e-01
8.899393081665039062e-01
8.567863106727600098e-01
2.722672224044799805e-01
-1.409381926059722900e-01
-6.930401325225830078e-01
4.667707383632659912e-01
-9.902918338775634766e-01
7.915289402008056641e-01
-3.672458827495574951e-01
9.975504279136657715e-01
9.981753230094909668e-01
9.838163256645202637e-01
5.614067316055297852e-01
-9.859007000923156738e-01
2.635670304298400879e-01
-8.989048004150390625e-01
-2.436836510896682739e-01
3.968786597251892090e-01
9.494242668151855469e-01
-8.148634433746337891e-02
9.769296646118164062e-01
9.800063371658325195e-01
-9.962870478630065918e-01
7.724384069442749023e-01
-9.713523983955383301e-01
7.901784181594848633e-01
6.765395998954772949e-01
2.587088346481323242e-01
3.536298871040344238e-02
9.664944410324096680e-01
-1.321768909692764282e-01
3.584232330322265625e-01
-5.864152312278747559e-01
9.662748575210571289e-01
8.548573255538940430e-01
-6.564556360244750977e-01
5.323429107666015625e-01
-4.727404713630676270e-01
-5.289797782897949219e-01
9.937337636947631836e-01
2.502133548259735107e-01
9.715864062309265137e-01
2.242896109819412231e-01
5.702251568436622620e-02
-6.523835062980651855e-01
9.828230738639831543e-01
-1.860531270503997803e-01
9.765987396240234375e-01
7.814584374427795410e-01
-9.359639883041381836e-01
3.286895453929901123e-01
-9.255773425102233887e-01
1.903308928012847900e-01
9.451587796211242676e-01
8.857007026672363281e-01
9.972750544548034668e-01
8.320668339729309082e-01
-7.329638600349426270e-01
-8.743677735328674316e-01
-7.345185428857803345e-02
-5.761497020721435547e-01
7.722123265266418457e-01
7.990109324455261230e-01
9.382311105728149414e-01
9.365170598030090332e-01
-4.248656630516052246e-01
7.460898160934448242e-01
-9.843666553497314453e-01
3.052424639463424683e-02
-3.720805644989013672e-01
-7.085822224617004395e-01
7.792541980743408203e-01
9.434765577316284180e-01
9.658146500587463379e-01
9.951800107955932617e-01
-3.053276240825653076e-01
6.357391476631164551e-01
-8.698157668113708496e-01
4.252843260765075684e-01
9.490940570831298828e-01
-8.881984651088714600e-02
4.221833348274230957e-01
2.063256502151489258e-01
9.024896025657653809e-01
-9.624840617179870605e-01
1.588431149721145630e-01
4.078833162784576416e-01
-1.356090903282165527e-01
2.342687398195266724e-01
2.939198911190032959e-01
7.314102053642272949e-01
-1.797017641365528107e-02
3.597055375576019287e-01
5.384230017662048340e-01
-1.859754472970962524e-01
-4.589612782001495361e-01
8.584781289100646973e-01
-2.984494566917419434e-01
7.547504901885986328e-01
9.161419272422790527e-01
-6.123760342597961426e-01
9.845026582479476929e-02
9.681473374366760254e-01
4.992010295391082764e-01
-9.297385811805725098e-01
1.414655707776546478e-03
-7.240791320800781250e-01
8.270422220230102539e-01
7.470991015434265137e-01
9.213072657585144043e-01
7.987374067306518555e-01
9.490215778350830078e-01
-9.702039361000061035e-01
7.618756890296936035e-01
-2.093766182661056519e-01
-3.330710530281066895e-01
-8.853530883789062500e-02
4.638008177280426025e-01
-2.858840525150299072e-01
8.860737681388854980e-01
6.687362790107727051e-01
7.670581340789794922e-01
-6.521279811859130859e-01
-9.386223554611206055e-01
8.992008566856384277e-01
-4.653851389884948730e-01
8.559707403182983398e-01
5.622103810310363770e-01
2.295853048563003540e-01
7.316039204597473145e-01
-1.047178208827972412e-01
8.769150972366333008e-01
-5.675314366817474365e-02
4.506869912147521973e-01
4.808706641197204590e-01
-5.053188204765319824e-01
-4.640039056539535522e-02
6.961202025413513184e-01
-6.464857459068298340e-01
8.201013207435607910e-01
3.585932031273841858e-02
9.461699724197387695e-01
-1.680134832859039307e-01
-9.380571842193603516e-01
9.522185325622558594e-01
-9.043400883674621582e-01
9.754763245582580566e-01
9.066322445869445801e-01
7.845525145530700684e-01
4.467988908290863037e-01
-9.513546228408813477e-01
9.316566586494445801e-01
-5.377239584922790527e-01
5.197965502738952637e-01
7.696131467819213867e-01
6.365779042243957520e-01
-2.372427657246589661e-02
6.501460075378417969e-01
-9.976889491081237793e-01
1.443094015121459961e-01
-6.841934323310852051e-01
8.847924470901489258e-01
7.683923244476318359e-01
-5.329181551933288574e-01
9.418848156929016113e-01
9.553652405738830566e-01
7.280133366584777832e-01
-9.390205740928649902e-01
6.977128386497497559e-01
-9.905808568000793457e-01
9.285386800765991211e-01
6.407708525657653809e-01
9.109377264976501465e-01
1.860697567462921143e-01
-8.676372170448303223e-01
8.146369457244873047e-01
-6.304863691329956055e-01
3.806177675724029541e-01
-4.143299460411071777e-01
7.035241127014160156e-01
2.365919351577758789e-01
9.524695277214050293e-01
2.251912355422973633e-01
-2.580411136150360107e-01
9.198229312896728516e-01
-6.217353343963623047e-01
9.282170534133911133e-01
-8.632850050926208496e-01
9.908856153488159180e-01
5.090479850769042969e-01
7.379722595214843750e-02
-5.790504217147827148e-01
8.247691988945007324e-01
9.865872859954833984e-01
-9.765729308128356934e-01
-2.798597812652587891e-01
9.627232551574707031e-01
-9.614486098289489746e-01
8.079177737236022949e-01
9.459727406501770020e-01
9.743003249168395996e-01
8.273754119873046875e-01
-9.635929465293884277e-01
5.059201717376708984e-01
-5.074398517608642578e-01
7.600362896919250488e-01
-7.122778892517089844e-01
9.882011413574218750e-01
1.314562261104583740e-01
8.226854801177978516e-01
7.752790451049804688e-01
-9.780961871147155762e-01
9.210042953491210938e-01
-2.799828946590423584e-01
6.133790016174316406e-01
-6.780536770820617676e-01
9.571542739868164062e-01
8.182427287101745605e-01
-9.466251134872436523e-01
7.192016839981079102e-01
-6.315061450004577637e-01
9.990592002868652344e-01
2.033109515905380249e-01
-3.978368639945983887e-02
9.328678250312805176e-01
-9.467946290969848633e-01
6.230873465538024902e-01
6.325119137763977051e-01
9.750789999961853027e-01
2.909709215164184570e-01
-7.667140364646911621e-01
-1.871828883886337280e-01
7.375336289405822754e-01
-7.679425477981567383e-01
9.478738903999328613e-01
9.835135340690612793e-01
9.279251694679260254e-01
-3.146804571151733398e-01
-6.545655131340026855e-01
-9.589658379554748535e-01
4.138488173484802246e-01
-7.079151272773742676e-01
9.918285608291625977e-01
9.715555310249328613e-01
8.151062726974487305e-01
9.542020559310913086e-01
-9.202232956886291504e-01
9.815632700920104980e-01
-3.111848235130310059e-01
9.564459919929504395e-01
4.484327733516693115e-01
7.701695561408996582e-01
-6.488357186317443848e-01
-2.589148283004760742e-01
2.093051187694072723e-02
6.377332210540771484e-01
-9.165842831134796143e-02
7.171075940132141113e-01
-9.734984636306762695e-01
9.055783748626708984e-01
9.365309476852416992e-01
2.447348833084106445e-01
-2.757603228092193604e-01
3.741645216941833496e-01
9.405304193496704102e-01
-5.856544971466064453e-01
-8.687540888786315918e-01
9.295949935913085938e-01
3.296056687831878662e-01
6.707561016082763672e-01
-5.021347999572753906e-01
9.828128814697265625e-01
-8.974491059780120850e-02
4.130082726478576660e-01
5.716962218284606934e-01
-9.910624027252197266e-01
9.479474425315856934e-01
-4.324789345264434814e-01
9.683515429496765137e-01
-8.965666294097900391e-01
9.273834228515625000e-01
3.041354380548000336e-02
9.896880388259887695e-01
7.916728854179382324e-01
-3.134186565876007080e-01
6.731079220771789551e-01
1.406486481428146362e-01
-4.084880650043487549e-01
9.318109154701232910e-01
-4.346120655536651611e-01
-2.044855058193206787e-01
-9.842522144317626953e-01
9.456737637519836426e-01
7.020531892776489258e-01
9.920189380645751953e-01
9.063061475753784180e-01
-9.666107892990112305e-01
2.175780832767486572e-01
-9.813428521156311035e-01
-7.739494442939758301e-01
9.907506704330444336e-01
9.860756993293762207e-01
9.971822500228881836e-01
6.632435321807861328e-01
1.379765421152114868e-01
-9.082344174385070801e-01
9.939485192298889160e-01
-9.891936928033828735e-02
9.436405301094055176e-01
-6.829724907875061035e-01
9.861229062080383301e-01
4.406543076038360596e-01
4.582307636737823486e-01
-5.801436305046081543e-01
-4.206769168376922607e-01
6.870048642158508301e-01
2.010125368833541870e-01
7.646809816360473633e-01
-4.493347108364105225e-01
8.936415314674377441e-01
-3.931219279766082764e-01
9.980745315551757812e-01
-7.616361975669860840e-01
9.462143182754516602e-01
-7.041463851928710938e-01
7.958071231842041016e-01
2.699068188667297363e-01
8.373834490776062012e-01
-6.619693636894226074e-01
4.049575328826904297e-01
-4.139531850814819336e-01
7.832360863685607910e-01
8.731266260147094727e-01
9.798240661621093750e-01
-9.966925382614135742e-01
7.491424679756164551e-01
-5.415898561477661133e-01
9.832849502563476562e-01
-9.393306970596313477e-01
9.635013937950134277e-01
9.020676612854003906e-01
4.081840813159942627e-01
-9.076693058013916016e-01
7.238444089889526367e-01
-6.165095567703247070e-01
3.030931353569030762e-01
9.185092449188232422e-01
-8.669989109039306641e-01
3.871659981086850166e-03
9.871622323989868164e-01
8.379542827606201172e-01
-5.369020700454711914e-01
9.710887670516967773e-01
-7.923434972763061523e-01
7.743288874626159668e-01
-2.573764622211456299e-01
9.170899391174316406e-01
-3.625679910182952881e-01
5.459229350090026855e-01
4.478402137756347656e-01
7.206024527549743652e-01
-9.505546092987060547e-01
8.135488033294677734e-01
6.658969521522521973e-01
8.569988012313842773e-01
-9.245492219924926758e-01
6.335625648498535156e-01
-7.873010635375976562e-01
2.828998863697052002e-01
8.757780194282531738e-01
9.830306172370910645e-01
7.521029114723205566e-01
-7.617750763893127441e-01
5.954683423042297363e-01
3.771802186965942383e-01
-6.825386285781860352e-01
-2.119304239749908447e-02
8.589985370635986328e-01
5.814303159713745117e-01
-9.367999434471130371e-01
9.811008572578430176e-01
-5.847268700599670410e-01
3.597692847251892090e-01
4.195930063724517822e-01
4.645418226718902588e-01
6.844671368598937988e-01
-8.366444110870361328e-01
8.960359692573547363e-01
-6.038599610328674316e-01
9.958010911941528320e-01
4.036497473716735840e-01
-2.433577626943588257e-01
5.798138976097106934e-01
5.924660563468933105e-01
-5.287414789199829102e-01
8.397496342658996582e-01
-1.922805011272430420e-01
4.434528648853302002e-01
4.433187842369079590e-01
-2.919332385063171387e-01
1.159859225153923035e-01
-5.021900534629821777e-01
9.973256587982177734e-01
-3.288550376892089844e-01
9.799591302871704102e-01
8.360853195190429688e-01
-5.163820385932922363e-01
8.492298126220703125e-01
-2.943474352359771729e-01
8.304879069328308105e-01
-7.429796457290649414e-01
9.993163347244262695e-01
4.428300261497497559e-01
6.364775300025939941e-01
-7.916537523269653320e-01
9.942501187324523926e-01
1.728872656822204590e-01
-6.009699106216430664e-01
6.710537075996398926e-01
-3.960218429565429688e-01
9.710469245910644531e-01
-8.679699897766113281e-01
8.054327964782714844e-01
-8.433413505554199219e-01
9.957727193832397461e-01
-6.588479280471801758e-01
9.955240488052368164e-01
9.540231227874755859e-01
9.362870454788208008e-01
-6.143185496330261230e-01
4.330164492130279541e-01
-4.483036100864410400e-01
9.670835733413696289e-01
-4.277524948120117188e-01
2.434547431766986847e-02
2.377010136842727661e-01
9.372178316116333008e-01
9.158619642257690430e-01
7.963460683822631836e-02
-4.520445130765438080e-03
-6.088402867317199707e-01
1.242923811078071594e-01
3.752788007259368896e-01
9.064679145812988281e-01
-9.616027474403381348e-01
-2.990761697292327881e-01
9.899368882179260254e-01
-2.704959213733673096e-01
-2.610706090927124023e-01
9.853983521461486816e-01
6.468777656555175781e-01
9.291102290153503418e-01
-8.914520144462585449e-01
5.200132131576538086e-01
5.706726908683776855e-01
7.636730074882507324e-01
7.087656259536743164e-01
-6.564585566520690918e-01
4.113857746124267578e-01
-6.741268038749694824e-01
-8.063244819641113281e-01
-1.270644515752792358e-01
9.854677319526672363e-01
9.235777854919433594e-01
6.214965581893920898e-01
9.966207146644592285e-01
9.826828837394714355e-01
-2.036019712686538696e-01
-9.954434633255004883e-01
8.880640268325805664e-01
-9.768705368041992188e-01
2.184291630983352661e-01
8.979278206825256348e-01
7.415542006492614746e-01
5.010779500007629395e-01
9.613097310066223145e-01
-8.439154028892517090e-01
-7.808963656425476074e-01
6.486265659332275391e-01
-6.050049662590026855e-01
9.062516689300537109e-01
-1.054596602916717529e-01
9.931864142417907715e-01
9.082165360450744629e-01
7.644179463386535645e-01
-9.993652105331420898e-01
6.401105523109436035e-01
-9.702844023704528809e-01
4.514371603727340698e-02
1.011939644813537598e-01
7.562372088432312012e-01
6.119801402091979980e-01
1.810750514268875122e-01
9.682735204696655273e-01
-8.152907490730285645e-01
9.199020266532897949e-01
-9.488022923469543457e-01
9.621546864509582520e-01
9.059850573539733887e-01
-3.842353820800781250e-02
9.726731181144714355e-01
-8.127681016921997070e-01
8.392309546470642090e-01
-2.784382402896881104e-01
9.164969921112060547e-01
-9.981734156608581543e-01
6.695563793182373047e-01
5.140843391418457031e-01
1.613187789916992188e-01
9.235153198242187500e-01
-8.963912725448608398e-01
-8.182911276817321777e-01
-5.847195982933044434e-01
3.840180933475494385e-01
9.845647215843200684e-01
9.349277615547180176e-01
9.963273406028747559e-01
3.218176960945129395e-01
-1.368052512407302856e-01
8.416696190834045410e-01
-7.789536714553833008e-01
9.075728058815002441e-01
-6.726464629173278809e-01
8.680901527404785156e-01
-5.834445953369140625e-01
8.207358717918395996e-01
3.042566478252410889e-01
5.303223729133605957e-01
7.592676877975463867e-01
-9.548676609992980957e-01
9.012225866317749023e-01
-4.325137436389923096e-01
9.346408843994140625e-01
-6.289870738983154297e-01
7.610727548599243164e-01
6.125503778457641602e-01
-6.967264413833618164e-01
5.752021074295043945e-01
2.676672637462615967e-01
5.022474750876426697e-02
9.525092840194702148e-01
8.435960114002227783e-02
5.685077309608459473e-01
-3.572176992893218994e-01
8.205724954605102539e-01
-9.529065489768981934e-01
9.624103307723999023e-01
-6.303055882453918457e-01
2.088589519262313843e-01
9.590553641319274902e-01
2.470874488353729248e-01
1.598820984363555908e-01
-3.813521862030029297e-01
-5.887555480003356934e-01
9.477406144142150879e-01
-3.151006996631622314e-01
9.890818595886230469e-01
9.878677129745483398e-01
1.495021134614944458e-01
9.811859130859375000e-01
-8.585795164108276367e-01
7.182891368865966797e-01
-2.455507069826126099e-01
-5.576432347297668457e-01
8.774061799049377441e-01
6.411457061767578125e-01
-4.963946342468261719e-01
7.371500730514526367e-01
4.147325158119201660e-01
-1.997105628252029419e-01
-5.568486452102661133e-01
8.652799129486083984e-01
6.300868391990661621e-01
4.887491464614868164e-01
-6.680089831352233887e-01
9.768972396850585938e-01
-6.159028410911560059e-01
9.939566850662231445e-01
-3.211679160594940186e-01
9.203359484672546387e-01
6.352755427360534668e-01
-9.791625142097473145e-01
8.173299431800842285e-01
-2.368765510618686676e-02
3.186255693435668945e-01
9.788202047348022461e-01
-6.113117933273315430e-01
4.703761264681816101e-02
9.246793389320373535e-01
-3.642234578728675842e-02
4.849875271320343018e-01
-8.953424692153930664e-01
9.269438982009887695e-01
6.164155602455139160e-01
-7.861449718475341797e-01
9.641938805580139160e-01
9.043677449226379395e-01
-9.790692329406738281e-01
9.131867289543151855e-01
2.129244804382324219e-02
1.978097558021545410e-01
8.235834240913391113e-01
-9.718801975250244141e-01
5.250889658927917480e-01
9.725179672241210938e-01
-7.270307540893554688e-01
5.732437372207641602e-01
4.223971664905548096e-01
-9.795218110084533691e-01
7.358387708663940430e-01
7.638748884201049805e-01
-2.695402801036834717e-01
9.540707468986511230e-01
-9.159204959869384766e-01
3.973788022994995117e-01
8.904998898506164551e-01
9.001548290252685547e-01
-3.947934508323669434e-01
6.834200620651245117e-01
9.641626477241516113e-01
-8.552111387252807617e-01
9.821011424064636230e-01
-9.824255704879760742e-01
8.160905241966247559e-01
9.635825157165527344e-01
9.643258452415466309e-01
-9.585066437721252441e-01
-3.833876550197601318e-01
7.752034068107604980e-01
-9.893145561218261719e-01
3.571330904960632324e-01
5.271727442741394043e-01
4.529397487640380859e-01
3.896126151084899902e-01
9.922990202903747559e-01
-1.998032778501510620e-01
3.807869255542755127e-01
-9.663366675376892090e-01
-2.577556297183036804e-02
9.333653450012207031e-01
-4.861045181751251221e-01
9.963147044181823730e-01
9.267886877059936523e-01
5.863121747970581055e-01
-4.529610276222229004e-01
8.851135373115539551e-01
-6.171673536300659180e-01
9.508386254310607910e-01
-9.057875871658325195e-01
4.146153926849365234e-01
-6.887428760528564453e-01
8.640899062156677246e-01
7.832438349723815918e-01
9.973489642143249512e-01
9.850386381149291992e-01
-9.783024191856384277e-01
-8.038409948348999023e-01
9.832235574722290039e-01
-3.542570173740386963e-01
8.079526424407958984e-01
9.054296612739562988e-01
1.473617106676101685e-01
8.522949218750000000e-01
-7.618059515953063965e-01
9.288681745529174805e-01
-6.984036564826965332e-01
-8.645878434181213379e-01
-2.310331314802169800e-01
9.179993867874145508e-01
5.395774245262145996e-01
9.704179763793945312e-01
5.540542006492614746e-01
6.310822367668151855e-01
-5.845668315887451172e-01
-5.600921511650085449e-01
9.766713380813598633e-01
-9.860835075378417969e-01
-7.286763191223144531e-01
9.909508228302001953e-01
8.957037925720214844e-01
9.824901819229125977e-01
9.710120558738708496e-01
5.480048656463623047e-01
-9.639922976493835449e-01
-7.901795506477355957e-01
9.924020767211914062e-01
9.028134346008300781e-01
6.624426245689392090e-01
8.471611738204956055e-01
1.280831992626190186e-01
-4.867728427052497864e-02
-1.737862378358840942e-01
-7.138963937759399414e-01
-1.577604562044143677e-01
9.431477785110473633e-01
4.306602776050567627e-01
-2.308610826730728149e-01
9.725996255874633789e-01
9.953212738037109375e-01
3.952558934688568115e-01
-6.296031475067138672e-01
-9.593541622161865234e-01
-9.181666374206542969e-01
-4.930480420589447021e-01
9.880633354187011719e-01
9.914131164550781250e-01
1.167789846658706665e-01
9.877147674560546875e-01
9.832340478897094727e-01
6.611850857734680176e-01
-5.359359383583068848e-01
-3.679706454277038574e-01
-6.207135915756225586e-01
7.932335734367370605e-01
9.744963049888610840e-01
-7.287471294403076172e-01
9.932453036308288574e-01
9.368726015090942383e-01
9.914690256118774414e-01
-7.890390753746032715e-01
9.888000488281250000e-01
1.255439072847366333e-01
-4.717248082160949707e-01
-2.161483913660049438e-01
6.730061173439025879e-01
-1.475755870342254639e-01
9.392505884170532227e-01
6.437582373619079590e-01
-7.234567403793334961e-01
-8.573803305625915527e-01
8.247787952423095703e-01
-6.128926873207092285e-01
9.955043792724609375e-01
1.281998455524444580e-01
5.938900113105773926e-01
9.840924739837646484e-01
3.645237088203430176e-01
-9.688425064086914062e-01
7.783391475677490234e-01
-9.608822464942932129e-01
-1.937990039587020874e-01
3.233918547630310059e-01
8.997916579246520996e-01
9.673251509666442871e-01
9.851913452148437500e-01
9.506739377975463867e-01
-9.520692229270935059e-01
1.395403407514095306e-03
6.081647872924804688e-01
-9.792883992195129395e-01
8.526269197463989258e-01
9.127680063247680664e-01
-9.214843511581420898e-01
9.813020825386047363e-01
1.291084140539169312e-01
9.815383553504943848e-01
-7.334561944007873535e-01
4.085232019424438477e-01
3.797048032283782959e-01
-2.986183762550354004e-02
-6.078389883041381836e-01
-1.554993540048599243e-01
8.692401051521301270e-01
9.758273959159851074e-01
8.480589389801025391e-01
-9.923972487449645996e-01
6.436191797256469727e-01
-7.445219159126281738e-02
9.662589430809020996e-01
-5.928100943565368652e-01
9.864072203636169434e-01
8.127242326736450195e-01
5.565439462661743164e-01
-9.315313696861267090e-01
-3.323696553707122803e-01
3.116562664508819580e-01
-1.120618134737014771e-01
8.490517139434814453e-01
-1.881106942892074585e-01
-8.521297574043273926e-02
9.800612926483154297e-01
8.660079240798950195e-01
-3.459511101245880127e-01
3.280139863491058350e-01
5.668408870697021484e-01
-6.753059625625610352e-01
9.183910489082336426e-01
-8.970927596092224121e-01
9.912569522857666016e-01
-9.594278335571289062e-01
7.677857279777526855e-01
9.654924273490905762e-01
9.817653298377990723e-01
6.137119531631469727e-01
-6.000488400459289551e-01
7.848898768424987793e-01
-6.768965721130371094e-01
5.519708395004272461e-01
6.439328193664550781e-01
8.266383409500122070e-02
5.993806123733520508e-01
-8.563216328620910645e-01
7.089173197746276855e-01
-5.532785654067993164e-01
-4.600608944892883301e-01
9.795078039169311523e-01
5.595793128013610840e-01
-6.309224367141723633e-01
8.498675823211669922e-01
7.845898270606994629e-01
4.304710328578948975e-01
-6.734153628349304199e-01
5.385295152664184570e-01
-7.696142196655273438e-01
9.023609757423400879e-01
3.803818821907043457e-01
8.890414237976074219e-01
-7.860614061355590820e-01
9.860026836395263672e-01
9.791004061698913574e-01
-5.835878252983093262e-01
1.569079309701919556e-01
7.539181113243103027e-01
7.398259639739990234e-01
-3.798314630985260010e-01
4.530216455459594727e-01
-8.416247963905334473e-01
8.351106047630310059e-01
6.546027660369873047e-01
8.374695777893066406e-01
-4.749360382556915283e-01
-4.164886474609375000e-01
-6.792453527450561523e-01
4.966025650501251221e-01
4.244288206100463867e-01
4.590173065662384033e-01
-4.947787225246429443e-01
8.285480141639709473e-01
9.854943156242370605e-01
9.237092137336730957e-01
-9.754832983016967773e-01
7.412654757499694824e-01
-9.880039095878601074e-01
-5.041946172714233398e-01
-3.451765477657318115e-01
9.742185473442077637e-01
7.780207395553588867e-01
8.248060345649719238e-01
9.779076576232910156e-01
6.181726455688476562e-01
-9.488502144813537598e-01
9.114845395088195801e-01
-8.331198692321777344e-01
9.084773659706115723e-01
4.673617482185363770e-01
-5.184968113899230957e-01
9.958781003952026367e-01
-7.685483098030090332e-01
9.835031032562255859e-01
5.564522147178649902e-01
-3.507892787456512451e-01
9.651635885238647461e-01
-1.950681954622268677e-01
8.708295226097106934e-01
4.224330782890319824e-01
5.563739538192749023e-01
-9.015427827835083008e-01
5.466175079345703125e-01
-8.472033739089965820e-01
5.591893196105957031e-01
8.724134564399719238e-01
8.821641206741333008e-01
6.959802508354187012e-01
-1.156506761908531189e-01
-9.730858206748962402e-01
9.727791547775268555e-01
-9.834227561950683594e-01
8.536636829376220703e-01
-4.669783115386962891e-01
-9.801318049430847168e-01
2.956658899784088135e-01
9.105412960052490234e-01
-1.858126670122146606e-01
9.916841983795166016e-01
7.096967101097106934e-01
-5.665812492370605469e-01
9.729399681091308594e-01
3.839674592018127441e-01
-5.166307836771011353e-02
8.075392842292785645e-01
3.070608973503112793e-01
1.193955466151237488e-01
3.046698272228240967e-01
-7.048133015632629395e-01
9.706413745880126953e-01
9.139975905418395996e-01
-6.170738935470581055e-01
7.724364995956420898e-01
-9.214549064636230469e-01
5.728373527526855469e-01
8.505629301071166992e-01
5.308070778846740723e-01
-2.348477691411972046e-01
8.375930786132812500e-01
-9.955584406852722168e-01
9.002470374107360840e-01
-5.647695064544677734e-01
6.259078383445739746e-01
7.802216410636901855e-01
-1.804399639368057251e-01
9.595102071762084961e-01
-9.369456171989440918e-01
6.964241862297058105e-01
-7.960138916969299316e-01
9.573969841003417969e-01
9.223856329917907715e-01
-4.683749377727508545e-01
9.110932350158691406e-01
-4.859832227230072021e-01
7.591735124588012695e-01
-8.648360967636108398e-01
9.280933141708374023e-01
5.997797846794128418e-01
8.654892444610595703e-01
-8.269692659378051758e-01
-7.468409538269042969e-01
-6.486533284187316895e-01
8.686718344688415527e-01
9.778814911842346191e-01
9.882781505584716797e-01
9.087356925010681152e-01
-7.826943993568420410e-01
9.976499080657958984e-01
5.362208187580108643e-02
9.041785597801208496e-01
-7.337210178375244141e-01
6.736909747123718262e-01
-8.819850683212280273e-01
9.847255349159240723e-01
8.529181480407714844e-01
-1.905021723359823227e-03
7.630684971809387207e-01
-4.791875481605529785e-01
-5.926879644393920898e-01
1.901191174983978271e-01
-5.839931964874267578e-01
2.440256625413894653e-01
9.586971998214721680e-01
6.742593646049499512e-01
7.378874421119689941e-01
9.449018836021423340e-01
-8.514418005943298340e-01
5.983139872550964355e-01
-9.583525657653808594e-01
5.800587534904479980e-01
5.475205779075622559e-01
7.228519916534423828e-01
4.355625808238983154e-01
-1.790889948606491089e-01
4.248462244868278503e-02
-1.400903165340423584e-01
6.282143592834472656e-01
4.295499622821807861e-01
-2.534510195255279541e-01
8.449730873107910156e-01
-9.046762585639953613e-01
9.868215918540954590e-01
-1.503162086009979248e-01
-9.644324332475662231e-02
7.714488506317138672e-01
9.149225354194641113e-01
-1.413868963718414307e-01
9.120141863822937012e-01
-8.878270387649536133e-01
8.852712512016296387e-01
-9.513674974441528320e-01
9.388896822929382324e-01
-1.008993834257125854e-01
4.140571951866149902e-01
6.282204389572143555e-01
8.506718277931213379e-01
-9.399976134300231934e-01
9.680384397506713867e-01
-9.070157408714294434e-01
6.318836212158203125e-01
-8.137156367301940918e-01
6.264941096305847168e-01
9.525259137153625488e-01
-3.885024487972259521e-01
9.911136031150817871e-01
2.005899995565414429e-01
7.776461243629455566e-01
-9.546125531196594238e-01
8.489506244659423828e-01
7.869656085968017578e-01
-8.076016902923583984e-01
9.984039664268493652e-01
8.988595604896545410e-01
-7.431368231773376465e-01
6.857103705406188965e-01
5.420243144035339355e-01
8.447102904319763184e-01
-9.623699188232421875e-01
8.769487589597702026e-02
2.473204582929611206e-02
7.933997511863708496e-01
9.685115218162536621e-01
9.933251142501831055e-01
-9.800800085067749023e-01
7.682456076145172119e-02
-9.922145009040832520e-01
6.283101439476013184e-01
-8.021990656852722168e-01
9.308454990386962891e-01
-4.701045751571655273e-01
9.661675691604614258e-01
9.811269044876098633e-01
9.348782300949096680e-01
7.589329034090042114e-02
-3.663144707679748535e-01
9.133329391479492188e-01
-8.124969601631164551e-01
-2.693530619144439697e-01
-9.326468706130981445e-01
9.005634188652038574e-01
8.121990561485290527e-01
9.737675786018371582e-01
9.055178761482238770e-01
9.215890765190124512e-01
-9.255853891372680664e-01
7.871422767639160156e-01
-9.435262084007263184e-01
9.386625885963439941e-01
-9.651599526405334473e-01
9.702736735343933105e-01
2.102387845516204834e-01
9.255422949790954590e-01
8.283737301826477051e-01
-4.507019817829132080e-01
8.383048772811889648e-01
-9.715207219123840332e-01
4.715688526630401611e-01
-9.076626300811767578e-01
5.291486978530883789e-01
8.672098517417907715e-01
3.470426797866821289e-01
8.848761916160583496e-01
-5.108036994934082031e-01
7.749654650688171387e-01
4.033130705356597900e-01
-4.388943910598754883e-01
9.450907707214355469e-01
-8.180816173553466797e-01
7.653447389602661133e-01
1.050728410482406616e-01
5.112830400466918945e-01
-8.522320389747619629e-01
3.441486060619354248e-01
9.666269421577453613e-01
-9.065572023391723633e-01
7.594838142395019531e-01
9.822326302528381348e-01
8.379999995231628418e-01
-9.076224565505981445e-01
-7.980459928512573242e-01
5.197024345397949219e-01
9.641910791397094727e-01
9.810796976089477539e-01
-8.889381885528564453e-01
9.841733574867248535e-01
3.811962008476257324e-01
-8.374260663986206055e-01
9.769107699394226074e-01
6.001499891281127930e-01
9.689303040504455566e-01
-8.299041390419006348e-01
8.372040390968322754e-01
-5.216888785362243652e-01
7.036848068237304688e-01
-6.145471706986427307e-02
8.086838722229003906e-01
7.173970937728881836e-01
-2.257987260818481445e-01
2.386521995067596436e-01
-7.012807130813598633e-01
-7.991175055503845215e-01
1.878760196268558502e-02
9.282277226448059082e-01
8.634363412857055664e-01
9.549435377120971680e-01
9.226495623588562012e-01
-7.946014404296875000e-01
8.738571405410766602e-02
9.068733453750610352e-01
-9.941561818122863770e-01
7.600641250610351562e-01
4.348919987678527832e-01
-1.884900964796543121e-02
5.765542387962341309e-01
1.443242281675338745e-01
9.347022175788879395e-01
-9.578660130500793457e-01
6.268340349197387695e-01
5.212509632110595703e-01
-4.086407721042633057e-01
8.125168085098266602e-01
7.402634024620056152e-01
-9.771637916564941406e-01
7.738093733787536621e-01
-8.817024230957031250e-01
1.727416068315505981e-01
9.901000261306762695e-01
7.570226192474365234e-01
8.826506137847900391e-01
-9.687333703041076660e-01
7.641794085502624512e-01
2.364598214626312256e-01
8.458598852157592773e-01
-8.504583239555358887e-01
-7.408481240272521973e-01
2.378732115030288696e-01
9.900267720222473145e-01
6.068874001502990723e-01
-8.335164785385131836e-01
7.261627316474914551e-01
9.979395866394042969e-01
9.985421299934387207e-01
-3.792398869991302490e-01
-3.177446126937866211e-01
2.820055186748504639e-01
8.598995804786682129e-01
5.792474746704101562e-01
-1.566540896892547607e-01
8.063508272171020508e-01
-8.841271400451660156e-01
9.199113249778747559e-01
3.560400307178497314e-01
7.657483816146850586e-01
-7.106897830963134766e-01
7.759401798248291016e-01
-9.943541884422302246e-01
-6.890658140182495117e-01
-9.248350858688354492e-01
7.097720503807067871e-01
9.668369889259338379e-01
9.757705926895141602e-01
9.964714646339416504e-01
4.162610769271850586e-01
-2.294619828462600708e-01
8.930904865264892578e-01
2.569103538990020752e-01
-4.517170786857604980e-01
-1.042565703392028809e-01
8.098534941673278809e-01
-1.022743955254554749e-01
8.077610135078430176e-01
9.713358283042907715e-01
-7.696356773376464844e-01
-3.649680614471435547e-01
-2.273183763027191162e-01
-3.818942606449127197e-01
8.635004162788391113e-01
9.413999319076538086e-01
5.764666572213172913e-02
9.834365844726562500e-01
7.724707126617431641e-01
2.033014893531799316e-01
-9.682643413543701172e-01
6.296741962432861328e-01
-7.615604996681213379e-01
5.191415548324584961e-01
8.853843808174133301e-01
6.372531056404113770e-01
-9.628221392631530762e-01
9.674720168113708496e-01
-9.358838200569152832e-01
9.261058568954467773e-01
5.536673069000244141e-01
4.619313180446624756e-01
3.547344207763671875e-01
4.681917726993560791e-01
-6.749083995819091797e-01
9.305895566940307617e-01
5.102087259292602539e-01
-6.782317757606506348e-01
5.804265737533569336e-01
8.661168813705444336e-01
-3.321092724800109863e-01
3.215203583240509033e-01
7.029678225517272949e-01
3.877227008342742920e-01
-9.781374335289001465e-01
6.870175004005432129e-01
-7.658138126134872437e-02
1.975370943546295166e-02
-5.968214273452758789e-01
9.882736802101135254e-01
7.934011220932006836e-01
9.995006918907165527e-01
-4.573740959167480469e-01
-7.625396251678466797e-01
9.521085023880004883e-01
-9.623401761054992676e-01
8.962244987487792969e-01
5.125910639762878418e-01
-7.001930475234985352e-01
9.418910741806030273e-01
5.418238639831542969e-01
5.246696472167968750e-01
8.639990091323852539e-01
7.101150751113891602e-01
5.059460401535034180e-01
-7.391864061355590820e-01
-7.593156397342681885e-02
-6.875419020652770996e-01
-6.579928398132324219e-01
8.801540732383728027e-01
9.522501826286315918e-01
9.288102388381958008e-01
9.894767999649047852e-01
9.432687759399414062e-01
-8.103841543197631836e-01
3.316752985119819641e-02
-5.576401352882385254e-01
-7.978019714355468750e-01
7.146484851837158203e-01
5.358865857124328613e-01
2.071577310562133789e-01
9.493938088417053223e-01
5.960112214088439941e-01
-1.884191632270812988e-01
-4.819371998310089111e-01
8.692771196365356445e-01
-3.647526502609252930e-01
7.179087996482849121e-01
-8.530915379524230957e-01
9.916517734527587891e-01
-1.122067719697952271e-01
9.886060357093811035e-01
8.584966063499450684e-01
-9.645043611526489258e-01
1.623049974441528320e-01
8.858253359794616699e-01
8.509609699249267578e-01
9.931376576423645020e-01
-9.417877793312072754e-01
9.678514599800109863e-01
-2.790067493915557861e-01
9.702887535095214844e-01
3.413114249706268311e-01
-8.907971382141113281e-01
-3.235888779163360596e-01
-1.721977889537811279e-01
-6.815722584724426270e-01
5.837185978889465332e-01
8.137819170951843262e-01
2.620902359485626221e-01
7.430858016014099121e-01
6.689496040344238281e-01
9.521753191947937012e-01
5.256198048591613770e-01
-9.938786029815673828e-01
9.311375617980957031e-01
-9.785975813865661621e-01
4.970781505107879639e-01
-7.048153281211853027e-01
9.812631607055664062e-01
6.752669811248779297e-01
8.268680572509765625e-01
8.761522769927978516e-01
-9.539780020713806152e-01
-5.145744085311889648e-01
8.458480834960937500e-01
-9.503011107444763184e-01
8.079068660736083984e-01
1.543089468032121658e-02
-7.709398120641708374e-02
9.204869866371154785e-01
8.953292965888977051e-01
8.371830582618713379e-01
2.418380230665206909e-02
-6.028872132301330566e-01
9.925073981285095215e-01
-9.196875691413879395e-01
9.434971809387207031e-01
-5.794495940208435059e-01
9.464974403381347656e-01
9.860534667968750000e-01
9.517622590065002441e-01
-9.951534271240234375e-01
3.369593918323516846e-01
5.727657079696655273e-01
-6.390543580055236816e-01
9.777609705924987793e-01
9.379372000694274902e-01
-1.852607280015945435e-01
8.740947246551513672e-01
