-9.999989867210388184e-01
-9.999747276306152344e-01
-9.999967217445373535e-01
-9.998983144760131836e-01
-9.994620084762573242e-01
-9.989215731620788574e-01
-9.984985589981079102e-01
-9.975847601890563965e-01
-9.777833819389343262e-01
-9.937416911125183105e-01
-7.208620905876159668e-01
-7.135681509971618652e-01
9.737336039543151855e-01
9.990618228912353516e-01
9.993250370025634766e-01
9.999952912330627441e-01
9.999989867210388184e-01
9.999989867210388184e-01
9.999989867210388184e-01
9.999989867210388184e-01
9.999989867210388184e-01
9.999989867210388184e-01
9.999986886978149414e-01
9.999989867210388184e-01
9.998859763145446777e-01
2.241868972778320312e-01
-9.817315340042114258e-01
-9.973509311676025391e-01
-9.998867511749267578e-01
-9.987263083457946777e-01
-9.797449111938476562e-01
-9.879457950592041016e-01
-2.910540699958801270e-01
9.148284196853637695e-01
4.963337182998657227e-01
-2.667791247367858887e-01
4.384656548500061035e-01
9.675088524818420410e-01
8.567581772804260254e-01
-8.432973027229309082e-01
-3.224636316299438477e-01
-6.213907599449157715e-01
9.606164693832397461e-02
-7.247813940048217773e-01
4.190867543220520020e-01
8.542321920394897461e-01
-7.233970332890748978e-03
9.418643712997436523e-01
-6.956678032875061035e-01
8.098740577697753906e-01
-9.760295748710632324e-01
5.159603357315063477e-01
9.296709299087524414e-01
-9.694803357124328613e-01
-3.619976937770843506e-01
-3.224760890007019043e-01
9.914671778678894043e-01
2.451574951410293579e-01
-2.021381258964538574e-01
9.044600725173950195e-01
2.694450914859771729e-01
-6.967934966087341309e-01
-7.322157025337219238e-01
8.791007399559020996e-01
4.398015439510345459e-01
-8.601622581481933594e-01
8.065862059593200684e-01
-4.257250130176544189e-01
-1.430738717317581177e-01
9.938956499099731445e-01
6.393345594406127930e-01
-6.689260005950927734e-01
4.127510637044906616e-02
-4.891620576381683350e-01
-4.348700493574142456e-02
1.795158833265304565e-01
6.876882910728454590e-01
8.133540153503417969e-01
-9.261989593505859375e-01
-3.636631965637207031e-01
-6.549240946769714355e-01
9.667973518371582031e-01
2.561455070972442627e-01
3.800785839557647705e-01
2.311013638973236084e-01
-9.212976098060607910e-01
9.573533535003662109e-01
8.303129076957702637e-01
-9.344140887260437012e-01
8.739279508590698242e-01
-9.808517694473266602e-01
-1.804504543542861938e-01
-1.746484637260437012e-01
5.471392273902893066e-01
2.562962472438812256e-01
2.962218821048736572e-01
-7.237699627876281738e-01
9.844623804092407227e-01
3.876025676727294922e-01
-9.407387971878051758e-01
8.372832536697387695e-01
-6.108689308166503906e-01
9.794573187828063965e-01
-1.032840274274349213e-02
-6.370597481727600098e-01
3.938311338424682617e-01
-4.265496730804443359e-01
2.858574688434600830e-01
9.404470920562744141e-01
-9.953045248985290527e-01
9.147276282310485840e-01
-8.031405210494995117e-01
3.674852252006530762e-01
5.152521729469299316e-01
4.700128138065338135e-01
-9.437572360038757324e-01
2.639329433441162109e-01
-6.890334486961364746e-01
9.847129583358764648e-01
-2.803343832492828369e-01
9.839988946914672852e-01
2.414501160383224487e-01
-9.261442422866821289e-01
-6.471031308174133301e-01
9.781103730201721191e-01
4.362472891807556152e-01
-2.376464754343032837e-01
8.122881054878234863e-01
2.732356786727905273e-01
-9.646539092063903809e-01
-3.745316267013549805e-01
-8.929293751716613770e-01
9.761656522750854492e-01
9.467852711677551270e-01
5.699579715728759766e-01
-9.845138192176818848e-01
6.478093266487121582e-01
-6.248793005943298340e-01
8.144629597663879395e-01
-2.812429368495941162e-01
6.332580447196960449e-01
-7.084808349609375000e-01
2.956111431121826172e-01
-6.975418329238891602e-01
9.141592979431152344e-01
7.709516286849975586e-01
-9.746180772781372070e-01
8.373025655746459961e-01
-9.502986669540405273e-01
9.023552536964416504e-01
-7.628495693206787109e-01
9.149174690246582031e-01
6.638005375862121582e-01
-5.868913531303405762e-01
-8.205561637878417969e-01
4.527119696140289307e-01
8.239712715148925781e-01
-9.164124727249145508e-01
9.377311468124389648e-01
5.206235051155090332e-01
-9.757164716720581055e-01
-7.605837583541870117e-01
9.833968281745910645e-01
7.625032067298889160e-01
6.830714344978332520e-01
-9.603335261344909668e-01
-9.813627600669860840e-01
9.508482813835144043e-01
4.578959643840789795e-01
-2.536109983921051025e-01
4.857388436794281006e-01
-9.789463281631469727e-01
9.571192264556884766e-01
-5.228424072265625000e-01
9.814474582672119141e-01
1.362215634435415268e-02
-6.097134947776794434e-01
8.634474873542785645e-01
-3.897035121917724609e-01
-9.072714447975158691e-01
9.949560165405273438e-01
8.767336010932922363e-01
-7.369361519813537598e-01
5.918310284614562988e-01
-8.614547848701477051e-01
9.726118445396423340e-01
-9.804340004920959473e-01
9.455984234809875488e-01
2.168786376714706421e-01
-4.403336346149444580e-01
1.548014581203460693e-01
-1.565012633800506592e-01
-1.309280246496200562e-01
9.309709668159484863e-01
-5.265815854072570801e-01
8.984305262565612793e-01
7.504681944847106934e-01
-8.434067964553833008e-01
-9.503023624420166016e-01
7.833906412124633789e-01
-1.043502334505319595e-02
9.143786430358886719e-01
-7.067831158638000488e-01
-6.278015375137329102e-01
5.391476154327392578e-01
-4.156492948532104492e-01
9.540349841117858887e-01
-8.288739919662475586e-01
9.881955385208129883e-01
8.993902802467346191e-01
-5.259516239166259766e-01
1.724608838558197021e-01
-7.749907374382019043e-01
-2.300875447690486908e-02
5.521833896636962891e-01
8.794276118278503418e-01
-8.723040223121643066e-01
5.636552721261978149e-02
6.305813193321228027e-01
-8.268434405326843262e-01
5.472070574760437012e-01
9.724718928337097168e-01
-7.261690497398376465e-01
-3.513401448726654053e-01
9.618783593177795410e-01
-5.674941930919885635e-03
-4.316010177135467529e-01
-3.996721655130386353e-02
8.770447969436645508e-01
-4.412820637226104736e-01
8.888674974441528320e-01
-9.753496050834655762e-01
4.855737686157226562e-01
-8.480151891708374023e-01
9.380003809928894043e-01
2.693824768066406250e-01
-8.942508697509765625e-01
8.801152110099792480e-01
6.323666572570800781e-01
-9.603727459907531738e-01
3.177769482135772705e-01
9.070854783058166504e-01
-9.517294168472290039e-01
7.166886329650878906e-01
-3.014429211616516113e-01
-6.410762667655944824e-01
9.549180269241333008e-01
9.583901762962341309e-01
-9.068680405616760254e-01
-7.092734575271606445e-01
8.697434663772583008e-01
-8.408178687095642090e-01
6.019110679626464844e-01
1.142012402415275574e-01
8.066493272781372070e-01
6.928797960281372070e-01
-9.185655117034912109e-01
-8.103885054588317871e-01
6.165522336959838867e-01
-1.552336364984512329e-01
9.970447421073913574e-01
5.187319517135620117e-01
-9.337227940559387207e-01
-7.513992786407470703e-01
2.391948923468589783e-02
5.498195290565490723e-01
4.201061427593231201e-01
5.624135136604309082e-01
-2.844931371510028839e-02
8.534063100814819336e-01
-9.990034699440002441e-01
-4.263967275619506836e-01
-4.768336117267608643e-01
9.707986116409301758e-01
-6.168351769447326660e-01
7.859572768211364746e-01
5.951498746871948242e-01
9.226886630058288574e-01
-9.917862415313720703e-01
-9.828199744224548340e-01
1.772332191467285156e-02
8.742876052856445312e-01
-8.922030329704284668e-01
7.271996140480041504e-01
-5.499445796012878418e-01
9.981783032417297363e-01
5.421763062477111816e-01
-6.563369035720825195e-01
-5.458182096481323242e-02
8.720867633819580078e-01
6.591033339500427246e-01
-9.943817257881164551e-01
-8.077793717384338379e-01
4.810079932212829590e-01
7.180637121200561523e-01
4.091960191726684570e-01
-6.603891253471374512e-01
9.749508500099182129e-01
-9.929400682449340820e-01
-8.988476395606994629e-01
9.953773617744445801e-01
9.732091426849365234e-01
-5.406885147094726562e-01
-4.373622238636016846e-01
8.009918928146362305e-01
2.845613956451416016e-01
-2.095068246126174927e-01
5.001402497291564941e-01
-8.476834297180175781e-01
9.199666976928710938e-01
-7.878724336624145508e-01
9.057530164718627930e-01
-3.944334387779235840e-01
7.963989377021789551e-01
-7.294828891754150391e-01
7.917910218238830566e-01
-8.392591476440429688e-01
3.219487071037292480e-01
-4.003803431987762451e-01
9.988382458686828613e-01
-3.194586634635925293e-01
7.145081162452697754e-01
-7.580105662345886230e-01
9.333177208900451660e-01
4.570969045162200928e-01
-8.158674240112304688e-01
-2.540346086025238037e-01
-6.494336575269699097e-02
-4.886190295219421387e-01
9.846681356430053711e-01
-1.801979094743728638e-01
1.510621011257171631e-01
6.691817045211791992e-01
-4.864207506179809570e-01
3.547041416168212891e-01
6.184573173522949219e-01
-9.732816815376281738e-01
7.283077836036682129e-01
-3.199543654918670654e-01
-5.090039968490600586e-01
4.338444173336029053e-01
7.545472979545593262e-01
9.511437416076660156e-01
-9.015306234359741211e-01
-9.902533888816833496e-01
-1.908732652664184570e-01
2.892600595951080322e-01
9.630822539329528809e-01
9.754899740219116211e-01
-6.085667610168457031e-01
-9.761525988578796387e-01
6.976804137229919434e-01
-4.387680590152740479e-01
9.369997382164001465e-01
-4.096081256866455078e-01
6.088926196098327637e-01
-1.750850677490234375e-01
8.844897150993347168e-01
-9.910017848014831543e-01
-9.423255324363708496e-01
9.908365607261657715e-01
4.661744236946105957e-01
8.740979433059692383e-01
-9.340890645980834961e-01
6.487744450569152832e-01
-9.351316690444946289e-01
-4.428628385066986084e-01
9.700595736503601074e-01
7.913259863853454590e-01
-7.022060155868530273e-01
8.345427513122558594e-01
-8.408327698707580566e-01
9.145341515541076660e-01
8.632155060768127441e-01
-9.855665564537048340e-01
-8.004902601242065430e-01
2.426325976848602295e-01
8.998206257820129395e-01
1.746899038553237915e-01
-8.449803590774536133e-01
6.136669516563415527e-01
-1.828425824642181396e-01
-5.439605563879013062e-02
-6.315783262252807617e-01
8.413133025169372559e-01
9.760920405387878418e-01
2.160426694899797440e-03
-1.256574243307113647e-01
-9.322172999382019043e-01
8.826294541358947754e-01
-3.682792186737060547e-01
4.372440278530120850e-01
8.970977663993835449e-01
-9.609137773513793945e-01
-2.629283666610717773e-01
6.410455703735351562e-01
2.888441681861877441e-01
-2.220261991024017334e-01
4.808225929737091064e-01
-7.813709378242492676e-01
4.209260642528533936e-01
9.715802669525146484e-01
1.148045286536216736e-01
-9.976319670677185059e-01
1.198247298598289490e-01
6.427478976547718048e-03
8.993589878082275391e-01
-9.742938876152038574e-01
3.959848284721374512e-01
-7.944976687431335449e-01
9.888086318969726562e-01
9.613435864448547363e-01
-4.404073059558868408e-01
9.531576037406921387e-01
-2.466467171907424927e-01
-9.928407669067382812e-01
5.496201515197753906e-01
4.746364951133728027e-01
-9.512523412704467773e-01
-2.221413105726242065e-01
9.655854701995849609e-01
2.724883854389190674e-01
1.227307915687561035e-01
-9.247606992721557617e-01
8.742902874946594238e-01
-9.433245062828063965e-01
5.897772908210754395e-01
9.890105724334716797e-01
-9.740395545959472656e-01
7.369943857192993164e-01
-2.600416541099548340e-01
9.134072065353393555e-01
-9.087436795234680176e-01
5.811561942100524902e-01
-1.196148525923490524e-02
3.340875804424285889e-01
-8.864454030990600586e-01
4.756481945514678955e-01
9.264686703681945801e-01
-8.535195589065551758e-01
2.502455711364746094e-01
-9.114312529563903809e-01
9.494214057922363281e-01
3.212138116359710693e-01
9.101386666297912598e-01
-9.920636415481567383e-01
-1.409126967191696167e-01
5.741196274757385254e-01
3.772416710853576660e-02
1.044065505266189575e-01
-9.762713909149169922e-01
9.498361349105834961e-01
6.577488183975219727e-01
-5.645430684089660645e-01
-5.629608035087585449e-01
9.606307744979858398e-01
1.269977092742919922e-01
2.160143256187438965e-01
6.782518625259399414e-01
-6.278256177902221680e-01
-9.084383845329284668e-01
9.835558533668518066e-01
6.174281239509582520e-01
-8.692324161529541016e-01
-1.265616565942764282e-01
3.238308131694793701e-01
-3.373532295227050781e-01
8.530504107475280762e-01
4.993493854999542236e-01
3.113857209682464600e-01
-9.916995167732238770e-01
-3.598192930221557617e-01
-4.885845258831977844e-02
6.368752717971801758e-01
5.866776108741760254e-01
3.549530506134033203e-01
-9.325495958328247070e-01
7.614156007766723633e-01
-6.716035604476928711e-01
8.698186278343200684e-01
4.313377737998962402e-01
-3.654411435127258301e-01
-2.778171002864837646e-01
-6.039460301399230957e-01
8.821061253547668457e-01
-1.895000785589218140e-01
9.815865755081176758e-01
-6.522196531295776367e-01
-5.072247385978698730e-01
9.077323079109191895e-01
6.409450173377990723e-01
-8.776707053184509277e-01
6.464953422546386719e-01
-6.997569799423217773e-01
9.046962261199951172e-01
-9.003621935844421387e-01
9.169452190399169922e-01
3.694043755531311035e-01
-8.066374063491821289e-01
-1.695893108844757080e-01
-2.135246545076370239e-01
9.940926432609558105e-01
6.137818098068237305e-01
2.561150193214416504e-01
-6.942510604858398438e-01
-4.154594838619232178e-01
9.940933585166931152e-01
1.513582617044448853e-01
-8.991358336061239243e-04
-9.455100297927856445e-01
9.408119916915893555e-01
-3.558098971843719482e-01
7.778291106224060059e-01
-9.915281534194946289e-01
-8.579940795898437500e-01
9.826290011405944824e-01
9.877352118492126465e-01
5.931931734085083008e-01
5.310719832777976990e-02
-9.064121842384338379e-01
-2.422970980405807495e-01
8.144981861114501953e-01
-8.174597024917602539e-01
8.354235291481018066e-01
2.385422736406326294e-01
8.802759647369384766e-01
-9.941741824150085449e-01
-8.865744471549987793e-01
-5.075404047966003418e-01
9.986705780029296875e-01
9.436368346214294434e-01
7.136033177375793457e-01
-9.585298895835876465e-01
-4.162584543228149414e-01
5.244812369346618652e-01
9.523111581802368164e-01
-8.749118447303771973e-01
6.169481873512268066e-01
-8.923592567443847656e-01
-3.617219030857086182e-01
9.500558376312255859e-01
-8.613336682319641113e-01
9.954666495323181152e-01
7.790361046791076660e-01
-8.730321526527404785e-01
7.035797834396362305e-01
-3.670892417430877686e-01
-3.911844789981842041e-01
5.926703810691833496e-01
5.332347154617309570e-01
4.503442049026489258e-01
-9.760299324989318848e-01
9.712116718292236328e-01
-8.735740184783935547e-01
-3.083039224147796631e-01
2.270334810018539429e-01
9.229142665863037109e-01
-7.644852995872497559e-02
-9.602674841880798340e-02
-3.890013396739959717e-01
-6.192445158958435059e-01
8.095278739929199219e-01
9.751729369163513184e-01
8.222008347511291504e-01
-9.786159992218017578e-01
-6.380783319473266602e-01
9.282542467117309570e-01
-9.550864100456237793e-01
-7.268884032964706421e-02
-1.997681409120559692e-01
9.995847940444946289e-01
8.779852986335754395e-01
-2.146499156951904297e-01
-2.592580020427703857e-01
-8.425688743591308594e-01
9.170911908149719238e-01
9.306808710098266602e-01
-6.863210201263427734e-01
-9.925004243850708008e-01
2.790404856204986572e-01
9.396290183067321777e-01
-1.069763973355293274e-01
2.749442160129547119e-01
-2.746968865394592285e-01
8.921898603439331055e-01
-8.653926253318786621e-01
9.853759407997131348e-01
-8.878377676010131836e-01
9.593266844749450684e-01
-8.420117497444152832e-01
-3.823213875293731689e-01
9.954554438591003418e-01
8.292367458343505859e-01
5.727604627609252930e-01
-9.844639897346496582e-01
-9.303914904594421387e-01
5.653038620948791504e-01
-8.970952033996582031e-01
9.948984980583190918e-01
9.033149480819702148e-01
-9.123967289924621582e-01
8.604170083999633789e-01
-9.689936637878417969e-01
5.357698798179626465e-01
9.202036857604980469e-01
-5.787594914436340332e-01
2.088381648063659668e-01
-8.996476531028747559e-01
9.704341292381286621e-01
4.164225459098815918e-01
-7.374735474586486816e-01
1.652119159698486328e-01
9.415223002433776855e-01
-4.304313361644744873e-01
7.845560312271118164e-01
-6.041172742843627930e-01
-7.452268004417419434e-01
4.152732789516448975e-01
9.920880794525146484e-01
-8.949738144874572754e-01
1.349565237760543823e-01
-3.726686537265777588e-01
7.697561979293823242e-01
9.733723402023315430e-01
-1.248810216784477234e-01
-5.569182634353637695e-01
-5.408152937889099121e-01
8.573132157325744629e-01
4.624438285827636719e-01
-9.632908701896667480e-01
2.609764039516448975e-01
9.850613474845886230e-01
-9.387069940567016602e-01
2.131552547216415405e-01
-6.339522600173950195e-01
9.964796304702758789e-01
9.758385419845581055e-01
-9.789608120918273926e-01
9.280623793601989746e-01
-7.949008345603942871e-01
3.792682290077209473e-01
-8.697447180747985840e-01
8.103547692298889160e-01
7.786940932273864746e-01
-6.534301638603210449e-01
7.055522501468658447e-02
-8.435755372047424316e-01
9.292570948600769043e-01
4.897514283657073975e-01
4.336659610271453857e-01
-8.079219609498977661e-02
-1.581104397773742676e-01
-7.785548567771911621e-01
-1.858307868242263794e-01
9.689792990684509277e-01
-5.075914263725280762e-01
9.952417016029357910e-01
8.683921098709106445e-01
-8.862007260322570801e-01
-9.445211291313171387e-01
9.733127355575561523e-01
-1.802905462682247162e-02
6.178086996078491211e-01
-9.513739347457885742e-01
5.970383882522583008e-01
2.543664276599884033e-01
4.532460123300552368e-02
-5.423566699028015137e-01
-2.082953900098800659e-01
9.076915383338928223e-01
7.984265089035034180e-01
-8.413569927215576172e-01
4.612089693546295166e-01
-8.778405189514160156e-01
-3.983263075351715088e-01
9.555894136428833008e-01
8.912503719329833984e-01
-8.247192502021789551e-01
6.920724511146545410e-01
1.244182288646697998e-01
8.894834667444229126e-02
-8.080394268035888672e-01
9.369274377822875977e-01
-2.491205334663391113e-01
-9.092833995819091797e-01
7.811107039451599121e-01
9.628129005432128906e-01
1.255325600504875183e-02
-4.641360044479370117e-01
2.693859487771987915e-02
9.053733944892883301e-01
-4.658154547214508057e-01
-7.228189110755920410e-01
7.938654422760009766e-01
6.129791736602783203e-01
-8.566722869873046875e-01
1.278986483812332153e-01
-2.344743162393569946e-01
8.333137631416320801e-01
1.419536769390106201e-02
-9.255431294441223145e-01
9.213749170303344727e-01
9.587442278861999512e-01
-7.982081770896911621e-01
6.489726305007934570e-01
-8.116924762725830078e-01
5.936649441719055176e-01
-2.470507323741912842e-01
-1.255610138177871704e-01
-8.611558079719543457e-01
9.781171083450317383e-01
9.768927693367004395e-01
8.000265955924987793e-01
-9.147232174873352051e-01
-9.511339068412780762e-01
3.301643729209899902e-01
9.527719020843505859e-01
-9.517703056335449219e-01
3.901173472404479980e-01
8.048207759857177734e-01
-9.901196956634521484e-01
9.700150489807128906e-01
-9.562934637069702148e-01
8.787715435028076172e-01
8.251090049743652344e-01
-9.738956093788146973e-01
4.356335103511810303e-01
-7.413346171379089355e-01
9.570526480674743652e-01
7.627077102661132812e-01
-9.889426827430725098e-01
-9.332359433174133301e-01
9.768865704536437988e-01
9.882968068122863770e-01
-7.058878540992736816e-01
4.001934230327606201e-01
-8.331457376480102539e-01
9.218651652336120605e-01
9.569036364555358887e-01
-7.342929840087890625e-01
-7.985814213752746582e-01
9.892251342535018921e-02
9.937442541122436523e-01
1.127885654568672180e-01
5.230249166488647461e-01
-5.169924497604370117e-01
-2.386417537927627563e-01
-8.817306160926818848e-02
8.246382474899291992e-01
-4.324016869068145752e-01
9.085090160369873047e-01
-9.820563197135925293e-01
-2.601940035820007324e-01
9.081630706787109375e-01
8.552891612052917480e-01
-8.852979540824890137e-01
-7.807275652885437012e-01
9.019907116889953613e-01
-1.655960977077484131e-01
3.308812677860260010e-01
8.462374806404113770e-01
-9.654754400253295898e-01
5.809065699577331543e-01
-5.479957461357116699e-01
9.188318252563476562e-01
-8.159842342138290405e-02
-7.882918119430541992e-01
5.142841339111328125e-01
7.753208875656127930e-01
-2.462857365608215332e-01
-9.177953004837036133e-01
8.252348303794860840e-01
7.970367670059204102e-01
3.026690185070037842e-01
-8.298848867416381836e-01
-7.506985068321228027e-01
8.577836155891418457e-01
1.085825860500335693e-01
-6.878816485404968262e-01
9.780255556106567383e-01
4.556462168693542480e-01
-3.439329564571380615e-01
7.857570648193359375e-01
-6.722455024719238281e-01
9.138877987861633301e-01
-9.546765685081481934e-01
3.767204582691192627e-01
-9.711996316909790039e-01
-2.037816792726516724e-01
9.920787811279296875e-01
8.091356754302978516e-01
-6.216599941253662109e-01
6.902609467506408691e-01
-6.440564990043640137e-01
9.252143502235412598e-01
-8.356832265853881836e-01
-3.892843797802925110e-02
8.242343664169311523e-01
4.769895374774932861e-01
-9.786927700042724609e-01
-3.772423863410949707e-01
9.142130017280578613e-01
9.776466488838195801e-01
-9.265594482421875000e-01
-2.468152716755867004e-02
-9.319877624511718750e-01
9.748667478561401367e-01
7.370468378067016602e-01
4.558847248554229736e-01
-7.540952563285827637e-01
-8.626762032508850098e-01
9.599090814590454102e-01
9.513022899627685547e-01
2.286814749240875244e-01
-9.641892910003662109e-01
-8.857014775276184082e-01
9.637839198112487793e-01
-4.351405799388885498e-01
8.399266004562377930e-01
-8.458011150360107422e-01
9.983376264572143555e-01
7.497156858444213867e-01
-1.263563148677349091e-02
-8.524694442749023438e-01
-2.355004847049713135e-01
9.679748415946960449e-01
-3.920090496540069580e-01
6.629981398582458496e-01
-7.980842590332031250e-01
7.400172352790832520e-01
-6.237658262252807617e-01
1.434914618730545044e-01
-4.631206393241882324e-01
9.949107766151428223e-01
-7.790994644165039062e-01
9.984099268913269043e-01
9.296926259994506836e-01
4.896567761898040771e-01
-9.481312632560729980e-01
-9.246501922607421875e-01
8.787160515785217285e-01
-7.674131393432617188e-01
8.227584958076477051e-01
-5.973255634307861328e-01
5.527325868606567383e-01
6.450632810592651367e-01
-5.789365768432617188e-01
-8.265268206596374512e-01
9.556706547737121582e-01
6.677214503288269043e-01
-7.605738639831542969e-01
9.321419596672058105e-01
-7.336180806159973145e-01
8.690696358680725098e-01
1.003475040197372437e-01
-6.698422431945800781e-01
1.278839111328125000e-01
5.742009878158569336e-01
-8.133719563484191895e-01
3.543401956558227539e-01
1.066214963793754578e-01
-2.070029824972152710e-02
8.953308463096618652e-01
-5.786882042884826660e-01
2.500654458999633789e-01
-5.837256312370300293e-01
9.506815075874328613e-01
3.263120949268341064e-01
1.831120438873767853e-02
-1.401520222425460815e-01
-7.094750404357910156e-01
7.747537493705749512e-01
-1.649273484945297241e-01
7.404129505157470703e-01
-8.827676773071289062e-01
9.979017376899719238e-01
-2.328134626150131226e-01
1.722211241722106934e-01
-6.742496490478515625e-01
9.461835026741027832e-01
-9.944697022438049316e-01
9.523451328277587891e-01
9.524872899055480957e-01
-8.899301290512084961e-01
-7.404869794845581055e-01
8.587766289710998535e-01
-2.991029024124145508e-01
6.289659142494201660e-01
1.144022792577743530e-01
-1.546132862567901611e-01
-4.645271897315979004e-01
5.167343020439147949e-01
7.853044867515563965e-01
-8.769698143005371094e-01
-6.042997166514396667e-02
4.130467772483825684e-02
9.946902990341186523e-01
-8.033492565155029297e-01
6.743338704109191895e-02
8.660114407539367676e-01
3.327009081840515137e-01
6.470337510108947754e-01
-9.885382652282714844e-01
-8.687473535537719727e-01
-6.332032680511474609e-01
9.965645670890808105e-01
9.002991318702697754e-01
-9.302647113800048828e-01
9.935747385025024414e-01
8.797267079353332520e-01
-9.752249121665954590e-01
-7.044726610183715820e-01
7.204300165176391602e-01
-4.251622259616851807e-01
5.497131347656250000e-01
-8.996270895004272461e-01
9.873408675193786621e-01
5.841162204742431641e-01
-7.508767843246459961e-01
2.795378863811492920e-01
-5.915581434965133667e-02
9.592247009277343750e-01
-6.466260552406311035e-01
3.209334611892700195e-02
7.380929589271545410e-01
-9.887750148773193359e-01
9.490371346473693848e-01
-4.805304706096649170e-01
-2.675469815731048584e-01
9.617201089859008789e-01
1.631188541650772095e-01
-9.160888791084289551e-01
4.574011564254760742e-01
-7.946382164955139160e-01
9.047056436538696289e-01
9.361999630928039551e-01
7.351024150848388672e-01
-9.983620047569274902e-01
-9.945218563079833984e-01
8.395650386810302734e-01
-4.958463609218597412e-01
8.454235792160034180e-01
5.199935659766197205e-02
-8.074223995208740234e-01
9.829010367393493652e-01
4.955511912703514099e-02
1.648866534233093262e-01
-9.085655212402343750e-01
9.113448262214660645e-01
-1.335984468460083008e-01
-2.203752845525741577e-01
7.551488280296325684e-01
5.523207783699035645e-01
-9.915623068809509277e-01
4.703216850757598877e-01
-3.593125939369201660e-01
-5.351460576057434082e-01
9.363576769828796387e-01
5.209499970078468323e-02
9.708290100097656250e-01
-8.514457941055297852e-01
4.330847859382629395e-01
-7.897649407386779785e-01
9.943636655807495117e-01
-7.674960494041442871e-01
8.787927031517028809e-01
4.404217004776000977e-01
-8.748025298118591309e-01
-8.109401166439056396e-02
9.696987271308898926e-01
4.039774835109710693e-01
-9.161123037338256836e-01
6.554094552993774414e-01
-9.339506626129150391e-01
8.190949559211730957e-01
-2.233956754207611084e-01
-6.964306831359863281e-01
9.414438009262084961e-01
9.745015501976013184e-01
-9.952960610389709473e-01
8.986884355545043945e-01
-9.634882807731628418e-01
-8.072691559791564941e-01
9.891916513442993164e-01
9.966459274291992188e-01
-6.665582656860351562e-01
-1.718220859766006470e-02
5.225538611412048340e-01
7.530781030654907227e-01
-9.722016453742980957e-01
-1.307469606399536133e-02
7.050326466560363770e-01
3.818034231662750244e-01
-8.716571927070617676e-01
-4.617464840412139893e-01
9.982759952545166016e-01
6.019365787506103516e-01
-8.909612298011779785e-01
9.186000227928161621e-01
-9.248316884040832520e-01
9.206867814064025879e-01
-8.926550149917602539e-01
9.459024071693420410e-01
-6.739543080329895020e-01
1.061480492353439331e-01
7.851886153221130371e-01
3.994541764259338379e-01
-7.579703330993652344e-01
3.568544685840606689e-01
1.540355682373046875e-01
-8.153749704360961914e-01
8.528725504875183105e-01
4.140217304229736328e-01
8.929078578948974609e-01
-9.227100610733032227e-01
-8.664289116859436035e-01
6.528375148773193359e-01
-3.036140799522399902e-01
4.175541400909423828e-01
4.199120402336120605e-02
8.642597794532775879e-01
2.303781211376190186e-01
-8.460605144500732422e-01
-7.991431355476379395e-01
1.610742956399917603e-01
9.297093152999877930e-01
6.772607564926147461e-01
-2.207728475332260132e-01
5.833016037940979004e-01
-7.521832585334777832e-01
-8.519034981727600098e-01
9.951092004776000977e-01
-2.405345588922500610e-01
9.006332159042358398e-01
6.454046368598937988e-01
-9.904477596282958984e-01
-3.016387820243835449e-01
5.413463711738586426e-01
1.888108998537063599e-01
9.728493541479110718e-02
7.429126501083374023e-01
-9.808973670005798340e-01
3.891043961048126221e-01
8.940020799636840820e-01
-8.955378532409667969e-01
-9.276034832000732422e-01
9.716023802757263184e-01
8.298335671424865723e-01
-5.715162754058837891e-01
9.246137142181396484e-01
-8.160234093666076660e-01
1.483426988124847412e-02
2.189369685947895050e-02
7.511056661605834961e-01
2.913351356983184814e-01
-7.023832201957702637e-01
9.265692234039306641e-01
-9.877033829689025879e-01
8.646543622016906738e-01
-4.332084357738494873e-01
-4.512140154838562012e-01
8.289772272109985352e-02
6.213062405586242676e-01
9.141381978988647461e-01
-8.480080366134643555e-01
-1.196935698390007019e-01
9.671950340270996094e-01
-9.676030874252319336e-01
9.665464758872985840e-01
9.865552783012390137e-01
-9.758011102676391602e-01
-7.569826245307922363e-01
9.416866302490234375e-01
-1.047688126564025879e-01
-9.885297417640686035e-01
9.992036223411560059e-01
9.869104623794555664e-01
4.908604621887207031e-01
-9.658356308937072754e-01
-9.371196031570434570e-01
9.534857869148254395e-01
-8.753699064254760742e-01
9.992581605911254883e-01
-3.248439431190490723e-01
9.867594242095947266e-01
4.346808195114135742e-01
-9.670934081077575684e-01
-5.233965516090393066e-01
-5.801507830619812012e-01
9.959711432456970215e-01
9.915788769721984863e-01
4.142406284809112549e-01
-9.760717749595642090e-01
-6.635393500328063965e-01
9.803845286369323730e-01
9.623505473136901855e-01
-8.065707087516784668e-01
6.490015387535095215e-01
-9.143044352531433105e-01
-7.483696937561035156e-01
9.937756061553955078e-01
9.975724220275878906e-01
7.677443027496337891e-01
-9.767830371856689453e-01
7.966046929359436035e-01
-9.992917776107788086e-01
-4.032490849494934082e-01
-5.708215832710266113e-01
-2.360030561685562134e-01
9.983437657356262207e-01
9.921135902404785156e-01
-7.014402747154235840e-02
-5.947268605232238770e-01
-4.270165562629699707e-01
9.469578862190246582e-01
9.892231225967407227e-01
-9.045221209526062012e-01
1.595896668732166290e-02
-3.231482505798339844e-01
7.877262234687805176e-01
-3.742065727710723877e-01
9.112007021903991699e-01
-8.092389106750488281e-01
-5.375708937644958496e-01
7.666102051734924316e-01
9.455544352531433105e-01
-5.286560654640197754e-01
-6.677311062812805176e-01
8.056109547615051270e-01
-6.050127148628234863e-01
7.675117850303649902e-01
2.077441811561584473e-01
-2.080028802156448364e-01
-7.972481250762939453e-01
8.662514090538024902e-01
8.395336270332336426e-01
-9.243780374526977539e-01
5.598068833351135254e-01
-9.220637083053588867e-01
9.827207326889038086e-01
9.917213320732116699e-01
-8.621994853019714355e-01
7.621226310729980469e-01
-9.621585011482238770e-01
-6.489715725183486938e-02
6.390522122383117676e-01
9.624237418174743652e-01
-9.594814181327819824e-01
-1.079413294792175293e-01
3.010735213756561279e-01
6.589746475219726562e-01
-9.241687059402465820e-01
2.461674064397811890e-01
7.735909223556518555e-01
-9.347894191741943359e-01
2.625561356544494629e-01
6.927110552787780762e-01
-5.687063336372375488e-01
5.048984885215759277e-01
2.106108367443084717e-01
9.756277799606323242e-01
-9.831764698028564453e-01
-7.293296456336975098e-01
9.741085767745971680e-01
7.613557577133178711e-01
-8.645924925804138184e-01
2.132190316915512085e-01
-5.505781173706054688e-01
9.554748535156250000e-01
7.329832911491394043e-01
-9.974026679992675781e-01
-4.929038882255554199e-01
8.223785758018493652e-01
-5.730692744255065918e-01
8.650017380714416504e-01
-7.374678850173950195e-01
9.899138808250427246e-01
-8.711983263492584229e-02
6.548094749450683594e-01
-4.394565895199775696e-02
-9.387952685356140137e-01
9.886285066604614258e-01
-9.538767933845520020e-01
4.969442188739776611e-01
8.173196911811828613e-01
-8.748604059219360352e-01
-2.612994238734245300e-02
-2.609973847866058350e-01
9.804605841636657715e-01
9.807761311531066895e-01
-8.371953964233398438e-01
-9.323948621749877930e-01
9.167594313621520996e-01
-7.587789297103881836e-01
9.233012795448303223e-01
9.797935485839843750e-01
-2.953709959983825684e-01
-9.966186285018920898e-01
-7.773278653621673584e-02
9.783468246459960938e-01
3.455044627189636230e-01
-8.477811813354492188e-01
-5.318453907966613770e-01
9.949440956115722656e-01
9.719618558883666992e-01
-6.214073896408081055e-01
1.861705183982849121e-01
8.613320589065551758e-01
-9.959517121315002441e-01
-5.783572793006896973e-01
2.829506695270538330e-01
-7.944377511739730835e-02
6.934536695480346680e-01
6.059228777885437012e-01
-5.392943695187568665e-02
7.375093698501586914e-01
-9.850568175315856934e-01
4.168698489665985107e-01
-9.576286673545837402e-01
-1.591649502515792847e-01
6.460477411746978760e-02
5.833917260169982910e-01
6.440140604972839355e-01
-1.489707920700311661e-02
-5.932864546775817871e-01
9.398328661918640137e-01
4.968458786606788635e-02
6.537166237831115723e-01
-6.558839082717895508e-01
-9.790391921997070312e-01
9.502494335174560547e-01
5.541839599609375000e-01
-9.966160058975219727e-01
8.121418952941894531e-01
-5.059231519699096680e-01
9.429184794425964355e-01
-6.354302763938903809e-01
1.635988801717758179e-01
8.518419861793518066e-01
-7.726635336875915527e-01
4.101299345493316650e-01
7.947870343923568726e-02
7.672359943389892578e-01
-9.687619805335998535e-01
-4.012586772441864014e-01
-4.143460094928741455e-01
9.910537600517272949e-01
9.438089728355407715e-01
1.273343712091445923e-01
-8.425813913345336914e-01
-8.944512009620666504e-01
9.996121525764465332e-01
9.210751652717590332e-01
-1.886071264743804932e-01
8.734557032585144043e-01
-6.496643424034118652e-01
-8.392233252525329590e-01
1.681479513645172119e-01
4.462357163429260254e-01
-5.130071640014648438e-01
9.739161133766174316e-01
4.463020563125610352e-01
-9.421622753143310547e-01
2.894648015499114990e-01
8.632149696350097656e-01
-9.577512741088867188e-01
8.880466818809509277e-01
-6.899259686470031738e-01
8.277475833892822266e-01
6.670499444007873535e-01
-9.992574453353881836e-01
2.037768512964248657e-01
-1.053242757916450500e-01
9.645829200744628906e-01
-8.690134882926940918e-01
-4.284449815750122070e-01
4.954245090484619141e-01
8.636883497238159180e-01
-8.405537009239196777e-01
9.349365830421447754e-01
-9.133239984512329102e-01
8.576124906539916992e-01
-4.917182624340057373e-01
9.980317950248718262e-01
-4.526940360665321350e-02
-5.280781388282775879e-01
-4.443548619747161865e-01
9.758013486862182617e-01
-8.362418413162231445e-01
9.141534566879272461e-01
2.757117748260498047e-01
7.987731695175170898e-01
-9.731796979904174805e-01
-8.125185370445251465e-01
9.420529603958129883e-01
3.669580817222595215e-01
-4.523603618144989014e-01
5.430099368095397949e-01
-9.148193597793579102e-01
9.943494200706481934e-01
-5.844907760620117188e-01
9.689817428588867188e-01
-7.322575449943542480e-01
9.676141142845153809e-01
-2.688463218510150909e-02
1.050619110465049744e-01
-9.267483949661254883e-01
7.732250690460205078e-01
6.196917891502380371e-01
-9.595162272453308105e-01
-1.503305882215499878e-01
-3.111392855644226074e-01
9.940600991249084473e-01
8.104052543640136719e-01
-3.144767582416534424e-01
6.940241903066635132e-02
-9.193725585937500000e-01
9.973850250244140625e-01
-3.515972197055816650e-01
7.796840667724609375e-01
-2.674469165503978729e-02
-7.791056036949157715e-01
7.880407571792602539e-01
-6.114292740821838379e-01
8.334254026412963867e-01
4.567985236644744873e-01
-9.859979152679443359e-01
8.853060603141784668e-01
-8.532491326332092285e-01
9.573330879211425781e-01
-6.442266702651977539e-01
7.085990905761718750e-01
-8.466956615447998047e-01
9.395630359649658203e-01
-5.083450675010681152e-01
3.775074779987335205e-01
9.103451967239379883e-01
-7.143970131874084473e-01
-6.840138435363769531e-01
9.962116479873657227e-01
2.938804030418395996e-01
-7.401891946792602539e-01
8.644208908081054688e-01
1.765876114368438721e-01
-1.453037112951278687e-01
-5.340814962983131409e-02
4.638918042182922363e-01
-9.893362522125244141e-01
3.830474913120269775e-01
3.575831353664398193e-01
2.042627707123756409e-02
-1.388943940401077271e-01
5.954800248146057129e-01
-9.194623827934265137e-01
6.294744610786437988e-01
-2.579872608184814453e-01
9.983361959457397461e-01
1.295957863330841064e-01
3.091448545455932617e-02
4.614453390240669250e-02
-7.896171808242797852e-01
9.441562891006469727e-01
-8.974422812461853027e-01
-3.206333518028259277e-01
9.750865697860717773e-01
9.221569299697875977e-01
-6.309560537338256836e-01
6.958953142166137695e-01
-9.704553484916687012e-01
4.238443374633789062e-01
7.662289142608642578e-01
-2.816486358642578125e-01
-4.604799151420593262e-01
1.373244225978851318e-01
7.214527130126953125e-01
-8.890565037727355957e-01
5.246608853340148926e-01
1.053203791379928589e-01
-7.592067122459411621e-01
9.848428964614868164e-01
8.194798231124877930e-01
-7.421777844429016113e-01
8.155905008316040039e-01
-9.879682064056396484e-01
9.227651953697204590e-01
-8.103671073913574219e-01
-9.383744001388549805e-02
8.991488814353942871e-01
6.171761751174926758e-01
-9.843157529830932617e-01
-9.344093799591064453e-01
9.955903887748718262e-01
8.119607567787170410e-01
-3.277724981307983398e-01
8.065190911293029785e-01
-8.373436331748962402e-01
8.385743498802185059e-01
-8.992138504981994629e-01
3.146924078464508057e-01
-8.814311586320400238e-03
9.007555246353149414e-01
-7.547338008880615234e-01
2.674824595451354980e-01
4.182952642440795898e-01
3.216084837913513184e-01
-9.916909933090209961e-01
-7.913078665733337402e-01
9.553942680358886719e-01
8.762844204902648926e-01
5.219550728797912598e-01
-9.869751930236816406e-01
7.855782657861709595e-02
7.040770649909973145e-01
-9.156141877174377441e-01
9.728693962097167969e-01
-1.807106286287307739e-01
9.420420527458190918e-01
-9.428467154502868652e-01
8.998966217041015625e-01
6.691197156906127930e-01
-9.988336563110351562e-01
-9.249218702316284180e-01
4.866332560777664185e-02
-1.205604597926139832e-01
9.803062081336975098e-01
7.746312618255615234e-01
-9.331273436546325684e-01
-2.184740640223026276e-02
1.323222299106419086e-03
8.979102373123168945e-01
-8.728246092796325684e-01
9.934532046318054199e-01
5.818529129028320312e-01
-9.091985225677490234e-01
8.960456252098083496e-01
-6.787309646606445312e-01
-1.002735048532485962e-01
9.791849851608276367e-01
-3.558814823627471924e-01
-8.239263892173767090e-01
4.107409417629241943e-01
9.862575531005859375e-01
4.210638701915740967e-01
-8.520947694778442383e-01
4.932619333267211914e-01
-7.219532728195190430e-01
5.788077712059020996e-01
-1.142620965838432312e-01
-7.267184257507324219e-01
9.819959998130798340e-01
5.765222311019897461e-01
-2.209827303886413574e-01
-4.186526536941528320e-01
9.374583959579467773e-01
-9.815734624862670898e-01
-3.550203442573547363e-01
9.844385385513305664e-01
7.750601768493652344e-01
6.312029361724853516e-01
-9.495017528533935547e-01
-2.120214253664016724e-01
-8.548250198364257812e-01
9.990304708480834961e-01
5.787466168403625488e-01
1.521969139575958252e-01
-8.954814076423645020e-01
7.035620808601379395e-01
1.070953607559204102e-01
-8.296261429786682129e-01
9.810206294059753418e-01
9.748667478561401367e-01
-9.830157160758972168e-01
-8.475469946861267090e-01
8.159284591674804688e-01
9.109470844268798828e-01
-5.275795459747314453e-01
3.102895319461822510e-01
-8.247714638710021973e-01
8.393255472183227539e-01
-7.869507670402526855e-01
8.963625431060791016e-01
-1.749386638402938843e-01
9.927746057510375977e-01
-8.243692517280578613e-01
-3.924663066864013672e-01
9.842277169227600098e-01
1.661631166934967041e-01
-9.195832014083862305e-01
9.243148565292358398e-01
8.066545724868774414e-01
-1.682951748371124268e-01
-3.097201585769653320e-01
-9.778215289115905762e-01
8.640335798263549805e-01
-3.337040841579437256e-01
8.755851984024047852e-01
5.588656663894653320e-02
7.958161234855651855e-01
-9.893599152565002441e-01
-6.533864736557006836e-01
-5.182408094406127930e-01
9.833055138587951660e-01
2.166159749031066895e-01
7.419803142547607422e-01
1.609373986721038818e-01
-9.819624423980712891e-01
5.485951304435729980e-01
4.228712320327758789e-01
-8.368228673934936523e-01
3.914118707180023193e-01
9.951079487800598145e-01
-8.956165313720703125e-01
2.736886739730834961e-01
8.357204794883728027e-01
-6.555528640747070312e-01
6.638977527618408203e-01
-8.028054237365722656e-01
6.176319122314453125e-01
-6.893394589424133301e-01
9.531207084655761719e-01
6.889590024948120117e-01
-9.935489296913146973e-01
-5.717839598655700684e-01
6.706304550170898438e-01
-4.777324795722961426e-01
9.796782732009887695e-01
6.548556089401245117e-01
-5.284720659255981445e-01
-6.729685664176940918e-01
2.204537764191627502e-02
6.402496099472045898e-01
8.999612331390380859e-01
-9.339745640754699707e-01
9.524396061897277832e-01
-1.259104609489440918e-01
-6.772771477699279785e-01
3.919987753033638000e-02
6.839589476585388184e-01
6.001806259155273438e-01
-2.430717498064041138e-01
-8.123979568481445312e-01
-3.312819898128509521e-01
1.500188857316970825e-01
9.991355538368225098e-01
9.904403090476989746e-01
-3.856978714466094971e-01
-6.336337924003601074e-01
5.953247547149658203e-01
6.204162240028381348e-01
-7.504892349243164062e-01
5.068959202617406845e-03
-6.914145350456237793e-01
9.760460257530212402e-01
1.179208010435104370e-01
-9.264563322067260742e-01
9.201177358627319336e-01
2.723653912544250488e-01
4.983580410480499268e-01
-1.207044273614883423e-01
-9.510913491249084473e-01
8.917896151542663574e-01
-8.576907515525817871e-01
9.845703244209289551e-01
1.684466935694217682e-02
-2.558688521385192871e-01
6.135125756263732910e-01
-7.035526633262634277e-01
2.402156740427017212e-01
-3.207301497459411621e-01
9.901620745658874512e-01
9.748941063880920410e-01
-4.194016158580780029e-01
-9.510385394096374512e-01
-8.766570687294006348e-01
9.916392564773559570e-01
8.858588933944702148e-01
2.433605492115020752e-01
8.434524536132812500e-01
-9.614524841308593750e-01
-9.903719425201416016e-01
-7.662424445152282715e-01
9.854423403739929199e-01
9.800167679786682129e-01
8.929843306541442871e-01
-9.854869246482849121e-01
-9.202060103416442871e-01
9.979546666145324707e-01
5.731722712516784668e-01
2.934319078922271729e-01
-8.489572405815124512e-01
5.616642832756042480e-01
-2.453234940767288208e-01
5.729146599769592285e-01
-7.051702737808227539e-01
9.217122793197631836e-01
8.449165523052215576e-02
-7.910859584808349609e-01
-4.463321268558502197e-01
9.958577752113342285e-01
6.865647435188293457e-01
-5.171814560890197754e-01
3.631318509578704834e-01
-6.722772121429443359e-01
5.722211599349975586e-01
8.262639045715332031e-01
-8.678876161575317383e-01
-2.503076493740081787e-01
8.380705714225769043e-01
-2.532822191715240479e-01
6.955531239509582520e-01
1.011847630143165588e-01
-8.724049925804138184e-01
4.559509158134460449e-01
-7.298695445060729980e-01
5.858706831932067871e-01
8.039336204528808594e-01
7.147818207740783691e-01
-9.934017658233642578e-01
4.728201925754547119e-01
-9.586125016212463379e-01
-1.818810552358627319e-01
9.921119213104248047e-01
7.399682998657226562e-01
-9.274232387542724609e-01
-3.408375680446624756e-01
9.072067737579345703e-01
8.072996139526367188e-01
-9.321354627609252930e-01
4.327993988990783691e-01
6.101993918418884277e-01
-9.940463900566101074e-01
7.739194035530090332e-01
-3.858453035354614258e-01
8.813593983650207520e-01
-9.290098547935485840e-01
-4.754761159420013428e-01
4.449352025985717773e-01
1.653445661067962646e-01
9.554254412651062012e-01
6.235046386718750000e-01
-9.091529250144958496e-01
7.355437874794006348e-01
-9.252139329910278320e-01
-1.163922920823097229e-01
4.334741532802581787e-01
9.104049205780029297e-01
-5.102752447128295898e-01
-6.137318611145019531e-01
9.001078009605407715e-01
-7.749807238578796387e-01
9.794276356697082520e-01
1.789643615484237671e-01
6.708315014839172363e-02
-4.968375861644744873e-01
-5.904665682464838028e-03
7.140704393386840820e-01
-6.861951947212219238e-01
7.669352293014526367e-01
4.785366728901863098e-02
-6.991455554962158203e-01
9.888036251068115234e-01
3.503717780113220215e-01
-9.551226496696472168e-01
8.024931550025939941e-01
1.357388794422149658e-01
-1.277636438608169556e-01
-5.688940286636352539e-01
4.882495105266571045e-01
-2.197175770998001099e-01
9.300889968872070312e-01
8.172044157981872559e-01
-9.987987875938415527e-01
-9.507978558540344238e-01
8.771615624427795410e-01
6.129567027091979980e-01
-7.565769553184509277e-01
3.659512996673583984e-01
-5.521419048309326172e-01
9.395785927772521973e-01
3.509370982646942139e-01
-9.768916964530944824e-01
6.669203639030456543e-01
3.153733313083648682e-01
-1.522826999425888062e-01
4.349004626274108887e-01
-6.674500107765197754e-01
6.375004649162292480e-01
6.827650666236877441e-01
-7.768257856369018555e-01
-9.601671099662780762e-01
8.940842151641845703e-01
-1.650706827640533447e-01
2.449424117803573608e-01
7.749124169349670410e-01
-1.272398885339498520e-02
-7.355414628982543945e-01
9.492389559745788574e-01
-5.956780910491943359e-01
6.451308727264404297e-01
4.940303266048431396e-01
-9.957145452499389648e-01
-4.292377531528472900e-01
-3.362877294421195984e-02
9.897022843360900879e-01
6.523872017860412598e-01
8.038862943649291992e-01
-9.833333492279052734e-01
4.243791997432708740e-01
-7.825801372528076172e-01
6.061496138572692871e-01
-6.779471635818481445e-01
4.783501625061035156e-01
6.918157339096069336e-01
-2.654424905776977539e-01
-7.707429528236389160e-01
-1.652570217847824097e-01
9.694893360137939453e-01
3.419418036937713623e-01
8.666653037071228027e-01
-9.510963559150695801e-01
-9.474675655364990234e-01
8.972501754760742188e-01
6.407798528671264648e-01
-9.248459339141845703e-01
8.359628319740295410e-01
7.944602519273757935e-02
-9.494863748550415039e-01
9.892185926437377930e-01
-6.339255571365356445e-01
9.340587258338928223e-01
9.210179448127746582e-01
-8.066089153289794922e-01
-8.106321692466735840e-01
8.237600922584533691e-01
7.157081365585327148e-01
3.798713088035583496e-01
-9.144760966300964355e-01
-9.802636504173278809e-01
8.952561616897583008e-01
9.738370180130004883e-01
-9.244230389595031738e-01
9.201454520225524902e-01
-9.487490057945251465e-01
9.595073461532592773e-01
-1.233090311288833618e-01
-8.865887522697448730e-01
7.140957117080688477e-01
7.553895115852355957e-01
5.978277325630187988e-01
-9.958288073539733887e-01
2.562370002269744873e-01
-9.264945387840270996e-01
9.304711222648620605e-01
-2.457934170961380005e-01
8.229702711105346680e-01
3.178896605968475342e-01
-9.004202485084533691e-01
9.278694987297058105e-01
5.889194011688232422e-01
-9.712888598442077637e-01
-9.773296713829040527e-01
-1.477551609277725220e-01
9.793161153793334961e-01
2.923385798931121826e-01
6.582090854644775391e-01
5.244106054306030273e-01
-7.634627223014831543e-01
-4.067625105381011963e-02
-2.083067297935485840e-01
6.454262137413024902e-02
-1.059105470776557922e-01
3.580554723739624023e-01
7.900775074958801270e-01
-4.894012510776519775e-01
3.025562465190887451e-01
-4.523746073246002197e-01
6.392381787300109863e-01
-2.168367207050323486e-01
4.540395736694335938e-02
-5.540244281291961670e-02
7.238085269927978516e-01
-8.538589477539062500e-01
9.771606326103210449e-01
-8.614141345024108887e-01
9.500717520713806152e-01
3.711683452129364014e-01
-9.235326051712036133e-01
1.160738915205001831e-01
6.212586760520935059e-01
9.266694784164428711e-01
-9.365875124931335449e-01
-8.038376569747924805e-01
7.236359715461730957e-01
3.371280729770660400e-01
-8.887846469879150391e-01
9.776314496994018555e-01
6.717662811279296875e-01
-6.822801828384399414e-01
-5.248426795005798340e-01
9.119631648063659668e-01
8.816128969192504883e-01
-2.470967322587966919e-01
-9.914199113845825195e-01
4.878216683864593506e-01
-5.444139242172241211e-01
8.316847681999206543e-01
-9.488750100135803223e-01
6.720411777496337891e-02
9.427649378776550293e-01
8.845455646514892578e-01
-1.739837229251861572e-01
-4.115953110158443451e-03
4.602499306201934814e-01
-9.520586133003234863e-01
-1.784875243902206421e-02
9.111540913581848145e-01
-8.135855197906494141e-01
6.384018063545227051e-01
-6.720519661903381348e-01
6.465927958488464355e-01
2.363189905881881714e-01
7.222669720649719238e-01
-9.925995469093322754e-01
8.813552856445312500e-01
-9.779323339462280273e-01
2.757998704910278320e-01
7.936391830444335938e-01
-9.154227375984191895e-01
9.752901792526245117e-01
-9.366179108619689941e-01
8.826823234558105469e-01
7.050335407257080078e-01
-8.578099608421325684e-01
-9.135171771049499512e-02
7.813022732734680176e-01
-9.124072194099426270e-01
2.878930568695068359e-01
8.465009927749633789e-01
9.326218068599700928e-02
-8.679593205451965332e-01
9.636080265045166016e-01
3.365806937217712402e-01
-9.831961393356323242e-01
7.956909537315368652e-01
-9.290280938148498535e-01
6.214167475700378418e-01
3.839403688907623291e-01
-5.820861458778381348e-01
9.654880762100219727e-01
-4.773025214672088623e-01
7.009146213531494141e-01
7.733067274093627930e-01
-9.988862276077270508e-01
-6.736798286437988281e-01
7.153245806694030762e-02
2.661089003086090088e-01
-3.771845400333404541e-01
9.726349711418151855e-01
3.661184608936309814e-01
-8.451659679412841797e-01
9.941014051437377930e-01
8.547427058219909668e-01
-9.814842343330383301e-01
-4.076587855815887451e-01
-7.311829924583435059e-01
9.300434589385986328e-01
7.809366583824157715e-01
-4.941388666629791260e-01
-5.396727323532104492e-01
4.162060618400573730e-01
9.745994806289672852e-01
-2.455971390008926392e-01
-9.335380792617797852e-01
9.760037660598754883e-01
-3.760809600353240967e-01
8.279606103897094727e-01
-4.556106030941009521e-01
9.684804826974868774e-02
3.893458545207977295e-01
9.845443964004516602e-01
-6.255179047584533691e-01
-9.977914690971374512e-01
4.082542061805725098e-01
-7.889885902404785156e-01
8.830551505088806152e-01
7.049818634986877441e-01
-9.831757545471191406e-01
9.356071352958679199e-01
-1.503446996212005615e-01
7.563383579254150391e-01
-7.032033801078796387e-01
-5.631058216094970703e-01
9.522187709808349609e-01
2.361062169075012207e-02
6.026883125305175781e-01
-5.809416174888610840e-01
-9.327281713485717773e-01
9.978749155998229980e-01
9.760146737098693848e-01
-8.038717508316040039e-01
9.278041124343872070e-01
-6.411024332046508789e-01
6.664676070213317871e-01
-5.144929289817810059e-01
-8.105574250221252441e-01
6.120824217796325684e-01
-1.538593024015426636e-01
4.325949847698211670e-01
9.269540905952453613e-01
-9.412452578544616699e-01
9.119510650634765625e-05
9.935163259506225586e-01
7.027031183242797852e-01
-9.603822231292724609e-01
9.316443204879760742e-01
-9.973410367965698242e-01
-5.445441603660583496e-01
7.419384121894836426e-01
-6.489201784133911133e-01
9.052510857582092285e-01
5.649865269660949707e-01
-7.524610161781311035e-01
-2.284547835588455200e-01
9.456805586814880371e-01
-5.486316680908203125e-01
9.341762065887451172e-01
-5.592915415763854980e-01
-3.419840931892395020e-01
5.623422265052795410e-01
9.881532192230224609e-01
-9.078259468078613281e-01
6.675674915313720703e-01
-9.604377150535583496e-01
8.678824305534362793e-01
-6.421418786048889160e-01
7.206123471260070801e-01
9.908733367919921875e-01
-9.936037659645080566e-01
-5.711619257926940918e-01
-2.215142995119094849e-01
9.761539697647094727e-01
-3.431541323661804199e-01
9.952480196952819824e-01
6.776924729347229004e-01
-8.477295637130737305e-01
4.118882715702056885e-01
-8.687314391136169434e-01
5.489106774330139160e-01
-1.337925251573324203e-02
8.731954097747802734e-01
-2.482280135154724121e-01
-7.669717669486999512e-01
2.141049504280090332e-01
9.164579510688781738e-01
1.378236263990402222e-01
-6.000210046768188477e-01
5.481587052345275879e-01
-3.004308231174945831e-02
4.923191666603088379e-01
-9.545897841453552246e-01
6.675318479537963867e-01
-1.496773958206176758e-01
2.295605689287185669e-01
1.199176069349050522e-02
-9.493524432182312012e-01
9.221619963645935059e-01
5.283005237579345703e-01
-1.573455929756164551e-01
3.683162033557891846e-01
3.362064659595489502e-01
-9.146040081977844238e-01
6.201262474060058594e-01
8.198595046997070312e-01
-8.765391111373901367e-01
-6.288571953773498535e-01
8.253691792488098145e-01
6.232852935791015625e-01
-9.916243553161621094e-01
6.030900478363037109e-01
8.332585692405700684e-01
2.296942770481109619e-01
-6.206632256507873535e-01
-9.379567503929138184e-01
9.211539030075073242e-01
-2.944657802581787109e-01
6.689782738685607910e-01
9.177695512771606445e-01
-7.078006863594055176e-01
-8.155105113983154297e-01
-5.308252573013305664e-01
9.968104958534240723e-01
9.838370680809020996e-01
-6.255215406417846680e-02
4.975317418575286865e-01
-2.610622644424438477e-01
-7.028006911277770996e-01
-5.307564735412597656e-01
8.958543539047241211e-01
7.924782037734985352e-01
5.431064963340759277e-02
-4.481538236141204834e-01
-4.823959618806838989e-02
6.905498504638671875e-01
-9.513007402420043945e-01
8.808458447456359863e-01
-8.444597125053405762e-01
7.167071700096130371e-01
8.729568123817443848e-01
-2.860304713249206543e-01
-7.221136093139648438e-01
1.306409239768981934e-01
-3.940702974796295166e-01
9.672600626945495605e-01
9.668100476264953613e-01
4.963545799255371094e-01
-9.851917624473571777e-01
-9.453452825546264648e-01
6.309161782264709473e-01
5.649713873863220215e-01
-9.966240525245666504e-01
-7.306584715843200684e-02
9.883462786674499512e-01
-1.602473258972167969e-01
5.310547351837158203e-01
6.793508529663085938e-01
-8.269448280334472656e-01
6.705878376960754395e-01
-9.892899394035339355e-01
3.342312872409820557e-01
-3.028043508529663086e-01
8.905754685401916504e-01
5.106974840164184570e-01
-9.389562010765075684e-01
2.038736045360565186e-01
4.438339471817016602e-01
-3.398340344429016113e-01
8.805504441261291504e-01
-8.320002555847167969e-01
-1.263494603335857391e-02
3.283029794692993164e-02
6.759269237518310547e-01
8.852573633193969727e-01
-9.171794056892395020e-01
-1.307291388511657715e-01
8.724578022956848145e-01
-9.856511950492858887e-01
8.388765454292297363e-01
-7.771428227424621582e-01
