4.941952526569366455e-01
9.799874424934387207e-01
-3.209949135780334473e-01
3.961185812950134277e-01
1.347735226154327393e-01
9.669346809387207031e-01
2.883305847644805908e-01
-7.977357506752014160e-01
3.817896842956542969e-01
8.669806271791458130e-02
7.515164017677307129e-01
-3.683539330959320068e-01
9.479687213897705078e-01
-8.420295715332031250e-01
-4.577308595180511475e-01
7.610484957695007324e-01
7.060558795928955078e-01
1.857551783323287964e-01
8.741914629936218262e-01
-1.739633828401565552e-01
4.465633034706115723e-01
-7.873619198799133301e-01
5.861767008900642395e-02
-9.574750065803527832e-01
-6.279388666152954102e-01
4.398541152477264404e-01
9.329199194908142090e-01
9.878585338592529297e-01
-1.405845731496810913e-01
-4.973878264427185059e-01
5.553921461105346680e-01
-4.757404699921607971e-02
9.679674506187438965e-01
-4.965634644031524658e-01
-5.978951454162597656e-01
2.036262005567550659e-01
6.318096071481704712e-02
4.252857565879821777e-01
1.996583193540573120e-01
-9.095032215118408203e-01
8.326324224472045898e-01
8.726347684860229492e-01
3.182184100151062012e-01
3.770199418067932129e-01
-7.494973540306091309e-01
9.982548952102661133e-01
-7.366078495979309082e-01
-3.171466886997222900e-01
4.071935117244720459e-01
9.197994470596313477e-01
-3.507194817066192627e-01
4.118985235691070557e-01
-8.263390660285949707e-01
4.253799095749855042e-02
8.812126517295837402e-01
8.389734029769897461e-01
-6.872718781232833862e-02
8.369063735008239746e-01
-8.276498317718505859e-01
9.655072093009948730e-01
-8.163480758666992188e-01
-8.464303016662597656e-01
9.869850873947143555e-01
-7.515221834182739258e-01
7.270414233207702637e-01
4.592045024037361145e-02
7.828364968299865723e-01
-2.147887349128723145e-01
3.263699635863304138e-02
2.703193724155426025e-01
5.389373302459716797e-01
-8.961624503135681152e-01
8.820642828941345215e-01
-4.184413850307464600e-01
8.594744801521301270e-01
-1.887225508689880371e-01
-1.516778022050857544e-01
-2.890447527170181274e-02
1.087223365902900696e-02
8.328002095222473145e-01
-8.362766504287719727e-01
8.236739039421081543e-01
8.114645481109619141e-01
2.000025063753128052e-01
6.033771038055419922e-01
-9.647485613822937012e-01
5.818847939372062683e-02
8.496766686439514160e-01
-6.246870160102844238e-01
-4.520564973354339600e-01
9.207137227058410645e-01
-7.205510735511779785e-01
5.605135560035705566e-01
9.433910250663757324e-01
-6.514248251914978027e-01
-1.215349361300468445e-01
4.447629451751708984e-01
-5.582903623580932617e-01
8.058438897132873535e-01
7.428777217864990234e-01
-6.931791901588439941e-01
-8.218603581190109253e-02
7.937327623367309570e-01
6.842569112777709961e-01
-8.855714201927185059e-01
7.889712601900100708e-02
-5.569279193878173828e-01
9.125566482543945312e-01
7.573353052139282227e-01
-3.865838795900344849e-02
-6.851895451545715332e-01
4.446654021739959717e-01
5.194430947303771973e-01
-2.989615201950073242e-01
9.652580618858337402e-01
8.281069397926330566e-01
-7.544111609458923340e-01
1.834310740232467651e-01
7.728597521781921387e-01
-2.686479389667510986e-01
-5.241528749465942383e-01
4.367013275623321533e-01
-9.110306501388549805e-01
8.938478827476501465e-01
-6.354637145996093750e-01
-2.132584601640701294e-01
6.923151612281799316e-01
9.069570302963256836e-01
-3.533295691013336182e-01
-3.305238783359527588e-01
9.393526315689086914e-01
5.702905058860778809e-01
-6.022238135337829590e-01
5.265912413597106934e-01
3.253919184207916260e-01
-3.139846622943878174e-01
6.811112761497497559e-01
-5.078694224357604980e-01
-7.836306691169738770e-01
8.205797076225280762e-01
2.779552936553955078e-01
9.054598808288574219e-01
-7.871070504188537598e-01
4.249239265918731689e-01
6.399559378623962402e-01
-1.067387461662292480e-01
-2.427241951227188110e-01
-6.438752412796020508e-01
9.097285866737365723e-01
8.447469472885131836e-01
4.202166497707366943e-01
-7.261542081832885742e-01
7.283686399459838867e-01
-1.775975376367568970e-01
-9.276528358459472656e-01
-6.026722118258476257e-02
9.185070395469665527e-01
1.002823561429977417e-01
8.310757875442504883e-01
-6.103024482727050781e-01
3.983463644981384277e-01
-2.672741934657096863e-02
8.874095678329467773e-01
-2.824242115020751953e-01
1.977915465831756592e-01
-8.680762648582458496e-01
9.559555053710937500e-01
5.657361075282096863e-02
-6.325761079788208008e-01
-2.958289682865142822e-01
9.586232304573059082e-01
5.071776509284973145e-01
8.078410625457763672e-01
7.785402536392211914e-01
-7.727939486503601074e-01
3.395543098449707031e-01
-5.170323848724365234e-01
-3.557316958904266357e-01
6.817328333854675293e-01
-5.784402489662170410e-01
-9.198456406593322754e-01
6.611527800559997559e-01
8.167973756790161133e-01
5.727264881134033203e-01
4.472590088844299316e-01
-8.932991027832031250e-01
1.180929467082023621e-01
8.678305149078369141e-01
8.670660257339477539e-01
-2.648059129714965820e-01
5.082459449768066406e-01
-2.171361893415451050e-01
7.873677015304565430e-01
-1.326486766338348389e-01
-8.733457922935485840e-01
-6.450694799423217773e-01
-1.722750216722488403e-01
7.054995298385620117e-01
-9.177087247371673584e-02
-3.287034332752227783e-01
9.930070638656616211e-01
7.599333673715591431e-02
4.844441711902618408e-01
8.994508981704711914e-01
1.615927666425704956e-01
9.204813241958618164e-01
-5.599783658981323242e-01
-9.759104251861572266e-01
-8.815123140811920166e-02
-8.549659848213195801e-01
8.084136843681335449e-01
-7.690445780754089355e-01
3.260758221149444580e-01
9.773886203765869141e-01
5.584946870803833008e-01
-6.655283570289611816e-01
6.231461763381958008e-01
9.883784651756286621e-01
2.882367670536041260e-01
-7.536242008209228516e-01
3.812907934188842773e-01
-6.356553435325622559e-01
1.527813076972961426e-01
1.847221851348876953e-01
7.600965499877929688e-01
6.114736199378967285e-01
-8.748307824134826660e-03
1.398542076349258423e-01
4.033694416284561157e-02
-9.976008534431457520e-01
6.695983409881591797e-01
-4.338690340518951416e-01
-4.306075274944305420e-01
2.449701577425003052e-01
1.120218485593795776e-01
9.804894328117370605e-01
9.462009072303771973e-01
1.601714044809341431e-01
-1.724265217781066895e-01
1.999735236167907715e-01
-2.552109062671661377e-01
2.152021229267120361e-01
7.980936169624328613e-01
-8.160572648048400879e-01
-3.838612735271453857e-01
2.885297499597072601e-02
-6.011733412742614746e-01
9.705655574798583984e-01
8.651259541511535645e-01
-4.299104809761047363e-01
9.728822708129882812e-01
7.689890861511230469e-01
-9.552020430564880371e-01
2.623673379421234131e-01
3.988034650683403015e-02
2.450648993253707886e-01
-4.757097959518432617e-01
-3.385545015335083008e-01
4.516778886318206787e-01
8.573932051658630371e-01
-3.829250335693359375e-01
8.729205131530761719e-01
-2.865678668022155762e-01
-8.132921457290649414e-01
7.828030586242675781e-01
6.487728357315063477e-01
-2.893480658531188965e-01
7.423424124717712402e-01
-9.316056221723556519e-02
2.585992217063903809e-01
-6.446178555488586426e-01
7.693884372711181641e-01
6.987483501434326172e-01
6.067879199981689453e-01
-8.470367193222045898e-01
-9.124817848205566406e-01
9.233342409133911133e-01
-8.839689493179321289e-01
-6.066385507583618164e-01
8.106155991554260254e-01
1.521589457988739014e-01
9.606376886367797852e-01
8.816800117492675781e-01
-5.562012195587158203e-01
-4.288289546966552734e-01
-4.612318575382232666e-01
9.502417445182800293e-01
-4.845855534076690674e-01
9.051558375358581543e-01
1.404872238636016846e-01
8.129520416259765625e-01
-8.208249807357788086e-01
8.501688838005065918e-01
-4.136841297149658203e-01
4.980584383010864258e-01
2.567338347434997559e-01
-1.194333583116531372e-01
8.571720719337463379e-01
-9.810509085655212402e-01
-9.016505479812622070e-01
5.351880192756652832e-01
8.660312891006469727e-01
6.226809024810791016e-01
-5.258919671177864075e-02
-3.416233956813812256e-01
5.983588099479675293e-01
-1.804788857698440552e-01
-9.422845840454101562e-01
8.532246947288513184e-01
2.508958876132965088e-01
-1.355651766061782837e-01
9.930072426795959473e-01
-1.109457314014434814e-01
-1.254937201738357544e-01
3.120542466640472412e-01
-9.025239944458007812e-02
5.970016121864318848e-01
8.638030886650085449e-01
1.935766786336898804e-01
2.974440455436706543e-01
-9.700565338134765625e-01
9.627007842063903809e-01
-9.905864000320434570e-01
-6.513029336929321289e-01
2.790172211825847626e-02
8.241485953330993652e-01
-6.502085924148559570e-01
7.011532783508300781e-01
7.315907478332519531e-01
-5.516089200973510742e-01
-6.397612094879150391e-01
-4.568279907107353210e-02
7.378571033477783203e-01
3.470348119735717773e-01
6.403319239616394043e-01
8.075329065322875977e-01
3.631635010242462158e-01
-7.831166386604309082e-01
4.689248204231262207e-01
-7.099708318710327148e-01
7.857706546783447266e-01
4.399632215499877930e-01
5.636582523584365845e-02
9.730222821235656738e-01
-9.358209967613220215e-01
7.025126367807388306e-03
1.563947945833206177e-01
2.706247270107269287e-01
-2.403221577405929565e-01
8.119259476661682129e-01
-8.830620646476745605e-01
9.631932377815246582e-01
1.936004012823104858e-01
8.362653255462646484e-01
-8.569909930229187012e-01
-6.356143206357955933e-02
3.513322770595550537e-01
5.881428122520446777e-01
5.192851424217224121e-01
-9.101120829582214355e-01
-9.511574357748031616e-02
-9.154585599899291992e-01
-3.706884682178497314e-01
9.879583120346069336e-01
4.412791132926940918e-01
8.876616954803466797e-01
8.356900215148925781e-01
6.460546283051371574e-04
1.665858179330825806e-01
4.837507605552673340e-01
-7.630029916763305664e-01
-5.660086870193481445e-02
-2.859842181205749512e-01
-5.403221845626831055e-01
8.869453668594360352e-01
9.528248906135559082e-01
-4.481080472469329834e-01
6.093787550926208496e-01
6.205658987164497375e-02
2.212411016225814819e-01
6.936587691307067871e-01
-5.124133825302124023e-01
-2.795876264572143555e-01
2.127803117036819458e-02
-8.394864201545715332e-01
-5.799198895692825317e-02
9.929586648941040039e-01
5.636709928512573242e-01
6.218656301498413086e-01
8.364496231079101562e-01
-6.017534732818603516e-01
-8.970745205879211426e-01
-8.004741668701171875e-01
9.498347640037536621e-01
8.139267563819885254e-01
5.281162858009338379e-01
-8.830661177635192871e-01
-1.387771368026733398e-01
7.123226523399353027e-01
-6.190314292907714844e-01
7.307829260826110840e-01
-9.089379906654357910e-01
8.097274303436279297e-01
9.563293457031250000e-01
9.739428162574768066e-01
-7.157706618309020996e-01
1.299161911010742188e-01
3.275187909603118896e-01
1.604242473840713501e-01
5.875529646873474121e-01
-9.886915683746337891e-01
8.404595851898193359e-01
5.209892988204956055e-01
-9.067998528480529785e-01
6.506438255310058594e-01
2.486123442649841309e-01
4.631403088569641113e-01
-7.120113968849182129e-01
-7.832074761390686035e-01
5.917049050331115723e-01
6.956174969673156738e-01
8.724749088287353516e-01
-5.836154222488403320e-01
-2.712109088897705078e-01
-8.781561255455017090e-01
9.522668123245239258e-01
9.368398785591125488e-01
-8.158969879150390625e-01
8.270384669303894043e-01
-2.747410349547863007e-02
-3.411994874477386475e-01
-6.797583103179931641e-01
9.757087230682373047e-01
1.020659431815147400e-01
3.244403004646301270e-01
1.411695331335067749e-01
9.036998152732849121e-01
9.619644284248352051e-01
-5.758925080299377441e-01
-2.103492468595504761e-01
-5.296253561973571777e-01
8.478399515151977539e-01
6.716825962066650391e-01
-3.495663404464721680e-04
-3.896408975124359131e-01
3.102521896362304688e-01
-6.063591837882995605e-01
2.922440171241760254e-01
-8.770999312400817871e-01
9.080008268356323242e-01
8.972826600074768066e-01
9.688717722892761230e-01
3.352881073951721191e-01
-1.591560840606689453e-01
4.196072220802307129e-01
-8.966454863548278809e-01
-1.633089482784271240e-01
7.679088115692138672e-01
-9.686027169227600098e-01
2.781369090080261230e-01
-8.456745147705078125e-01
5.947598218917846680e-01
1.259981840848922729e-01
5.835523009300231934e-01
8.738839626312255859e-01
-5.390896275639533997e-02
-8.958014249801635742e-01
-2.068479806184768677e-01
6.205995082855224609e-01
-7.313565611839294434e-01
9.899739623069763184e-01
-5.305739119648933411e-02
7.365587949752807617e-01
2.176312357187271118e-01
8.165082931518554688e-01
-8.464133143424987793e-01
8.075823187828063965e-01
-6.706479191780090332e-01
6.263694167137145996e-01
8.483272194862365723e-01
-6.816628575325012207e-01
4.181898534297943115e-01
2.086825855076313019e-02
-8.572094440460205078e-01
-3.730611801147460938e-01
5.189251303672790527e-01
5.818934440612792969e-01
-3.956736028194427490e-01
1.868714839220046997e-01
8.277067542076110840e-01
9.917762279510498047e-01
7.756066322326660156e-01
5.643774569034576416e-02
-3.043640255928039551e-01
-9.239881634712219238e-01
4.677788615226745605e-01
1.660651117563247681e-01
7.410811781883239746e-01
-8.039576411247253418e-01
3.756463825702667236e-01
-6.404016017913818359e-01
8.862821459770202637e-01
-3.549583554267883301e-01
6.631659269332885742e-01
2.469461262226104736e-01
1.931281983852386475e-01
-1.542044579982757568e-01
-1.731392554938793182e-02
3.812120258808135986e-01
-7.512087821960449219e-01
-1.679046750068664551e-01
8.549219965934753418e-01
9.548268914222717285e-01
4.521856307983398438e-01
-3.419535756111145020e-01
-4.580986201763153076e-01
-8.236394524574279785e-01
9.419371485710144043e-01
9.679676294326782227e-01
-7.506704330444335938e-01
-6.368992477655410767e-02
5.294901728630065918e-01
9.314611554145812988e-01
-9.843144416809082031e-01
9.310824275016784668e-01
8.335474133491516113e-01
-8.858682215213775635e-02
-2.264704257249832153e-01
-9.162713885307312012e-01
8.757193684577941895e-01
-1.428927481174468994e-01
-2.008452415466308594e-01
4.993041753768920898e-01
1.460045427083969116e-01
2.891306579113006592e-01
-2.628011107444763184e-01
-6.699838042259216309e-01
8.327330350875854492e-01
5.014804601669311523e-01
8.619383573532104492e-01
5.659572482109069824e-01
2.527874708175659180e-01
-6.921387314796447754e-01
1.185905560851097107e-01
-5.205816626548767090e-01
1.483502238988876343e-01
8.186618685722351074e-01
-8.040649890899658203e-01
8.739208579063415527e-01
-9.275880455970764160e-01
8.309950828552246094e-01
3.744857385754585266e-02
-4.717320203781127930e-01
8.133502006530761719e-01
-5.163289308547973633e-01
-4.482975974678993225e-02
8.952950835227966309e-01
7.321128249168395996e-01
5.032373666763305664e-01
-1.930024474859237671e-01
-7.243917584419250488e-01
-1.040847674012184143e-01
6.573448777198791504e-01
9.155892580747604370e-02
2.878183722496032715e-01
1.593595296144485474e-01
5.873495936393737793e-01
-1.749627888202667236e-01
1.616961658000946045e-01
2.404771000146865845e-01
8.704012036323547363e-01
7.217524647712707520e-01
-9.203208088874816895e-01
-7.435594201087951660e-01
-7.613807916641235352e-01
5.916534662246704102e-01
6.114560365676879883e-01
4.160096049308776855e-01
-7.531663775444030762e-01
6.013686060905456543e-01
8.927867412567138672e-01
-9.500647783279418945e-01
9.225261807441711426e-01
-3.364415764808654785e-01
4.019828736782073975e-01
-6.713501214981079102e-01
-8.973811268806457520e-01
9.923844933509826660e-01
9.278776049613952637e-01
4.488796889781951904e-01
2.495608776807785034e-01
1.197542622685432434e-01
-2.235097736120223999e-01
-1.130572780966758728e-01
7.325662374496459961e-01
4.898793250322341919e-02
3.370335698127746582e-01
4.133500456809997559e-01
-9.540538191795349121e-01
1.057373136281967163e-01
-9.404708743095397949e-01
6.101666688919067383e-01
8.707866668701171875e-01
9.511750340461730957e-01
-4.352347850799560547e-01
4.654820561408996582e-01
3.262520134449005127e-01
-4.447660744190216064e-01
5.339725613594055176e-01
-8.288633823394775391e-01
-5.418740957975387573e-02
-6.334743499755859375e-01
-2.149945944547653198e-01
3.063984811305999756e-01
9.869243502616882324e-01
9.958897829055786133e-01
6.955808401107788086e-01
5.792129784822463989e-02
-7.894096374511718750e-01
7.206451892852783203e-01
-3.100522458553314209e-01
-8.921973109245300293e-01
7.638660669326782227e-01
3.646015829872339964e-04
9.825727343559265137e-01
-8.844839930534362793e-01
8.448154330253601074e-01
-3.628248348832130432e-02
2.728854417800903320e-01
1.838351786136627197e-02
2.826067209243774414e-01
-8.557660579681396484e-01
2.196507006883621216e-01
9.146980643272399902e-01
6.127579808235168457e-01
7.087604999542236328e-01
-1.146068349480628967e-01
-8.444542288780212402e-01
-6.339921951293945312e-01
6.175679564476013184e-01
-4.992308020591735840e-01
6.855896711349487305e-01
9.893060326576232910e-01
3.003481328487396240e-01
-9.280879050493240356e-02
-6.797335147857666016e-01
7.236718535423278809e-01
1.099738404154777527e-01
-6.879603862762451172e-01
-4.137704670429229736e-01
8.853098154067993164e-01
8.227049112319946289e-01
7.336028218269348145e-01
-3.674288988113403320e-01
5.001175031065940857e-02
9.312818050384521484e-01
-9.868072271347045898e-01
-4.095901250839233398e-01
6.992945075035095215e-01
-1.175057068467140198e-01
-5.745681524276733398e-01
7.399892807006835938e-01
-6.894801259040832520e-01
9.611617326736450195e-01
6.270481944084167480e-01
-6.350340247154235840e-01
5.261415988206863403e-02
6.528248190879821777e-01
7.139915823936462402e-01
4.528813064098358154e-01
-3.267625868320465088e-01
3.605428636074066162e-01
-9.612160921096801758e-01
-4.041119217872619629e-01
9.792922735214233398e-01
8.316550254821777344e-01
-7.980802655220031738e-01
7.950073480606079102e-01
-6.923331618309020996e-01
6.783123612403869629e-01
8.814944624900817871e-01
-2.400365322828292847e-01
-5.834642648696899414e-01
-6.977216601371765137e-01
3.414061367511749268e-01
6.207441091537475586e-01
8.931807875633239746e-01
1.588587835431098938e-02
7.609371542930603027e-01
-8.834018707275390625e-01
6.771288067102432251e-02
9.828405976295471191e-01
-8.145607709884643555e-01
9.011582136154174805e-01
-8.110131621360778809e-01
8.845782279968261719e-01
-4.168130159378051758e-01
8.667092323303222656e-01
7.441033720970153809e-01
4.607545137405395508e-01
-8.246684670448303223e-01
-8.765951991081237793e-01
7.343789339065551758e-01
9.268966317176818848e-02
4.083317518234252930e-01
-6.322702765464782715e-01
-5.115620493888854980e-01
4.526297450065612793e-01
2.982405126094818115e-01
-5.644888877868652344e-01
3.974824547767639160e-01
9.617900848388671875e-01
2.215761877596378326e-02
9.397421479225158691e-01
-8.041166067123413086e-01
3.337988555431365967e-01
9.594844579696655273e-01
9.287966489791870117e-01
-9.461085796356201172e-01
-2.954207360744476318e-01
-4.452434778213500977e-01
9.685344696044921875e-01
5.962501764297485352e-01
1.062903329730033875e-01
-6.390752792358398438e-01
9.342721104621887207e-01
-1.031975299119949341e-01
-9.010066986083984375e-01
-5.136557668447494507e-02
9.343036413192749023e-01
3.305813372135162354e-01
-3.480380773544311523e-01
1.961294710636138916e-01
4.435513019561767578e-01
-8.474999070167541504e-01
6.918495893478393555e-01
9.580390453338623047e-01
-2.283173650503158569e-01
-7.314947247505187988e-02
-6.225953698158264160e-01
9.870576262474060059e-01
4.009090662002563477e-01
2.046991139650344849e-01
-1.797759532928466797e-02
-5.171207189559936523e-01
-2.615382671356201172e-01
5.999971628189086914e-01
9.314978718757629395e-01
2.505920231342315674e-01
-7.503272891044616699e-01
9.489942193031311035e-01
9.628064036369323730e-01
3.539951443672180176e-01
1.195922121405601501e-02
-9.090821146965026855e-01
-6.547886133193969727e-01
9.267985075712203979e-02
-6.597807407379150391e-01
-8.920707702636718750e-01
8.115805387496948242e-01
9.051341414451599121e-01
9.410670995712280273e-01
5.934325456619262695e-01
-7.227256298065185547e-01
4.787862300872802734e-01
-7.357279658317565918e-01
6.476489901542663574e-01
8.210653066635131836e-01
2.692990899085998535e-01
-8.619993925094604492e-01
9.754274487495422363e-01
-1.122095957398414612e-01
-8.990498185157775879e-01
2.828086018562316895e-01
7.917042970657348633e-01
1.056451536715030670e-02
-7.433616369962692261e-02
3.715854287147521973e-01
-7.714952826499938965e-01
-1.868267357349395752e-01
9.108709692955017090e-01
7.493792772293090820e-01
-8.654586672782897949e-01
5.243613719940185547e-01
8.866859078407287598e-01
7.494673728942871094e-01
-2.940405011177062988e-01
-8.291381597518920898e-01
7.990794181823730469e-01
-7.741361856460571289e-01
7.578284144401550293e-01
3.705114126205444336e-01
-4.585370123386383057e-01
-6.339560449123382568e-02
-1.525972336530685425e-01
5.107962489128112793e-01
-1.594389975070953369e-01
9.580603837966918945e-01
8.757752925157546997e-02
8.606753945350646973e-01
-2.435318753123283386e-02
6.332654505968093872e-02
2.769266664981842041e-01
-8.049242496490478516e-01
-1.096182093024253845e-01
-3.501191437244415283e-01
9.175118207931518555e-01
7.408999204635620117e-01
-6.482031941413879395e-02
-5.783310532569885254e-01
4.356194138526916504e-01
-5.392386317253112793e-01
3.217599391937255859e-01
9.454849958419799805e-01
-5.552678108215332031e-01
7.099838852882385254e-01
-8.335567712783813477e-01
8.030866980552673340e-01
7.945477366447448730e-01
-3.205679953098297119e-01
9.005468487739562988e-01
6.197086572647094727e-01
-9.091015458106994629e-01
-7.998246550559997559e-01
1.401812490075826645e-02
3.647211790084838867e-01
1.769041568040847778e-01
-8.168702721595764160e-01
4.098756015300750732e-01
6.763299703598022461e-01
1.435034275054931641e-01
2.653485536575317383e-01
3.585336506366729736e-01
-9.284763336181640625e-01
4.311015307903289795e-01
8.640656471252441406e-01
7.228121161460876465e-01
-4.762885868549346924e-01
-8.771753311157226562e-02
9.818511009216308594e-01
4.250656366348266602e-01
7.069371938705444336e-01
-5.145190358161926270e-01
1.976166218519210815e-01
-7.414401173591613770e-01
-9.848557114601135254e-01
-5.039792656898498535e-01
5.726120471954345703e-01
9.755756855010986328e-01
7.811316251754760742e-01
-6.892881542444229126e-02
-7.292077541351318359e-01
6.727245450019836426e-01
8.329100608825683594e-01
9.556564688682556152e-01
-9.475457668304443359e-01
-5.909087657928466797e-01
-8.820142745971679688e-01
7.326214313507080078e-01
8.541943430900573730e-01
-7.390487194061279297e-01
-4.016843140125274658e-01
8.430237770080566406e-01
3.380086421966552734e-01
8.649099469184875488e-01
-3.831692636013031006e-01
-5.790314078330993652e-01
-5.934849977493286133e-01
8.321553468704223633e-01
9.928811788558959961e-01
9.129996299743652344e-01
-4.105897992849349976e-02
-1.645852178335189819e-01
1.487686634063720703e-01
6.656766533851623535e-01
-4.770856350660324097e-02
-5.782395601272583008e-01
-6.650095582008361816e-01
7.056130766868591309e-01
1.772743761539459229e-01
3.158475458621978760e-01
-7.933897376060485840e-01
-8.008544445037841797e-01
9.461172819137573242e-01
3.614508807659149170e-01
2.129877507686614990e-01
5.535820722579956055e-01
7.213551402091979980e-01
-5.184581875801086426e-01
2.423044480383396149e-02
4.095098376274108887e-01
8.335075378417968750e-01
-7.734854221343994141e-01
-1.160127967596054077e-01
5.869303941726684570e-01
5.740779638290405273e-01
-2.166091501712799072e-01
7.172223329544067383e-01
7.045184373855590820e-01
-8.979831337928771973e-01
6.694236993789672852e-01
-9.413332343101501465e-01
-7.561339139938354492e-01
1.862858533859252930e-01
9.677512645721435547e-01
2.438157238066196442e-02
6.942114233970642090e-01
3.016346096992492676e-01
-6.986427307128906250e-01
-3.435890376567840576e-01
-6.867978721857070923e-02
8.047624230384826660e-01
7.240225672721862793e-01
8.094770312309265137e-01
-9.358990788459777832e-01
7.579670548439025879e-01
-5.371043682098388672e-01
-6.077309250831604004e-01
9.334605336189270020e-01
1.630339473485946655e-01
9.558586478233337402e-01
3.148161992430686951e-02
-9.531677365303039551e-01
1.326449066400527954e-01
-5.091916322708129883e-01
8.964422941207885742e-01
3.700760900974273682e-01
5.341436862945556641e-01
9.467034339904785156e-01
-7.930639982223510742e-01
-7.885603904724121094e-01
6.963940262794494629e-01
1.879888027906417847e-01
3.095595240592956543e-01
3.945757150650024414e-01
6.252127289772033691e-01
-9.113853573799133301e-01
6.564286947250366211e-01
-8.784201145172119141e-01
-7.035084366798400879e-01
-2.769179269671440125e-02
9.447970986366271973e-01
8.984752893447875977e-01
-6.417537331581115723e-01
8.213815689086914062e-01
9.901813864707946777e-01
-6.369121670722961426e-01
3.461461514234542847e-02
8.050232529640197754e-01
4.403260946273803711e-01
4.478218853473663330e-01
-8.999832868576049805e-01
-4.666046500205993652e-01
6.392932534217834473e-01
-8.984376788139343262e-01
6.786257028579711914e-01
8.660454154014587402e-01
3.615647256374359131e-01
-9.415748715400695801e-01
-4.287265613675117493e-02
8.927902579307556152e-01
4.734002351760864258e-01
-5.025314092636108398e-01
9.307262897491455078e-01
-9.961226582527160645e-01
-4.774311557412147522e-02
9.459680318832397461e-01
5.727804303169250488e-01
-2.384443022310733795e-02
-8.208600878715515137e-01
-8.764816522598266602e-01
3.883410990238189697e-01
-3.226906061172485352e-01
9.963886141777038574e-01
8.753760457038879395e-01
2.648348174989223480e-02
-1.284367777407169342e-02
9.858475327491760254e-01
-4.138577580451965332e-01
3.640206158161163330e-01
2.510784268379211426e-01
-6.535196900367736816e-01
7.868150472640991211e-01
8.531220555305480957e-01
-9.712023735046386719e-01
-9.005668163299560547e-01
5.857224464416503906e-01
9.296227097511291504e-01
-2.062381356954574585e-01
8.859515786170959473e-01
-9.186799824237823486e-02
3.438539505004882812e-01
3.649210333824157715e-01
-6.515263915061950684e-01
-8.077832460403442383e-01
5.880641937255859375e-01
9.905600547790527344e-01
1.383945941925048828e-01
-6.770197749137878418e-01
1.093522012233734131e-01
8.146436214447021484e-01
4.982767701148986816e-01
-7.898648977279663086e-01
3.320213854312896729e-01
7.630509734153747559e-01
-2.084908485412597656e-01
-7.955266237258911133e-01
2.650173753499984741e-02
4.974126815795898438e-01
7.717984318733215332e-01
8.889439105987548828e-01
-9.593278169631958008e-01
-5.032306909561157227e-01
6.110905408859252930e-01
5.643795728683471680e-01
4.813237488269805908e-01
-5.314818620681762695e-01
8.357157707214355469e-01
-6.530330181121826172e-01
6.551870703697204590e-01
8.483225703239440918e-01
5.343326926231384277e-01
-8.950461149215698242e-01
-7.888402938842773438e-01
9.095723032951354980e-01
-7.492999434471130371e-01
1.322476863861083984e-01
6.939163208007812500e-01
9.550594538450241089e-02
-7.818796634674072266e-01
-8.923240303993225098e-01
8.738021254539489746e-01
9.792228341102600098e-01
-5.219124555587768555e-01
6.058266758918762207e-01
9.588636159896850586e-01
-1.103866249322891235e-01
9.224426150321960449e-01
-4.263535737991333008e-01
-7.613865733146667480e-01
3.228683471679687500e-01
4.842137992382049561e-01
6.190641522407531738e-01
4.227726161479949951e-01
-7.522864937782287598e-01
9.117582440376281738e-01
-4.607100486755371094e-01
4.179476797580718994e-01
6.796958446502685547e-01
-2.255108505487442017e-01
-9.316011071205139160e-01
7.462511211633682251e-02
7.155020833015441895e-01
-6.921607255935668945e-01
6.459290385246276855e-01
9.097165465354919434e-01
6.117220222949981689e-02
5.623849481344223022e-02
-6.641924381256103516e-01
-2.310486137866973877e-01
7.866905331611633301e-01
5.540147423744201660e-01
8.085313439369201660e-02
-6.729869246482849121e-01
5.430604815483093262e-01
-4.187199473381042480e-01
6.906546950340270996e-01
7.693403959274291992e-01
4.021415114402770996e-01
-1.907211542129516602e-01
-2.541294991970062256e-01
8.843531608581542969e-01
-5.977028012275695801e-01
-7.262436747550964355e-01
5.130835175514221191e-01
1.695890575647354126e-01
5.727050900459289551e-01
6.885709166526794434e-01
-5.644484609365463257e-02
-8.713488578796386719e-01
-9.275118708610534668e-01
8.954235911369323730e-01
9.331440329551696777e-01
2.053372859954833984e-01
4.249586760997772217e-01
2.943278253078460693e-01
3.288268148899078369e-01
6.659159064292907715e-01
-9.712641239166259766e-01
-7.958251237869262695e-02
-1.013881042599678040e-01
-7.366953492164611816e-01
3.433068096637725830e-01
6.259705424308776855e-01
9.817848801612854004e-01
7.401534914970397949e-01
-9.653322100639343262e-01
7.776448130607604980e-01
6.930363178253173828e-01
-9.646245241165161133e-01
-7.681365013122558594e-01
-1.092176064848899841e-01
9.048396944999694824e-01
7.275503277778625488e-01
-9.608252048492431641e-01
1.061491742730140686e-01
9.357469677925109863e-01
-8.448790907859802246e-01
4.289493858814239502e-01
9.567654132843017578e-01
-3.978190720081329346e-01
1.877981573343276978e-01
5.436741113662719727e-01
5.320003032684326172e-01
-8.085219264030456543e-01
9.515944719314575195e-01
3.930220901966094971e-01
1.862917542457580566e-01
-8.500488996505737305e-01
-5.045955777168273926e-01
8.099793791770935059e-01
9.205385446548461914e-01
-5.477851629257202148e-01
-1.689190566539764404e-01
-7.679116725921630859e-01
5.756949782371520996e-01
9.720828533172607422e-01
7.735645771026611328e-01
-5.444626882672309875e-02
6.654447317123413086e-01
-5.646226406097412109e-01
-4.880945682525634766e-01
6.710321903228759766e-01
-7.632464170455932617e-01
-6.783306598663330078e-01
-8.955596946179866791e-03
9.059292674064636230e-01
9.938287734985351562e-01
-5.617896318435668945e-01
-7.912309765815734863e-01
9.561686515808105469e-01
5.003182888031005859e-01
6.957452297210693359e-01
7.058491110801696777e-01
-6.337145566940307617e-01
2.609655261039733887e-01
-1.703046113252639771e-01
9.498888850212097168e-01
3.302205204963684082e-01
4.534840881824493408e-01
-7.138232588768005371e-01
-9.705451130867004395e-01
2.140128426253795624e-02
5.417186617851257324e-01
-1.636952608823776245e-01
6.823489069938659668e-01
-4.943444728851318359e-01
7.857247591018676758e-01
-8.172352910041809082e-01
-4.347081482410430908e-01
7.016504406929016113e-01
2.251054495573043823e-01
9.269016385078430176e-01
2.436565756797790527e-01
9.585434794425964355e-01
-7.950773239135742188e-01
1.934823691844940186e-01
9.535610675811767578e-01
-6.621963977813720703e-01
-9.230162501335144043e-01
9.203070402145385742e-01
9.822396039962768555e-01
-6.465575098991394043e-01
3.390394747257232666e-01
-3.768326044082641602e-01
-6.703428030014038086e-01
2.734319269657135010e-01
3.122175037860870361e-01
7.751597166061401367e-01
5.666236281394958496e-01
4.670981764793395996e-01
-1.768698990345001221e-01
8.628275990486145020e-01
-6.963937282562255859e-01
8.241526484489440918e-01
-9.047805070877075195e-01
3.096386194229125977e-01
5.551666021347045898e-01
-9.261784553527832031e-01
-6.866397857666015625e-01
8.955376744270324707e-01
9.904067516326904297e-01
1.929592639207839966e-01
-6.354428827762603760e-02
-2.692233026027679443e-01
9.600123763084411621e-02
7.711840867996215820e-01
7.976092696189880371e-01
7.429326772689819336e-01
-9.753733277320861816e-01
-3.880247175693511963e-01
-9.543202519416809082e-01
6.103771328926086426e-01
9.602161645889282227e-01
3.014676570892333984e-01
9.145126342773437500e-01
-7.699463367462158203e-01
-5.059402585029602051e-01
-9.499980211257934570e-01
2.839146368205547333e-02
9.707593917846679688e-01
5.483714491128921509e-02
6.173316836357116699e-01
-7.096000313758850098e-01
9.754780530929565430e-01
8.692871332168579102e-01
-3.375162556767463684e-02
-5.009228587150573730e-01
-6.529267430305480957e-01
6.934546232223510742e-01
8.114039897918701172e-01
4.401847422122955322e-01
-7.228183150291442871e-01
1.933244019746780396e-01
-8.502092361450195312e-01
9.859277606010437012e-01
8.639940619468688965e-01
3.937953710556030273e-01
-4.893622398376464844e-01
-3.943344056606292725e-01
-6.845889091491699219e-01
9.860917925834655762e-01
7.746195197105407715e-01
-1.966172903776168823e-01
7.819383144378662109e-01
4.645850062370300293e-01
4.671337306499481201e-01
-8.331561088562011719e-01
-9.650589823722839355e-01
5.486730933189392090e-01
4.979926943778991699e-01
-2.257209718227386475e-01
5.751097202301025391e-01
4.474854469299316406e-01
2.548671066761016846e-01
-4.316698908805847168e-01
-8.584756851196289062e-01
1.253665089607238770e-01
9.509360790252685547e-01
-1.302198022603988647e-01
9.127293229103088379e-01
-2.966778278350830078e-01
2.597604393959045410e-01
8.780240416526794434e-01
-8.430932760238647461e-01
2.142971381545066833e-02
9.396930336952209473e-01
-6.067615747451782227e-01
-8.188045769929885864e-02
7.788323163986206055e-01
2.393526025116443634e-02
8.181987404823303223e-01
-8.729521036148071289e-01
7.526006698608398438e-01
-7.705885767936706543e-01
5.151271224021911621e-01
-1.815636903047561646e-01
8.449646234512329102e-01
6.428884714841842651e-02
5.538442730903625488e-01
-8.944196105003356934e-01
4.900259077548980713e-01
4.528957903385162354e-01
-3.352751210331916809e-02
-8.472813963890075684e-01
-1.000468060374259949e-01
8.815127611160278320e-01
9.189927577972412109e-01
-1.011326536536216736e-01
-5.274718999862670898e-01
8.981422185897827148e-01
9.210427999496459961e-01
-8.732986450195312500e-01
8.093029260635375977e-01
8.508694171905517578e-01
-9.881386160850524902e-01
-8.185833692550659180e-01
5.602185800671577454e-02
-2.967118285596370697e-02
4.495618641376495361e-01
2.982160151004791260e-01
9.160820245742797852e-01
-2.834865637123584747e-02
-4.871691390872001648e-02
8.097961544990539551e-01
-3.655687570571899414e-01
-6.318037509918212891e-01
1.217713803052902222e-01
7.226395010948181152e-01
-6.339215040206909180e-01
9.674606323242187500e-01
-1.910446137189865112e-01
8.909969329833984375e-01
-7.244194149971008301e-01
-4.547286331653594971e-01
8.620693087577819824e-01
6.416590418666601181e-03
-1.101431548595428467e-01
-1.534429490566253662e-01
7.723399400711059570e-01
9.657363891601562500e-01
9.172210693359375000e-01
-5.390480756759643555e-01
2.209842205047607422e-04
-9.177200198173522949e-01
9.429177641868591309e-01
9.057461023330688477e-01
-6.943200826644897461e-01
7.330660223960876465e-01
-7.124775052070617676e-01
-1.239900887012481689e-01
-5.302956700325012207e-01
-6.970435976982116699e-01
5.459234118461608887e-01
9.666326642036437988e-01
9.089708328247070312e-01
-5.213688611984252930e-01
-8.765988349914550781e-01
7.477360367774963379e-01
8.285877108573913574e-01
9.332279562950134277e-01
-9.988939017057418823e-02
1.600675284862518311e-01
-5.824763178825378418e-01
6.285016536712646484e-01
-9.108284115791320801e-01
-3.800994753837585449e-01
8.261319994926452637e-01
9.667585492134094238e-01
-8.086748123168945312e-01
6.622540354728698730e-01
-6.574568152427673340e-01
9.616662263870239258e-01
7.090864181518554688e-01
-4.757354557514190674e-01
9.741306304931640625e-01
8.165467977523803711e-01
-9.896520376205444336e-01
-3.467173874378204346e-02
-9.655799269676208496e-01
8.738819956779479980e-01
4.972519576549530029e-01
4.367332458496093750e-01
-5.222321674227714539e-02
-8.390179872512817383e-01
-8.557947874069213867e-01
6.064102053642272949e-01
9.848918318748474121e-01
7.447053194046020508e-01
-3.354437649250030518e-02
7.918885946273803711e-01
3.400272727012634277e-01
-8.250278830528259277e-01
7.075142264366149902e-01
-9.391400814056396484e-01
9.584178328514099121e-01
3.008617162704467773e-01
-8.412915468215942383e-01
-4.900275468826293945e-01
-3.695939481258392334e-01
7.846962809562683105e-01
9.777707457542419434e-01
2.192696332931518555e-01
-5.213863849639892578e-01
3.617750108242034912e-01
5.716462135314941406e-01
8.690733313560485840e-01
-4.127326905727386475e-01
-6.091753244400024414e-01
6.362776756286621094e-01
8.140615820884704590e-01
-5.182282924652099609e-01
6.377682834863662720e-02
-2.669704258441925049e-01
-1.171681657433509827e-01
-6.504014730453491211e-01
2.011137157678604126e-01
9.052128791809082031e-01
8.842926025390625000e-01
-1.508494466543197632e-01
6.281462311744689941e-01
5.765013098716735840e-01
-8.244366198778152466e-02
-5.079320073127746582e-01
4.191039800643920898e-01
-5.877923965454101562e-01
2.829260826110839844e-01
-5.407648086547851562e-01
8.442524075508117676e-01
-2.926354296505451202e-02
-5.636079311370849609e-01
9.383767247200012207e-01
9.568147063255310059e-01
-3.439874574542045593e-02
-7.182223200798034668e-01
9.872634410858154297e-01
9.110200405120849609e-01
-9.288007616996765137e-01
8.153581023216247559e-01
5.915142297744750977e-01
-9.349139928817749023e-01
-8.979274034500122070e-01
-4.275337457656860352e-01
7.754961848258972168e-01
8.004359602928161621e-01
-8.769994974136352539e-01
7.292210459709167480e-01
5.634581446647644043e-01
-4.823183268308639526e-02
-8.484489321708679199e-01
4.151354134082794189e-01
1.508864909410476685e-01
1.893155127763748169e-01
6.883335113525390625e-01
8.051680326461791992e-01
-3.073261976242065430e-01
-6.984399259090423584e-02
2.782139778137207031e-01
-7.183770537376403809e-01
8.954989910125732422e-01
6.918375492095947266e-01
-1.361806541681289673e-01
-7.704201340675354004e-01
9.591111540794372559e-02
-8.239211142063140869e-02
7.744313478469848633e-01
-8.229514360427856445e-01
9.500069618225097656e-01
9.074730277061462402e-01
-5.171889811754226685e-02
-5.255271792411804199e-01
5.570276975631713867e-01
6.151022315025329590e-01
-4.601170718669891357e-01
-8.151677995920181274e-02
-7.478371262550354004e-01
9.406653642654418945e-01
5.116246938705444336e-01
5.732287764549255371e-01
-7.064042687416076660e-01
6.597197055816650391e-02
3.712158203125000000e-01
9.745079278945922852e-01
-9.036712646484375000e-01
7.028225064277648926e-01
6.119389533996582031e-01
-1.161850895732641220e-02
1.920941323041915894e-01
-6.214632987976074219e-01
-7.434093952178955078e-01
1.077959686517715454e-01
-2.683317102491855621e-02
9.794260859489440918e-01
2.975089848041534424e-01
-8.982141017913818359e-01
8.498252034187316895e-01
-9.673878550529479980e-02
9.446368217468261719e-01
-3.194959163665771484e-01
-3.525545597076416016e-01
-1.739276647567749023e-01
9.974224567413330078e-01
8.877014517784118652e-01
6.089901924133300781e-01
5.554099082946777344e-01
-7.711179256439208984e-01
-6.154087185859680176e-01
8.174562454223632812e-01
-8.602648973464965820e-01
-7.520996928215026855e-01
9.878174662590026855e-01
9.225311279296875000e-01
-3.257142305374145508e-01
-4.980241656303405762e-01
9.020958542823791504e-01
5.765581130981445312e-02
6.932011842727661133e-01
-2.001461805775761604e-03
-3.714372217655181885e-01
-8.384566903114318848e-01
4.889371395111083984e-01
5.893952846527099609e-01
-6.730980873107910156e-01
-1.578001976013183594e-01
8.827495574951171875e-01
9.822162389755249023e-01
3.816188275814056396e-01
4.047119319438934326e-01
-7.783985137939453125e-01
7.956948876380920410e-01
-8.697055578231811523e-01
7.773958444595336914e-01
-9.872428178787231445e-01
4.956949055194854736e-01
-7.437001466751098633e-01
9.931223392486572266e-01
9.383008480072021484e-01
-2.674204111099243164e-01
1.445101052522659302e-01
-5.291266441345214844e-01
2.973221242427825928e-01
7.053305506706237793e-01
-6.078155040740966797e-01
7.423237562179565430e-01
-5.417239665985107422e-01
8.512412905693054199e-01
-3.526967391371726990e-02
7.620097398757934570e-01
8.905183672904968262e-01
-3.054991066455841064e-01
-9.001276493072509766e-01
-6.567218303680419922e-01
1.938827037811279297e-01
9.115641117095947266e-01
8.974294662475585938e-01
7.720974683761596680e-01
-9.975029230117797852e-01
-8.386284708976745605e-01
-8.396808505058288574e-01
-6.095628738403320312e-01
9.239569306373596191e-01
9.340492486953735352e-01
9.474356770515441895e-01
-2.751762866973876953e-01
6.404063701629638672e-01
7.879988290369510651e-03
-6.122632026672363281e-01
7.164995670318603516e-01
9.884843230247497559e-01
-8.762453198432922363e-01
9.802462458610534668e-01
5.532851815223693848e-01
4.891788586974143982e-02
-9.772671759128570557e-02
-2.995892763137817383e-01
-7.183527350425720215e-01
4.663874953985214233e-02
8.022923469543457031e-01
-8.837222456932067871e-01
8.503552079200744629e-01
8.426508307456970215e-01
-5.871807932853698730e-01
-1.333678066730499268e-01
-3.588719069957733154e-01
-8.623981475830078125e-02
8.104536533355712891e-01
4.583114013075828552e-02
9.847969412803649902e-01
-1.820447593927383423e-01
5.431804656982421875e-01
8.788418769836425781e-01
-6.514065861701965332e-01
2.476277202367782593e-01
1.265433728694915771e-01
5.205069184303283691e-01
1.116308420896530151e-01
-7.631769776344299316e-01
-8.807340264320373535e-01
7.820337414741516113e-01
-9.011797904968261719e-01
9.707274436950683594e-01
-1.187501624226570129e-01
7.319570779800415039e-01
-2.069948613643646240e-01
1.076359301805496216e-01
5.512045025825500488e-01
6.108433008193969727e-02
6.315180063247680664e-01
-4.111002087593078613e-01
7.624689936637878418e-01
-9.943079948425292969e-02
-7.808483839035034180e-01
9.284318685531616211e-01
4.979406893253326416e-01
-6.926359236240386963e-02
-6.516589522361755371e-01
-3.302759230136871338e-01
-6.030053645372390747e-02
9.555537700653076172e-01
9.845532774925231934e-01
-5.730696916580200195e-01
9.282137155532836914e-01
8.389798402786254883e-01
3.728454709053039551e-01
-7.828208804130554199e-01
-8.680545687675476074e-01
2.022177428007125854e-01
8.494867086410522461e-01
-8.456231355667114258e-01
3.085058927536010742e-01
3.228657841682434082e-01
-3.857153058052062988e-01
5.390554666519165039e-01
-2.311134636402130127e-01
4.700979292392730713e-01
9.945224523544311523e-01
-3.591202497482299805e-01
-6.202515959739685059e-02
5.719149708747863770e-01
-8.562444448471069336e-01
9.751418828964233398e-01
-9.232571125030517578e-01
1.269987672567367554e-01
9.971228428184986115e-03
6.522225141525268555e-01
6.119565963745117188e-01
-6.383646130561828613e-01
3.661043345928192139e-01
8.131572604179382324e-01
3.188120722770690918e-01
5.284589529037475586e-01
2.848915755748748779e-01
1.688548177480697632e-01
-5.610147118568420410e-01
-8.149254322052001953e-01
9.530865550041198730e-01
-7.833740115165710449e-01
3.414202630519866943e-01
6.962746381759643555e-01
8.836523890495300293e-01
-2.961588501930236816e-01
5.247825980186462402e-01
-9.769831299781799316e-01
6.665670275688171387e-01
-1.272371411323547363e-01
-7.885311841964721680e-01
-3.946690261363983154e-02
-9.109941124916076660e-01
7.718729376792907715e-01
-2.829144895076751709e-01
5.591146349906921387e-01
9.373232126235961914e-01
6.987319588661193848e-01
5.464622378349304199e-01
5.795177817344665527e-01
-6.522454619407653809e-01
1.511109322309494019e-01
-2.274698615074157715e-01
7.927511930465698242e-01
4.111461639404296875e-01
1.463969945907592773e-01
-4.065683484077453613e-01
9.660752415657043457e-01
-1.586652100086212158e-01
-9.827614426612854004e-01
-8.497519493103027344e-01
8.949533104896545410e-01
-6.187101006507873535e-01
7.920981049537658691e-01
7.087079286575317383e-01
4.967491030693054199e-01
-9.620184302330017090e-01
-6.806098222732543945e-01
9.737130403518676758e-01
4.162153601646423340e-01
5.210611224174499512e-01
2.890558540821075439e-01
-3.405271470546722412e-01
-8.121814131736755371e-01
9.808513522148132324e-01
8.194922208786010742e-01
3.161831796169281006e-01
-6.342882513999938965e-01
-1.409224271774291992e-01
-6.829353570938110352e-01
9.245207905769348145e-01
7.555631399154663086e-01
5.978069305419921875e-01
-4.300270080566406250e-01
4.390140175819396973e-01
1.168244555592536926e-01
-1.809861212968826294e-01
2.352556288242340088e-01
-6.398980617523193359e-01
8.775796890258789062e-01
4.237850606441497803e-01
-1.072138696908950806e-01
7.088019251823425293e-01
-7.792800664901733398e-01
4.521403908729553223e-01
4.876897037029266357e-01
1.426390260457992554e-01
-2.935174405574798584e-01
-9.470152258872985840e-01
2.258835434913635254e-01
8.997745513916015625e-01
5.376338362693786621e-01
-7.080786675214767456e-02
7.257764935493469238e-01
9.211063385009765625e-01
-6.275285482406616211e-01
-8.519682884216308594e-01
6.099983118474483490e-03
9.517675042152404785e-01
-9.678068757057189941e-01
5.924490094184875488e-01
-7.573567628860473633e-01
6.024749279022216797e-01
-7.808492183685302734e-01
4.638506472110748291e-01
9.346604943275451660e-01
6.451953649520874023e-01
6.617698073387145996e-01
3.845527395606040955e-02
5.695650577545166016e-01
-5.182245969772338867e-01
8.308334350585937500e-01
-2.329121679067611694e-01
-8.878297805786132812e-01
1.828684099018573761e-02
3.453102111816406250e-01
5.419172644615173340e-01
-6.203172802925109863e-01
-3.737696111202239990e-01
8.801534175872802734e-01
-4.999439418315887451e-01
9.392625689506530762e-01
7.892152070999145508e-01
-2.450726181268692017e-01
-7.494097352027893066e-01
7.276809215545654297e-01
5.968804955482482910e-01
2.785385847091674805e-01
-3.335062786936759949e-02
-3.372197747230529785e-01
-7.932091951370239258e-01
9.209008812904357910e-01
6.919981241226196289e-01
-7.541457414627075195e-01
9.694636464118957520e-01
2.787932753562927246e-02
-9.927486777305603027e-01
9.371503591537475586e-01
8.796814084053039551e-01
7.630954384803771973e-01
-8.469451665878295898e-01
1.868738979101181030e-01
-5.503975152969360352e-01
6.075937151908874512e-01
8.880240917205810547e-01
-3.899194002151489258e-01
1.120216492563486099e-02
4.978870749473571777e-01
-8.700606822967529297e-01
-3.004026114940643311e-01
9.186017513275146484e-01
1.586259528994560242e-02
-9.282538294792175293e-01
2.860780358314514160e-01
3.942210972309112549e-01
7.338765263557434082e-01
6.212216615676879883e-01
-8.994144201278686523e-01
5.590442419052124023e-01
8.691251873970031738e-01
-8.973440527915954590e-01
9.922080636024475098e-01
6.896343231201171875e-01
1.938379108905792236e-01
2.742436230182647705e-01
-3.721275925636291504e-01
-7.938322424888610840e-01
1.438250094652175903e-01
-1.154447868466377258e-01
1.918824762105941772e-01
5.798222422599792480e-01
-1.351151615381240845e-01
3.848123848438262939e-01
2.234893590211868286e-01
-6.676920652389526367e-01
-2.965156137943267822e-01
9.817184209823608398e-01
-6.222409605979919434e-01
9.796190261840820312e-01
3.731197714805603027e-01
7.744064927101135254e-01
1.921004354953765869e-01
-3.478485643863677979e-01
7.417459487915039062e-01
1.808600872755050659e-01
-6.984234452247619629e-01
2.240967750549316406e-01
-4.819783866405487061e-01
5.960503220558166504e-01
5.227029919624328613e-01
-8.238795995712280273e-01
7.489089369773864746e-01
8.196560144424438477e-01
-3.946461975574493408e-01
-1.660899519920349121e-01
-4.535664618015289307e-01
8.090416789054870605e-01
-7.361986041069030762e-01
3.245193278416991234e-03
8.343837857246398926e-01
9.835053086280822754e-01
3.674952983856201172e-01
-5.815464258193969727e-01
-3.093594908714294434e-01
7.740328907966613770e-01
-9.108747243881225586e-01
2.230593711137771606e-01
2.091071903705596924e-01
6.754374504089355469e-01
4.654895365238189697e-01
-9.693784117698669434e-01
9.522876739501953125e-01
-6.459459662437438965e-01
-3.922450840473175049e-01
8.848416209220886230e-01
8.236166238784790039e-01
9.257863759994506836e-01
-8.876903057098388672e-01
9.466229677200317383e-01
-8.612908124923706055e-01
7.402973771095275879e-01
6.759664416313171387e-01
-9.077032208442687988e-01
-9.557151794433593750e-02
-8.918778300285339355e-01
1.721612066030502319e-01
9.909450411796569824e-01
7.782703638076782227e-01
6.054420024156570435e-02
-8.357589244842529297e-01
3.142921030521392822e-01
5.573134422302246094e-01
-6.496060639619827271e-02
3.711323440074920654e-01
9.660697579383850098e-01
-6.488553881645202637e-01
3.249992132186889648e-01
6.469385027885437012e-01
5.775526762008666992e-01
-5.440854430198669434e-01
1.301001459360122681e-01
-6.115345284342765808e-02
-2.715494036674499512e-01
-9.999033212661743164e-01
-9.999515414237976074e-01
-9.997728466987609863e-01
-9.993702173233032227e-01
-9.965205192565917969e-01
-9.962927699089050293e-01
-7.523017525672912598e-01
-9.792480468750000000e-01
-4.196883440017700195e-01
5.818821787834167480e-01
9.853323698043823242e-01
9.704997539520263672e-01
8.298712372779846191e-01
9.815774559974670410e-01
6.638718247413635254e-01
9.973167777061462402e-01
9.679366350173950195e-01
9.816429018974304199e-01
7.208525538444519043e-01
1.624637246131896973e-01
2.579333484172821045e-01
-8.650763630867004395e-01
-7.033284902572631836e-01
-2.980262786149978638e-02
6.348089575767517090e-01
-7.952991127967834473e-01
4.541462361812591553e-01
8.374421000480651855e-01
3.844412267208099365e-01
-7.912265062332153320e-01
-7.384479641914367676e-01
-3.557302951812744141e-01
9.445493221282958984e-01
9.793449044227600098e-01
6.426228284835815430e-01
2.773413062095642090e-01
-3.574749231338500977e-01
-2.582975625991821289e-01
5.891029238700866699e-01
6.252863258123397827e-02
7.363016605377197266e-01
6.055465340614318848e-01
-2.625759840011596680e-01
-6.877372264862060547e-01
-5.086061954498291016e-01
-6.499199867248535156e-01
9.862236380577087402e-01
-9.129693359136581421e-02
-2.105935215950012207e-01
-2.126364707946777344e-01
9.769827723503112793e-01
4.979390501976013184e-01
1.681528091430664062e-01
1.998638808727264404e-01
-2.053164988756179810e-01
-1.987317204475402832e-01
9.513110518455505371e-01
7.235524058341979980e-01
-8.077653646469116211e-01
7.987869381904602051e-01
-7.489848136901855469e-01
-2.233493179082870483e-01
9.368580579757690430e-01
3.950893878936767578e-01
-5.196923017501831055e-01
8.400838375091552734e-01
-8.139488697052001953e-01
7.703710198402404785e-01
8.248824477195739746e-01
6.816800832748413086e-01
-4.715566635131835938e-01
-9.599333405494689941e-01
-7.332713603973388672e-01
9.326445460319519043e-01
-3.626309633255004883e-01
-5.032753348350524902e-01
9.950515627861022949e-01
3.753401935100555420e-01
8.450995087623596191e-01
-5.472838878631591797e-01
-6.988388895988464355e-01
8.283568620681762695e-01
4.230223298072814941e-01
6.615731716156005859e-01
2.342784255743026733e-01
-9.632971286773681641e-01
1.288736164569854736e-01
-3.634510040283203125e-01
9.858651757240295410e-01
5.663379430770874023e-01
6.144356131553649902e-01
-7.960984706878662109e-01
1.755793094635009766e-01
3.435904979705810547e-01
-9.242656081914901733e-02
3.261070251464843750e-01
-7.245075106620788574e-01
6.511483192443847656e-01
3.734209537506103516e-01
7.303044795989990234e-01
-4.768120050430297852e-01
-5.698065757751464844e-01
5.131055787205696106e-02
6.701313853263854980e-01
-2.106211930513381958e-01
2.913561165332794189e-01
3.602037131786346436e-01
8.362231254577636719e-01
8.521159887313842773e-01
3.229205608367919922e-01
-7.630986571311950684e-01
-8.493950963020324707e-01
-4.273066520690917969e-01
8.438464999198913574e-01
7.043024897575378418e-01
5.499544739723205566e-01
-7.899171113967895508e-01
3.523466289043426514e-01
-1.579799652099609375e-01
6.892260909080505371e-01
-9.607844352722167969e-01
6.953492015600204468e-02
-5.874493718147277832e-01
3.409507274627685547e-01
3.753964304924011230e-01
8.235365152359008789e-01
5.674163699150085449e-01
-6.283416748046875000e-01
7.023249268531799316e-01
9.344501495361328125e-01
4.576300680637359619e-01
-8.234280943870544434e-01
-7.433532476425170898e-01
1.899734586477279663e-01
9.696084856986999512e-01
-2.515970468521118164e-01
-8.627234101295471191e-01
-4.066121876239776611e-01
-5.847148299217224121e-01
9.237908124923706055e-01
9.409202933311462402e-01
4.052065312862396240e-01
4.895314276218414307e-01
6.421307921409606934e-01
-6.342966556549072266e-01
1.159815713763237000e-01
-7.301814556121826172e-01
8.081598281860351562e-01
9.850667715072631836e-01
3.904889523983001709e-01
9.124237895011901855e-01
-9.607139043509960175e-03
-8.510187864303588867e-01
-7.912876009941101074e-01
-3.371390402317047119e-01
6.549043059349060059e-01
7.533307075500488281e-01
-1.255671679973602295e-01
3.887400031089782715e-01
-8.572663068771362305e-01
-1.899945288896560669e-01
7.307596802711486816e-01
-4.571288228034973145e-01
7.311384081840515137e-01
7.427088022232055664e-01
4.442722201347351074e-01
2.964651286602020264e-01
-9.407569766044616699e-01
9.427511692047119141e-01
-4.165619611740112305e-02
9.048335999250411987e-02
6.006908416748046875e-01
-5.534455776214599609e-01
5.336101651191711426e-01
-6.111548542976379395e-01
-9.847052693367004395e-01
6.095518469810485840e-01
8.668914437294006348e-01
7.475816011428833008e-01
5.024001598358154297e-01
-1.946323066949844360e-01
4.646354317665100098e-01
-9.298591017723083496e-01
-1.304893940687179565e-01
5.583151429891586304e-02
-2.185130417346954346e-01
3.086412549018859863e-01
-6.539950519800186157e-02
7.066323757171630859e-01
8.105238676071166992e-01
2.416637092828750610e-01
-6.551772356033325195e-01
-3.137643933296203613e-01
9.012175202369689941e-01
4.638390541076660156e-01
-4.459893405437469482e-01
-4.508170187473297119e-01
-3.917646408081054688e-01
9.978441596031188965e-01
4.863539934158325195e-01
