3.221274018287658691e-01
-1.892466098070144653e-01
-3.747563064098358154e-01
-8.667946606874465942e-02
1.927826702594757080e-01
-3.353981077671051025e-01
3.641669750213623047e-01
-1.645597666501998901e-01
2.143808752298355103e-01
-2.578942663967609406e-02
-3.114525377750396729e-01
3.145663067698478699e-02
-3.043187558650970459e-01
2.814360857009887695e-01
-1.332762837409973145e-01
1.469914466142654419e-01
2.148485034704208374e-01
-3.124481737613677979e-01
-1.052263285964727402e-02
-1.959979385137557983e-01
-1.446097195148468018e-01
-2.114804685115814209e-01
1.388096362352371216e-01
4.418855160474777222e-02
1.589292138814926147e-01
1.158778145909309387e-01
-3.558564558625221252e-02
-2.136017233133316040e-01
5.011197552084922791e-02
-2.987052798271179199e-01
-2.498309910297393799e-01
2.960105612874031067e-02
4.411109387874603271e-01
-1.088705882430076599e-01
-1.044300645589828491e-01
-1.889125853776931763e-01
-1.432803273200988770e-01
-7.203692942857742310e-02
7.560592889785766602e-02
-1.180870011448860168e-01
2.966507673263549805e-01
-8.375202119350433350e-02
-3.468921780586242676e-02
1.472669541835784912e-01
-4.478608965873718262e-01
5.887776240706443787e-02
2.901680767536163330e-01
-6.590913981199264526e-02
-3.105963170528411865e-01
-2.269227802753448486e-01
1.051428020000457764e-01
7.374567538499832153e-02
-3.104341588914394379e-02
5.011593177914619446e-02
-2.002847790718078613e-01
-3.658720850944519043e-01
1.043566241860389709e-01
4.204693138599395752e-01
-4.276998043060302734e-01
1.897090580314397812e-03
1.177250519394874573e-01
-7.203942537307739258e-02
1.442776322364807129e-01
-8.254940807819366455e-02
-2.208912372589111328e-01
-3.644023835659027100e-01
4.394793510437011719e-02
5.644196271896362305e-01
-1.931649297475814819e-01
-1.836411803960800171e-01
-2.699140906333923340e-01
7.346053421497344971e-02
1.564448475837707520e-01
8.069349825382232666e-02
-2.315139919519424438e-01
-4.419185966253280640e-02
5.657294020056724548e-02
-1.572592556476593018e-02
-3.444039076566696167e-02
-3.416291251778602600e-02
-5.049577355384826660e-02
-8.037751168012619019e-02
-1.973220258951187134e-01
3.628516197204589844e-01
-4.092961251735687256e-01
2.227428555488586426e-02
4.558688700199127197e-01
-3.950560092926025391e-01
-2.896601557731628418e-01
3.721958771347999573e-02
5.821339040994644165e-02
2.260354161262512207e-01
-3.140282630920410156e-01
6.839063018560409546e-02
-1.346022337675094604e-01
5.538972467184066772e-02
-1.925292611122131348e-01
-1.476855874061584473e-01
1.548842787742614746e-01
8.227675408124923706e-02
9.968412667512893677e-02
-5.334178358316421509e-02
-1.900363713502883911e-01
-1.065709888935089111e-01
-1.253621429204940796e-01
1.724572968669235706e-03
1.663566678762435913e-01
1.152062136679887772e-02
1.115288212895393372e-01
-2.495222538709640503e-01
-1.529583483934402466e-01
-1.425831951200962067e-02
8.598354458808898926e-02
-2.427405416965484619e-01
-3.718824684619903564e-02
3.180412650108337402e-01
-5.327210426330566406e-01
2.913589179515838623e-01
-5.882745236158370972e-02
-4.576926678419113159e-02
-9.532151371240615845e-02
5.486701056361198425e-02
-7.999783754348754883e-02
1.163140907883644104e-01
-1.382194906473159790e-01
4.809256270527839661e-02
1.464304178953170776e-01
-2.203601151704788208e-01
-1.647557914257049561e-01
-1.286779195070266724e-01
2.931654639542102814e-02
2.248629778623580933e-01
-7.746669650077819824e-02
2.159145846962928772e-02
-1.727905869483947754e-01
-4.351382255554199219e-01
6.918778270483016968e-02
1.553967744112014771e-01
-2.125820368528366089e-01
1.558609902858734131e-01
-1.600602865219116211e-01
2.476340979337692261e-01
-2.419999390840530396e-01
-1.307629048824310303e-01
2.083619534969329834e-01
-1.142546534538269043e-01
-2.529756426811218262e-01
6.704413890838623047e-02
8.085174113512039185e-02
9.666410833597183228e-02
-9.374381601810455322e-02
-1.723461151123046875e-01
6.798341870307922363e-02
1.205050759017467499e-02
1.285117864608764648e-01
-7.380518317222595215e-02
9.402170032262802124e-02
-1.467539817094802856e-01
-1.495348066091537476e-01
-2.169642597436904907e-01
-1.453546583652496338e-01
2.447612732648849487e-01
-3.675221502780914307e-01
-4.453885927796363831e-02
6.251332759857177734e-01
-1.531528830528259277e-01
-6.839939206838607788e-02
-3.164318203926086426e-01
-3.132156431674957275e-01
4.486007988452911377e-02
1.646761596202850342e-01
-4.912595823407173157e-02
8.339301496744155884e-02
-2.166424179449677467e-03
-2.089988067746162415e-02
2.069770731031894684e-02
-1.152834370732307434e-01
-2.206392288208007812e-01
-1.699580997228622437e-01
-1.348288357257843018e-01
1.787235140800476074e-01
1.227478682994842529e-01
1.799706965684890747e-01
-1.014458462595939636e-01
-3.128131330013275146e-01
-1.876884400844573975e-01
1.169804856181144714e-01
2.137934416532516479e-01
-4.497500360012054443e-01
1.196241825819015503e-01
2.267210036516189575e-01
-3.079994618892669678e-01
-7.419741153717041016e-02
1.499124467372894287e-01
-3.515592310577630997e-03
1.560305804014205933e-02
1.008416935801506042e-01
-3.859679698944091797e-01
4.699251055717468262e-02
3.921710252761840820e-01
-8.331061899662017822e-02
-2.683789134025573730e-01
-1.502465456724166870e-01
-1.692224293947219849e-01
-1.895983815193176270e-01
7.551443576812744141e-02
3.383988142013549805e-01
-2.691427171230316162e-01
-2.339368760585784912e-01
4.713449627161026001e-02
3.337143361568450928e-02
4.383165538311004639e-01
-1.767368912696838379e-01
-5.447372794151306152e-01
1.423209160566329956e-01
5.831208825111389160e-01
-2.467754632234573364e-01
-4.861634969711303711e-01
-3.489798307418823242e-02
1.112761572003364563e-01
1.766947843134403229e-02
1.453849077224731445e-01
1.003488600254058838e-01
-2.472225427627563477e-01
-2.537464201450347900e-01
-1.201137602329254150e-01
3.591059148311614990e-01
-4.551016390323638916e-01
1.477368324995040894e-01
2.788112759590148926e-01
-1.968375444412231445e-01
1.063314154744148254e-01
-1.510906368494033813e-01
1.069375313818454742e-02
-1.158702298998832703e-01
-1.677494309842586517e-02
1.345587670803070068e-01
1.942788623273372650e-02
-2.689375355839729309e-02
8.056350797414779663e-02
-3.862882852554321289e-01
-1.186977326869964600e-01
1.243757009506225586e-01
3.562283813953399658e-01
-4.445978105068206787e-01
-1.526461243629455566e-01
2.654668129980564117e-02
2.418336123228073120e-01
-7.576767820864915848e-03
-2.456061542034149170e-02
-1.717575341463088989e-01
-7.567648775875568390e-03
-8.009008318185806274e-02
-1.080447882413864136e-01
5.330832675099372864e-02
4.717836901545524597e-02
-3.258157894015312195e-02
1.102856397628784180e-01
-7.834012061357498169e-02
-4.390332475304603577e-02
1.152471080422401428e-01
2.503062784671783447e-01
-4.178392589092254639e-01
-3.089602291584014893e-01
-2.003026194870471954e-03
2.321156412363052368e-01
1.688992083072662354e-01
-3.538879752159118652e-01
-9.316149353981018066e-02
-1.805478185415267944e-01
-2.472408413887023926e-01
2.618920430541038513e-02
2.117370069026947021e-01
2.406987249851226807e-01
-3.991573676466941833e-02
-1.297771334648132324e-01
-2.496269792318344116e-01
1.716282665729522705e-01
1.381018850952386856e-02
1.333116739988327026e-01
1.452033370733261108e-01
-1.225561946630477905e-01
-2.057167589664459229e-01
-1.677407771348953247e-01
-5.829208344221115112e-02
1.818016469478607178e-01
1.264704912900924683e-01
1.788459271192550659e-01
-2.462118268013000488e-01
-2.879759371280670166e-01
-6.851722300052642822e-02
-3.819393366575241089e-02
1.231576781719923019e-02
3.788311183452606201e-01
-3.714292347431182861e-01
-3.185054957866668701e-01
3.608204126358032227e-01
3.697859048843383789e-01
-4.146167635917663574e-01
-3.240703940391540527e-01
8.965817838907241821e-02
1.058187261223793030e-01
7.365760207176208496e-02
1.569127142429351807e-01
-4.554777145385742188e-01
-3.066958189010620117e-01
-5.622535198926925659e-02
4.567131996154785156e-01
-1.211414337158203125e-01
2.400221228599548340e-01
-2.842445671558380127e-01
-3.796090185642242432e-01
-2.840316295623779297e-01
1.169214174151420593e-01
5.641317963600158691e-01
-1.899254173040390015e-01
-1.299379020929336548e-01
-1.283612847328186035e-01
-1.707487851381301880e-01
-2.075860500335693359e-01
2.306110225617885590e-02
6.109178662300109863e-01
-2.602013051509857178e-01
5.535070970654487610e-02
1.284210234880447388e-01
-1.308926939964294434e-01
-1.980977952480316162e-01
-4.628974199295043945e-02
1.754367351531982422e-01
1.569771170616149902e-01
-2.823070287704467773e-01
-9.966783523559570312e-01
-8.383291363716125488e-01
-8.608831167221069336e-01
-9.001544713973999023e-01
-7.181152701377868652e-01
-8.282816410064697266e-01
-8.347259759902954102e-01
-8.628644347190856934e-01
-7.565758824348449707e-01
-8.684730529785156250e-01
-8.552868366241455078e-01
-8.311420083045959473e-01
-7.928982973098754883e-01
-8.941231966018676758e-01
-7.275814414024353027e-01
-8.426576256752014160e-01
-7.277806401252746582e-01
-7.667740583419799805e-01
-7.414837479591369629e-01
-6.505841016769409180e-01
-8.189094662666320801e-01
-5.626736879348754883e-01
-8.484019041061401367e-01
-4.974940419197082520e-01
-7.816513180732727051e-01
-5.441668033599853516e-01
-6.983234882354736328e-01
-5.470692515373229980e-01
-6.745445132255554199e-01
-7.078749537467956543e-01
-5.141817331314086914e-01
-4.277069866657257080e-01
-6.082970499992370605e-01
-5.675249695777893066e-01
-7.259223461151123047e-01
-2.900339066982269287e-01
-5.814402103424072266e-01
-3.026681542396545410e-01
-7.013054490089416504e-01
-2.160755246877670288e-01
-5.058841109275817871e-01
-5.282274484634399414e-01
-3.092051148414611816e-01
-6.155341267585754395e-01
-4.691391587257385254e-01
-1.483395695686340332e-02
-6.660321950912475586e-01
-2.787863910198211670e-01
-3.659451901912689209e-01
-3.755443990230560303e-01
-2.123380154371261597e-01
-3.974374532699584961e-01
-2.910771071910858154e-01
1.015369445085525513e-01
-1.914865374565124512e-01
-6.403015851974487305e-01
-2.023166865110397339e-01
-1.895297169685363770e-01
-2.424488216638565063e-01
-5.675992965698242188e-01
-5.984700471162796021e-02
-3.647227585315704346e-01
1.652261316776275635e-01
-3.221623003482818604e-01
-6.321083754301071167e-02
-2.124158740043640137e-01
-2.345689833164215088e-01
-2.361435294151306152e-01
-1.624365150928497314e-01
-3.106529116630554199e-01
-2.823285758495330811e-03
-5.237896367907524109e-02
-2.843977808952331543e-01
2.095920294523239136e-01
-2.401450127363204956e-01
1.376100908964872360e-02
-3.970237374305725098e-01
-5.271689221262931824e-02
-9.023071825504302979e-02
2.781434915959835052e-02
-2.649929560720920563e-02
3.564188629388809204e-02
-4.382827579975128174e-01
-5.515656620264053345e-02
2.460195124149322510e-01
-1.537739932537078857e-01
-4.051004350185394287e-01
1.605248544365167618e-03
-6.699086725711822510e-02
1.152062565088272095e-01
-2.836266756057739258e-01
1.304702907800674438e-01
4.485210403800010681e-02
-3.513897061347961426e-01
-1.530855745077133179e-01
-1.036951839923858643e-01
8.394446223974227905e-02
1.854261308908462524e-01
-4.806819856166839600e-01
1.109273582696914673e-01
3.076438903808593750e-01
2.329227700829505920e-02
-3.266193270683288574e-01
1.852729916572570801e-01
-1.065293699502944946e-01
-2.031181454658508301e-01
-1.004438549280166626e-01
-2.476860433816909790e-01
1.872555613517761230e-01
-6.579767912626266479e-02
-1.123338192701339722e-01
-1.029153466224670410e-01
1.317642927169799805e-01
1.231665685772895813e-01
6.853502243757247925e-02
-1.913774199783802032e-02
-3.650053441524505615e-01
-2.449983358383178711e-01
1.742480248212814331e-01
9.594629704952239990e-02
3.346402570605278015e-02
-1.749658882617950439e-01
6.731604039669036865e-02
5.702809989452362061e-02
-1.055969744920730591e-01
-2.079357206821441650e-01
-1.421534419059753418e-01
-6.187591701745986938e-02
3.544261679053306580e-02
4.047848582267761230e-01
-1.016209200024604797e-01
-2.989625036716461182e-01
7.183046545833349228e-03
-7.566919922828674316e-02
1.764405816793441772e-01
-1.115982159972190857e-01
1.303021311759948730e-01
-1.968194544315338135e-01
3.977264836430549622e-02
-1.027691960334777832e-01
-4.711549878120422363e-01
2.465602606534957886e-01
8.153049275279045105e-03
-2.087295800447463989e-01
1.092508658766746521e-01
2.672144472599029541e-01
2.566250041127204895e-03
-2.568351924419403076e-01
-1.322488486766815186e-01
-3.987279236316680908e-01
2.347256094217300415e-01
-7.403815537691116333e-02
2.435731738805770874e-01
4.253898188471794128e-02
-3.366116583347320557e-01
1.038945242762565613e-01
1.137757524847984314e-01
8.648604154586791992e-02
-1.284178942441940308e-01
-2.814589738845825195e-01
5.684174224734306335e-02
8.756642788648605347e-02
-3.125284984707832336e-02
-1.367197930812835693e-01
6.438006460666656494e-02
-2.733618617057800293e-01
-4.549454431980848312e-03
2.135628163814544678e-01
-1.481173038482666016e-01
-1.871518641710281372e-01
-1.776167303323745728e-01
4.282958433032035828e-02
1.167978271842002869e-01
-2.221924811601638794e-02
2.945189923048019409e-02
-2.273987531661987305e-01
-2.172815799713134766e-02
7.654938846826553345e-02
3.456296399235725403e-02
-7.702757138758897781e-03
-9.616935253143310547e-02
