-9.989728927612304688e-01
-5.050059556961059570e-01
-2.742771208286285400e-01
9.919021129608154297e-01
9.993992447853088379e-01
9.997970461845397949e-01
9.986307024955749512e-01
9.991775751113891602e-01
9.886224269866943359e-01
9.986200332641601562e-01
8.929882049560546875e-01
-9.348232150077819824e-01
6.226658225059509277e-01
-9.689477682113647461e-01
-9.479361772537231445e-01
4.517891444265842438e-03
-6.204430460929870605e-01
9.548489451408386230e-01
8.129609227180480957e-01
9.706747531890869141e-01
8.494684696197509766e-01
8.120434284210205078e-01
7.299860715866088867e-01
-3.945064246654510498e-01
-8.605990409851074219e-01
8.631962537765502930e-01
7.057990431785583496e-01
-8.338146656751632690e-02
-1.872238703072071075e-02
-5.753378868103027344e-01
6.843834519386291504e-01
-2.272928804159164429e-01
9.846671819686889648e-01
4.422531127929687500e-01
9.605059623718261719e-01
5.073555111885070801e-01
9.931501746177673340e-01
-9.065068513154983521e-02
-9.858776330947875977e-01
-1.775967776775360107e-01
1.162787526845932007e-01
9.518431425094604492e-01
9.412010312080383301e-01
8.989711999893188477e-01
4.803070724010467529e-01
5.399167537689208984e-01
-9.819113612174987793e-01
-2.879168391227722168e-01
6.704631447792053223e-01
9.307926893234252930e-01
7.521547079086303711e-01
-8.634957075119018555e-01
-2.417823076248168945e-01
2.082212120294570923e-01
8.784973025321960449e-01
7.958766222000122070e-01
-5.034717917442321777e-01
8.701635599136352539e-01
-8.654065132141113281e-01
9.800593256950378418e-01
9.939535856246948242e-01
4.906819164752960205e-01
9.349390268325805664e-01
-9.023842215538024902e-01
-6.866054534912109375e-01
9.834189414978027344e-01
-6.536105275154113770e-01
9.828605651855468750e-01
9.395709633827209473e-01
-4.868113696575164795e-01
8.869810700416564941e-01
7.425523996353149414e-01
-6.995924115180969238e-01
-6.157464385032653809e-01
9.895974993705749512e-01
2.193252146244049072e-01
9.907065033912658691e-01
9.706047773361206055e-01
8.937148451805114746e-01
8.948171138763427734e-01
-8.962139487266540527e-01
-5.659180283546447754e-01
6.783019304275512695e-01
8.966220021247863770e-01
-5.665956139564514160e-01
-8.054602146148681641e-01
9.888458251953125000e-01
3.189235031604766846e-01
9.123798608779907227e-01
-8.773815631866455078e-01
9.439508318901062012e-01
9.362749457359313965e-01
8.646310567855834961e-01
-9.017580747604370117e-01
4.271501004695892334e-01
-5.265204906463623047e-01
8.538592457771301270e-01
5.490818619728088379e-01
6.378095149993896484e-01
-9.579939842224121094e-01
6.305552124977111816e-01
3.287099599838256836e-01
9.694001674652099609e-01
-6.606348752975463867e-01
6.080073714256286621e-01
9.673706889152526855e-01
-8.173527717590332031e-01
9.578959941864013672e-01
9.886146187782287598e-01
-8.698074817657470703e-01
9.270545840263366699e-01
2.879552245140075684e-01
-6.959876418113708496e-01
9.541233777999877930e-01
9.925888776779174805e-01
-4.678804576396942139e-01
6.964083909988403320e-01
-1.223965883255004883e-01
-8.010821342468261719e-01
9.218940138816833496e-01
9.637968540191650391e-01
4.389674663543701172e-01
-2.164909094572067261e-01
7.819087505340576172e-01
7.124477028846740723e-01
-9.387400150299072266e-01
-2.571004033088684082e-01
8.903269171714782715e-01
5.475605130195617676e-01
4.487215876579284668e-01
4.191865026950836182e-01
-8.422138690948486328e-01
5.328763723373413086e-01
1.445079594850540161e-01
7.340884208679199219e-01
-3.751614093780517578e-01
9.870236515998840332e-01
9.727255702018737793e-01
6.516539454460144043e-01
-9.509370923042297363e-01
9.647967815399169922e-01
5.349764823913574219e-01
-7.111418843269348145e-01
4.317903816699981689e-01
-7.734895348548889160e-01
9.883049130439758301e-01
8.550909161567687988e-01
9.755561947822570801e-01
-6.942560076713562012e-01
7.746576070785522461e-01
-4.526476860046386719e-01
5.855666399002075195e-01
-3.684130609035491943e-01
2.691617310047149658e-01
9.445469975471496582e-01
7.604275941848754883e-01
7.569537162780761719e-01
-9.480815529823303223e-01
7.600520253181457520e-01
1.040786355733871460e-01
8.588783740997314453e-01
-2.554101049900054932e-01
-1.822629570960998535e-01
-6.188939213752746582e-01
8.343108892440795898e-01
3.570484817028045654e-01
8.321927785873413086e-01
-2.995617091655731201e-01
8.893788456916809082e-01
-1.823664009571075439e-01
-6.387547850608825684e-01
9.819641113281250000e-01
9.957123398780822754e-01
4.172826409339904785e-01
9.676012992858886719e-01
-2.330609858036041260e-01
-9.439924359321594238e-01
8.920280933380126953e-01
6.343892812728881836e-01
6.542935967445373535e-01
8.364245295524597168e-01
-7.655687928199768066e-01
5.858525633811950684e-01
2.598183602094650269e-02
-3.804277479648590088e-01
7.414261102676391602e-01
-3.245189487934112549e-01
4.544321075081825256e-02
9.715215563774108887e-01
8.532278537750244141e-01
-6.024322658777236938e-02
-8.797677755355834961e-01
9.716822504997253418e-01
4.786655902862548828e-01
8.905260562896728516e-01
-7.622601389884948730e-01
6.326836943626403809e-01
8.178879618644714355e-01
-9.138125777244567871e-01
7.697775959968566895e-01
9.939893484115600586e-01
-8.686499595642089844e-01
6.862215399742126465e-01
8.616424798965454102e-01
-4.658959209918975830e-01
9.496260881423950195e-01
8.349794745445251465e-01
-8.248039484024047852e-01
6.998127102851867676e-01
6.764339208602905273e-01
-8.733024001121520996e-01
3.246428966522216797e-01
9.548156261444091797e-01
-6.810894608497619629e-01
9.492626786231994629e-01
1.245516985654830933e-01
7.379765510559082031e-01
-9.398788213729858398e-02
7.197007536888122559e-01
-4.682518541812896729e-01
9.586810469627380371e-01
4.530159831047058105e-01
8.225570917129516602e-01
3.263019919395446777e-01
-8.424419164657592773e-01
7.262285053730010986e-02
-8.417380452156066895e-01
9.405432343482971191e-01
8.513703942298889160e-01
9.916346669197082520e-01
5.610654354095458984e-01
-9.013270735740661621e-01
7.030036449432373047e-01
5.393911600112915039e-01
3.807561993598937988e-01
-3.953432142734527588e-01
-7.744471430778503418e-01
6.617098450660705566e-01
5.325945615768432617e-01
9.582493305206298828e-01
3.699861466884613037e-01
8.870359659194946289e-01
8.289243578910827637e-01
-9.577710032463073730e-01
-5.794981718063354492e-01
2.827524542808532715e-01
9.181354194879531860e-02
7.150422334671020508e-01
9.534386396408081055e-01
7.760504484176635742e-01
3.095114827156066895e-01
3.778864145278930664e-01
9.667342901229858398e-01
-8.406220674514770508e-01
-2.416410297155380249e-01
-9.114064574241638184e-01
9.424070715904235840e-01
8.599941134452819824e-01
9.507790207862854004e-01
-8.362194895744323730e-02
2.017951309680938721e-01
-6.900905370712280273e-01
9.172886013984680176e-01
8.079874515533447266e-01
6.921194195747375488e-01
-2.219927310943603516e-01
-5.275620222091674805e-01
7.152571678161621094e-01
1.107513606548309326e-01
-8.642565608024597168e-01
9.206871390342712402e-01
8.257599472999572754e-01
7.881190776824951172e-01
1.371655315160751343e-01
-2.776582837104797363e-01
3.485094904899597168e-01
-4.254449903964996338e-01
9.775374531745910645e-01
9.972404241561889648e-01
8.167991638183593750e-01
9.803532361984252930e-01
-9.371727108955383301e-01
-8.591340184211730957e-01
7.853063344955444336e-01
-2.561742365360260010e-01
5.746450424194335938e-01
8.769171237945556641e-01
4.246590137481689453e-01
-1.589297503232955933e-01
4.725066721439361572e-01
-3.062955439090728760e-01
4.597622454166412354e-01
9.930392503738403320e-01
9.137964844703674316e-01
-9.038528203964233398e-01
-4.656110107898712158e-01
8.857707977294921875e-01
-8.490197062492370605e-01
9.068289399147033691e-01
7.041795253753662109e-01
8.816648721694946289e-01
-6.886312961578369141e-01
5.618383362889289856e-02
9.225975871086120605e-01
9.263842701911926270e-01
6.134679913520812988e-01
9.574291706085205078e-01
-7.019792199134826660e-01
-9.673666954040527344e-01
-6.533215045928955078e-01
9.518185853958129883e-01
9.019798040390014648e-01
9.888546466827392578e-01
4.960701763629913330e-01
7.553770542144775391e-01
1.033857539296150208e-01
-9.791052937507629395e-01
9.529818892478942871e-01
2.428700923919677734e-01
2.523399293422698975e-01
-9.425482749938964844e-01
-5.126004219055175781e-01
9.777430295944213867e-01
9.960159063339233398e-01
9.893997907638549805e-01
-5.730720981955528259e-02
5.214287638664245605e-01
3.694505393505096436e-01
5.008490085601806641e-01
-9.503739327192306519e-02
-4.988561570644378662e-01
1.354707777500152588e-01
1.275894939899444580e-01
-6.823955774307250977e-01
9.815622568130493164e-01
9.983798265457153320e-01
9.589881896972656250e-01
6.061193346977233887e-01
-5.309016704559326172e-01
8.154830932617187500e-01
7.961108684539794922e-01
-7.263861596584320068e-02
-3.299214541912078857e-01
7.290161848068237305e-01
-2.022143006324768066e-01
-5.262728929519653320e-01
8.503572344779968262e-01
8.265619874000549316e-01
5.623743534088134766e-01
-9.477937817573547363e-01
7.898707389831542969e-01
-6.551253795623779297e-01
9.371066689491271973e-01
2.983024530112743378e-02
9.003166556358337402e-01
-2.544514536857604980e-01
7.560978531837463379e-01
8.590326458215713501e-02
-5.926851630210876465e-01
8.933566808700561523e-01
2.306338399648666382e-02
9.856167435646057129e-01
9.365438818931579590e-01
-9.450885653495788574e-01
8.972985148429870605e-01
-2.524481415748596191e-01
8.260786533355712891e-01
1.297320425510406494e-01
9.868611693382263184e-01
-8.179869651794433594e-01
-1.227291449904441833e-01
6.867835521697998047e-01
9.582798480987548828e-01
-7.239568829536437988e-01
8.838720321655273438e-01
5.832087993621826172e-01
5.355845689773559570e-01
8.681681156158447266e-01
-8.644475936889648438e-01
-4.544961750507354736e-01
8.720906972885131836e-01
-4.868790805339813232e-01
9.655005335807800293e-01
-4.827952980995178223e-01
9.826878309249877930e-01
6.479074358940124512e-01
7.961871027946472168e-01
-8.362532258033752441e-01
-5.936261415481567383e-01
9.816660284996032715e-01
9.114425778388977051e-01
9.170808792114257812e-01
1.320324987173080444e-01
-2.191421389579772949e-01
4.245218634605407715e-01
-3.211347013711929321e-02
3.779050335288047791e-02
8.201906681060791016e-01
-6.196864694356918335e-02
-9.344531595706939697e-02
-1.817288622260093689e-02
9.901327490806579590e-01
5.493485927581787109e-01
1.486248616129159927e-02
-2.784582078456878662e-01
8.505694866180419922e-01
9.821498394012451172e-01
-2.123470753431320190e-01
-6.806824207305908203e-01
3.216063082218170166e-01
3.589243590831756592e-01
9.475715756416320801e-01
7.658877968788146973e-01
4.325166344642639160e-01
-9.933090209960937500e-01
-2.385389059782028198e-01
4.500317275524139404e-01
9.384572505950927734e-01
8.906320929527282715e-01
8.009635210037231445e-01
-6.329944729804992676e-01
-1.508654057979583740e-01
-3.689556568861007690e-02
-1.035841777920722961e-01
9.886562228202819824e-01
5.021138191223144531e-01
9.017552733421325684e-01
5.389504432678222656e-01
-5.201654434204101562e-01
4.298872947692871094e-01
-1.990206837654113770e-01
1.998468786478042603e-01
-7.013956308364868164e-01
7.284945249557495117e-01
9.052559733390808105e-01
9.680500030517578125e-01
9.599129557609558105e-01
-9.334868788719177246e-01
5.091882348060607910e-01
9.670944511890411377e-02
5.687093138694763184e-01
-7.628940343856811523e-01
8.766581416130065918e-01
8.033800721168518066e-01
-9.912335276603698730e-01
8.733077645301818848e-01
8.742870688438415527e-01
8.933435082435607910e-01
-1.443119198083877563e-01
-9.850503802299499512e-01
5.784451961517333984e-01
-5.830641388893127441e-01
7.252019047737121582e-01
9.880431890487670898e-01
4.141783714294433594e-01
9.908460974693298340e-01
-9.426296353340148926e-01
6.453902721405029297e-01
9.239723682403564453e-01
-1.234380900859832764e-01
1.201636716723442078e-01
-3.685969114303588867e-01
-3.557130694389343262e-01
8.342243432998657227e-01
5.884755253791809082e-01
9.514076709747314453e-01
-7.200400233268737793e-01
9.607998132705688477e-01
1.756751984357833862e-01
9.696005582809448242e-01
-7.316119670867919922e-01
9.264400601387023926e-01
-2.536402344703674316e-01
-1.075686514377593994e-01
7.973808050155639648e-01
-6.304011493921279907e-02
3.057019114494323730e-01
9.689892530441284180e-01
1.665294617414474487e-01
-2.595373392105102539e-01
9.237523674964904785e-01
3.647229075431823730e-01
6.024835705757141113e-01
-8.869425654411315918e-01
3.074773214757442474e-02
9.562289714813232422e-01
9.618034958839416504e-01
-9.272846393287181854e-03
-8.890008926391601562e-01
1.383375376462936401e-01
1.958508789539337158e-01
8.586083054542541504e-01
8.146763443946838379e-01
4.712847769260406494e-01
-3.505795300006866455e-01
8.378826975822448730e-01
1.267586555331945419e-02
-1.214739382266998291e-01
4.479450285434722900e-01
-7.910690307617187500e-01
9.888429641723632812e-01
9.982535839080810547e-01
-4.169703125953674316e-01
5.267761945724487305e-01
2.187302410602569580e-01
3.317695260047912598e-01
1.228542476892471313e-01
7.392423748970031738e-01
9.009759426116943359e-01
-9.699603319168090820e-01
-4.496651291847229004e-01
5.993222594261169434e-01
9.852855801582336426e-01
9.807779788970947266e-01
8.616448640823364258e-01
3.336002230644226074e-01
-7.381608486175537109e-01
-5.464559197425842285e-01
-2.492625266313552856e-01
3.537444770336151123e-01
6.519502401351928711e-01
9.947052001953125000e-01
8.783422112464904785e-01
3.873530030250549316e-01
7.182217240333557129e-01
-9.901205301284790039e-01
-4.934952557086944580e-01
1.255627125501632690e-01
4.096905589103698730e-01
9.482951760292053223e-01
9.660133123397827148e-01
6.924362778663635254e-01
-8.889892101287841797e-01
-9.610574692487716675e-02
7.133009433746337891e-01
9.380805492401123047e-01
2.555716633796691895e-01
1.168047934770584106e-01
-9.497073888778686523e-01
4.100878238677978516e-01
9.633895754814147949e-01
3.295714259147644043e-01
-4.838405176997184753e-02
-1.178463846445083618e-01
9.709995985031127930e-01
2.525792419910430908e-01
9.721416234970092773e-01
4.109216853976249695e-02
5.466833710670471191e-01
9.429644048213958740e-02
5.084292888641357422e-01
-9.693356156349182129e-01
-8.279424905776977539e-01
8.457018136978149414e-01
6.970865726470947266e-01
9.529048204421997070e-01
8.237537741661071777e-01
-3.983082771301269531e-01
9.490278959274291992e-01
-4.832200109958648682e-01
4.867790341377258301e-01
-4.093635678291320801e-01
7.001084089279174805e-01
7.887427806854248047e-01
9.326385855674743652e-01
-5.414562225341796875e-01
-2.819925844669342041e-01
-5.348471403121948242e-01
9.912513494491577148e-01
-5.602836026810109615e-04
9.306725263595581055e-01
6.566380858421325684e-01
5.615447163581848145e-01
-6.362941265106201172e-01
7.681461572647094727e-01
9.771062135696411133e-01
-7.201095819473266602e-01
-9.683125019073486328e-01
9.841642379760742188e-01
-1.049035191535949707e-01
7.498818635940551758e-01
9.763649106025695801e-01
3.159423470497131348e-01
8.905900716781616211e-01
-9.226434826850891113e-01
9.194880723953247070e-01
9.528761506080627441e-01
-9.169351458549499512e-01
9.102660417556762695e-01
2.067139148712158203e-01
-5.675638914108276367e-01
8.027544021606445312e-01
8.834304809570312500e-01
-7.344796657562255859e-01
4.470071941614151001e-02
9.580758810043334961e-01
7.504442334175109863e-01
-2.635261714458465576e-01
1.607879251241683960e-01
-3.361998200416564941e-01
6.329442262649536133e-01
-3.382541537284851074e-01
9.852077364921569824e-01
8.178756833076477051e-01
8.503748178482055664e-01
-8.144319653511047363e-01
-1.815098822116851807e-01
8.004183322191238403e-02
9.934193491935729980e-01
3.961874842643737793e-01
3.961960077285766602e-01
2.609110474586486816e-01
-9.406526684761047363e-01
2.387297749519348145e-01
9.858094453811645508e-01
9.974769949913024902e-01
8.648242950439453125e-01
-7.498547434806823730e-01
4.154960513114929199e-01
8.638370633125305176e-01
-5.067235231399536133e-01
6.475902199745178223e-01
-4.780919849872589111e-01
3.798398971557617188e-01
3.145432174205780029e-01
9.300810694694519043e-01
5.879223346710205078e-01
1.989738270640373230e-02
5.258260965347290039e-01
8.179094791412353516e-01
-9.827453494071960449e-01
-5.855718255043029785e-01
-1.327524334192276001e-01
9.813988804817199707e-01
9.844843149185180664e-01
5.648500919342041016e-01
-8.062722533941268921e-02
6.948988437652587891e-01
-1.140966117382049561e-01
5.597208067774772644e-02
-2.321738898754119873e-01
9.920667409896850586e-01
8.718373775482177734e-01
2.660049200057983398e-01
-3.043089210987091064e-01
2.654480934143066406e-01
-5.615189075469970703e-01
9.981136918067932129e-01
5.719652175903320312e-01
-5.511771440505981445e-01
9.133034944534301758e-01
1.625634580850601196e-01
3.953516185283660889e-01
-4.752968549728393555e-01
-1.905654966831207275e-01
7.023684382438659668e-01
8.748260140419006348e-01
9.295333623886108398e-01
-8.484751582145690918e-01
7.305358648300170898e-01
9.640482664108276367e-01
2.306880354881286621e-01
-4.739709794521331787e-01
-5.243539214134216309e-01
9.949398040771484375e-01
7.431602478027343750e-01
9.229848384857177734e-01
-5.230640172958374023e-01
-5.308127999305725098e-01
8.962886929512023926e-01
-2.664802372455596924e-01
9.711186885833740234e-01
-1.068260893225669861e-01
9.174417257308959961e-01
6.873598098754882812e-01
-5.431355834007263184e-01
-2.157960236072540283e-01
9.090638160705566406e-01
2.228651791810989380e-01
-5.330947637557983398e-01
9.919903278350830078e-01
4.994653463363647461e-01
-6.651402115821838379e-01
9.327004551887512207e-01
6.021695733070373535e-01
-5.371614694595336914e-01
9.644053578376770020e-01
7.939307689666748047e-01
-6.015255451202392578e-01
3.791629374027252197e-01
5.164610743522644043e-01
1.883762925863265991e-01
6.537465751171112061e-02
6.418510675430297852e-01
5.060701966285705566e-01
-5.228925943374633789e-01
1.757169514894485474e-01
7.735074162483215332e-01
6.943078637123107910e-01
-9.104433655738830566e-02
-5.370824933052062988e-01
9.257383942604064941e-01
3.132549524307250977e-01
6.531391143798828125e-01
-2.246927469968795776e-01
-5.079801082611083984e-01
9.184297323226928711e-01
5.360842943191528320e-01
-5.322287082672119141e-01
9.947649240493774414e-01
2.740392386913299561e-01
9.321188330650329590e-01
-4.781082570552825928e-01
3.965405225753784180e-01
-4.652909338474273682e-01
9.021881222724914551e-01
8.954259753227233887e-01
3.312756717205047607e-01
-6.872010231018066406e-01
7.008269429206848145e-01
-5.623065829277038574e-01
9.641835093498229980e-01
5.416772514581680298e-02
9.632549881935119629e-01
3.106131255626678467e-01
9.603812694549560547e-01
-6.575084328651428223e-01
4.560438096523284912e-01
7.616561055183410645e-01
-7.246553301811218262e-01
-5.941969156265258789e-01
9.952521324157714844e-01
-6.240330338478088379e-01
9.088405370712280273e-01
-6.055637001991271973e-01
9.777079820632934570e-01
9.808509349822998047e-01
9.363234043121337891e-01
-5.201901793479919434e-01
3.583990037441253662e-01
8.470298051834106445e-01
-7.098702192306518555e-01
5.535148829221725464e-02
9.954845309257507324e-01
6.566641926765441895e-01
9.152633547782897949e-01
-6.866601705551147461e-01
7.463399171829223633e-01
-8.835719823837280273e-01
-4.973061010241508484e-02
8.603200912475585938e-01
2.776906788349151611e-01
9.579830765724182129e-01
7.909088134765625000e-01
-9.846388697624206543e-01
7.060398459434509277e-01
-3.218311369419097900e-01
2.135905325412750244e-01
9.613345861434936523e-01
1.547555923461914062e-01
4.833010137081146240e-01
-8.891041278839111328e-01
9.779164195060729980e-01
4.572624862194061279e-01
9.784415364265441895e-01
9.941657632589340210e-02
-1.958097815513610840e-01
-3.713149428367614746e-01
1.092093735933303833e-01
9.944584965705871582e-01
1.718468964099884033e-01
9.459741115570068359e-01
-2.834522128105163574e-01
5.748466253280639648e-01
3.291826844215393066e-01
9.993689507246017456e-02
-4.182865023612976074e-01
4.920303821563720703e-01
3.451987802982330322e-01
9.564559459686279297e-01
2.003076374530792236e-01
-2.097032405436038971e-02
5.702763795852661133e-01
-8.984965085983276367e-01
8.552697896957397461e-01
-4.634243547916412354e-01
7.981456518173217773e-01
8.760787844657897949e-01
3.057803809642791748e-01
6.876757144927978516e-01
-8.835268020629882812e-01
8.871566653251647949e-01
-9.178552031517028809e-01
9.780393838882446289e-01
9.741255640983581543e-01
-8.168312907218933105e-01
9.863873720169067383e-01
7.036426663398742676e-01
8.356431722640991211e-01
7.985111474990844727e-01
1.339104622602462769e-01
-7.661972045898437500e-01
-9.311628341674804688e-01
-6.362432241439819336e-01
9.991651773452758789e-01
7.124086618423461914e-01
9.760164618492126465e-01
3.278643786907196045e-01
9.709752202033996582e-01
7.028931379318237305e-01
-2.672734856605529785e-01
-8.879314064979553223e-01
-3.311624825000762939e-01
9.113379120826721191e-01
9.906669855117797852e-01
-6.534817218780517578e-01
9.143356680870056152e-01
3.601807355880737305e-01
-2.606895864009857178e-01
9.585422277450561523e-01
6.367552876472473145e-01
-5.252463817596435547e-01
8.644726872444152832e-01
-6.067321822047233582e-02
3.532656729221343994e-01
4.381229579448699951e-01
-9.875377416610717773e-01
6.752823591232299805e-01
9.871531128883361816e-01
-2.795230224728584290e-02
9.973407983779907227e-01
7.203413844108581543e-01
-8.865324854850769043e-01
7.001420855522155762e-01
-1.309155225753784180e-01
4.926780760288238525e-01
-9.050998091697692871e-01
9.221076965332031250e-01
9.575777649879455566e-01
9.471262097358703613e-01
-9.192091226577758789e-01
7.233509421348571777e-01
9.317613840103149414e-01
-9.166054129600524902e-01
3.499175906181335449e-01
-7.374598979949951172e-01
6.424577236175537109e-01
9.993849396705627441e-01
9.855191707611083984e-01
9.206315875053405762e-01
-9.417775869369506836e-01
3.120672404766082764e-01
2.070641964673995972e-01
7.479940056800842285e-01
-3.721809014678001404e-02
-5.465489625930786133e-01
9.848738908767700195e-01
3.886554241180419922e-01
1.872292459011077881e-01
-6.745731234550476074e-01
9.893541336059570312e-01
9.573577046394348145e-01
5.671841502189636230e-01
2.816271968185901642e-02
-9.677537679672241211e-01
7.285816073417663574e-01
5.539654493331909180e-01
5.975592732429504395e-01
2.233281284570693970e-01
-7.363446950912475586e-01
9.214311838150024414e-01
8.702660799026489258e-01
4.219271540641784668e-01
-6.707578897476196289e-01
-7.898931503295898438e-01
6.437112092971801758e-01
1.527471393346786499e-01
9.962941408157348633e-01
9.672095775604248047e-01
8.658691644668579102e-01
-8.075595647096633911e-02
-3.369808942079544067e-02
5.245658755302429199e-01
8.628851771354675293e-01
-9.677990674972534180e-01
2.662481069564819336e-01
1.439237315207719803e-02
8.310618400573730469e-01
5.755941867828369141e-01
-8.295644074678421021e-03
-8.278913497924804688e-01
6.093431115150451660e-01
8.242870569229125977e-01
2.271857857704162598e-01
4.806712269783020020e-01
-3.587804734706878662e-02
6.805370450019836426e-01
-3.423975408077239990e-02
8.461594581604003906e-01
-6.523530483245849609e-01
-6.356330215930938721e-02
9.633595943450927734e-01
8.602450489997863770e-01
2.622523009777069092e-01
7.049270272254943848e-01
-7.626070976257324219e-01
-9.885924458503723145e-01
9.459909200668334961e-01
6.888876669108867645e-03
8.667642474174499512e-01
9.800296425819396973e-01
-1.547317355871200562e-01
6.932759881019592285e-01
-4.488336145877838135e-01
8.084391355514526367e-01
5.821592211723327637e-01
1.594257354736328125e-01
9.900211095809936523e-01
5.503809452056884766e-01
-8.980664014816284180e-01
-9.474243521690368652e-01
8.244356513023376465e-01
9.094617962837219238e-01
2.532851696014404297e-01
1.843199431896209717e-01
-6.754171848297119141e-01
2.603236436843872070e-01
9.783386588096618652e-01
9.658318758010864258e-01
2.578818202018737793e-01
7.543271034955978394e-02
2.294678837060928345e-01
5.539976954460144043e-01
-7.453575134277343750e-01
5.495293140411376953e-01
8.461870551109313965e-01
9.159166216850280762e-01
-5.265667438507080078e-01
-8.892892003059387207e-01
7.423130869865417480e-01
8.402851819992065430e-01
5.903545618057250977e-01
1.730520278215408325e-01
-6.183086633682250977e-01
5.321895480155944824e-01
6.929917931556701660e-01
4.033817648887634277e-01
7.763389945030212402e-01
1.162119284272193909e-01
-4.129698574542999268e-01
-6.977734565734863281e-01
8.205523490905761719e-01
8.901749849319458008e-01
7.016502618789672852e-01
6.454468965530395508e-01
-8.267435431480407715e-01
9.543008804321289062e-01
-1.600925773382186890e-01
-2.438103705644607544e-01
8.926491141319274902e-01
9.007294774055480957e-01
7.301319837570190430e-01
-9.868713617324829102e-01
-3.559133410453796387e-01
9.228006005287170410e-01
3.964534103870391846e-01
-7.759901881217956543e-01
7.554064393043518066e-01
7.780793905258178711e-01
2.450694888830184937e-01
1.292552351951599121e-01
7.844748497009277344e-01
3.129763603210449219e-01
-9.776247143745422363e-01
6.706672310829162598e-01
9.768405556678771973e-01
2.181315422058105469e-01
8.188533782958984375e-01
-8.893802762031555176e-01
-5.091357827186584473e-01
9.633126258850097656e-01
8.174294829368591309e-01
9.906853437423706055e-01
4.773339033126831055e-01
5.986523628234863281e-01
-8.533883094787597656e-01
6.813017129898071289e-01
-2.655110061168670654e-01
-3.383275866508483887e-01
-4.690546542406082153e-02
7.682963609695434570e-01
7.867897152900695801e-01
9.768725037574768066e-01
-9.152613878250122070e-01
1.310676783323287964e-01
9.114137887954711914e-01
9.176991581916809082e-01
-2.876012325286865234e-01
5.773049592971801758e-01
1.846575140953063965e-01
2.005193568766117096e-02
8.232524394989013672e-01
-7.151727676391601562e-01
-8.779005408287048340e-01
7.958674430847167969e-01
9.993512630462646484e-01
7.946704626083374023e-01
9.631145596504211426e-01
3.861590325832366943e-01
4.224428236484527588e-01
-8.538935780525207520e-01
-2.902119755744934082e-01
7.420468330383300781e-01
-3.474822938442230225e-01
5.838572382926940918e-01
9.198068380355834961e-01
-6.884332299232482910e-01
-5.164204835891723633e-01
9.927430748939514160e-01
6.624145507812500000e-01
8.870633244514465332e-01
5.914464592933654785e-01
-7.439287304878234863e-01
9.970407485961914062e-01
6.159978508949279785e-01
-4.057673513889312744e-01
-7.147681713104248047e-01
9.921408891677856445e-01
3.462181091308593750e-01
6.929448246955871582e-01
9.388624429702758789e-01
-5.129292607307434082e-01
6.561207175254821777e-01
-2.492961287498474121e-01
7.125602960586547852e-01
4.954305663704872131e-02
5.266764163970947266e-01
-7.903115749359130859e-01
7.238059639930725098e-01
9.537600874900817871e-01
-5.737812519073486328e-01
3.358483314514160156e-02
9.880724549293518066e-01
-9.333190917968750000e-01
9.900575280189514160e-01
2.445474863052368164e-01
7.628640532493591309e-01
5.319445133209228516e-01
-4.603713154792785645e-01
8.780297040939331055e-01
2.234111279249191284e-01
1.507254391908645630e-01
4.243113398551940918e-01
1.256829500198364258e-01
8.111193776130676270e-02
8.940187096595764160e-01
9.012581706047058105e-01
-8.444545865058898926e-01
-6.889909505844116211e-01
2.155267596244812012e-01
9.065663218498229980e-01
8.231726884841918945e-01
8.224037885665893555e-01
-2.475483268499374390e-01
-9.671956896781921387e-01
9.641081690788269043e-01
2.781966924667358398e-01
-4.762489348649978638e-02
9.758966565132141113e-01
8.585739731788635254e-01
-3.798975646495819092e-01
2.278005629777908325e-01
7.667537927627563477e-01
7.727909088134765625e-01
-4.707992672920227051e-01
8.990572094917297363e-01
-9.612876176834106445e-01
5.653867721557617188e-01
8.059091120958328247e-02
-6.710021942853927612e-02
9.773737192153930664e-01
6.936562061309814453e-01
-8.639612793922424316e-01
1.381165087223052979e-01
8.999218940734863281e-01
4.310432821512222290e-02
-2.037211209535598755e-01
9.906568527221679688e-01
6.595331430435180664e-01
-8.071399331092834473e-01
8.891472816467285156e-01
8.430983424186706543e-01
8.612092733383178711e-01
-2.751053571701049805e-01
6.189753487706184387e-02
9.369158148765563965e-01
-4.133363366127014160e-01
3.752693235874176025e-01
9.153121709823608398e-01
-9.401617646217346191e-01
-1.184485573321580887e-02
-9.403840303421020508e-01
9.831880331039428711e-01
9.922212958335876465e-01
7.038317918777465820e-01
9.190195202827453613e-01
-1.457967013120651245e-01
5.182169675827026367e-01
-1.973007321357727051e-01
8.304562568664550781e-01
-8.937719464302062988e-01
1.296440809965133667e-01
9.109351038932800293e-01
8.826054334640502930e-01
3.105934560298919678e-01
-7.702311277389526367e-01
9.016075730323791504e-01
1.091244891285896301e-01
-4.923897087574005127e-01
-1.319341063499450684e-01
9.552986621856689453e-01
9.698159694671630859e-01
-7.685260772705078125e-01
8.718056082725524902e-01
9.963815212249755859e-01
4.564987719058990479e-01
5.196189880371093750e-01
7.731850743293762207e-01
-9.199585318565368652e-01
-6.166664958000183105e-01
7.232134342193603516e-01
3.917701840400695801e-01
8.375622034072875977e-01
-7.688838839530944824e-01
9.931249618530273438e-01
-1.526091098785400391e-01
-1.778060793876647949e-01
6.716519594192504883e-01
-4.751257598400115967e-01
7.246150374412536621e-01
9.972999095916748047e-01
-4.648976027965545654e-01
9.786400794982910156e-01
6.170235872268676758e-01
4.136343300342559814e-01
-8.850945234298706055e-01
9.016871452331542969e-01
5.812552571296691895e-01
-2.900227308273315430e-01
7.499269247055053711e-01
9.032334089279174805e-01
-9.475474953651428223e-01
4.391830563545227051e-01
8.267036676406860352e-01
-4.646818339824676514e-01
9.489396214485168457e-01
8.677673339843750000e-01
-8.990110754966735840e-01
-1.892866939306259155e-01
9.969817996025085449e-01
-2.479761987924575806e-01
2.096872478723526001e-01
5.785722136497497559e-01
8.450539708137512207e-01
1.119130030274391174e-01
-2.047886401414871216e-01
-4.380734860897064209e-01
4.621923565864562988e-01
9.964339733123779297e-01
8.857456445693969727e-01
-7.752580940723419189e-02
2.642168700695037842e-01
-3.159276023507118225e-02
3.375652730464935303e-01
-6.546131968498229980e-01
7.677867412567138672e-01
9.741303920745849609e-01
1.187679097056388855e-01
1.515252292156219482e-01
8.686765432357788086e-01
-1.866656243801116943e-01
7.640172839164733887e-01
9.252967238426208496e-01
-1.520344018936157227e-01
-2.128693312406539917e-01
-8.602558970451354980e-01
-2.909423708915710449e-01
9.431847929954528809e-01
1.961932182312011719e-01
9.907326698303222656e-01
9.194397330284118652e-01
4.694749712944030762e-01
1.225096955895423889e-01
-5.478618741035461426e-01
4.820866286754608154e-01
8.739976882934570312e-01
3.893861770629882812e-01
-9.818791151046752930e-01
-3.460566103458404541e-01
8.222474455833435059e-01
9.517366886138916016e-01
-9.467940777540206909e-02
5.911614298820495605e-01
4.707864522933959961e-01
-7.274836897850036621e-01
9.977493286132812500e-01
2.661005221307277679e-02
7.597965598106384277e-01
3.655877709388732910e-01
8.255228400230407715e-01
7.542639970779418945e-02
-8.150554895401000977e-01
-3.199480473995208740e-01
-2.933774292469024658e-01
9.978128671646118164e-01
9.929168224334716797e-01
9.964162707328796387e-01
-2.964884340763092041e-01
5.683781504631042480e-01
6.648091077804565430e-01
9.205185770988464355e-01
-9.141682386398315430e-01
-2.570400834083557129e-01
9.811792373657226562e-01
-3.767707049846649170e-01
6.644682288169860840e-01
9.909841418266296387e-01
7.485702633857727051e-01
-6.478571295738220215e-01
-9.571476578712463379e-01
-4.798639938235282898e-02
7.696579694747924805e-01
-2.737538516521453857e-01
9.960422515869140625e-01
9.225878119468688965e-01
8.530594706535339355e-01
-4.111447930335998535e-01
5.215095877647399902e-01
5.137581825256347656e-01
-5.001296997070312500e-01
6.995255351066589355e-01
-2.577875554561614990e-01
9.199430346488952637e-01
7.607674002647399902e-01
1.638987660408020020e-01
2.913399934768676758e-01
-9.485912919044494629e-01
3.942471742630004883e-01
9.733787178993225098e-01
7.572776675224304199e-01
-8.486594557762145996e-01
7.660680413246154785e-01
3.969766199588775635e-01
-8.153265118598937988e-01
6.264897584915161133e-01
9.657358527183532715e-01
7.778244614601135254e-01
1.675447076559066772e-01
7.742627263069152832e-01
-2.755612730979919434e-01
4.854995757341384888e-02
2.972007393836975098e-01
-9.700077772140502930e-01
7.118653059005737305e-01
9.640277028083801270e-01
3.521576756611466408e-03
3.760614097118377686e-01
-3.622256219387054443e-01
4.104369282722473145e-01
7.200394272804260254e-01
-4.384634494781494141e-01
1.944891363382339478e-01
5.402559638023376465e-01
9.950177669525146484e-01
7.099442481994628906e-01
-7.311297655105590820e-01
-1.092485804110765457e-02
9.757789373397827148e-01
9.948607087135314941e-01
9.912382364273071289e-01
-3.110914826393127441e-01
-9.005897641181945801e-01
-6.790359616279602051e-01
5.684658288955688477e-01
9.579602479934692383e-01
9.691279530525207520e-01
4.023291636258363724e-03
8.552392125129699707e-01
2.899770438671112061e-01
-9.220286011695861816e-01
9.439021944999694824e-01
3.925332129001617432e-01
-4.184668660163879395e-01
-8.566179275512695312e-01
9.528235197067260742e-01
9.838274717330932617e-01
7.641875147819519043e-01
6.348174214363098145e-01
5.245488882064819336e-01
5.890613794326782227e-01
-6.979517936706542969e-01
-8.742914795875549316e-01
9.571942687034606934e-01
8.387574553489685059e-01
-2.715159654617309570e-01
-7.390379309654235840e-01
9.828376770019531250e-01
9.433227777481079102e-01
7.332845330238342285e-01
7.113019824028015137e-01
-9.909853935241699219e-01
-1.199505701661109924e-01
1.207490116357803345e-01
9.716345667839050293e-01
9.413247108459472656e-01
-4.844879508018493652e-01
8.794451951980590820e-01
-6.795518994331359863e-01
1.764948815107345581e-01
-1.219789236783981323e-01
9.467475414276123047e-01
9.641566276550292969e-01
4.444185197353363037e-01
-9.100222587585449219e-02
8.543086051940917969e-01
-2.605869472026824951e-01
5.849953293800354004e-01
-9.243627190589904785e-01
-5.641195178031921387e-01
9.996555447578430176e-01
9.939581751823425293e-01
8.781875371932983398e-01
-9.140009880065917969e-01
6.729372739791870117e-01
1.929274052381515503e-01
7.489252090454101562e-01
8.988040089607238770e-01
4.694263637065887451e-01
-1.825875937938690186e-01
-2.371612936258316040e-01
-6.972116827964782715e-01
-6.679967790842056274e-02
9.364162087440490723e-01
9.417957663536071777e-01
3.462227284908294678e-01
9.059543609619140625e-01
4.219851791858673096e-01
-5.964344143867492676e-01
6.312566399574279785e-01
-3.261514902114868164e-01
7.582728862762451172e-01
-3.706250190734863281e-01
9.705371260643005371e-01
-4.334061443805694580e-01
-5.937070250511169434e-01
9.319819808006286621e-01
9.698572158813476562e-01
9.281472563743591309e-01
4.419246017932891846e-01
-4.369699209928512573e-02
-7.285983562469482422e-01
4.113836288452148438e-01
-2.738270461559295654e-01
6.331593990325927734e-01
8.234647512435913086e-01
1.418370287865400314e-02
5.396454334259033203e-01
-7.411174178123474121e-01
8.312158584594726562e-01
8.421559333801269531e-01
8.048025965690612793e-01
-4.725299403071403503e-02
6.183661818504333496e-01
-3.297645449638366699e-01
-5.348716378211975098e-01
-1.691181659698486328e-01
9.868847131729125977e-01
9.792343378067016602e-01
4.766008257865905762e-01
-8.220463991165161133e-01
9.035977125167846680e-01
8.238828182220458984e-01
-2.742729485034942627e-01
8.909258842468261719e-01
-5.830947160720825195e-01
-3.155832588672637939e-01
9.125468786805868149e-04
8.993487954139709473e-01
9.400920867919921875e-01
9.707748889923095703e-01
7.974870204925537109e-01
-9.414796829223632812e-01
-9.395906925201416016e-01
-6.886393427848815918e-01
9.786226153373718262e-01
9.927553534507751465e-01
9.795988798141479492e-01
9.874523878097534180e-01
-2.917301952838897705e-01
8.143196254968643188e-02
7.524715065956115723e-01
-8.825771808624267578e-01
8.130838274955749512e-01
-7.507684081792831421e-02
6.361339688301086426e-01
9.024205207824707031e-01
2.317816577851772308e-02
-5.433121323585510254e-02
-4.333674013614654541e-01
9.393942356109619141e-01
-7.961423993110656738e-01
7.534990310668945312e-01
9.542384147644042969e-01
8.753756284713745117e-01
-1.700385063886642456e-01
-5.687091350555419922e-01
8.492774367332458496e-01
4.477203488349914551e-01
2.795171141624450684e-01
-1.794034838676452637e-01
6.342703104019165039e-01
-3.441433012485504150e-01
6.075577139854431152e-01
9.079098701477050781e-01
3.436181545257568359e-01
-3.720717728137969971e-01
2.565415501594543457e-01
-1.456627547740936279e-01
8.486611247062683105e-01
3.067226111888885498e-01
1.840708851814270020e-01
-2.624644339084625244e-01
-4.127486646175384521e-01
9.071604013442993164e-01
9.847400784492492676e-01
5.970680713653564453e-01
-1.905534863471984863e-01
-4.921165704727172852e-01
9.830368161201477051e-01
9.831115007400512695e-01
-2.325737923383712769e-01
7.720603942871093750e-01
5.532736778259277344e-01
-7.324499487876892090e-01
6.650226116180419922e-01
-9.761487245559692383e-01
2.724793255329132080e-01
9.969544410705566406e-01
9.285687804222106934e-01
-6.502556204795837402e-01
-3.314040899276733398e-01
9.382676482200622559e-01
8.964685797691345215e-01
8.559551239013671875e-01
-3.116657258942723274e-03
-9.432157874107360840e-01
3.244639933109283447e-01
1.408205330371856689e-01
9.921565055847167969e-01
9.900379776954650879e-01
-5.012499094009399414e-01
9.278202652931213379e-01
8.689595460891723633e-01
-2.502800524234771729e-01
-9.670644998550415039e-01
-7.889354974031448364e-02
5.566585659980773926e-01
7.879386544227600098e-01
9.054961204528808594e-01
-9.067747592926025391e-01
5.868391990661621094e-01
9.756641387939453125e-01
8.299365043640136719e-01
-6.120306253433227539e-02
-7.922366857528686523e-01
4.098915159702301025e-01
9.944392442703247070e-01
1.928407549858093262e-01
-5.469160079956054688e-01
9.676573276519775391e-01
-8.493934273719787598e-01
8.513939380645751953e-01
9.963283538818359375e-01
-7.592255622148513794e-02
8.561826348304748535e-01
4.754878282546997070e-01
-6.792529225349426270e-01
-6.861106157302856445e-01
9.657878875732421875e-01
8.099969029426574707e-01
9.764341115951538086e-01
-6.722341775894165039e-01
2.933075428009033203e-01
-4.848910272121429443e-01
9.282473921775817871e-01
-4.515342712402343750e-01
8.505148887634277344e-01
9.481082558631896973e-01
1.266887634992599487e-01
8.015926927328109741e-02
8.980844020843505859e-01
-5.502405762672424316e-01
9.643877148628234863e-01
8.569452166557312012e-01
4.002452194690704346e-01
-9.746558070182800293e-01
-2.009799629449844360e-01
8.230060338973999023e-01
5.813109874725341797e-01
-3.396790623664855957e-01
4.694777727127075195e-01
5.248012542724609375e-01
7.897729277610778809e-01
-5.896515250205993652e-01
-6.183605194091796875e-01
9.936964511871337891e-01
9.883229732513427734e-01
7.023158073425292969e-01
-5.433455109596252441e-01
-9.077104926109313965e-01
-1.673068404197692871e-01
9.396877288818359375e-01
9.972002506256103516e-01
9.687336087226867676e-01
-1.288137584924697876e-01
9.232575297355651855e-01
5.636649206280708313e-02
2.903602123260498047e-01
-8.945989608764648438e-01
6.763120293617248535e-01
9.210156798362731934e-01
2.670107781887054443e-01
-5.563420057296752930e-01
7.999254465103149414e-01
7.959709763526916504e-01
6.990697979927062988e-01
-4.886638522148132324e-01
-5.494981408119201660e-01
-8.060590028762817383e-01
9.866063594818115234e-01
9.869031310081481934e-01
9.859450459480285645e-01
7.510652542114257812e-01
-3.325743377208709717e-01
-5.890362858772277832e-01
9.193471074104309082e-01
7.630146741867065430e-01
-3.049845397472381592e-01
-5.855006575584411621e-01
7.618728876113891602e-01
8.041504621505737305e-01
8.628470301628112793e-01
-5.132131576538085938e-01
-3.476409986615180969e-02
2.539638280868530273e-01
9.331840276718139648e-01
-3.666341006755828857e-01
3.212226629257202148e-01
-7.760609388351440430e-01
3.213867545127868652e-01
9.977082014083862305e-01
9.834833145141601562e-01
8.646601438522338867e-01
-3.619920611381530762e-01
7.165904045104980469e-01
5.967321991920471191e-01
-9.761980772018432617e-01
9.766517281532287598e-01
5.139064788818359375e-01
-8.887808322906494141e-01
7.321684956550598145e-01
8.100978732109069824e-01
8.837206363677978516e-01
-7.005096673965454102e-01
1.272907666862010956e-02
7.209084182977676392e-02
5.582378506660461426e-01
-9.334317445755004883e-01
8.162311315536499023e-01
8.517655134201049805e-01
4.532798230648040771e-01
2.162174284458160400e-01
2.911053001880645752e-01
7.505080699920654297e-01
1.309653744101524353e-02
-3.490900397300720215e-01
8.158700466156005859e-01
-4.410523772239685059e-01
9.611245989799499512e-01
8.155125379562377930e-01
2.729785442352294922e-01
-6.941460371017456055e-01
-1.916500777006149292e-01
7.660164237022399902e-01
7.015862464904785156e-01
-5.064828395843505859e-01
-5.488677024841308594e-01
9.935529232025146484e-01
9.967319369316101074e-01
9.359992146492004395e-01
-3.625468611717224121e-01
8.367804288864135742e-01
-3.486713469028472900e-01
9.384720325469970703e-01
-7.409753799438476562e-01
7.839115262031555176e-01
3.249596953392028809e-01
2.196061760187149048e-01
-2.730680070817470551e-02
3.438107669353485107e-01
9.874459505081176758e-01
-5.899665355682373047e-01
-9.458258152008056641e-01
9.793576002120971680e-01
8.194985389709472656e-01
9.363514184951782227e-01
9.555819630622863770e-01
-9.004254341125488281e-01
5.648528933525085449e-01
-2.477952837944030762e-01
4.768393635749816895e-01
3.470910489559173584e-01
9.333629608154296875e-01
-9.935455918312072754e-01
5.508592724800109863e-02
-4.555101990699768066e-01
9.805727601051330566e-01
9.400218725204467773e-01
9.922538399696350098e-01
9.237948656082153320e-01
-7.208503484725952148e-01
6.692932248115539551e-01
-8.342413306236267090e-01
7.164382934570312500e-01
-4.805127084255218506e-01
2.323618531227111816e-01
7.851319909095764160e-01
7.477820515632629395e-01
9.353159666061401367e-01
-5.118253827095031738e-01
6.350055336952209473e-01
-8.337590098381042480e-01
9.486355781555175781e-01
4.017290771007537842e-01
-7.245895266532897949e-01
8.756146430969238281e-01
9.844584465026855469e-01
6.435710191726684570e-01
3.223798871040344238e-01
-8.519984483718872070e-01
9.782997965812683105e-01
-9.035966992378234863e-01
-3.868222534656524658e-01
9.939296841621398926e-01
9.807918071746826172e-01
3.759939670562744141e-01
1.768752932548522949e-01
6.025406718254089355e-01
3.513599932193756104e-02
-9.533333182334899902e-01
6.737186312675476074e-01
8.301070332527160645e-01
9.474805593490600586e-01
-5.504195690155029297e-01
8.878780007362365723e-01
-4.754209220409393311e-01
8.821487426757812500e-01
5.790566802024841309e-01
7.831448316574096680e-01
-2.184851169586181641e-01
6.864609122276306152e-01
-8.774892091751098633e-01
-9.374597668647766113e-01
7.499175667762756348e-01
9.681486487388610840e-01
9.573584198951721191e-01
9.788723587989807129e-01
-9.436340928077697754e-01
-4.896700009703636169e-02
1.875534653663635254e-01
-1.375471055507659912e-01
9.894388914108276367e-01
-9.461431205272674561e-02
9.325787425041198730e-01
9.125060439109802246e-01
6.250422000885009766e-01
8.164063841104507446e-02
-9.946764111518859863e-01
-5.912497639656066895e-01
9.582447409629821777e-01
8.748747110366821289e-01
7.824640870094299316e-01
-8.601355552673339844e-01
7.835038900375366211e-01
8.768728971481323242e-01
-9.529602527618408203e-01
8.423418998718261719e-01
8.614658117294311523e-01
9.303705692291259766e-01
-9.755921959877014160e-01
-9.367490187287330627e-03
8.385108113288879395e-01
-3.833900392055511475e-01
1.748448163270950317e-01
7.664276361465454102e-01
9.663814902305603027e-01
-7.918604016304016113e-01
7.391362786293029785e-01
6.403178721666336060e-02
7.400081157684326172e-01
1.261612679809331894e-02
-2.881909608840942383e-01
6.365863084793090820e-01
-5.815140604972839355e-01
9.663062691688537598e-01
9.909381270408630371e-01
8.236835002899169922e-01
8.306814432144165039e-01
-9.835922122001647949e-01
5.206266418099403381e-02
-7.906994819641113281e-01
8.920395970344543457e-01
9.965566992759704590e-01
6.841994524002075195e-01
8.099295496940612793e-01
-4.689530730247497559e-01
-7.784483432769775391e-01
-7.205943018198013306e-02
-4.124368727207183838e-01
9.500361680984497070e-01
9.686676859855651855e-01
9.349541664123535156e-01
-4.120614528656005859e-01
8.050903081893920898e-01
7.749168872833251953e-01
-3.835647106170654297e-01
4.156902134418487549e-01
6.512023210525512695e-01
-3.699726164340972900e-01
6.269031167030334473e-01
7.606805562973022461e-01
-6.932381987571716309e-01
7.110801339149475098e-01
-2.542889416217803955e-01
9.310021996498107910e-01
4.207330048084259033e-01
-8.456685543060302734e-01
-2.151526808738708496e-01
8.761433362960815430e-01
9.947012066841125488e-01
5.147944688796997070e-01
-2.789260745048522949e-01
4.842164516448974609e-01
8.262428641319274902e-01
-6.755908131599426270e-01
3.903838992118835449e-02
-5.347728729248046875e-01
9.899011254310607910e-01
1.514242440462112427e-01
9.410520195960998535e-01
9.291147589683532715e-01
-5.840264558792114258e-01
9.816785454750061035e-01
8.222540616989135742e-01
-8.607444763183593750e-01
-8.215917348861694336e-01
5.596804022789001465e-01
9.892079830169677734e-01
9.811277985572814941e-01
7.902157902717590332e-01
7.065126299858093262e-01
-9.770330190658569336e-01
-9.642538428306579590e-01
3.060831725597381592e-01
9.889684915542602539e-01
9.468697905540466309e-01
6.638671159744262695e-01
6.363059282302856445e-01
-4.029503166675567627e-01
-8.732504844665527344e-01
-8.852637410163879395e-01
9.969750046730041504e-01
9.987742304801940918e-01
9.861609935760498047e-01
9.184480905532836914e-01
2.554954290390014648e-01
5.892274379730224609e-01
7.540619373321533203e-02
-2.056153863668441772e-01
-9.199541807174682617e-01
-1.182687282562255859e-02
8.106638193130493164e-01
2.842766344547271729e-01
3.966862857341766357e-01
9.463655352592468262e-01
-4.376852810382843018e-01
9.780994057655334473e-01
3.202263414859771729e-01
-3.086861670017242432e-01
-3.105135262012481689e-01
8.511241674423217773e-01
3.992428779602050781e-01
-5.381625890731811523e-01
9.693061113357543945e-01
-6.371580809354782104e-02
9.188822507858276367e-01
4.187577068805694580e-01
6.344043016433715820e-01
8.250272870063781738e-01
-8.250696659088134766e-01
-9.536423683166503906e-01
9.959969520568847656e-01
9.120045900344848633e-01
9.821880459785461426e-01
9.253730773925781250e-01
-8.550304770469665527e-01
-9.903600811958312988e-01
3.774835169315338135e-01
9.635882973670959473e-01
-3.135595023632049561e-01
8.893206119537353516e-01
5.690363049507141113e-01
-4.364162683486938477e-01
6.060898900032043457e-01
9.344357848167419434e-01
2.825661301612854004e-01
-6.460527777671813965e-01
-6.694207191467285156e-01
6.666452884674072266e-01
9.191624522209167480e-01
4.989758729934692383e-01
8.812972903251647949e-01
7.040274739265441895e-01
1.792984902858734131e-01
-9.960607886314392090e-01
7.765713930130004883e-01
4.451088607311248779e-01
-1.090355142951011658e-01
7.548481822013854980e-01
-1.675204932689666748e-01
4.117964208126068115e-01
-8.007988929748535156e-01
-5.150651931762695312e-01
9.996312856674194336e-01
9.975622892379760742e-01
9.506502151489257812e-01
5.226064324378967285e-01
3.260159492492675781e-01
-1.049404665827751160e-01
3.252038732171058655e-02
1.626825034618377686e-01
-3.835855424404144287e-01
4.908246695995330811e-01
8.036940097808837891e-01
3.604572117328643799e-01
-2.060439437627792358e-01
9.959903955459594727e-01
7.282207012176513672e-01
-3.337089717388153076e-01
8.427467942237854004e-01
-9.684460163116455078e-01
7.504661679267883301e-01
3.327155411243438721e-01
7.745440602302551270e-01
-9.308859109878540039e-01
2.169410735368728638e-01
1.899746991693973541e-02
9.566679596900939941e-01
2.767944335937500000e-01
-2.355719357728958130e-01
8.810940384864807129e-01
7.602345943450927734e-01
5.539513826370239258e-01
-1.855393350124359131e-01
7.646187543869018555e-01
5.779693126678466797e-01
-8.641237020492553711e-01
1.571657955646514893e-01
-7.189926505088806152e-01
6.955219507217407227e-01
9.410917758941650391e-01
8.458753824234008789e-01
6.564744710922241211e-01
5.816720724105834961e-01
-4.765027165412902832e-01
-6.095937490463256836e-01
-2.283672243356704712e-01
8.457865118980407715e-01
-3.458847403526306152e-01
9.873309135437011719e-01
8.398560881614685059e-01
7.880614399909973145e-01
3.478399217128753662e-01
-1.506730169057846069e-02
-9.727389812469482422e-01
3.264721333980560303e-01
9.350743889808654785e-01
9.500215053558349609e-01
-7.517120838165283203e-01
9.295629858970642090e-01
9.417148828506469727e-01
-5.041117668151855469e-01
8.254727721214294434e-01
6.006258726119995117e-01
-3.969419300556182861e-01
-2.445046156644821167e-01
9.103916287422180176e-01
-9.349564909934997559e-01
-5.488104224205017090e-01
9.609965682029724121e-01
7.445828318595886230e-01
9.962033629417419434e-01
9.637833237648010254e-01
8.309199661016464233e-02
-7.572082877159118652e-01
9.731459021568298340e-01
-5.590468049049377441e-01
-9.075325131416320801e-01
9.848537445068359375e-01
9.734334349632263184e-01
9.427979588508605957e-01
-2.018564343452453613e-01
4.123679697513580322e-01
9.453573226928710938e-01
4.175891354680061340e-02
-1.012755557894706726e-01
-8.936619758605957031e-01
9.811961054801940918e-01
8.155121207237243652e-01
-6.869805455207824707e-01
7.024952173233032227e-01
8.463689088821411133e-01
-8.379738330841064453e-01
8.863800168037414551e-01
9.533374309539794922e-01
9.030986428260803223e-01
-6.508888602256774902e-01
-6.992096304893493652e-01
8.875398635864257812e-01
9.836335778236389160e-01
-3.449979424476623535e-01
5.573675632476806641e-01
9.036175012588500977e-01
-1.451013088226318359e-01
-9.773683547973632812e-01
-6.371098756790161133e-01
7.328711748123168945e-01
7.731161117553710938e-01
9.829179644584655762e-01
9.981710314750671387e-01
-3.321528136730194092e-01
-8.870279788970947266e-01
9.848336577415466309e-01
9.946026802062988281e-01
7.589893937110900879e-01
-8.520460128784179688e-01
1.229015067219734192e-01
9.681968092918395996e-01
7.876453995704650879e-01
5.297076106071472168e-01
1.666296571493148804e-01
-9.665226340293884277e-01
-5.813896656036376953e-01
9.855307936668395996e-01
7.818754315376281738e-01
9.528257250785827637e-01
6.167481541633605957e-01
-5.021243691444396973e-01
-9.570842385292053223e-01
7.990136742591857910e-01
-2.047723829746246338e-01
9.431087374687194824e-01
-5.273361206054687500e-01
8.838964104652404785e-01
1.084228381514549255e-01
6.948192715644836426e-01
5.787734985351562500e-01
9.878436326980590820e-01
7.095291614532470703e-01
-9.071170091629028320e-01
9.043239951133728027e-01
-2.211817912757396698e-02
-8.044615387916564941e-01
5.555455088615417480e-01
6.084047257900238037e-02
9.310575723648071289e-01
5.960630774497985840e-01
6.853824257850646973e-01
-9.735702872276306152e-01
-1.288963854312896729e-01
7.517330050468444824e-01
8.868057727813720703e-01
6.549934744834899902e-01
-8.356372714042663574e-01
-4.258934259414672852e-01
9.232510328292846680e-01
8.933426141738891602e-01
2.167666256427764893e-01
9.152766466140747070e-01
-6.246479153633117676e-01
9.505646228790283203e-01
3.132050037384033203e-01
4.102800488471984863e-01
3.064403831958770752e-01
-7.474709749221801758e-01
1.793677918612957001e-02
8.979507684707641602e-01
4.915907979011535645e-01
-7.382444143295288086e-01
1.660129129886627197e-01
9.725352525711059570e-01
9.356577992439270020e-01
-3.511609733104705811e-01
6.838697195053100586e-01
-3.346208930015563965e-01
-4.228849709033966064e-01
-6.074053049087524414e-01
9.932654500007629395e-01
9.922323226928710938e-01
-2.376224994659423828e-01
9.523643851280212402e-01
9.399449825286865234e-01
6.982036828994750977e-01
7.877160906791687012e-01
-8.835492189973592758e-04
6.315500140190124512e-01
-8.877159953117370605e-01
-7.322786450386047363e-01
5.082516074180603027e-01
7.674608230590820312e-01
6.002088785171508789e-01
2.066625207662582397e-01
2.880575358867645264e-01
-9.608664363622665405e-02
1.210048347711563110e-01
1.913215965032577515e-01
9.130694270133972168e-01
4.203350841999053955e-01
6.302832365036010742e-01
-2.842127978801727295e-01
-9.045273661613464355e-01
7.390850782394409180e-01
3.115530312061309814e-01
9.346986413002014160e-01
-5.788267254829406738e-01
-8.878856301307678223e-01
8.560270071029663086e-01
9.908887743949890137e-01
