-6.042401194572448730e-01
-9.299880266189575195e-01
5.792762041091918945e-01
-5.099913477897644043e-01
3.163416087627410889e-01
9.979178011417388916e-02
3.582459092140197754e-01
7.491147518157958984e-01
9.082704037427902222e-02
-2.637988626956939697e-01
9.122819900512695312e-01
8.036392331123352051e-01
9.391942620277404785e-01
7.133234143257141113e-01
6.145552396774291992e-01
7.914066314697265625e-01
2.521261870861053467e-01
1.360813081264495850e-01
6.581015586853027344e-01
-6.854340434074401855e-01
1.771735586225986481e-02
7.625944614410400391e-01
2.796432673931121826e-01
8.143930695950984955e-03
3.459502458572387695e-01
-2.759728431701660156e-01
7.606769800186157227e-01
4.248183369636535645e-01
9.406233429908752441e-01
3.350012004375457764e-01
8.089918494224548340e-01
9.375821352005004883e-01
-3.914931416511535645e-01
-2.694285511970520020e-01
-3.458095490932464600e-01
6.581739783287048340e-01
2.387640774250030518e-01
8.034298568964004517e-02
-2.082697600126266479e-01
7.816547751426696777e-01
-7.540324926376342773e-01
-4.788654148578643799e-01
6.607496142387390137e-01
6.276078224182128906e-01
-9.535953998565673828e-01
6.269748210906982422e-01
8.950414657592773438e-01
8.863360881805419922e-01
4.467449188232421875e-01
-2.853742241859436035e-01
-1.043757796287536621e-01
9.912543892860412598e-01
2.399948835372924805e-01
6.217421293258666992e-01
9.385154843330383301e-01
-7.999272942543029785e-01
8.714458942413330078e-01
-1.677121520042419434e-01
9.867168068885803223e-01
-3.591707944869995117e-01
-8.690046668052673340e-01
9.674660563468933105e-01
8.604829311370849609e-01
4.981461912393569946e-03
8.336074948310852051e-01
2.929379940032958984e-01
-7.829427123069763184e-01
9.733217954635620117e-01
-4.642566442489624023e-01
9.078336358070373535e-01
6.728159189224243164e-01
-3.426157534122467041e-01
9.022653698921203613e-01
-8.635234832763671875e-01
9.654547572135925293e-01
1.088284030556678772e-01
9.166462421417236328e-01
-8.596240878105163574e-01
1.625616103410720825e-01
6.928303241729736328e-01
4.034208059310913086e-01
1.547676324844360352e-01
-4.922579228878021240e-01
9.783549308776855469e-01
9.124116301536560059e-01
4.684054553508758545e-01
4.022260308265686035e-01
-5.208404269069433212e-03
-5.978984236717224121e-01
9.737003445625305176e-01
-4.466245174407958984e-01
3.202025890350341797e-01
1.991917490959167480e-01
4.620873034000396729e-01
4.861791729927062988e-01
-5.350930094718933105e-01
9.696277976036071777e-01
7.984558939933776855e-01
-4.877281188964843750e-01
8.344250321388244629e-01
7.065346837043762207e-01
7.779890298843383789e-01
-8.336367607116699219e-01
3.887557387351989746e-01
-5.083059668540954590e-01
8.774065971374511719e-01
9.196960926055908203e-01
6.174325942993164062e-01
-9.792720079421997070e-01
8.275548815727233887e-01
2.031300961971282959e-01
6.131554841995239258e-01
-3.348674625158309937e-02
-2.851098775863647461e-01
-9.063073396682739258e-01
9.950723052024841309e-01
8.594049215316772461e-01
7.282768487930297852e-01
-3.606671988964080811e-01
8.697382807731628418e-01
2.682803012430667877e-02
6.991781592369079590e-01
4.694422781467437744e-01
-4.803126752376556396e-01
2.407901138067245483e-01
9.261980652809143066e-01
-1.740045696496963501e-01
-5.054527521133422852e-01
-3.644642531871795654e-01
9.731262326240539551e-01
-5.362749099731445312e-02
9.389203786849975586e-01
7.839100956916809082e-01
8.296460509300231934e-01
-6.867035031318664551e-01
9.661808013916015625e-01
5.634616017341613770e-01
8.215601444244384766e-01
-2.929993867874145508e-01
-8.486373424530029297e-01
9.762346744537353516e-01
-4.135625064373016357e-01
9.946491718292236328e-01
-9.457305669784545898e-01
-1.653701364994049072e-01
8.717933297157287598e-01
9.623105525970458984e-01
9.919930696487426758e-01
6.856472492218017578e-01
-3.269667625427246094e-01
1.782902777194976807e-01
-7.157554626464843750e-01
8.085911870002746582e-01
-1.753882765769958496e-01
9.860777854919433594e-01
-6.459946632385253906e-01
-5.593172460794448853e-02
9.472659230232238770e-01
7.348303794860839844e-01
8.725014925003051758e-01
-1.206211671233177185e-01
3.935439288616180420e-01
1.048565059900283813e-01
1.826311200857162476e-01
-4.685283303260803223e-01
7.539362907409667969e-01
5.803182721138000488e-02
2.942020297050476074e-01
6.765919923782348633e-01
-1.539536863565444946e-01
-9.909090399742126465e-02
9.901594519615173340e-01
7.658832073211669922e-01
2.198686003684997559e-01
-9.295565485954284668e-01
9.810927510261535645e-01
5.199769139289855957e-01
-6.876534819602966309e-01
7.292466759681701660e-01
-4.940835237503051758e-01
9.773215055465698242e-01
9.910928606986999512e-01
-8.374785780906677246e-01
9.013221263885498047e-01
-3.568966686725616455e-01
7.503355145454406738e-01
8.952636122703552246e-01
6.588442325592041016e-01
-7.477309703826904297e-01
9.861052632331848145e-01
-8.258504867553710938e-01
9.975276589393615723e-01
-8.339500427246093750e-01
9.274630546569824219e-01
4.499485194683074951e-01
3.980348110198974609e-01
3.729284107685089111e-01
-8.845727890729904175e-02
6.595230698585510254e-01
8.141145110130310059e-01
-1.160104647278785706e-01
8.637392520904541016e-01
-2.374555319547653198e-01
8.060917854309082031e-01
-9.379861354827880859e-01
9.644556045532226562e-01
-6.550384759902954102e-01
-2.701822854578495026e-02
9.300419092178344727e-01
-9.840629994869232178e-02
8.861242532730102539e-01
-5.414483547210693359e-01
-9.687523543834686279e-02
5.509498119354248047e-01
6.671838760375976562e-01
-1.413035392761230469e-01
7.525144219398498535e-01
9.477713108062744141e-01
9.294664263725280762e-01
-9.320420026779174805e-01
-2.086639851331710815e-01
9.946790337562561035e-01
9.626619219779968262e-01
-4.434476494789123535e-01
6.827777624130249023e-01
-7.752108573913574219e-01
9.768543839454650879e-01
4.843423068523406982e-01
4.262227714061737061e-01
-3.930235505104064941e-01
-6.236317381262779236e-02
4.312808811664581299e-01
4.389803707599639893e-01
7.713808417320251465e-01
-2.479305416345596313e-01
-5.742315649986267090e-01
9.335858225822448730e-01
4.715336561203002930e-01
9.452636241912841797e-01
6.507070660591125488e-01
2.439241707324981689e-01
-8.422434329986572266e-01
4.511470496654510498e-01
6.243135333061218262e-01
-1.537564098834991455e-01
7.682234644889831543e-01
2.162051014602184296e-02
-6.003852486610412598e-01
5.693425536155700684e-01
9.819533228874206543e-01
2.168768644332885742e-01
-6.496330350637435913e-02
-5.615652203559875488e-01
8.610774278640747070e-01
9.582839012145996094e-01
7.686208486557006836e-01
-2.298063598573207855e-02
5.584718585014343262e-01
-6.222496628761291504e-01
8.891554474830627441e-01
-9.555996060371398926e-01
2.128993272781372070e-01
7.824950814247131348e-01
-9.187434911727905273e-01
4.184186160564422607e-01
5.975021123886108398e-01
9.589678645133972168e-01
9.916902780532836914e-01
2.119399905204772949e-01
1.633110493421554565e-01
-4.680778682231903076e-01
9.184390902519226074e-01
9.807133078575134277e-01
-3.771556317806243896e-01
9.043005108833312988e-01
-9.032990783452987671e-02
-5.380154848098754883e-01
9.388453960418701172e-01
-7.885885834693908691e-01
2.268888056278228760e-01
2.844142019748687744e-01
9.750918745994567871e-01
8.592787384986877441e-01
9.135676026344299316e-01
-9.680486321449279785e-01
9.092255830764770508e-01
-9.152514934539794922e-01
-2.826185822486877441e-01
9.252787232398986816e-01
8.570521473884582520e-01
-5.876504182815551758e-01
4.787016808986663818e-01
9.806625247001647949e-01
8.696743249893188477e-01
6.230669021606445312e-01
-9.139872789382934570e-01
-1.950257718563079834e-01
9.994304180145263672e-01
6.113522648811340332e-01
7.834600806236267090e-01
-7.269790172576904297e-01
1.788431406021118164e-02
3.249353766441345215e-01
-4.316674768924713135e-01
3.634901344776153564e-01
9.978608489036560059e-01
2.019489407539367676e-01
7.660318017005920410e-01
-6.703715324401855469e-01
9.728091359138488770e-01
7.909162342548370361e-02
-8.898372650146484375e-01
8.116322159767150879e-01
9.892393946647644043e-01
7.076292037963867188e-01
-1.724867373704910278e-01
8.898170590400695801e-01
8.204427361488342285e-01
-3.956501185894012451e-01
-7.937337160110473633e-01
9.938533306121826172e-01
8.210244774818420410e-01
4.854793474078178406e-02
-3.518011271953582764e-01
-1.210248321294784546e-01
8.356374502182006836e-01
9.292835593223571777e-01
-6.184930205345153809e-01
5.386435389518737793e-01
-7.535727620124816895e-01
9.569672346115112305e-01
9.559516906738281250e-01
-8.691256046295166016e-01
5.296868085861206055e-01
-6.748364120721817017e-02
6.407352089881896973e-01
7.784280776977539062e-01
4.344917833805084229e-01
7.712584733963012695e-01
-5.646457150578498840e-02
2.880524098873138428e-01
9.223121404647827148e-01
-9.612000584602355957e-01
-3.516428768634796143e-01
9.259806275367736816e-01
8.594678640365600586e-01
5.164387822151184082e-01
-9.753291606903076172e-01
7.317433357238769531e-01
-4.002223908901214600e-01
6.144938468933105469e-01
6.954771280288696289e-01
4.294033944606781006e-01
-3.545246720314025879e-01
9.704683423042297363e-01
-2.704829573631286621e-01
9.933978915214538574e-01
8.718823790550231934e-01
3.878282904624938965e-01
-9.714406132698059082e-01
4.114074707031250000e-01
1.940220147371292114e-01
6.093173027038574219e-01
-9.057640433311462402e-01
9.875519871711730957e-01
-1.099159866571426392e-01
2.158029079437255859e-01
7.200263738632202148e-01
9.171670675277709961e-01
-2.908939123153686523e-01
-6.116743087768554688e-01
9.879820942878723145e-01
6.286640763282775879e-01
4.117720425128936768e-01
8.350925892591476440e-02
-1.925798505544662476e-01
3.552737534046173096e-01
9.048715829849243164e-01
-2.932108342647552490e-01
9.735774397850036621e-01
4.623805582523345947e-01
-1.242322921752929688e-01
1.282544285058975220e-01
-7.062406092882156372e-02
8.613541722297668457e-01
3.856143057346343994e-01
3.630066215991973877e-01
-2.033331803977489471e-02
-5.461570620536804199e-01
9.286975860595703125e-01
9.801422357559204102e-01
-9.539030194282531738e-01
8.044096231460571289e-01
2.221119552850723267e-01
-2.513801865279674530e-02
1.054088398814201355e-01
-1.033018995076417923e-02
2.899729311466217041e-01
5.264297127723693848e-01
2.166101187467575073e-01
-4.231363534927368164e-01
9.739472270011901855e-01
6.174046397209167480e-01
2.325420528650283813e-01
8.913981318473815918e-01
-4.027906358242034912e-01
9.580727815628051758e-01
-7.155436277389526367e-01
8.449289798736572266e-01
8.969911932945251465e-01
8.265054821968078613e-01
5.930917337536811829e-02
-9.865087866783142090e-01
-3.061471879482269287e-01
9.933202862739562988e-01
-4.767179198097437620e-04
4.785729944705963135e-01
8.456920385360717773e-01
-7.502865791320800781e-01
-4.052582383155822754e-01
3.686549663543701172e-01
6.664575934410095215e-01
9.620481133460998535e-01
8.397375941276550293e-01
5.435000658035278320e-01
-6.109212636947631836e-01
9.460279941558837891e-01
6.364673376083374023e-01
-3.492493331432342529e-01
-8.479748368263244629e-01
7.773115038871765137e-01
4.408996999263763428e-01
8.425515294075012207e-01
-1.479751616716384888e-01
-9.782277941703796387e-01
9.165921211242675781e-01
9.360491633415222168e-01
9.083751440048217773e-01
-5.765108466148376465e-01
8.811227679252624512e-01
-7.667881250381469727e-01
7.417528629302978516e-01
9.637477993965148926e-01
-7.111572623252868652e-01
4.894329309463500977e-01
7.143129110336303711e-01
-2.782147228717803955e-01
7.778089642524719238e-01
-6.034695506095886230e-01
9.191541075706481934e-01
7.652782201766967773e-01
-7.454578280448913574e-01
7.415618896484375000e-01
9.241350889205932617e-01
4.980864524841308594e-01
-7.283712029457092285e-01
-9.779021739959716797e-01
9.417557120323181152e-01
9.804931282997131348e-01
8.668596744537353516e-01
-9.696395993232727051e-01
2.995841801166534424e-01
7.898065447807312012e-01
4.741102159023284912e-01
1.144153624773025513e-01
-4.203564822673797607e-01
9.474648237228393555e-01
9.563841819763183594e-01
4.273118078708648682e-01
-5.403054952621459961e-01
4.585292935371398926e-01
1.335551291704177856e-01
2.597182989120483398e-01
9.552094936370849609e-01
9.131666421890258789e-01
-2.219799309968948364e-01
-7.623329758644104004e-01
6.086890697479248047e-01
8.271361589431762695e-01
-8.412592411041259766e-01
-7.726507186889648438e-01
9.844270348548889160e-01
5.437583923339843750e-01
9.236986041069030762e-01
2.607126235961914062e-01
7.821325659751892090e-01
-9.091361761093139648e-01
2.004309594631195068e-01
9.672195911407470703e-01
3.500023782253265381e-01
3.320746421813964844e-01
2.275442630052566528e-01
-9.036142826080322266e-01
8.065080046653747559e-01
7.735040187835693359e-01
4.062149226665496826e-01
8.787162303924560547e-01
-2.039169669151306152e-01
-9.319158196449279785e-01
9.638460874557495117e-01
9.853569865226745605e-01
8.083107881247997284e-03
3.415248692035675049e-01
3.395219445228576660e-01
5.117120146751403809e-01
-8.079658150672912598e-01
-4.358918368816375732e-01
9.177460074424743652e-01
9.652192592620849609e-01
-1.885292120277881622e-02
8.847976922988891602e-01
-1.939207613468170166e-01
5.893010646104812622e-02
3.822137117385864258e-01
8.842208981513977051e-01
5.817736983299255371e-01
-6.202837824821472168e-01
8.858656287193298340e-01
-7.755333781242370605e-01
-6.598099321126937866e-02
3.011067807674407959e-01
8.923426866531372070e-01
8.046990036964416504e-01
7.061588168144226074e-01
-9.658533930778503418e-01
9.195246100425720215e-01
9.503524303436279297e-01
-2.441570758819580078e-01
-7.110112905502319336e-01
4.959079027175903320e-01
9.961700439453125000e-01
-8.486747741699218750e-01
9.738061428070068359e-01
4.631897509098052979e-01
7.110236883163452148e-01
4.775367081165313721e-01
-6.405895352363586426e-01
8.064789772033691406e-01
-6.584978699684143066e-01
7.191917300224304199e-01
7.378101348876953125e-01
8.105846047401428223e-01
-5.981544032692909241e-02
1.646081358194351196e-01
-9.640059471130371094e-01
8.911018371582031250e-01
9.866812825202941895e-01
-9.459529519081115723e-01
-7.271801233291625977e-01
9.992077350616455078e-01
9.726170897483825684e-01
4.507554769515991211e-01
9.581174850463867188e-01
9.214422106742858887e-01
1.728663444519042969e-01
-2.115260660648345947e-01
-8.426905274391174316e-01
-2.630857527256011963e-01
9.984537363052368164e-01
-1.599786579608917236e-01
5.786322355270385742e-01
3.084723651409149170e-02
5.383216142654418945e-01
6.726002097129821777e-01
8.513931035995483398e-01
2.346415668725967407e-01
-5.283493995666503906e-01
9.644150137901306152e-01
9.108912944793701172e-01
-9.865769147872924805e-01
9.509798288345336914e-01
2.536885440349578857e-01
-9.040897488594055176e-01
9.829174876213073730e-01
-8.259102106094360352e-01
8.287712931632995605e-01
9.852167963981628418e-01
-5.127853155136108398e-01
9.104729294776916504e-01
7.370824813842773438e-01
-6.522232294082641602e-01
9.092594385147094727e-01
8.021550774574279785e-01
-4.759546816349029541e-01
1.266964673995971680e-01
5.686486363410949707e-01
-7.278769016265869141e-01
8.596934676170349121e-01
5.439065098762512207e-01
3.193733394145965576e-01
5.551702380180358887e-01
-5.224531292915344238e-01
9.695379137992858887e-01
-8.045208454132080078e-01
9.559909105300903320e-01
9.508559703826904297e-01
-9.663231968879699707e-01
9.335973262786865234e-01
7.090840339660644531e-01
9.298942685127258301e-01
-3.537040948867797852e-01
1.951104700565338135e-01
3.036936819553375244e-01
5.768815279006958008e-01
-4.990262687206268311e-01
-9.023758769035339355e-01
9.597539305686950684e-01
6.496703624725341797e-01
9.103763699531555176e-01
-7.749718427658081055e-01
-7.184650301933288574e-01
9.985047578811645508e-01
9.988440275192260742e-01
8.995600342750549316e-01
3.479864001274108887e-01
7.179355621337890625e-01
-7.327154278755187988e-01
6.841841936111450195e-01
9.387878179550170898e-01
-8.836799860000610352e-01
-9.305264353752136230e-01
9.846554398536682129e-01
6.351730823516845703e-01
7.973574995994567871e-01
-7.815200686454772949e-01
8.360917568206787109e-01
4.157170653343200684e-01
9.554484486579895020e-01
-3.369055092334747314e-01
6.614816784858703613e-01
-1.600748449563980103e-01
9.310895204544067383e-01
-2.701796889305114746e-01
-3.607615828514099121e-02
3.090656697750091553e-01
4.912644624710083008e-01
8.084439635276794434e-01
-7.401714920997619629e-01
7.121118307113647461e-01
4.565159976482391357e-02
-4.324185550212860107e-01
9.801937341690063477e-01
-4.702763259410858154e-01
9.787397980690002441e-01
9.963545203208923340e-01
-5.091091990470886230e-01
7.044490575790405273e-01
4.376837909221649170e-01
5.845231935381889343e-02
4.120293259620666504e-01
-8.193609118461608887e-01
8.585200309753417969e-01
3.075974285602569580e-01
8.408222198486328125e-01
7.711833715438842773e-01
-7.730625867843627930e-01
9.708934426307678223e-01
-5.896064639091491699e-01
-1.099575012922286987e-01
2.705686725676059723e-03
9.938558936119079590e-01
9.355171918869018555e-01
-9.512587785720825195e-01
8.941783905029296875e-01
9.682644009590148926e-01
6.850752234458923340e-01
-8.635196089744567871e-01
9.040488600730895996e-01
-6.422835588455200195e-01
9.834836721420288086e-01
5.230490565299987793e-01
-3.756235837936401367e-01
-7.171197235584259033e-02
9.369543790817260742e-01
9.482289552688598633e-01
-8.234446644783020020e-01
9.377740025520324707e-01
-9.894394874572753906e-01
9.841693639755249023e-01
6.839028000831604004e-01
2.213542461395263672e-01
5.523701310157775879e-01
-7.433384656906127930e-01
-2.895742952823638916e-01
9.890758395195007324e-01
8.589385151863098145e-01
-6.977872848510742188e-01
5.477395653724670410e-01
2.662400901317596436e-01
-4.942927509546279907e-02
8.676276206970214844e-01
6.051333546638488770e-01
8.752813935279846191e-01
1.210746318101882935e-01
-5.000415444374084473e-01
7.059066295623779297e-01
-2.686023712158203125e-01
9.841722846031188965e-01
3.222718834877014160e-01
7.332873344421386719e-01
-8.469880223274230957e-01
8.370297551155090332e-01
-2.755682468414306641e-01
-4.564488530158996582e-01
9.667858481407165527e-01
-4.550401270389556885e-01
8.632081151008605957e-01
9.865986108779907227e-01
6.812659502029418945e-01
4.854549765586853027e-01
-9.746193289756774902e-01
3.107166886329650879e-01
-4.420866072177886963e-01
9.800369143486022949e-01
-2.364347130060195923e-01
9.885986447334289551e-01
2.361942380666732788e-01
3.289689123630523682e-01
7.832038998603820801e-01
2.751608192920684814e-01
-5.752767920494079590e-01
4.130816459655761719e-01
8.743013739585876465e-01
-7.179300785064697266e-01
9.348492026329040527e-01
6.711944341659545898e-01
4.521456956863403320e-01
-5.053212121129035950e-02
6.401065737009048462e-02
-5.625341087579727173e-02
7.189278006553649902e-01
-8.844307065010070801e-01
-5.161591172218322754e-01
9.901633262634277344e-01
4.528157711029052734e-01
9.640758037567138672e-01
-7.566436529159545898e-01
7.409259080886840820e-01
8.286392688751220703e-01
8.570144772529602051e-01
7.521274685859680176e-01
-5.621159672737121582e-01
-3.708533346652984619e-01
5.473563671112060547e-01
9.804354906082153320e-01
-6.701913475990295410e-02
4.189527630805969238e-01
-6.026931405067443848e-01
6.991567611694335938e-01
8.647319674491882324e-01
-5.739614367485046387e-01
3.141304552555084229e-01
9.708265662193298340e-01
7.154541015625000000e-01
-6.609442830085754395e-01
-9.121891856193542480e-01
9.994659423828125000e-01
9.736307263374328613e-01
8.666132688522338867e-01
-4.297374486923217773e-01
-2.302278727293014526e-01
9.436612129211425781e-01
4.776659607887268066e-01
-6.361513137817382812e-01
8.979819416999816895e-01
2.189684808254241943e-01
2.858512401580810547e-01
5.729725360870361328e-01
-3.127284049987792969e-01
9.203844666481018066e-01
-1.749594360589981079e-01
9.918566942214965820e-01
-9.821435809135437012e-01
8.035619854927062988e-01
-9.075134396553039551e-01
9.887145757675170898e-01
6.292703151702880859e-01
7.503924369812011719e-01
-2.963913977146148682e-01
6.659779548645019531e-01
-5.148740410804748535e-01
9.695146679878234863e-01
5.001775622367858887e-01
5.489901304244995117e-01
-9.802604913711547852e-01
5.371620059013366699e-01
7.270596921443939209e-02
9.834356307983398438e-01
-7.268739342689514160e-01
8.571959137916564941e-01
7.995580434799194336e-01
-5.358917713165283203e-01
3.829637765884399414e-01
1.337377727031707764e-01
9.717342257499694824e-01
6.000866293907165527e-01
-5.419858694076538086e-01
7.911197543144226074e-01
-5.509703159332275391e-01
9.788879752159118652e-01
6.198012232780456543e-01
-1.539868414402008057e-01
9.745522737503051758e-01
-6.783379912376403809e-01
9.557179808616638184e-01
-3.380534052848815918e-01
-5.728825926780700684e-01
-4.952914714813232422e-01
9.813478589057922363e-01
-5.658083558082580566e-01
9.991672635078430176e-01
9.963071942329406738e-01
-2.974943444132804871e-02
9.103950262069702148e-01
9.957517385482788086e-01
4.825242757797241211e-01
2.230875790119171143e-01
-9.071264266967773438e-01
6.150361299514770508e-01
-1.443266868591308594e-01
9.129123687744140625e-01
7.060196995735168457e-01
-2.650288641452789307e-01
-3.873963356018066406e-01
2.170866876840591431e-01
8.956028223037719727e-01
8.342244029045104980e-01
-9.378410577774047852e-01
9.686598181724548340e-01
1.533743292093276978e-01
3.276096880435943604e-01
-9.877355098724365234e-01
9.320359230041503906e-01
4.003376364707946777e-01
2.357574254274368286e-01
7.511852383613586426e-01
7.575984597206115723e-01
-4.456721842288970947e-01
9.432550072669982910e-01
-9.128155708312988281e-01
9.709315896034240723e-01
7.835988402366638184e-01
5.941694974899291992e-01
-5.753601193428039551e-01
-4.961447715759277344e-01
-4.398169517517089844e-01
9.971955418586730957e-01
-5.101318955421447754e-01
9.998919963836669922e-01
9.875137209892272949e-01
4.242775961756706238e-02
9.814800620079040527e-01
-4.082567989826202393e-01
-7.984238266944885254e-01
9.479904174804687500e-01
9.984853863716125488e-01
2.598624229431152344e-01
8.952848911285400391e-01
-4.800132513046264648e-01
9.037816524505615234e-01
3.885479569435119629e-01
-4.933300316333770752e-01
6.674038171768188477e-01
5.089869722723960876e-02
-9.051901102066040039e-01
9.932284951210021973e-01
6.468069553375244141e-01
8.503730893135070801e-01
3.776739835739135742e-01
-8.312726616859436035e-01
9.478639364242553711e-01
5.508680939674377441e-01
-9.696696996688842773e-01
8.158626556396484375e-01
-2.462857663631439209e-01
9.243737459182739258e-01
-6.417578458786010742e-01
8.954073190689086914e-01
9.790263772010803223e-01
-8.417260050773620605e-01
8.928357362747192383e-01
9.166653156280517578e-01
-3.790206909179687500e-01
9.801346659660339355e-01
-4.283223301172256470e-03
6.882082670927047729e-02
-1.428803503513336182e-01
8.035573959350585938e-01
3.052722290158271790e-02
-5.313110947608947754e-01
9.429572820663452148e-01
-9.634529352188110352e-01
8.085032701492309570e-01
5.979063510894775391e-01
8.415226936340332031e-01
8.938239216804504395e-01
-5.160661339759826660e-01
8.585519343614578247e-02
2.740423940122127533e-02
8.911966681480407715e-01
-7.188886404037475586e-01
7.398719787597656250e-01
9.982457756996154785e-01
-7.189050316810607910e-01
9.910782575607299805e-01
9.492287635803222656e-01
6.310284733772277832e-01
-5.391337871551513672e-01
-9.475694894790649414e-01
9.772933125495910645e-01
8.345572948455810547e-01
-4.918131530284881592e-01
7.248424291610717773e-01
-9.792842268943786621e-01
9.972531795501708984e-01
2.853238768875598907e-02
9.915993809700012207e-01
9.127048850059509277e-01
-6.470162272453308105e-01
9.771915674209594727e-01
-9.722809791564941406e-01
9.966981410980224609e-01
-8.040170073509216309e-01
8.634102940559387207e-01
8.554099202156066895e-01
9.206719398498535156e-01
-9.053319096565246582e-01
9.906696677207946777e-01
8.385277986526489258e-01
4.381764531135559082e-01
-9.388260841369628906e-01
7.844171524047851562e-01
-8.348649144172668457e-01
9.908445477485656738e-01
9.558920860290527344e-01
-7.603977322578430176e-01
-6.035317778587341309e-01
9.937132000923156738e-01
-2.851467728614807129e-01
9.931632876396179199e-01
7.136180400848388672e-01
4.325088262557983398e-01
8.858572840690612793e-01
-2.547955811023712158e-01
3.211120665073394775e-01
-3.195917308330535889e-01
3.553170263767242432e-01
-3.153328001499176025e-01
8.216167092323303223e-01
9.707056879997253418e-01
9.302197098731994629e-01
-9.853897094726562500e-01
6.706013679504394531e-01
-1.315662562847137451e-01
9.300283193588256836e-01
-7.713919281959533691e-01
5.081695318222045898e-02
-7.110553383827209473e-01
9.996156096458435059e-01
9.699394702911376953e-01
9.147123694419860840e-01
-7.537928819656372070e-01
9.440822601318359375e-01
8.657482266426086426e-01
-1.712782084941864014e-01
-7.956859469413757324e-02
7.440323233604431152e-01
9.122970104217529297e-01
-4.470914602279663086e-01
7.252504825592041016e-01
-9.952296018600463867e-01
7.059475779533386230e-01
5.125737190246582031e-01
-3.634448051452636719e-01
-9.721154719591140747e-02
9.678329825401306152e-01
5.537350773811340332e-01
-2.706692814826965332e-01
8.780660033226013184e-01
9.329048395156860352e-01
-6.569960117340087891e-01
9.275202751159667969e-01
1.311779916286468506e-01
-8.577493429183959961e-01
9.784744381904602051e-01
-3.766234517097473145e-01
-1.550180166959762573e-01
9.548881053924560547e-01
2.166263163089752197e-01
9.585760235786437988e-01
7.521784305572509766e-01
-5.567397475242614746e-01
9.939979910850524902e-01
-8.966848254203796387e-01
1.257064044475555420e-01
7.686449289321899414e-01
-6.132238507270812988e-01
9.448455572128295898e-01
8.980362415313720703e-01
2.841092273592948914e-02
9.888492226600646973e-01
-1.524428129196166992e-01
-6.384245753288269043e-01
9.912405610084533691e-01
7.009127736091613770e-01
-2.667620778083801270e-01
8.521087765693664551e-01
-6.658671796321868896e-02
-9.511445164680480957e-01
9.839172959327697754e-01
-2.461925335228443146e-02
9.384809136390686035e-01
-7.428660392761230469e-01
9.677826166152954102e-01
-2.201141975820064545e-02
9.610463380813598633e-01
9.121948480606079102e-01
-7.791235446929931641e-01
9.049982428550720215e-01
-3.931533992290496826e-01
8.895210623741149902e-01
-5.648220777511596680e-01
-1.299391593784093857e-02
8.814239501953125000e-01
9.860230088233947754e-01
9.624020457267761230e-01
-8.609398007392883301e-01
-4.882041513919830322e-01
9.754042625427246094e-01
7.614574432373046875e-01
9.607937335968017578e-01
-9.159113764762878418e-01
-9.878410100936889648e-01
9.300389289855957031e-01
9.634565114974975586e-01
8.245145678520202637e-01
-9.077474474906921387e-01
5.882903933525085449e-01
-1.312888860702514648e-01
-2.757294774055480957e-01
9.154887795448303223e-01
9.435054659843444824e-01
8.121747970581054688e-01
-3.373486101627349854e-01
-8.842822909355163574e-02
6.408982872962951660e-01
-4.837200939655303955e-01
8.390192389488220215e-01
9.759354405105113983e-03
7.341456413269042969e-01
-1.963528841733932495e-01
9.869563579559326172e-01
6.548418998718261719e-01
8.257959485054016113e-01
-5.738773345947265625e-01
1.876506507396697998e-01
-8.315158486366271973e-01
9.622705578804016113e-01
5.890479087829589844e-01
-1.890719532966613770e-01
-3.962291777133941650e-01
9.864099621772766113e-01
6.074795722961425781e-01
-1.144960299134254456e-01
9.619314074516296387e-01
-5.186275839805603027e-01
-5.850229263305664062e-01
9.288617372512817383e-01
9.921160936355590820e-01
-7.514981031417846680e-01
7.178252339363098145e-01
9.539044499397277832e-01
-4.459448456764221191e-01
9.855639338493347168e-01
7.335882782936096191e-01
2.704845368862152100e-01
-8.526069521903991699e-01
9.866567850112915039e-01
-5.252337455749511719e-01
6.712448596954345703e-02
9.488493204116821289e-01
1.718649268150329590e-01
4.911447167396545410e-01
9.785480499267578125e-01
6.774824261665344238e-01
-9.289823174476623535e-01
7.373136281967163086e-01
6.045352816581726074e-01
-8.607362955808639526e-02
-8.512791395187377930e-01
-4.763919413089752197e-01
9.995356202125549316e-01
5.873315930366516113e-01
5.959845781326293945e-01
7.698546648025512695e-01
2.425722628831863403e-01
-9.166817665100097656e-01
9.919272065162658691e-01
8.410687446594238281e-01
-7.460150122642517090e-01
8.059430122375488281e-01
-4.457659423351287842e-01
8.611716032028198242e-01
6.940846443176269531e-01
-4.235472977161407471e-01
2.269562482833862305e-01
-8.052033782005310059e-01
9.998480677604675293e-01
9.859803318977355957e-01
5.604709386825561523e-01
-2.929616272449493408e-01
6.853379011154174805e-01
8.473682999610900879e-01
-2.265952080488204956e-01
5.901168584823608398e-01
6.979308724403381348e-01
-9.230655431747436523e-01
9.102796316146850586e-01
3.946525752544403076e-01
-1.413922160863876343e-01
-1.607355847954750061e-02
-8.992774486541748047e-01
9.852977395057678223e-01
7.879412174224853516e-01
4.355342686176300049e-01
7.905220389366149902e-01
6.634597182273864746e-01
-2.156608849763870239e-01
5.018190145492553711e-01
5.082408711314201355e-02
-1.541335880756378174e-01
-9.774494171142578125e-01
9.871591925621032715e-01
9.870762825012207031e-01
3.561182618141174316e-01
-2.417174130678176880e-01
7.828534245491027832e-01
-3.608564436435699463e-01
3.807980120182037354e-01
5.727257728576660156e-01
1.749459654092788696e-01
-4.931655824184417725e-01
9.989556670188903809e-01
3.816156685352325439e-01
4.427565634250640869e-01
-4.459870234131813049e-02
-3.968427181243896484e-01
5.255854129791259766e-01
5.953227877616882324e-01
-2.889893054962158203e-01
9.961299300193786621e-01
5.988022685050964355e-01
8.378883004188537598e-01
2.643749862909317017e-02
-8.377585411071777344e-01
9.781255125999450684e-01
8.311430811882019043e-01
-8.660628199577331543e-01
1.602533310651779175e-01
5.521291494369506836e-01
8.039357066154479980e-01
-2.218631953001022339e-01
-3.976244628429412842e-01
9.116908907890319824e-01
-6.137515306472778320e-01
7.762030363082885742e-01
9.701424241065979004e-01
9.410903453826904297e-01
-8.017289042472839355e-01
7.522131204605102539e-01
8.971651196479797363e-01
-6.506214737892150879e-01
9.956937432289123535e-01
-4.593898057937622070e-01
7.005779147148132324e-01
-6.759669780731201172e-01
9.832031130790710449e-01
-7.364149093627929688e-01
9.765155911445617676e-01
8.018290400505065918e-01
-8.680566549301147461e-01
5.070002675056457520e-01
9.906410574913024902e-01
-3.108521997928619385e-01
9.957563281059265137e-01
-3.842766284942626953e-01
8.230162858963012695e-01
6.038731336593627930e-01
-5.012587904930114746e-01
6.281579732894897461e-01
-3.239054000005125999e-03
8.766253590583801270e-01
3.366498649120330811e-02
-5.176888108253479004e-01
8.953307271003723145e-01
-7.022118568420410156e-01
9.385971426963806152e-01
9.454491138458251953e-01
1.145869418978691101e-01
8.802729249000549316e-01
2.500379979610443115e-01
-3.905597701668739319e-02
-9.113546609878540039e-01
7.025713324546813965e-01
9.143193960189819336e-01
-6.925035119056701660e-01
-2.547672390937805176e-01
7.415741682052612305e-01
8.412989377975463867e-01
8.424345254898071289e-01
-4.789351522922515869e-01
9.758474826812744141e-01
3.551577404141426086e-02
-5.592972636222839355e-01
7.896207571029663086e-01
1.856470555067062378e-01
9.797523617744445801e-01
4.124558568000793457e-01
-9.410111308097839355e-01
5.617901086807250977e-01
8.770412802696228027e-01
-7.997187972068786621e-01
-3.397128283977508545e-01
9.873843789100646973e-01
9.858521223068237305e-01
6.689407825469970703e-01
-6.540589034557342529e-02
9.681170582771301270e-01
-4.303770065307617188e-01
-1.786237955093383789e-01
9.402396678924560547e-01
-5.982714295387268066e-01
5.644161701202392578e-01
9.159267544746398926e-01
8.700276613235473633e-01
5.112082362174987793e-01
-9.372521042823791504e-01
7.245999574661254883e-01
4.958995282649993896e-01
-8.587914109230041504e-01
-7.130469679832458496e-01
9.320002794265747070e-01
4.074386060237884521e-01
9.321717619895935059e-01
7.426580190658569336e-01
-6.006682515144348145e-01
8.297677040100097656e-01
8.320496678352355957e-01
-5.149899721145629883e-01
2.306329607963562012e-01
-1.548312753438949585e-01
9.588997960090637207e-01
8.978938460350036621e-01
-9.753729701042175293e-01
4.928854107856750488e-01
8.307718634605407715e-01
5.074558854103088379e-01
-3.116234838962554932e-01
2.448599487543106079e-01
5.887470841407775879e-01
-7.574557662010192871e-01
9.852730631828308105e-01
8.968469500541687012e-01
-7.945044040679931641e-01
8.555769324302673340e-01
4.939107000827789307e-01
-1.063544750213623047e-01
1.089312136173248291e-01
8.773970007896423340e-01
-2.724755182862281799e-02
-5.276474356651306152e-01
8.405768275260925293e-01
8.698291182518005371e-01
-5.005489587783813477e-01
4.366331994533538818e-01
-4.762789011001586914e-01
9.740319252014160156e-01
1.299160420894622803e-01
-4.766794666647911072e-02
9.865965247154235840e-01
9.706010222434997559e-01
-1.912175267934799194e-01
8.956171274185180664e-01
5.074100494384765625e-01
5.264924764633178711e-01
-9.601166248321533203e-01
6.185904145240783691e-01
-5.156834423542022705e-02
6.665570288896560669e-02
-7.552447915077209473e-01
9.940295815467834473e-01
3.489682674407958984e-01
9.887408614158630371e-01
2.592364139854907990e-02
7.346852868795394897e-02
5.620260834693908691e-01
-8.308671414852142334e-02
-2.149934023618698120e-01
9.961251616477966309e-01
-1.770662888884544373e-02
-2.398579195141792297e-02
8.699943423271179199e-01
9.676811695098876953e-01
-5.723955631256103516e-01
8.538475036621093750e-01
-8.089429140090942383e-01
9.410771131515502930e-01
9.641291499137878418e-01
5.078746080398559570e-01
-9.371495842933654785e-01
-2.967319190502166748e-01
8.603367805480957031e-01
7.183511853218078613e-01
2.516908645629882812e-01
5.087435841560363770e-01
-8.724295496940612793e-01
4.612814635038375854e-02
9.384418129920959473e-01
9.342827200889587402e-01
-3.946751058101654053e-01
9.632001519203186035e-01
1.906208693981170654e-02
8.765481710433959961e-01
-5.272042155265808105e-01
8.416382670402526855e-01
-9.747572541236877441e-01
8.325669765472412109e-01
-8.181584477424621582e-01
9.821825623512268066e-01
-3.216735124588012695e-01
9.680768251419067383e-01
9.425154924392700195e-01
9.447105526924133301e-01
5.901232957839965820e-01
-7.333583831787109375e-01
5.558387637138366699e-01
4.937686622142791748e-01
-4.703494906425476074e-01
4.434499144554138184e-01
-8.743076324462890625e-01
9.917042851448059082e-01
6.792023181915283203e-01
4.242400228977203369e-01
-1.453611552715301514e-01
-1.249754056334495544e-01
8.927342295646667480e-01
8.779135346412658691e-01
3.590261340141296387e-01
-7.338096499443054199e-01
8.390933275222778320e-02
7.585231661796569824e-01
6.977729797363281250e-01
-8.097594976425170898e-01
9.412432312965393066e-01
9.537886977195739746e-01
2.201444059610366821e-01
-9.176510572433471680e-01
6.407817602157592773e-01
-4.884331524372100830e-01
8.867322206497192383e-01
5.716437697410583496e-01
3.159404098987579346e-01
9.014848470687866211e-01
-5.801748633384704590e-01
-5.862491726875305176e-01
9.924034476280212402e-01
7.491590976715087891e-01
3.836358487606048584e-01
-3.502546846866607666e-01
6.194486021995544434e-01
9.572895765304565430e-01
8.428525328636169434e-01
-4.924451410770416260e-01
2.548010647296905518e-01
-6.270377635955810547e-01
9.838905334472656250e-01
-8.553692698478698730e-01
9.874080419540405273e-01
9.266352057456970215e-01
-2.156720906496047974e-01
-3.588267788290977478e-02
7.703344225883483887e-01
-2.780722677707672119e-01
1.443846058100461960e-02
7.029111981391906738e-01
9.550629258155822754e-01
-7.464157342910766602e-01
8.530660867691040039e-01
6.469078063964843750e-01
3.553076982498168945e-01
-3.636430203914642334e-01
-7.633408308029174805e-01
9.975743889808654785e-01
9.894198179244995117e-01
3.321997821331024170e-01
5.723280906677246094e-01
-4.487057626247406006e-01
6.423770189285278320e-01
8.502002358436584473e-01
-8.998461365699768066e-01
9.795265793800354004e-01
-2.664487361907958984e-01
8.552033901214599609e-01
-3.965716063976287842e-01
3.491146862506866455e-01
-5.481312274932861328e-01
5.348660349845886230e-01
8.030651807785034180e-01
7.768417000770568848e-01
1.483414471149444580e-01
7.846531867980957031e-01
3.843578398227691650e-01
-7.919575572013854980e-01
-7.721597701311111450e-02
8.843271732330322266e-01
8.907282352447509766e-01
-9.048998951911926270e-01
9.138542413711547852e-01
-3.127300143241882324e-01
5.569198131561279297e-01
9.592320322990417480e-01
-8.263223171234130859e-01
9.045223593711853027e-01
8.975829482078552246e-01
-3.905032873153686523e-01
6.922205686569213867e-01
-8.694339394569396973e-01
8.998935222625732422e-01
6.101898550987243652e-01
6.707942485809326172e-01
2.800474315881729126e-02
-5.927029252052307129e-02
-9.515894651412963867e-01
8.595495223999023438e-01
7.748124003410339355e-01
8.216329216957092285e-01
-8.899672627449035645e-01
7.858944535255432129e-01
9.696902036666870117e-01
2.983149886131286621e-01
-2.536415159702301025e-01
4.893115460872650146e-01
8.950652480125427246e-01
3.290539383888244629e-01
-9.623856544494628906e-01
-5.325271487236022949e-01
8.919144272804260254e-01
1.540708839893341064e-01
9.614782333374023438e-01
6.566612720489501953e-01
4.066408574581146240e-01
-9.071400165557861328e-01
9.708339571952819824e-01
-1.054026633501052856e-01
9.296306967735290527e-01
9.496473670005798340e-01
-9.392442703247070312e-01
7.568614482879638672e-01
9.438858628273010254e-01
-7.135992050170898438e-01
-3.847589790821075439e-01
7.438085675239562988e-01
1.543571949005126953e-01
-4.292399883270263672e-01
9.703856110572814941e-01
9.582795500755310059e-01
7.252562046051025391e-01
-1.113654002547264099e-01
-6.538189053535461426e-01
9.974474310874938965e-01
-2.178711295127868652e-01
8.836571574211120605e-01
-1.426751911640167236e-02
-7.698383182287216187e-02
3.611234426498413086e-01
8.186162114143371582e-01
-1.251970678567886353e-01
5.693570971488952637e-01
3.176257014274597168e-01
9.818090796470642090e-01
-9.700948596000671387e-01
8.360341191291809082e-01
-4.189606606960296631e-01
9.231351613998413086e-01
9.386356920003890991e-02
-3.364953398704528809e-01
5.139414668083190918e-01
9.931524991989135742e-01
-2.664441466331481934e-01
9.292134642601013184e-01
4.858813248574733734e-03
-2.621393501758575439e-01
2.143157869577407837e-01
8.954921960830688477e-01
4.111574292182922363e-01
2.281963676214218140e-01
7.801402807235717773e-01
-7.495093941688537598e-01
-3.587318062782287598e-01
8.553841710090637207e-01
9.867535829544067383e-01
-8.539901971817016602e-01
5.574335455894470215e-01
5.061024054884910583e-02
5.780234336853027344e-01
1.973313093185424805e-01
8.621079921722412109e-01
4.171164333820343018e-02
5.120675563812255859e-01
-3.342897891998291016e-01
8.935463428497314453e-01
-1.812594085931777954e-01
9.781545400619506836e-01
-1.283450722694396973e-01
9.855677485466003418e-01
-6.828532814979553223e-01
9.103709459304809570e-01
-3.403591215610504150e-01
-3.067593574523925781e-01
8.279374241828918457e-01
-1.101334393024444580e-01
7.462621927261352539e-01
8.422174453735351562e-01
-7.425612807273864746e-01
3.940011262893676758e-01
9.720998406410217285e-01
3.603277206420898438e-01
-8.090701103210449219e-01
9.151194095611572266e-01
9.442351460456848145e-01
8.543196916580200195e-01
-8.676878213882446289e-01
-5.807758867740631104e-02
6.132028698921203613e-01
9.730709195137023926e-01
-9.543702006340026855e-01
5.793834924697875977e-01
6.396605372428894043e-01
-3.871321678161621094e-05
1.346573531627655029e-01
9.066980481147766113e-01
8.998610377311706543e-01
-5.848664641380310059e-01
8.826680779457092285e-01
-8.722790479660034180e-01
3.586667180061340332e-01
8.205842375755310059e-01
-8.193976283073425293e-01
4.017773866653442383e-01
9.541615247726440430e-01
7.885925173759460449e-01
-6.489155888557434082e-01
-1.520850658416748047e-01
9.567829370498657227e-01
9.152271747589111328e-01
-7.726250886917114258e-01
8.422417044639587402e-01
9.842997789382934570e-01
4.520049095153808594e-01
-4.610816538333892822e-01
9.890952706336975098e-01
3.410117030143737793e-01
-9.368294477462768555e-01
-3.936258256435394287e-01
9.774487018585205078e-01
9.411005973815917969e-01
-5.700442194938659668e-01
8.008775115013122559e-01
-8.146283030509948730e-01
9.891091585159301758e-01
9.982007145881652832e-01
-6.098259687423706055e-01
7.635545134544372559e-01
9.737443327903747559e-01
-2.064936608076095581e-01
8.486182093620300293e-01
-3.450080156326293945e-01
-5.202372074127197266e-01
4.703166484832763672e-01
9.915893077850341797e-01
6.662787199020385742e-01
-4.983727335929870605e-01
7.144649028778076172e-01
5.047176033258438110e-02
-6.835434436798095703e-01
7.535294294357299805e-01
5.199465155601501465e-01
7.754617929458618164e-01
-2.692326605319976807e-01
8.931180834770202637e-01
-4.839875996112823486e-01
4.326552450656890869e-01
3.457179367542266846e-01
1.646030396223068237e-01
-4.316180050373077393e-01
8.860880732536315918e-01
9.931702613830566406e-01
2.319327294826507568e-01
7.156873345375061035e-01
1.050640270113945007e-01
-7.988322973251342773e-01
8.553350567817687988e-01
-2.943910360336303711e-01
3.810459971427917480e-01
6.539791822433471680e-01
-8.824627399444580078e-01
9.904721379280090332e-01
9.871259331703186035e-01
-8.919164538383483887e-01
9.987621307373046875e-01
3.327865004539489746e-01
-6.249489188194274902e-01
9.830815196037292480e-01
6.321092247962951660e-01
9.067053794860839844e-01
-7.781805396080017090e-01
9.728959202766418457e-01
7.480065226554870605e-01
-6.426346898078918457e-01
7.107173204421997070e-01
7.415763139724731445e-01
-9.256923198699951172e-01
-7.809094190597534180e-01
9.929944872856140137e-01
9.911093711853027344e-01
5.149070024490356445e-01
-8.489502072334289551e-01
7.121681571006774902e-01
-4.356406629085540771e-01
8.424808979034423828e-01
9.864072799682617188e-01
8.324193358421325684e-01
9.723058938980102539e-01
-7.780549526214599609e-01
-6.842282414436340332e-01
9.413827061653137207e-01
4.834819734096527100e-01
-2.474631071090698242e-01
5.004764199256896973e-01
3.222568631172180176e-01
-6.551407575607299805e-01
-8.239449262619018555e-01
9.914610385894775391e-01
9.760275483131408691e-01
9.832407832145690918e-01
8.199579715728759766e-01
-6.076073646545410156e-01
5.843387246131896973e-01
6.818932294845581055e-01
-9.239989519119262695e-01
9.894892573356628418e-01
4.366710782051086426e-01
-2.368501424789428711e-01
4.539073407649993896e-01
-9.125978499650955200e-02
8.966138958930969238e-01
6.042742729187011719e-01
-1.107808127999305725e-01
-4.962913095951080322e-01
9.583321213722229004e-01
9.375613331794738770e-01
-9.317870140075683594e-01
2.129923552274703979e-01
9.347910284996032715e-01
-8.597993254661560059e-01
9.844298958778381348e-01
-7.009313702583312988e-01
8.975540399551391602e-01
1.959729194641113281e-01
9.494369626045227051e-01
-9.467665553092956543e-01
9.909204840660095215e-01
-5.720899701118469238e-01
9.069525599479675293e-01
9.546141624450683594e-01
6.271485090255737305e-01
9.814190268516540527e-01
-9.448482394218444824e-01
9.691053628921508789e-01
9.303075075149536133e-01
-7.119434475898742676e-01
-9.302975535392761230e-01
9.732393026351928711e-01
-2.656036913394927979e-01
5.195142030715942383e-01
9.422034025192260742e-01
-1.976060271263122559e-01
4.092200398445129395e-01
9.490350484848022461e-01
-6.838473081588745117e-01
9.325086474418640137e-01
3.047330975532531738e-01
-8.046192526817321777e-01
7.020841836929321289e-01
2.863291837275028229e-02
8.958045840263366699e-01
9.918673634529113770e-01
4.223566949367523193e-01
2.476535588502883911e-01
8.033685684204101562e-01
-8.508921265602111816e-01
-9.047232866287231445e-01
8.703272938728332520e-01
3.852281570434570312e-01
7.477449774742126465e-01
-9.531636834144592285e-01
7.551278471946716309e-01
7.738963961601257324e-01
-5.314042419195175171e-02
4.091705679893493652e-01
-8.372096419334411621e-01
9.348537921905517578e-01
6.714478135108947754e-02
5.353321433067321777e-01
6.978399157524108887e-01
7.097943425178527832e-01
8.161005973815917969e-01
-1.289259940385818481e-01
8.865649700164794922e-01
-6.977429986000061035e-01
7.396320700645446777e-01
-9.757714867591857910e-01
6.371527910232543945e-01
6.934701800346374512e-01
3.267385363578796387e-01
-9.418612122535705566e-01
7.457068562507629395e-01
7.689254879951477051e-01
8.997285366058349609e-01
6.088122725486755371e-01
-9.425202012062072754e-02
-9.309139847755432129e-01
9.973406791687011719e-01
1.862787269055843353e-02
-7.337407022714614868e-02
-6.020728945732116699e-01
9.959377050399780273e-01
9.902555942535400391e-01
8.239876627922058105e-01
8.292864561080932617e-01
-7.490294575691223145e-01
-3.449516296386718750e-01
8.889384865760803223e-01
7.328714728355407715e-01
-5.244115740060806274e-02
9.002012610435485840e-01
-9.210738539695739746e-01
8.230885863304138184e-01
5.844347476959228516e-01
-3.121675252914428711e-01
2.402650713920593262e-01
-4.361058026552200317e-02
9.537450075149536133e-01
-6.093484163284301758e-01
6.754409074783325195e-01
-3.673655092716217041e-01
9.221943020820617676e-01
4.219121634960174561e-01
7.738069295883178711e-01
7.926122546195983887e-01
-4.193331599235534668e-01
-4.522119164466857910e-01
3.572002351284027100e-01
9.241166710853576660e-01
4.813781082630157471e-01
-1.513682007789611816e-01
-9.292574524879455566e-01
9.546201229095458984e-01
9.974861145019531250e-01
5.393587946891784668e-01
-8.386912345886230469e-01
9.777764678001403809e-01
5.606174468994140625e-01
-2.189785987138748169e-01
1.653229743242263794e-01
1.540420204401016235e-01
-7.364248633384704590e-01
9.098143577575683594e-01
9.966998100280761719e-01
2.187535762786865234e-01
9.543477296829223633e-01
-4.878858625888824463e-01
6.699854135513305664e-01
1.707221269607543945e-01
3.451467454433441162e-01
-6.136596202850341797e-01
7.487689256668090820e-01
9.395962357521057129e-01
8.173846006393432617e-01
-9.132533073425292969e-01
2.436170578002929688e-01
4.585568010807037354e-01
3.678997755050659180e-01
-9.818189740180969238e-01
9.943833351135253906e-01
7.526507377624511719e-01
5.298226475715637207e-01
-7.258169651031494141e-01
9.590451121330261230e-01
2.563698291778564453e-01
3.633437156677246094e-01
9.718289971351623535e-01
-3.806670010089874268e-01
3.667764961719512939e-01
9.595596790313720703e-01
-6.854183226823806763e-02
-6.273961067199707031e-01
7.921600341796875000e-01
1.103041321039199829e-01
-4.088023900985717773e-01
9.040424972772598267e-02
9.633222818374633789e-01
-7.894206047058105469e-01
9.703795909881591797e-01
7.499969601631164551e-01
7.905080318450927734e-01
3.399944603443145752e-01
-9.470435976982116699e-01
9.824385046958923340e-01
-1.198931690305471420e-02
7.885494232177734375e-01
-5.368426442146301270e-01
-5.397300124168395996e-01
9.157648086547851562e-01
-3.702397048473358154e-01
9.027495980262756348e-01
9.870283603668212891e-01
-3.820870220661163330e-01
9.930203557014465332e-01
-8.914378285408020020e-01
9.974015951156616211e-01
9.820299148559570312e-01
-3.061645328998565674e-01
-4.308679997920989990e-01
9.976270198822021484e-01
8.124902844429016113e-01
6.500881314277648926e-01
7.233759760856628418e-01
-1.150059700012207031e-02
5.266577005386352539e-01
-7.205709218978881836e-01
7.168073058128356934e-01
-7.210209369659423828e-01
8.468677401542663574e-01
4.974170029163360596e-01
-9.413834810256958008e-01
-2.154084146022796631e-01
6.680877804756164551e-01
9.436453580856323242e-01
-4.303299635648727417e-02
8.762632012367248535e-01
2.621835768222808838e-01
8.994939327239990234e-01
-9.573972225189208984e-01
5.662382245063781738e-01
-3.529089093208312988e-01
7.594026327133178711e-01
2.239168435335159302e-01
4.406581521034240723e-01
5.208354592323303223e-01
8.626039624214172363e-01
-5.538037419319152832e-01
-4.653363227844238281e-01
9.988791942596435547e-01
6.939892172813415527e-01
-2.131679654121398926e-01
9.041836261749267578e-01
-8.852028250694274902e-01
9.955684542655944824e-01
6.612594127655029297e-01
9.252832531929016113e-01
1.714025586843490601e-01
-8.446024656295776367e-01
-6.063385605812072754e-01
9.961959123611450195e-01
1.082826480269432068e-01
9.287432432174682617e-01
1.697293967008590698e-01
-7.067447900772094727e-01
9.802904129028320312e-01
1.795781552791595459e-01
8.936418294906616211e-01
2.127694934606552124e-01
9.300581216812133789e-01
-9.616466164588928223e-01
9.153640866279602051e-01
9.446854591369628906e-01
-8.907679319381713867e-01
-8.411027789115905762e-01
9.829723238945007324e-01
8.837518095970153809e-01
8.017770648002624512e-01
6.431903243064880371e-01
-9.659874439239501953e-01
5.437950491905212402e-01
7.968750596046447754e-01
7.389121651649475098e-01
-4.501433968544006348e-01
-6.531483530998229980e-01
8.482995629310607910e-01
-6.666626334190368652e-01
9.702140092849731445e-01
-4.159117341041564941e-01
8.107357025146484375e-01
9.111989736557006836e-01
4.409098625183105469e-01
-6.031752824783325195e-01
8.382313847541809082e-01
8.612384200096130371e-01
8.380598425865173340e-01
-5.982031822204589844e-01
7.503444552421569824e-01
3.002015054225921631e-01
8.627983927726745605e-01
-2.387639433145523071e-01
-9.301905035972595215e-01
6.603686809539794922e-01
1.661590784788131714e-01
-5.608977675437927246e-01
9.682170748710632324e-01
5.660973787307739258e-01
2.801995910704135895e-02
-4.603266417980194092e-01
9.963166117668151855e-01
8.662160634994506836e-01
3.761460483074188232e-01
1.285218596458435059e-01
7.762099504470825195e-01
-8.188278079032897949e-01
9.544585943222045898e-01
2.303899675607681274e-01
-7.940834760665893555e-01
7.498802542686462402e-01
3.968876600265502930e-01
6.391588449478149414e-01
-8.116215467453002930e-01
9.668067097663879395e-01
2.634219229221343994e-01
1.101938262581825256e-01
6.071063876152038574e-01
7.325655221939086914e-01
-3.536115288734436035e-01
4.779716134071350098e-01
9.792858362197875977e-01
4.534227252006530762e-01
-6.580387949943542480e-01
8.837612867355346680e-01
4.336864054203033447e-01
-8.783975839614868164e-01
5.492160320281982422e-01
-3.275093063712120056e-02
-6.470877528190612793e-01
9.969885945320129395e-01
7.871831655502319336e-01
8.779304027557373047e-01
3.642440140247344971e-01
8.487974405288696289e-01
-6.248676180839538574e-01
9.262590408325195312e-01
5.483624935150146484e-01
-7.794368863105773926e-01
-8.226929306983947754e-01
9.962560534477233887e-01
4.115685820579528809e-01
-4.700052738189697266e-01
9.962750673294067383e-01
2.443366050720214844e-01
-6.182628273963928223e-01
9.774703979492187500e-01
-5.987876057624816895e-01
9.883769154548645020e-01
9.561489224433898926e-01
5.026661157608032227e-01
7.301455140113830566e-01
-2.003733217716217041e-01
3.443881273269653320e-01
6.961788535118103027e-01
-9.730952382087707520e-01
9.777691960334777832e-01
5.536690950393676758e-01
2.102061957120895386e-01
-7.378033995628356934e-01
6.259167194366455078e-01
8.719596862792968750e-01
7.660185098648071289e-01
-9.462941288948059082e-01
9.576120972633361816e-01
4.463786780834197998e-01
7.385283112525939941e-01
-9.825330376625061035e-01
-5.500947237014770508e-01
5.726889967918395996e-01
9.967690706253051758e-01
8.948373794555664062e-01
2.169391214847564697e-01
-9.926447272300720215e-02
-3.562573790550231934e-01
7.106866836547851562e-01
-9.159491956233978271e-02
6.665316969156265259e-02
9.951468110084533691e-01
-7.022228837013244629e-01
8.234699964523315430e-01
9.065923094749450684e-01
1.202493682503700256e-01
3.000206351280212402e-01
6.773261427879333496e-01
-8.200644850730895996e-01
4.091484844684600830e-01
8.208942413330078125e-01
2.453396469354629517e-01
3.319805264472961426e-01
-6.683777570724487305e-01
9.744296073913574219e-01
7.428002953529357910e-01
3.985727727413177490e-01
7.805312871932983398e-01
-8.841564655303955078e-01
9.621388316154479980e-01
4.832444190979003906e-01
-8.433749675750732422e-01
-3.014390766620635986e-01
9.902049899101257324e-01
9.144047498703002930e-01
3.913049399852752686e-01
7.525066137313842773e-01
-7.893565893173217773e-01
3.983623981475830078e-01
7.913156747817993164e-01
-9.620717763900756836e-01
3.654710650444030762e-01
7.191712260246276855e-01
-5.113810896873474121e-01
8.534283041954040527e-01
9.949343204498291016e-01
-7.637583613395690918e-01
7.931239008903503418e-01
6.029880046844482422e-01
5.921882390975952148e-01
-8.386797308921813965e-01
2.342702597379684448e-01
9.474867582321166992e-01
8.194720149040222168e-01
9.505196213722229004e-01
4.391508102416992188e-01
-6.049064993858337402e-01
-6.898963451385498047e-01
6.443950533866882324e-01
