-4.379835426807403564e-01
-7.458604872226715088e-02
8.503347635269165039e-01
6.872932910919189453e-01
7.960749268531799316e-01
6.369724869728088379e-01
4.276641458272933960e-02
5.085704922676086426e-01
6.790033578872680664e-01
-8.623070120811462402e-01
6.979889273643493652e-01
7.553852200508117676e-01
6.390790343284606934e-01
8.784115910530090332e-01
4.245236515998840332e-01
-4.601016342639923096e-01
7.272856831550598145e-01
2.521107196807861328e-01
2.318208292126655579e-02
-9.845389127731323242e-01
5.260875821113586426e-01
-8.590278774499893188e-02
1.224390640854835510e-01
5.575671195983886719e-01
-5.168967843055725098e-01
9.823351502418518066e-01
-4.502569139003753662e-01
-6.362391114234924316e-01
7.015889883041381836e-01
-7.855967879295349121e-01
6.987613439559936523e-01
5.764510035514831543e-01
7.827160954475402832e-01
9.702396988868713379e-01
-9.912180304527282715e-01
8.961509466171264648e-01
7.922937870025634766e-01
-6.733748316764831543e-01
-8.750322461128234863e-02
-4.402136504650115967e-01
-3.875862061977386475e-01
8.513481169939041138e-02
9.373579621315002441e-01
-2.327219694852828979e-01
-8.961120843887329102e-01
-1.321555525064468384e-01
-4.173426330089569092e-02
-6.525611281394958496e-01
-7.043306231498718262e-01
-4.155331850051879883e-01
4.901012778282165527e-01
-4.036416113376617432e-01
9.827933907508850098e-01
-9.788871407508850098e-01
3.885779157280921936e-02
-9.307144284248352051e-01
1.202325597405433655e-01
-6.521443128585815430e-01
-1.807605475187301636e-01
1.416800320148468018e-01
-4.738004803657531738e-01
-4.109288752079010010e-01
-9.487215876579284668e-01
2.985992431640625000e-01
-7.730299830436706543e-01
-7.812440991401672363e-01
-4.171942770481109619e-01
7.792317867279052734e-01
-8.848196864128112793e-01
9.532094001770019531e-01
5.937479138374328613e-01
-2.172592133283615112e-01
-6.806327700614929199e-01
9.758533239364624023e-01
-8.996196985244750977e-01
2.170693874359130859e-01
-8.537222743034362793e-01
5.694953799247741699e-01
-4.287260770797729492e-02
-8.451907038688659668e-01
-5.770710706710815430e-01
7.266763448715209961e-01
-4.351054728031158447e-01
7.498283386230468750e-01
8.046320080757141113e-01
-2.647392451763153076e-01
-9.445700049400329590e-01
-8.643888868391513824e-03
-2.951608896255493164e-01
-1.053564324975013733e-01
9.842831492424011230e-01
-4.898412823677062988e-01
9.252738952636718750e-01
-7.074390649795532227e-01
7.026751041412353516e-01
-4.638260304927825928e-01
-6.680544614791870117e-01
1.223656609654426575e-01
-7.752742618322372437e-02
1.413999050855636597e-01
-3.061139285564422607e-01
5.079912543296813965e-01
8.331934213638305664e-01
4.532554149627685547e-01
1.203351989388465881e-01
-3.192149102687835693e-01
3.891178593039512634e-02
-4.724887385964393616e-02
-7.148190736770629883e-01
-2.846397459506988525e-01
-4.340916275978088379e-01
6.655426621437072754e-01
-6.132978796958923340e-01
-7.721023559570312500e-01
-2.003328055143356323e-01
6.826164722442626953e-01
-7.403848171234130859e-01
3.856002092361450195e-01
3.314692899584770203e-02
-3.052520155906677246e-01
-9.814042448997497559e-01
-8.934812545776367188e-01
5.592950582504272461e-01
-8.993228077888488770e-01
-3.623552620410919189e-01
6.248373389244079590e-01
4.674598574638366699e-02
-5.833493471145629883e-01
-8.305824995040893555e-01
-8.465586900711059570e-01
-5.733624696731567383e-01
7.976126074790954590e-01
4.167274236679077148e-01
-7.356577515602111816e-01
-8.467257618904113770e-01
-5.142843723297119141e-02
-1.010788306593894958e-01
9.376500844955444336e-01
-3.403798937797546387e-01
-1.912728250026702881e-01
-7.387225031852722168e-01
-4.370231032371520996e-01
-7.447239756584167480e-01
-7.473576068878173828e-01
2.587429285049438477e-01
5.119277834892272949e-01
-8.932135105133056641e-01
-9.254286885261535645e-01
6.606004238128662109e-01
-1.592904031276702881e-01
1.093531921505928040e-01
-5.220747590065002441e-01
-7.073417305946350098e-01
-2.060748040676116943e-01
1.468127965927124023e-01
-6.516967415809631348e-01
9.249151349067687988e-01
-9.655233621597290039e-01
8.601515889167785645e-01
1.880266070365905762e-01
5.112670660018920898e-01
2.076047956943511963e-01
8.567932844161987305e-01
9.470888972282409668e-01
-9.697588086128234863e-01
-6.937051415443420410e-01
-2.941469550132751465e-01
2.416898906230926514e-01
-8.911936879158020020e-01
9.017115235328674316e-01
-7.499677538871765137e-01
-4.542191028594970703e-01
7.789995670318603516e-01
5.719477534294128418e-01
-3.775060921907424927e-02
3.187759518623352051e-01
6.748735904693603516e-05
6.256350278854370117e-01
2.797206938266754150e-01
-5.946278572082519531e-01
9.456759095191955566e-01
8.261142373085021973e-01
3.536312282085418701e-02
2.870031595230102539e-01
2.341855913400650024e-01
-3.266587257385253906e-01
2.958553433418273926e-01
4.672147929668426514e-01
-3.813261538743972778e-02
-3.986534178256988525e-01
8.162433505058288574e-01
6.357361674308776855e-01
9.926370978355407715e-01
-6.000804901123046875e-01
-4.472939968109130859e-01
-3.378523886203765869e-01
7.452673912048339844e-01
-1.317781955003738403e-01
9.641260504722595215e-01
9.619371294975280762e-01
-8.953012526035308838e-02
-1.131300702691078186e-01
4.094381034374237061e-01
6.928977370262145996e-01
8.530035614967346191e-01
-3.280672058463096619e-02
2.181283235549926758e-01
-1.006467640399932861e-01
1.788255572319030762e-02
9.092427492141723633e-01
-2.116963863372802734e-01
4.238189160823822021e-01
-2.894989848136901855e-01
-4.148266613483428955e-01
7.469537258148193359e-01
8.251647949218750000e-01
8.846337199211120605e-01
-3.981810510158538818e-01
-5.580123662948608398e-01
9.515302181243896484e-01
9.916589260101318359e-01
9.042837619781494141e-01
-4.042721688747406006e-01
-3.409799635410308838e-01
3.570384383201599121e-01
-2.366864085197448730e-01
-3.006846010684967041e-01
9.567547440528869629e-01
-6.305793523788452148e-01
-3.157408237457275391e-01
-8.037302494049072266e-01
2.984501719474792480e-01
5.433506369590759277e-01
7.898584008216857910e-01
-4.730463027954101562e-01
8.472471237182617188e-01
8.973036408424377441e-01
2.158367782831192017e-01
8.877418041229248047e-01
9.768466353416442871e-01
9.099290370941162109e-01
3.012762367725372314e-01
4.324419051408767700e-02
-1.950656324625015259e-01
3.380821943283081055e-01
5.440751910209655762e-01
1.303879916667938232e-01
6.180152893066406250e-01
2.183412611484527588e-01
-7.285131812095642090e-01
8.606998324394226074e-01
6.892882585525512695e-01
2.521255314350128174e-01
6.482691764831542969e-01
9.633203148841857910e-01
-8.226343989372253418e-01
7.592681646347045898e-01
-9.244549274444580078e-01
7.663115859031677246e-01
2.615958750247955322e-01
-5.168495774269104004e-01
-2.740043699741363525e-01
-8.688852190971374512e-01
9.219067096710205078e-01
-8.114815950393676758e-01
4.024560749530792236e-01
-6.515720486640930176e-01
2.959212660789489746e-01
6.359686851501464844e-01
6.109758615493774414e-01
2.712132334709167480e-01
3.731353878974914551e-01
-7.119475007057189941e-01
8.864334821701049805e-01
3.124223053455352783e-01
-7.502730488777160645e-01
-3.825397491455078125e-01
7.975316047668457031e-01
6.606879234313964844e-01
1.119814589619636536e-01
8.933429718017578125e-01
6.636598706245422363e-01
-9.433942437171936035e-01
-6.881002187728881836e-01
8.045918345451354980e-01
-9.503386020660400391e-01
-6.137393116950988770e-01
9.158263206481933594e-01
5.695565938949584961e-01
8.530094623565673828e-01
-9.415895938873291016e-01
5.272867679595947266e-01
-9.580606818199157715e-01
4.559555649757385254e-01
-7.692941427230834961e-01
4.069360494613647461e-01
-3.871155977249145508e-01
-3.057550191879272461e-01
-7.708437442779541016e-01
-8.301405310630798340e-01
9.413725882768630981e-02
8.141888380050659180e-01
-9.192464351654052734e-01
5.667741894721984863e-01
6.609416007995605469e-01
7.432975769042968750e-01
-3.212118148803710938e-01
-8.434551358222961426e-01
7.578352093696594238e-01
-7.345635294914245605e-01
5.382728576660156250e-01
7.086987495422363281e-01
-9.858941435813903809e-01
4.175065457820892334e-01
-7.896769642829895020e-01
-9.502333998680114746e-01
-9.485998749732971191e-01
8.652101159095764160e-01
6.460577994585037231e-02
-4.345908463001251221e-01
-8.966779708862304688e-02
-3.346214294433593750e-01
1.583184674382209778e-02
3.537372052669525146e-01
5.184602141380310059e-01
-8.601589202880859375e-01
1.767275631427764893e-01
5.472194552421569824e-01
3.827322721481323242e-01
8.506451249122619629e-01
-1.031927540898323059e-01
-1.827733814716339111e-01
1.257010102272033691e-01
-9.718341231346130371e-01
-3.205447196960449219e-01
-1.397524476051330566e-01
-5.404854416847229004e-01
7.091259956359863281e-01
-5.470576286315917969e-01
9.765635132789611816e-01
-2.508474588394165039e-01
-4.129590094089508057e-01
-1.863015741109848022e-01
5.543637275695800781e-01
-4.784772694110870361e-01
-5.261951684951782227e-01
3.070444464683532715e-01
-4.221176803112030029e-01
2.409411221742630005e-01
4.704550504684448242e-01
4.944727420806884766e-01
-6.594365239143371582e-01
9.484978914260864258e-01
4.474652707576751709e-01
-9.903981685638427734e-01
-7.111814022064208984e-01
-1.247429773211479187e-01
-3.061403036117553711e-01
6.440051794052124023e-01
-8.312358260154724121e-01
1.391957402229309082e-01
7.632436156272888184e-01
6.819697022438049316e-01
5.033482313156127930e-01
-7.878823280334472656e-01
-2.413536421954631805e-03
-9.487119317054748535e-01
9.656100869178771973e-01
4.020652472972869873e-01
-6.529477238655090332e-01
-4.049096703529357910e-01
-3.548231422901153564e-01
2.020230144262313843e-01
9.710917472839355469e-01
-2.626137062907218933e-02
2.576007843017578125e-01
-8.085255026817321777e-01
2.034347653388977051e-01
7.574176788330078125e-01
2.459229715168476105e-02
3.102481551468372345e-02
4.410009086132049561e-01
-3.124300837516784668e-01
1.065253373235464096e-02
-9.709537625312805176e-01
4.951868653297424316e-01
-9.958579540252685547e-01
4.606534540653228760e-01
-6.385546326637268066e-01
6.379257440567016602e-01
4.392238259315490723e-01
2.685264945030212402e-01
-1.711150445044040680e-02
6.199076771736145020e-01
5.787711739540100098e-01
-8.479778766632080078e-01
-5.297182202339172363e-01
-5.718989372253417969e-01
8.938742876052856445e-01
6.585591435432434082e-01
-2.393812537193298340e-01
7.433150410652160645e-01
8.377314805984497070e-01
-3.829426467418670654e-01
6.125479340553283691e-01
8.560754060745239258e-01
-2.310092896223068237e-01
-8.471170663833618164e-01
9.067618250846862793e-01
-6.406839489936828613e-01
6.164221763610839844e-01
-8.966984748840332031e-01
6.938862800598144531e-01
8.764637112617492676e-01
-7.045360207557678223e-01
5.215539932250976562e-01
-7.097690701484680176e-01
-7.182497382164001465e-01
7.115537524223327637e-01
-4.450938403606414795e-01
3.481369912624359131e-01
-1.674680113792419434e-01
9.124985933303833008e-01
-6.407476067543029785e-01
3.331208527088165283e-01
2.410178631544113159e-01
-9.136129021644592285e-01
7.080391645431518555e-01
1.062682718038558960e-01
9.767878055572509766e-01
-3.660715222358703613e-01
9.397974610328674316e-01
-7.748733460903167725e-02
9.587441682815551758e-01
7.861886620521545410e-01
3.779650852084159851e-02
-6.282330155372619629e-01
4.463672935962677002e-01
3.759931921958923340e-01
2.995386719703674316e-01
5.884291529655456543e-01
-8.560503125190734863e-01
9.799487590789794922e-01
-5.665010213851928711e-01
-4.195260703563690186e-01
-7.746860384941101074e-01
7.673362493515014648e-01
-3.935715258121490479e-01
9.280124902725219727e-01
-8.621712327003479004e-01
9.609255194664001465e-01
-8.597797751426696777e-01
2.979064583778381348e-01
8.159952759742736816e-01
1.507101505994796753e-01
7.609339356422424316e-01
-4.637620449066162109e-01
9.664087295532226562e-01
5.711297988891601562e-01
5.221325159072875977e-01
2.743469737470149994e-02
2.011326253414154053e-01
3.824029266834259033e-01
6.021332144737243652e-01
1.865844577550888062e-01
9.953285753726959229e-02
6.583040952682495117e-01
-6.169338226318359375e-01
-5.797209739685058594e-01
1.040887162089347839e-01
2.547232508659362793e-01
-3.423413932323455811e-01
9.812558889389038086e-01
3.779965639114379883e-01
7.135828137397766113e-01
-1.999758630990982056e-01
8.969494700431823730e-01
-9.661041498184204102e-01
7.770179510116577148e-01
-2.846011519432067871e-01
-2.228989601135253906e-01
-8.763957768678665161e-02
8.568522334098815918e-01
3.858357667922973633e-02
6.478299945592880249e-02
9.068366885185241699e-01
8.279592990875244141e-01
-2.004683166742324829e-01
2.573814988136291504e-01
1.790971457958221436e-01
8.075541853904724121e-01
6.177834272384643555e-01
-9.933318495750427246e-01
-1.066325157880783081e-01
5.442629456520080566e-01
-1.646928861737251282e-02
-2.578080296516418457e-01
8.872360736131668091e-02
4.789042770862579346e-01
-1.674840450286865234e-01
-6.022446751594543457e-01
8.693855255842208862e-02
9.635350704193115234e-01
8.202815651893615723e-01
8.802418410778045654e-02
9.384945034980773926e-01
-6.039230823516845703e-01
-1.052279844880104065e-01
8.828932046890258789e-01
-7.093846797943115234e-03
1.084864959120750427e-01
-1.241458430886268616e-01
