-1.477518081665039062e-01
-1.391609162092208862e-01
-1.066463217139244080e-01
-1.198670938611030579e-01
-1.156071349978446960e-01
-8.497044444084167480e-02
-7.112968713045120239e-02
-4.924368113279342651e-02
-7.106634229421615601e-02
-5.421352759003639221e-02
-1.660494692623615265e-02
3.080692328512668610e-02
1.116317883133888245e-01
1.670172363519668579e-01
1.878755539655685425e-01
1.979370713233947754e-01
2.084001004695892334e-01
2.215296328067779541e-01
2.315182536840438843e-01
2.693700194358825684e-01
2.750515341758728027e-01
2.863265872001647949e-01
3.086929619312286377e-01
3.021515905857086182e-01
3.335948586463928223e-01
3.658561110496520996e-01
3.463342189788818359e-01
3.259028494358062744e-01
-6.622096896171569824e-02
5.358454212546348572e-02
1.087631359696388245e-01
9.296415746212005615e-02
1.170696541666984558e-01
6.080362573266029358e-02
4.687246307730674744e-02
7.004381716251373291e-02
-8.777095004916191101e-03
1.090489402413368225e-01
-3.518833220005035400e-02
9.621568769216537476e-02
-4.322904348373413086e-02
7.539097219705581665e-02
-2.525818906724452972e-02
4.811780899763107300e-02
-7.071004714816808701e-03
7.760386168956756592e-02
-1.755394786596298218e-02
5.731621757149696350e-02
4.838565830141305923e-03
8.777340874075889587e-03
5.123704671859741211e-02
5.422812700271606445e-02
6.859433650970458984e-02
-1.138962153345346451e-02
4.348122328519821167e-02
1.186919678002595901e-02
3.822741657495498657e-02
-2.774802222847938538e-02
3.770964592695236206e-02
2.837436832487583160e-02
2.214650437235832214e-02
7.109703868627548218e-02
-3.166537499055266380e-03
1.263225227594375610e-01
-2.685459889471530914e-02
2.135104686021804810e-01
-2.842826582491397858e-02
2.953636348247528076e-01
-4.300675354897975922e-03
3.227891921997070312e-01
2.591313235461711884e-02
3.378969430923461914e-01
5.974283069372177124e-02
3.736882805824279785e-01
1.265312079340219498e-02
3.653205335140228271e-01
5.911007523536682129e-02
3.949338495731353760e-01
1.184800174087285995e-02
3.621533811092376709e-01
8.425651490688323975e-02
4.056093692779541016e-01
2.213673293590545654e-02
3.696973025798797607e-01
8.521894365549087524e-02
3.862592577934265137e-01
4.554635286331176758e-02
4.055806696414947510e-01
5.414839368313550949e-03
3.903235197067260742e-01
1.537957042455673218e-02
3.831693530082702637e-01
2.911088615655899048e-02
3.656308352947235107e-01
4.656482115387916565e-02
3.459196090698242188e-01
6.208034232258796692e-02
3.578104078769683838e-01
2.733964473009109497e-02
3.462617397308349609e-01
4.883043095469474792e-02
3.569171130657196045e-01
5.512947216629981995e-02
3.428190648555755615e-01
5.245598033070564270e-02
3.375619947910308838e-01
3.437708318233489990e-02
3.464328944683074951e-01
-4.164640791714191437e-03
3.323252201080322266e-01
1.610475406050682068e-02
3.171271681785583496e-01
5.774665251374244690e-02
2.887547612190246582e-01
1.169219017028808594e-01
2.863966226577758789e-01
1.297354400157928467e-01
2.466301769018173218e-01
1.503522098064422607e-01
2.494844198226928711e-01
1.332261711359024048e-01
2.288443148136138916e-01
1.410981565713882446e-01
1.795625090599060059e-01
1.797080039978027344e-01
1.673527508974075317e-01
2.098499834537506104e-01
1.394261121749877930e-01
2.197905331850051880e-01
1.733313202857971191e-01
1.555357724428176880e-01
1.936099380254745483e-01
1.897202432155609131e-01
1.855059862136840820e-01
1.677415072917938232e-01
1.632334440946578979e-01
1.960776001214981079e-01
2.246538549661636353e-01
1.334365010261535645e-01
2.341421693563461304e-01
1.469809114933013916e-01
1.842675507068634033e-01
2.234144359827041626e-01
1.314360350370407104e-01
2.337142825126647949e-01
1.580393016338348389e-01
2.188598364591598511e-01
1.460390537977218628e-01
2.224425524473190308e-01
1.849961578845977783e-01
2.028571814298629761e-01
1.647845357656478882e-01
2.470290958881378174e-01
1.236410960555076599e-01
2.554448246955871582e-01
1.697909384965896606e-01
2.023739069700241089e-01
1.986401230096817017e-01
2.705205380916595459e-01
2.707295119762420654e-01
2.318614572286605835e-01
2.272174954414367676e-01
2.284367680549621582e-01
2.119174599647521973e-01
2.222834229469299316e-01
2.100322842597961426e-01
2.126648128032684326e-01
2.044730186462402344e-01
1.797857433557510376e-01
2.003156095743179321e-01
1.969949454069137573e-01
1.971015930175781250e-01
1.923724710941314697e-01
2.062522321939468384e-01
2.082282155752182007e-01
1.853801757097244263e-01
1.986859887838363647e-01
2.121259719133377075e-01
1.749702394008636475e-01
2.141888141632080078e-01
1.933956295251846313e-01
1.910162270069122314e-01
1.970949918031692505e-01
1.964818239212036133e-01
2.000215947628021240e-01
2.084128260612487793e-01
2.499536275863647461e-01
2.329347878694534302e-01
1.613073647022247314e-01
2.333817183971405029e-01
2.068229317665100098e-01
1.934243738651275635e-01
2.600497603416442871e-01
1.881255358457565308e-01
2.310427129268646240e-01
2.168334126472473145e-01
1.941247433423995972e-01
2.096277922391891479e-01
2.334265112876892090e-01
2.012135237455368042e-01
2.259996384382247925e-01
2.017819285392761230e-01
2.304047793149948120e-01
2.327175140380859375e-01
1.824060529470443726e-01
1.834573447704315186e-01
2.372508794069290161e-01
1.797900050878524780e-01
2.140998542308807373e-01
2.204326838254928589e-01
2.175079435110092163e-01
2.017159163951873779e-01
2.069742828607559204e-01
2.267027348279953003e-01
1.846055239439010620e-01
2.268036305904388428e-01
2.340305894613265991e-01
1.771425902843475342e-01
2.102085798978805542e-01
2.145478278398513794e-01
1.898782998323440552e-01
2.311957925558090210e-01
2.295536547899246216e-01
2.342272102832794189e-01
2.291586697101593018e-01
2.365291267633438110e-01
2.162621468305587769e-01
2.329971790313720703e-01
1.930989623069763184e-01
1.846258342266082764e-01
2.050488144159317017e-01
2.054517716169357300e-01
2.105747610330581665e-01
2.273987978696823120e-01
1.981617510318756104e-01
1.916117072105407715e-01
2.222345471382141113e-01
2.019502222537994385e-01
2.213794142007827759e-01
2.133420854806900024e-01
1.999753415584564209e-01
2.147933840751647949e-01
1.874992102384567261e-01
2.184507399797439575e-01
2.253687679767608643e-01
2.267634123563766479e-01
2.383624613285064697e-01
2.303395122289657593e-01
1.968897581100463867e-01
2.181796431541442871e-01
2.043462693691253662e-01
2.023008614778518677e-01
1.928152292966842651e-01
2.216601371765136719e-01
1.963159888982772827e-01
2.339798957109451294e-01
2.371043711900711060e-01
1.666324883699417114e-01
1.833721697330474854e-01
2.499706149101257324e-01
1.847628653049468994e-01
2.067442238330841064e-01
2.380979210138320923e-01
2.023674547672271729e-01
2.371264398097991943e-01
2.303859144449234009e-01
1.695367842912673950e-01
2.153583616018295288e-01
1.899335086345672607e-01
2.350709140300750732e-01
2.217824459075927734e-01
2.557107508182525635e-01
2.104771137237548828e-01
2.264267802238464355e-01
2.034786045551300049e-01
1.982167214155197144e-01
2.334695458412170410e-01
2.156814932823181152e-01
2.087142020463943481e-01
1.973655372858047485e-01
2.156628072261810303e-01
2.054186612367630005e-01
2.196447402238845825e-01
2.025232017040252686e-01
1.893751025199890137e-01
2.032244950532913208e-01
2.488339394330978394e-01
2.230698764324188232e-01
2.223582565784454346e-01
2.227381467819213867e-01
1.927661150693893433e-01
1.816587001085281372e-01
2.133008241653442383e-01
2.090740501880645752e-01
2.304001152515411377e-01
2.204459905624389648e-01
1.961012929677963257e-01
2.076055109500885010e-01
2.297384440898895264e-01
2.048212140798568726e-01
2.259653955698013306e-01
2.246167659759521484e-01
1.896847933530807495e-01
2.099982202053070068e-01
2.324260026216506958e-01
2.194834798574447632e-01
2.285346984863281250e-01
2.155355364084243774e-01
2.216389626264572144e-01
2.150091677904129028e-01
1.879907250404357910e-01
2.228685617446899414e-01
2.319211810827255249e-01
1.946457624435424805e-01
2.367594987154006958e-01
1.770844906568527222e-01
2.104826271533966064e-01
2.186598777770996094e-01
2.396576404571533203e-01
1.875096857547760010e-01
2.050425708293914795e-01
2.229747176170349121e-01
1.968262642621994019e-01
2.302208989858627319e-01
2.097105681896209717e-01
2.147045731544494629e-01
2.016251236200332642e-01
1.860208660364151001e-01
2.293966114521026611e-01
2.057030797004699707e-01
2.246698588132858276e-01
2.167956680059432983e-01
2.590010166168212891e-01
1.915534883737564087e-01
2.191371768712997437e-01
2.148275673389434814e-01
2.268795669078826904e-01
1.793179512023925781e-01
2.322291582822799683e-01
1.974800229072570801e-01
2.362973093986511230e-01
2.284170389175415039e-01
1.670374572277069092e-01
2.055683732032775879e-01
2.223788499832153320e-01
2.412159144878387451e-01
1.727381199598312378e-01
2.300502061843872070e-01
2.368354350328445435e-01
2.315099090337753296e-01
2.089154124259948730e-01
2.001121193170547485e-01
2.074346393346786499e-01
2.098804712295532227e-01
2.105122506618499756e-01
2.230831384658813477e-01
2.196769714355468750e-01
2.347751110792160034e-01
2.116910815238952637e-01
2.149928212165832520e-01
2.379217445850372314e-01
1.803837567567825317e-01
2.184002399444580078e-01
1.988956183195114136e-01
2.191457599401473999e-01
2.190538644790649414e-01
1.717163771390914917e-01
2.215043604373931885e-01
2.300884425640106201e-01
2.267717868089675903e-01
2.112438380718231201e-01
2.302705496549606323e-01
1.984869390726089478e-01
2.027474343776702881e-01
2.063464820384979248e-01
2.386422455310821533e-01
2.160554975271224976e-01
1.966616660356521606e-01
2.318475246429443359e-01
2.570595145225524902e-01
1.719815582036972046e-01
2.325838953256607056e-01
1.880146265029907227e-01
2.093802392482757568e-01
2.226894199848175049e-01
1.778703033924102783e-01
1.905514150857925415e-01
2.493356168270111084e-01
2.458634525537490845e-01
2.010003477334976196e-01
2.228508293628692627e-01
1.872794330120086670e-01
1.960088759660720825e-01
2.315142154693603516e-01
2.312123626470565796e-01
2.447409331798553467e-01
1.908220052719116211e-01
2.139094918966293335e-01
2.351625114679336548e-01
2.359032332897186279e-01
2.120238989591598511e-01
2.074916064739227295e-01
2.050858139991760254e-01
2.396885752677917480e-01
1.808634847402572632e-01
1.928892433643341064e-01
2.362131327390670776e-01
1.796442270278930664e-01
2.466431409120559692e-01
2.048507779836654663e-01
2.405489385128021240e-01
2.088387757539749146e-01
1.905086338520050049e-01
2.342554181814193726e-01
2.195998877286911011e-01
2.314841002225875854e-01
2.225662916898727417e-01
1.879759132862091064e-01
2.303119152784347534e-01
2.226143330335617065e-01
1.973097026348114014e-01
2.159601449966430664e-01
2.309626042842864990e-01
2.249208837747573853e-01
2.191057801246643066e-01
2.062908262014389038e-01
2.098619341850280762e-01
2.169040888547897339e-01
1.972749233245849609e-01
2.216616719961166382e-01
2.170638442039489746e-01
2.124843448400497437e-01
2.141398042440414429e-01
2.039949297904968262e-01
2.141084820032119751e-01
2.158920466899871826e-01
2.332692146301269531e-01
2.051443457603454590e-01
1.909440159797668457e-01
2.017851471900939941e-01
2.281612753868103027e-01
2.258610874414443970e-01
1.972301900386810303e-01
2.282506674528121948e-01
1.993148326873779297e-01
2.550954818725585938e-01
2.004160583019256592e-01
2.320459038019180298e-01
1.825793236494064331e-01
2.312424629926681519e-01
2.401430606842041016e-01
1.879501193761825562e-01
2.182539254426956177e-01
2.131363749504089355e-01
2.354266196489334106e-01
1.904695183038711548e-01
2.258094996213912964e-01
2.256758660078048706e-01
2.284950762987136841e-01
1.931008398532867432e-01
2.148028314113616943e-01
2.111158967018127441e-01
2.280801981687545776e-01
2.084273844957351685e-01
2.432404607534408569e-01
1.845949590206146240e-01
1.866355091333389282e-01
2.129653394222259521e-01
2.425825893878936768e-01
2.446494996547698975e-01
2.296224236488342285e-01
1.835797429084777832e-01
2.144997864961624146e-01
2.239006459712982178e-01
2.063107043504714966e-01
1.933190971612930298e-01
2.118849158287048340e-01
2.171464264392852783e-01
2.517019808292388916e-01
1.869026869535446167e-01
2.133892327547073364e-01
1.939359158277511597e-01
2.245766222476959229e-01
1.952914446592330933e-01
2.298493087291717529e-01
2.378036677837371826e-01
2.133994996547698975e-01
2.344172894954681396e-01
2.093874067068099976e-01
2.305325120687484741e-01
1.938221007585525513e-01
1.909446567296981812e-01
2.235238999128341675e-01
2.054890692234039307e-01
2.315156608819961548e-01
2.175689339637756348e-01
2.296450287103652954e-01
1.913498789072036743e-01
2.204023152589797974e-01
2.263033092021942139e-01
1.754606813192367554e-01
2.402041554450988770e-01
2.149569243192672729e-01
2.329105138778686523e-01
2.344110906124114990e-01
1.888100355863571167e-01
2.068744748830795288e-01
2.216790467500686646e-01
2.422971576452255249e-01
2.211047857999801636e-01
1.983395665884017944e-01
2.197274267673492432e-01
2.003687918186187744e-01
2.031290531158447266e-01
2.025957405567169189e-01
2.126705497503280640e-01
1.667727530002593994e-01
2.193144112825393677e-01
2.279619425535202026e-01
2.225279808044433594e-01
2.261676043272018433e-01
2.400031089782714844e-01
2.367169708013534546e-01
1.981003880500793457e-01
2.151205837726593018e-01
2.101750671863555908e-01
2.380962073802947998e-01
1.872919648885726929e-01
2.094948738813400269e-01
2.094545960426330566e-01
2.330277264118194580e-01
2.598125040531158447e-01
1.813604831695556641e-01
2.090250700712203979e-01
2.053857892751693726e-01
2.120125144720077515e-01
1.969832479953765869e-01
2.215916067361831665e-01
2.218809276819229126e-01
2.041414380073547363e-01
2.306389063596725464e-01
2.090108394622802734e-01
2.207085788249969482e-01
2.361202239990234375e-01
2.270012348890304565e-01
2.180675417184829712e-01
1.968750059604644775e-01
2.140310853719711304e-01
2.295106798410415649e-01
1.996030807495117188e-01
2.230146974325180054e-01
2.380220144987106323e-01
2.040432989597320557e-01
2.089984267950057983e-01
2.162798047065734863e-01
2.377777695655822754e-01
2.049733847379684448e-01
2.191415876150131226e-01
2.343132495880126953e-01
1.800192147493362427e-01
1.866458207368850708e-01
2.140484154224395752e-01
2.301034629344940186e-01
2.167685031890869141e-01
2.448224872350692749e-01
2.089980393648147583e-01
2.074636220932006836e-01
2.241100370883941650e-01
2.357892841100692749e-01
2.599953413009643555e-01
1.495575904846191406e-01
2.103509157896041870e-01
2.119001150131225586e-01
1.876545846462249756e-01
2.229785025119781494e-01
1.925332546234130859e-01
2.406339943408966064e-01
2.303517907857894897e-01
2.221675366163253784e-01
1.967903822660446167e-01
2.163899242877960205e-01
2.204705923795700073e-01
2.243372648954391479e-01
2.222744673490524292e-01
2.421433329582214355e-01
2.087758630514144897e-01
1.992713510990142822e-01
2.297460287809371948e-01
2.377807348966598511e-01
1.894930005073547363e-01
2.208842337131500244e-01
2.435281872749328613e-01
1.763472557067871094e-01
2.215694189071655273e-01
2.255497872829437256e-01
2.081439793109893799e-01
2.348140925168991089e-01
2.178794443607330322e-01
2.004650235176086426e-01
2.061712294816970825e-01
2.327380478382110596e-01
1.849054992198944092e-01
2.210362106561660767e-01
2.296350896358489990e-01
2.319884747266769409e-01
2.400606721639633179e-01
2.016152739524841309e-01
2.119172513484954834e-01
2.027417868375778198e-01
1.981248408555984497e-01
2.097615003585815430e-01
2.410808503627777100e-01
1.951741278171539307e-01
2.393534183502197266e-01
2.024077177047729492e-01
2.136126160621643066e-01
2.199228107929229736e-01
2.381177991628646851e-01
2.345570176839828491e-01
1.986744999885559082e-01
2.029065489768981934e-01
2.408083677291870117e-01
2.123017609119415283e-01
2.228231877088546753e-01
2.191490978002548218e-01
2.013905644416809082e-01
2.099760025739669800e-01
2.180582880973815918e-01
2.326467782258987427e-01
2.068049162626266479e-01
1.950544714927673340e-01
2.330228984355926514e-01
1.888651549816131592e-01
2.285935282707214355e-01
2.066903859376907349e-01
2.168228775262832642e-01
2.434837967157363892e-01
1.890250593423843384e-01
2.333857715129852295e-01
2.139300107955932617e-01
2.317887246608734131e-01
2.210697829723358154e-01
2.290695607662200928e-01
2.149123698472976685e-01
1.890280246734619141e-01
2.041528970003128052e-01
2.068650126457214355e-01
2.318075001239776611e-01
2.443002760410308838e-01
1.764903813600540161e-01
2.038152962923049927e-01
2.273005992174148560e-01
2.082194238901138306e-01
2.274012267589569092e-01
2.117614299058914185e-01
2.141964286565780640e-01
2.548910379409790039e-01
2.197210639715194702e-01
2.016495615243911743e-01
2.340786755084991455e-01
2.345996350049972534e-01
2.201471924781799316e-01
2.148093283176422119e-01
2.175248861312866211e-01
1.997029781341552734e-01
2.340201735496520996e-01
2.181964516639709473e-01
1.993167549371719360e-01
2.096674293279647827e-01
2.261355966329574585e-01
2.438233792781829834e-01
1.919327676296234131e-01
2.109652012586593628e-01
1.859047561883926392e-01
2.155057340860366821e-01
2.040973305702209473e-01
2.105840146541595459e-01
2.085201442241668701e-01
2.169100046157836914e-01
2.376902401447296143e-01
2.342635095119476318e-01
1.927368938922882080e-01
2.362356930971145630e-01
2.356353104114532471e-01
1.846154332160949707e-01
2.359509468078613281e-01
2.219830900430679321e-01
2.334041595458984375e-01
1.945035457611083984e-01
2.204415053129196167e-01
2.042236775159835815e-01
2.140324562788009644e-01
2.324092835187911987e-01
2.318293303251266479e-01
2.090470790863037109e-01
2.441038638353347778e-01
1.999954581260681152e-01
1.879727542400360107e-01
2.138736099004745483e-01
2.121024280786514282e-01
2.280066907405853271e-01
1.887845396995544434e-01
2.161222845315933228e-01
2.422382086515426636e-01
1.994102597236633301e-01
2.411263734102249146e-01
2.078328132629394531e-01
2.195557802915573120e-01
2.136252075433731079e-01
2.237141728401184082e-01
2.297454476356506348e-01
2.417244166135787964e-01
2.144877612590789795e-01
2.000001668930053711e-01
2.029064744710922241e-01
2.316001206636428833e-01
2.133502364158630371e-01
1.927045732736587524e-01
2.322802394628524780e-01
2.213851064443588257e-01
2.227267622947692871e-01
2.071030586957931519e-01
2.125508189201354980e-01
2.244260609149932861e-01
2.390047460794448853e-01
1.948241293430328369e-01
2.009328454732894897e-01
2.209142297506332397e-01
2.154936641454696655e-01
2.167510688304901123e-01
2.464906424283981323e-01
2.104773223400115967e-01
2.401982843875885010e-01
1.988172531127929688e-01
2.067454904317855835e-01
2.069066613912582397e-01
1.914431154727935791e-01
1.961652040481567383e-01
2.078210264444351196e-01
2.587934434413909912e-01
1.821958869695663452e-01
2.358678430318832397e-01
2.197572588920593262e-01
2.580829858779907227e-01
2.077880501747131348e-01
2.330036014318466187e-01
2.130536884069442749e-01
2.139993906021118164e-01
2.009155303239822388e-01
2.541155517101287842e-01
1.874350160360336304e-01
1.839518398046493530e-01
2.321993410587310791e-01
2.183624505996704102e-01
2.020531594753265381e-01
2.669740915298461914e-01
1.605477482080459595e-01
1.833829730749130249e-01
2.204399108886718750e-01
2.288438677787780762e-01
2.428318113088607788e-01
2.146299034357070923e-01
2.266809791326522827e-01
2.087985575199127197e-01
2.506867051124572754e-01
1.836477071046829224e-01
1.995013803243637085e-01
2.216693013906478882e-01
2.620916366577148438e-01
1.848797202110290527e-01
2.342074364423751831e-01
2.244294583797454834e-01
2.119094431400299072e-01
2.499340027570724487e-01
2.273806780576705933e-01
2.122143656015396118e-01
2.196034938097000122e-01
2.063789814710617065e-01
2.421578615903854370e-01
2.092472463846206665e-01
1.999133676290512085e-01
1.851693093776702881e-01
2.328807711601257324e-01
2.075085043907165527e-01
2.149155586957931519e-01
2.450228184461593628e-01
1.798638850450515747e-01
2.181995064020156860e-01
2.180309444665908813e-01
2.010091543197631836e-01
2.202245891094207764e-01
2.130040526390075684e-01
2.356854826211929321e-01
2.169903814792633057e-01
2.025213688611984253e-01
2.310342788696289062e-01
2.153988033533096313e-01
2.133396863937377930e-01
2.052419185638427734e-01
2.094498872756958008e-01
2.343207299709320068e-01
1.955288797616958618e-01
2.308380603790283203e-01
2.392250597476959229e-01
1.984628289937973022e-01
2.151056528091430664e-01
2.196252048015594482e-01
2.120503485202789307e-01
2.478576302528381348e-01
2.070697396993637085e-01
2.055724859237670898e-01
2.438744008541107178e-01
2.252267748117446899e-01
2.041857689619064331e-01
2.137961536645889282e-01
2.180473953485488892e-01
2.103381752967834473e-01
2.366519719362258911e-01
2.259945571422576904e-01
2.032286077737808228e-01
2.067060768604278564e-01
2.395346462726593018e-01
2.004366368055343628e-01
1.949792951345443726e-01
2.132513672113418579e-01
2.307524532079696655e-01
2.143846005201339722e-01
2.259065806865692139e-01
1.984500735998153687e-01
2.265606820583343506e-01
2.055432945489883423e-01
2.501051127910614014e-01
2.149407416582107544e-01
2.259920239448547363e-01
1.951793581247329712e-01
2.400850802659988403e-01
2.009645253419876099e-01
2.193509042263031006e-01
2.071050256490707397e-01
2.243708372116088867e-01
2.360519617795944214e-01
1.746686100959777832e-01
2.152014970779418945e-01
2.043834030628204346e-01
2.164619117975234985e-01
2.506403923034667969e-01
1.852693557739257812e-01
2.389523535966873169e-01
2.134780585765838623e-01
2.386416941881179810e-01
2.156055569648742676e-01
2.167325317859649658e-01
2.312842905521392822e-01
1.829345524311065674e-01
2.475458532571792603e-01
1.742202192544937134e-01
2.391682863235473633e-01
2.350713759660720825e-01
2.166182398796081543e-01
1.996671557426452637e-01
2.233193814754486084e-01
2.389049232006072998e-01
2.112336307764053345e-01
2.370173633098602295e-01
2.306093424558639526e-01
1.848941892385482788e-01
2.059422582387924194e-01
2.363166958093643188e-01
2.116131931543350220e-01
2.207465022802352905e-01
1.880799978971481323e-01
1.747753918170928955e-01
2.128497064113616943e-01
2.463997900485992432e-01
2.250642925500869751e-01
2.061166465282440186e-01
2.303159236907958984e-01
2.210735380649566650e-01
2.325692623853683472e-01
2.060613334178924561e-01
2.032681703567504883e-01
2.530248165130615234e-01
1.933311671018600464e-01
2.106677293777465820e-01
2.123924940824508667e-01
2.044648826122283936e-01
2.481694519519805908e-01
2.314757406711578369e-01
2.533339858055114746e-01
2.004312127828598022e-01
1.838102787733078003e-01
2.158476412296295166e-01
2.116784602403640747e-01
2.325746268033981323e-01
2.156046032905578613e-01
2.004325985908508301e-01
2.223101705312728882e-01
2.500850558280944824e-01
2.400502115488052368e-01
1.599365770816802979e-01
1.983552128076553345e-01
2.205318361520767212e-01
2.414809614419937134e-01
2.043809592723846436e-01
2.117857336997985840e-01
2.486982941627502441e-01
2.399881035089492798e-01
2.068746984004974365e-01
2.180044651031494141e-01
2.148614823818206787e-01
2.050145566463470459e-01
2.274556010961532593e-01
1.916596889495849609e-01
2.328066080808639526e-01
2.331055104732513428e-01
2.076291143894195557e-01
2.071197032928466797e-01
2.227124422788619995e-01
2.224611192941665649e-01
2.273752838373184204e-01
2.142595946788787842e-01
2.316592931747436523e-01
2.061050832271575928e-01
2.072755098342895508e-01
2.147091180086135864e-01
2.107256352901458740e-01
1.802219897508621216e-01
2.459922134876251221e-01
1.990447789430618286e-01
2.200987339019775391e-01
2.095562219619750977e-01
2.347307950258255005e-01
2.124694287776947021e-01
2.099782228469848633e-01
2.338055074214935303e-01
1.965829581022262573e-01
2.153804004192352295e-01
2.384708374738693237e-01
2.375094145536422729e-01
2.391719669103622437e-01
1.953501850366592407e-01
2.222488820552825928e-01
2.146435379981994629e-01
2.060500532388687134e-01
2.218607962131500244e-01
2.251468896865844727e-01
2.300685495138168335e-01
2.161936312913894653e-01
2.290699630975723267e-01
1.932828426361083984e-01
1.966931521892547607e-01
1.889179944992065430e-01
2.234182357788085938e-01
2.130956351757049561e-01
2.263201177120208740e-01
2.002889811992645264e-01
2.432227730751037598e-01
2.515400350093841553e-01
1.954449713230133057e-01
2.502981424331665039e-01
1.952751576900482178e-01
2.103085964918136597e-01
2.302014380693435669e-01
2.256200313568115234e-01
2.240283787250518799e-01
2.492138743400573730e-01
2.025707811117172241e-01
2.218137979507446289e-01
2.154940515756607056e-01
2.288057208061218262e-01
1.944742351770401001e-01
1.718331426382064819e-01
2.272230386734008789e-01
2.302146553993225098e-01
2.250364869832992554e-01
2.126977294683456421e-01
2.139493376016616821e-01
2.257129400968551636e-01
2.046970129013061523e-01
2.240355014801025391e-01
2.222778052091598511e-01
1.800392568111419678e-01
2.020709067583084106e-01
2.279040813446044922e-01
2.476307153701782227e-01
1.549776643514633179e-01
2.335677593946456909e-01
2.671747207641601562e-01
2.241718620061874390e-01
2.288082242012023926e-01
2.266532331705093384e-01
2.046103924512863159e-01
2.347888499498367310e-01
2.106674611568450928e-01
2.022264152765274048e-01
2.152685374021530151e-01
2.080122679471969604e-01
2.231638431549072266e-01
2.218250036239624023e-01
2.156685143709182739e-01
1.798564046621322632e-01
2.060520499944686890e-01
2.252165079116821289e-01
2.366507649421691895e-01
2.282034307718276978e-01
2.184512764215469360e-01
2.346370667219161987e-01
2.298671007156372070e-01
2.336905002593994141e-01
2.064637243747711182e-01
2.007061541080474854e-01
2.212019115686416626e-01
1.974122524261474609e-01
2.235815674066543579e-01
2.110047191381454468e-01
2.165797799825668335e-01
1.899884641170501709e-01
2.105275243520736694e-01
2.583701610565185547e-01
1.904033869504928589e-01
2.221173495054244995e-01
2.114913910627365112e-01
2.466127723455429077e-01
2.532269358634948730e-01
2.213275879621505737e-01
1.870607435703277588e-01
2.215305715799331665e-01
2.038801461458206177e-01
1.987736672163009644e-01
2.379871308803558350e-01
1.964939385652542114e-01
2.123894095420837402e-01
2.530450522899627686e-01
2.125841677188873291e-01
2.320236265659332275e-01
2.528917491436004639e-01
2.118833661079406738e-01
2.069506347179412842e-01
2.113146632909774780e-01
2.257974743843078613e-01
2.235280275344848633e-01
1.886403709650039673e-01
2.120887190103530884e-01
2.135939151048660278e-01
2.231499105691909790e-01
1.950865983963012695e-01
2.140400856733322144e-01
2.315586954355239868e-01
2.061064839363098145e-01
2.126018702983856201e-01
2.132578045129776001e-01
2.119620889425277710e-01
2.378559410572052002e-01
2.158006131649017334e-01
1.968759894371032715e-01
2.288132607936859131e-01
2.416829615831375122e-01
2.149382382631301880e-01
2.309548854827880859e-01
2.420141547918319702e-01
2.189373522996902466e-01
2.147849053144454956e-01
2.071882635354995728e-01
2.152185142040252686e-01
2.117378860712051392e-01
2.019195854663848877e-01
2.077803611755371094e-01
2.441961914300918579e-01
2.037002742290496826e-01
2.394026070833206177e-01
2.055541723966598511e-01
2.037738859653472900e-01
2.135005742311477661e-01
2.476846426725387573e-01
2.212273627519607544e-01
2.263162136077880859e-01
2.132578343152999878e-01
2.122435271739959717e-01
1.820238679647445679e-01
2.269578874111175537e-01
2.333386391401290894e-01
2.017348110675811768e-01
2.307316660881042480e-01
2.285279780626296997e-01
1.947952061891555786e-01
2.168002873659133911e-01
2.364750057458877563e-01
2.313645929098129272e-01
2.280957549810409546e-01
2.075447291135787964e-01
2.401724606752395630e-01
2.025624364614486694e-01
1.879470199346542358e-01
2.113977819681167603e-01
2.082192897796630859e-01
1.932087540626525879e-01
2.068022340536117554e-01
2.306746691465377808e-01
2.256852239370346069e-01
2.118739485740661621e-01
2.298297584056854248e-01
2.289301455020904541e-01
1.890350729227066040e-01
2.394416332244873047e-01
1.978353708982467651e-01
2.440998554229736328e-01
2.382531911134719849e-01
2.027749866247177124e-01
2.584288716316223145e-01
1.877662390470504761e-01
2.387984842061996460e-01
1.912873238325119019e-01
2.171024680137634277e-01
2.295506447553634644e-01
2.413426041603088379e-01
2.152788788080215454e-01
2.437708675861358643e-01
1.793315857648849487e-01
1.921622604131698608e-01
2.255477607250213623e-01
2.312770932912826538e-01
2.230298370122909546e-01
2.275606244802474976e-01
2.249072343111038208e-01
2.362533658742904663e-01
2.120554149150848389e-01
1.949055045843124390e-01
1.995364427566528320e-01
2.105080783367156982e-01
2.240794599056243896e-01
1.979496181011199951e-01
2.041508108377456665e-01
2.229023426771163940e-01
2.156217098236083984e-01
2.353135496377944946e-01
2.538383007049560547e-01
1.786033660173416138e-01
2.359734326601028442e-01
2.196635603904724121e-01
2.320659309625625610e-01
2.077480107545852661e-01
2.040207684040069580e-01
2.182386368513107300e-01
2.132489532232284546e-01
2.199642658233642578e-01
2.363996505737304688e-01
2.174039334058761597e-01
2.280918508768081665e-01
2.381460815668106079e-01
2.087378650903701782e-01
2.044477313756942749e-01
2.118608206510543823e-01
2.213610261678695679e-01
2.181779444217681885e-01
2.188985496759414673e-01
2.172094136476516724e-01
1.924134045839309692e-01
1.969595402479171753e-01
1.874275207519531250e-01
1.912547647953033447e-01
2.368791103363037109e-01
1.986174583435058594e-01
2.773187458515167236e-01
1.726441830396652222e-01
2.264642417430877686e-01
2.576613426208496094e-01
2.374404668807983398e-01
2.406999766826629639e-01
1.988134086132049561e-01
2.341910898685455322e-01
2.185307294130325317e-01
2.156455665826797485e-01
2.165177613496780396e-01
2.214989811182022095e-01
2.249636501073837280e-01
1.812844127416610718e-01
2.099857330322265625e-01
2.672228217124938965e-01
1.851570457220077515e-01
2.162620127201080322e-01
2.083694189786911011e-01
2.289498746395111084e-01
2.241841256618499756e-01
2.361756712198257446e-01
2.407262921333312988e-01
2.052663415670394897e-01
2.041927129030227661e-01
2.150969952344894409e-01
2.219236344099044800e-01
2.234175503253936768e-01
2.139644920825958252e-01
1.954946368932723999e-01
2.220622599124908447e-01
2.332940697669982910e-01
2.100812494754791260e-01
2.080137282609939575e-01
2.119844853878021240e-01
2.443959563970565796e-01
1.722297519445419312e-01
2.064642310142517090e-01
2.376177906990051270e-01
2.050006687641143799e-01
2.147090137004852295e-01
2.247911989688873291e-01
2.300286591053009033e-01
1.976419240236282349e-01
2.122481018304824829e-01
2.318870127201080322e-01
2.408793866634368896e-01
2.173552960157394409e-01
2.262255549430847168e-01
2.476137280464172363e-01
2.141886204481124878e-01
2.098581194877624512e-01
2.263563871383666992e-01
2.041718363761901855e-01
2.113569676876068115e-01
2.574995160102844238e-01
1.829308569431304932e-01
2.186260968446731567e-01
1.947705149650573730e-01
2.285047173500061035e-01
2.175298631191253662e-01
2.174874544143676758e-01
2.376044094562530518e-01
1.915737241506576538e-01
1.911363303661346436e-01
2.160322815179824829e-01
2.130091339349746704e-01
2.192734330892562866e-01
2.322515249252319336e-01
2.171592563390731812e-01
2.523427605628967285e-01
1.946081221103668213e-01
2.507465779781341553e-01
2.043519318103790283e-01
2.036176323890686035e-01
2.153505831956863403e-01
2.033640593290328979e-01
2.327537685632705688e-01
2.272951006889343262e-01
2.318141907453536987e-01
2.088780254125595093e-01
2.053845375776290894e-01
2.334998250007629395e-01
1.953802257776260376e-01
2.216833680868148804e-01
2.147370278835296631e-01
2.145892232656478882e-01
2.470331341028213501e-01
2.244351953268051147e-01
2.167660742998123169e-01
1.945994198322296143e-01
1.843848675489425659e-01
2.526072859764099121e-01
2.097017765045166016e-01
2.334349155426025391e-01
2.419296056032180786e-01
1.910305768251419067e-01
2.057307213544845581e-01
2.297287583351135254e-01
2.180312871932983398e-01
2.163894176483154297e-01
2.062287628650665283e-01
2.172244340181350708e-01
2.286050021648406982e-01
2.474160790443420410e-01
2.134707719087600708e-01
2.216181159019470215e-01
1.845965981483459473e-01
1.954925358295440674e-01
2.430154681205749512e-01
2.229086458683013916e-01
2.106496095657348633e-01
2.262152582406997681e-01
2.518143355846405029e-01
1.859713345766067505e-01
1.942622363567352295e-01
2.371396720409393311e-01
2.158426195383071899e-01
2.025290429592132568e-01
2.178154289722442627e-01
2.578010261058807373e-01
1.737535893917083740e-01
1.937579214572906494e-01
2.292756885290145874e-01
2.500005066394805908e-01
2.260280698537826538e-01
2.436571121215820312e-01
1.999777704477310181e-01
2.284963577985763550e-01
2.209364026784896851e-01
2.083607167005538940e-01
2.322509139776229858e-01
2.124687582254409790e-01
2.522459030151367188e-01
1.745453625917434692e-01
1.919885128736495972e-01
2.345358580350875854e-01
1.959006786346435547e-01
2.092454880475997925e-01
2.362555563449859619e-01
2.202921956777572632e-01
2.149048149585723877e-01
2.135298848152160645e-01
2.496664822101593018e-01
1.851084828376770020e-01
2.222418934106826782e-01
2.194164097309112549e-01
1.896675676107406616e-01
2.222631871700286865e-01
2.405920922756195068e-01
2.204224616289138794e-01
2.269245833158493042e-01
2.363709509372711182e-01
2.278571873903274536e-01
1.915183812379837036e-01
2.059827893972396851e-01
2.224155515432357788e-01
2.273047417402267456e-01
2.464492470026016235e-01
1.926159709692001343e-01
2.345585525035858154e-01
2.054795026779174805e-01
2.107129395008087158e-01
2.303567528724670410e-01
1.934493482112884521e-01
1.917120069265365601e-01
2.448925375938415527e-01
2.154313474893569946e-01
2.247385382652282715e-01
2.307932972908020020e-01
2.389683723449707031e-01
1.990344822406768799e-01
2.212661504745483398e-01
2.059955447912216187e-01
2.259283959865570068e-01
2.196891009807586670e-01
2.239922136068344116e-01
2.234557867050170898e-01
2.187958508729934692e-01
2.151872962713241577e-01
2.488376349210739136e-01
1.970190554857254028e-01
2.268781363964080811e-01
2.001170217990875244e-01
2.190740704536437988e-01
1.678577810525894165e-01
2.179539203643798828e-01
2.176626622676849365e-01
2.411052137613296509e-01
2.161604464054107666e-01
2.667602896690368652e-01
1.651245653629302979e-01
2.220359146595001221e-01
1.996570825576782227e-01
2.205640822649002075e-01
2.435665130615234375e-01
2.079360783100128174e-01
2.349003702402114868e-01
2.519744336605072021e-01
2.167920470237731934e-01
2.080747187137603760e-01
2.390035539865493774e-01
2.000937163829803467e-01
1.994717270135879517e-01
2.271418422460556030e-01
2.025209516286849976e-01
2.311969995498657227e-01
2.411909401416778564e-01
1.791500896215438843e-01
1.699315905570983887e-01
2.194949537515640259e-01
2.233047485351562500e-01
2.152384668588638306e-01
2.281022071838378906e-01
2.126810848712921143e-01
2.480439394712448120e-01
2.353439927101135254e-01
2.227127403020858765e-01
2.457973659038543701e-01
2.190888226032257080e-01
2.281741201877593994e-01
2.552132308483123779e-01
2.089108675718307495e-01
2.197169959545135498e-01
1.899581104516983032e-01
1.815306842327117920e-01
2.020891457796096802e-01
2.276185303926467896e-01
2.155615091323852539e-01
2.005146592855453491e-01
2.164628654718399048e-01
2.467579543590545654e-01
1.913526654243469238e-01
2.126247286796569824e-01
2.222857326269149780e-01
2.346858382225036621e-01
2.311537563800811768e-01
2.169698625802993774e-01
2.037558853626251221e-01
2.376757115125656128e-01
2.056242674589157104e-01
2.295828163623809814e-01
1.858166605234146118e-01
1.889522075653076172e-01
2.173500210046768188e-01
2.577463686466217041e-01
2.181926667690277100e-01
2.127575576305389404e-01
2.429145723581314087e-01
2.501149773597717285e-01
2.166344076395034790e-01
2.129969447851181030e-01
2.116242498159408569e-01
2.313444763422012329e-01
2.003367990255355835e-01
2.103502899408340454e-01
2.353136241436004639e-01
1.810769587755203247e-01
1.772779077291488647e-01
2.171940207481384277e-01
2.078408598899841309e-01
2.502176761627197266e-01
2.158857136964797974e-01
2.130721360445022583e-01
2.389447540044784546e-01
2.410131096839904785e-01
2.460948079824447632e-01
2.235158234834671021e-01
2.099548280239105225e-01
2.152156829833984375e-01
2.231747657060623169e-01
2.456630021333694458e-01
1.956240683794021606e-01
2.033032923936843872e-01
2.203822582960128784e-01
2.116378545761108398e-01
2.141195982694625854e-01
1.938962489366531372e-01
2.337632030248641968e-01
2.250481843948364258e-01
2.153977155685424805e-01
2.071728110313415527e-01
2.252277880907058716e-01
2.348883450031280518e-01
2.290764749050140381e-01
2.163353711366653442e-01
2.307472676038742065e-01
2.080269604921340942e-01
1.952337771654129028e-01
1.845448762178421021e-01
2.102389782667160034e-01
2.206255942583084106e-01
2.228500396013259888e-01
2.244983762502670288e-01
2.368193417787551880e-01
1.773331761360168457e-01
2.223857343196868896e-01
2.482347637414932251e-01
1.969051510095596313e-01
2.245003283023834229e-01
2.448525577783584595e-01
1.933247745037078857e-01
2.029357850551605225e-01
2.339011132717132568e-01
2.282949835062026978e-01
2.204856723546981812e-01
2.256208807229995728e-01
2.566747665405273438e-01
1.982793211936950684e-01
2.210689336061477661e-01
2.431341111660003662e-01
1.919005960226058960e-01
1.938659697771072388e-01
1.853254586458206177e-01
2.280050069093704224e-01
2.325184643268585205e-01
2.197959572076797485e-01
2.427539676427841187e-01
2.360782325267791748e-01
2.138112932443618774e-01
2.132077366113662720e-01
2.317320406436920166e-01
2.146654427051544189e-01
2.172599285840988159e-01
2.228340059518814087e-01
2.216241061687469482e-01
2.111250460147857666e-01
2.103274911642074585e-01
2.156103104352951050e-01
2.199497669935226440e-01
2.131760567426681519e-01
2.175408005714416504e-01
1.953644305467605591e-01
2.040210664272308350e-01
2.220916450023651123e-01
2.465234845876693726e-01
2.212508767843246460e-01
2.454509735107421875e-01
2.063756138086318970e-01
2.365452051162719727e-01
2.020180076360702515e-01
1.870201081037521362e-01
1.975962370634078979e-01
2.224185019731521606e-01
2.278274446725845337e-01
2.084036767482757568e-01
2.155190557241439819e-01
2.194202542304992676e-01
2.452599406242370605e-01
2.210940420627593994e-01
2.219924032688140869e-01
2.018404901027679443e-01
2.394230365753173828e-01
2.191275954246520996e-01
2.268532216548919678e-01
2.179519385099411011e-01
2.165108323097229004e-01
1.975227445363998413e-01
2.205401211977005005e-01
2.251849025487899780e-01
2.391512989997863770e-01
2.441243380308151245e-01
2.074722796678543091e-01
1.814990490674972534e-01
1.774194091558456421e-01
2.339831143617630005e-01
2.187314033508300781e-01
2.257817238569259644e-01
2.108125835657119751e-01
2.007516622543334961e-01
2.285771369934082031e-01
2.377655506134033203e-01
2.560012042522430420e-01
2.091750800609588623e-01
2.229036092758178711e-01
1.854491233825683594e-01
1.636267006397247314e-01
2.176455408334732056e-01
2.378265112638473511e-01
2.527923882007598877e-01
2.132706493139266968e-01
2.423659265041351318e-01
1.901015043258666992e-01
2.554585933685302734e-01
2.295354455709457397e-01
2.147035598754882812e-01
2.205096036195755005e-01
2.533749043941497803e-01
1.926408857107162476e-01
1.981586068868637085e-01
2.326900810003280640e-01
2.533046305179595947e-01
1.586190760135650635e-01
1.845064759254455566e-01
2.401713728904724121e-01
2.259616106748580933e-01
1.943551898002624512e-01
1.990592479705810547e-01
2.019761800765991211e-01
2.420529127120971680e-01
2.095782309770584106e-01
2.515834569931030273e-01
2.172092646360397339e-01
2.389796823263168335e-01
2.090950459241867065e-01
2.032361477613449097e-01
2.755373716354370117e-01
2.032838612794876099e-01
1.944319605827331543e-01
2.104434669017791748e-01
2.173784971237182617e-01
2.512873113155364990e-01
2.142771482467651367e-01
2.314411997795104980e-01
1.884865760803222656e-01
2.166166305541992188e-01
2.201609760522842407e-01
2.096853107213973999e-01
2.104979753494262695e-01
2.045810967683792114e-01
2.289071530103683472e-01
2.315471172332763672e-01
1.852937787771224976e-01
2.404920160770416260e-01
2.239646017551422119e-01
2.202668040990829468e-01
2.704265415668487549e-01
1.784895658493041992e-01
1.771000772714614868e-01
2.199831306934356689e-01
2.246314436197280884e-01
2.307497859001159668e-01
2.084498554468154907e-01
2.062613517045974731e-01
2.334957420825958252e-01
2.262141704559326172e-01
2.115671634674072266e-01
2.263132482767105103e-01
2.366931438446044922e-01
2.390633821487426758e-01
2.160384207963943481e-01
1.951383054256439209e-01
2.305952459573745728e-01
1.877789497375488281e-01
2.250765711069107056e-01
2.327303141355514526e-01
2.561438381671905518e-01
1.641035079956054688e-01
2.011888474225997925e-01
2.175382375717163086e-01
2.077629715204238892e-01
2.297485768795013428e-01
2.149494439363479614e-01
2.276878356933593750e-01
2.364248633384704590e-01
2.354305833578109741e-01
1.985109597444534302e-01
2.122135162353515625e-01
2.152085900306701660e-01
2.489371001720428467e-01
2.146955877542495728e-01
2.139702439308166504e-01
2.284401804208755493e-01
2.047581672668457031e-01
2.266941815614700317e-01
2.014595568180084229e-01
2.321518361568450928e-01
2.023632973432540894e-01
1.844567805528640747e-01
2.082177698612213135e-01
2.060242444276809692e-01
2.047757506370544434e-01
2.246921211481094360e-01
2.156835645437240601e-01
2.300553023815155029e-01
2.512673437595367432e-01
2.235332280397415161e-01
2.299957573413848877e-01
2.480999082326889038e-01
2.244516909122467041e-01
2.394301295280456543e-01
2.027003616094589233e-01
1.828560084104537964e-01
1.615666747093200684e-01
2.244390100240707397e-01
2.034777104854583740e-01
2.385097742080688477e-01
2.154519408941268921e-01
2.590747773647308350e-01
1.952431052923202515e-01
2.322648316621780396e-01
2.124799489974975586e-01
2.369759231805801392e-01
2.363182753324508667e-01
2.320518493652343750e-01
2.101415246725082397e-01
1.926526427268981934e-01
2.196968197822570801e-01
2.110066860914230347e-01
2.248079627752304077e-01
2.434353977441787720e-01
1.910016238689422607e-01
2.168512046337127686e-01
2.008711397647857666e-01
1.932491809129714966e-01
2.464965581893920898e-01
2.117790132761001587e-01
2.416350990533828735e-01
2.184739410877227783e-01
2.413999140262603760e-01
2.130140215158462524e-01
2.228627055883407593e-01
2.430318444967269897e-01
2.107051461935043335e-01
1.919358372688293457e-01
2.295904755592346191e-01
2.205274552106857300e-01
2.206467390060424805e-01
2.222601473331451416e-01
1.925677657127380371e-01
1.727546751499176025e-01
1.991614848375320435e-01
2.197860926389694214e-01
2.242899835109710693e-01
2.224233150482177734e-01
2.224262505769729614e-01
2.220818102359771729e-01
2.271333187818527222e-01
2.381345480680465698e-01
2.213215827941894531e-01
2.124374210834503174e-01
2.433093935251235962e-01
1.888589113950729370e-01
2.102644592523574829e-01
2.305205762386322021e-01
2.363559454679489136e-01
2.132662832736968994e-01
2.307436913251876831e-01
2.354630976915359497e-01
1.954928636550903320e-01
2.198176532983779907e-01
2.204574197530746460e-01
2.255227863788604736e-01
2.200128883123397827e-01
2.205052077770233154e-01
2.118905633687973022e-01
1.736798882484436035e-01
2.248705923557281494e-01
2.107091844081878662e-01
2.228934913873672485e-01
2.284813523292541504e-01
2.273546755313873291e-01
2.389708012342453003e-01
2.230437695980072021e-01
2.082870602607727051e-01
1.982360184192657471e-01
1.993296295404434204e-01
2.347915470600128174e-01
1.898621320724487305e-01
2.056355774402618408e-01
2.771997153759002686e-01
2.004879564046859741e-01
2.414133399724960327e-01
1.910252273082733154e-01
1.950859278440475464e-01
2.401240020990371704e-01
2.513552904129028320e-01
2.124387323856353760e-01
2.368085831403732300e-01
2.146301567554473877e-01
2.241896688938140869e-01
2.093861252069473267e-01
2.050966620445251465e-01
2.306203246116638184e-01
2.062096595764160156e-01
2.348451465368270874e-01
2.217690944671630859e-01
2.169144302606582642e-01
2.116956114768981934e-01
2.060488164424896240e-01
2.088232040405273438e-01
2.120883762836456299e-01
2.217717468738555908e-01
1.838697642087936401e-01
2.098035812377929688e-01
2.446424514055252075e-01
2.089439630508422852e-01
2.305352836847305298e-01
1.945613920688629150e-01
2.535403668880462646e-01
2.089266628026962280e-01
2.184316664934158325e-01
2.443131953477859497e-01
1.832942664623260498e-01
2.209080904722213745e-01
2.421981245279312134e-01
2.131266146898269653e-01
2.166416794061660767e-01
2.530493438243865967e-01
2.005597203969955444e-01
2.177399247884750366e-01
2.213153243064880371e-01
2.309066951274871826e-01
2.218121737241744995e-01
2.366173416376113892e-01
1.871085464954376221e-01
2.200378477573394775e-01
2.316133081912994385e-01
2.097324728965759277e-01
2.049535363912582397e-01
2.124456614255905151e-01
1.996786743402481079e-01
1.943277269601821899e-01
2.204924523830413818e-01
2.172703444957733154e-01
2.399205565452575684e-01
1.942469477653503418e-01
2.386278361082077026e-01
2.505569159984588623e-01
1.870326846837997437e-01
2.043452411890029907e-01
2.210374176502227783e-01
2.391903549432754517e-01
2.545253038406372070e-01
2.202947735786437988e-01
2.081204205751419067e-01
2.015061825513839722e-01
2.291443943977355957e-01
2.306481748819351196e-01
2.176146358251571655e-01
2.313641756772994995e-01
2.160221934318542480e-01
2.232198268175125122e-01
2.382846325635910034e-01
2.044000029563903809e-01
2.061453759670257568e-01
1.930733174085617065e-01
1.931371390819549561e-01
1.923665702342987061e-01
2.075864821672439575e-01
2.194028347730636597e-01
2.118584066629409790e-01
2.408300489187240601e-01
2.147488147020339966e-01
2.184508591890335083e-01
2.529782056808471680e-01
2.113866657018661499e-01
2.352653890848159790e-01
2.340833842754364014e-01
2.384884655475616455e-01
2.193033844232559204e-01
2.275244742631912231e-01
2.187048047780990601e-01
2.091419994831085205e-01
2.030768543481826782e-01
1.914383322000503540e-01
2.113330364227294922e-01
1.971732676029205322e-01
2.194526344537734985e-01
2.499500513076782227e-01
2.276239991188049316e-01
2.304498702287673950e-01
2.110701501369476318e-01
2.040736675262451172e-01
2.101360112428665161e-01
2.071432322263717651e-01
2.158525139093399048e-01
2.165981829166412354e-01
2.041998654603958130e-01
2.151723802089691162e-01
2.389155179262161255e-01
2.149784117937088013e-01
2.056798636913299561e-01
2.496983110904693604e-01
2.364496737718582153e-01
1.995700597763061523e-01
2.148096263408660889e-01
2.205376625061035156e-01
2.287511229515075684e-01
1.962607800960540771e-01
2.408562302589416504e-01
2.486258745193481445e-01
2.180743515491485596e-01
1.971133798360824585e-01
2.262612432241439819e-01
2.081021219491958618e-01
2.220750302076339722e-01
2.090113312005996704e-01
2.142755687236785889e-01
2.228252589702606201e-01
2.228989601135253906e-01
2.355958372354507446e-01
2.254171371459960938e-01
2.215450257062911987e-01
2.298222631216049194e-01
1.958834081888198853e-01
2.053435891866683960e-01
2.019244283437728882e-01
2.235674262046813965e-01
2.002927958965301514e-01
1.987528949975967407e-01
2.020665258169174194e-01
2.031945735216140747e-01
2.400359362363815308e-01
2.468484342098236084e-01
2.394371777772903442e-01
2.232735455036163330e-01
2.365229725837707520e-01
2.207255214452743530e-01
2.230845093727111816e-01
2.060247659683227539e-01
2.552957236766815186e-01
1.743774712085723877e-01
1.632813513278961182e-01
2.230106592178344727e-01
1.966376751661300659e-01
1.895005553960800171e-01
2.528560757637023926e-01
2.135477662086486816e-01
2.256265878677368164e-01
2.781551182270050049e-01
1.726939082145690918e-01
2.198283225297927856e-01
2.413711845874786377e-01
2.499023228883743286e-01
2.491779476404190063e-01
2.271091938018798828e-01
1.982798278331756592e-01
1.989535540342330933e-01
1.948804557323455811e-01
2.075028121471405029e-01
2.302604764699935913e-01
2.112053483724594116e-01
2.091314792633056641e-01
2.535430192947387695e-01
2.077187448740005493e-01
2.297864854335784912e-01
1.991727501153945923e-01
2.174141108989715576e-01
2.032114416360855103e-01
2.033236473798751831e-01
2.158869951963424683e-01
2.385680526494979858e-01
2.301735430955886841e-01
2.331641912460327148e-01
2.106572538614273071e-01
1.619859188795089722e-01
1.831722259521484375e-01
2.536122202873229980e-01
2.288636565208435059e-01
2.303890585899353027e-01
2.418295145034790039e-01
2.399303764104843140e-01
2.156202346086502075e-01
2.415044158697128296e-01
2.069061994552612305e-01
2.117520570755004883e-01
2.161810994148254395e-01
2.180687040090560913e-01
2.164779007434844971e-01
1.855438947677612305e-01
2.390332967042922974e-01
2.150180935859680176e-01
2.017019391059875488e-01
2.291072010993957520e-01
2.001328915357589722e-01
2.146731317043304443e-01
2.272333204746246338e-01
2.476306557655334473e-01
2.048353254795074463e-01
2.162396311759948730e-01
2.107138931751251221e-01
2.324808984994888306e-01
2.197190672159194946e-01
1.990753114223480225e-01
2.000415474176406860e-01
2.319407314062118530e-01
2.246074676513671875e-01
2.200237214565277100e-01
2.316168844699859619e-01
1.785886287689208984e-01
2.084341347217559814e-01
2.332057058811187744e-01
2.329633831977844238e-01
2.242117226123809814e-01
2.197030186653137207e-01
2.225766628980636597e-01
2.139541953802108765e-01
2.047744244337081909e-01
2.131114900112152100e-01
2.018479704856872559e-01
2.152502238750457764e-01
2.571507096290588379e-01
2.232227176427841187e-01
2.069271802902221680e-01
2.009509503841400146e-01
2.346620112657546997e-01
1.987034231424331665e-01
2.336621433496475220e-01
2.289417982101440430e-01
1.978276669979095459e-01
2.112523019313812256e-01
2.048062086105346680e-01
2.055866569280624390e-01
2.338142395019531250e-01
2.316844910383224487e-01
2.215865105390548706e-01
2.357353568077087402e-01
2.059774398803710938e-01
2.084735780954360962e-01
2.185924351215362549e-01
2.407453209161758423e-01
2.289425730705261230e-01
2.154769599437713623e-01
2.172247916460037231e-01
2.226329445838928223e-01
2.065091580152511597e-01
2.539914250373840332e-01
1.798587143421173096e-01
2.011791765689849854e-01
1.843211501836776733e-01
2.156878262758255005e-01
2.250641733407974243e-01
2.133946865797042847e-01
2.255973219871520996e-01
2.210862189531326294e-01
2.366310507059097290e-01
2.300942391157150269e-01
2.377509623765945435e-01
2.036820501089096069e-01
2.305684834718704224e-01
2.392516583204269409e-01
1.887616962194442749e-01
1.750789433717727661e-01
2.407267391681671143e-01
2.220544964075088501e-01
1.966158002614974976e-01
2.004801332950592041e-01
2.082226574420928955e-01
2.216490656137466431e-01
2.243279069662094116e-01
2.350747585296630859e-01
2.311259806156158447e-01
2.309520542621612549e-01
2.052688896656036377e-01
2.347512841224670410e-01
2.090855091810226440e-01
2.040422558784484863e-01
2.301027029752731323e-01
2.063767611980438232e-01
1.892920732498168945e-01
2.231828868389129639e-01
2.349612563848495483e-01
2.166138142347335815e-01
1.976861059665679932e-01
2.397157698869705200e-01
2.393061369657516479e-01
2.196968793869018555e-01
2.382241338491439819e-01
2.137392759323120117e-01
2.036527842283248901e-01
2.094083726406097412e-01
2.289368808269500732e-01
2.035234868526458740e-01
2.002720534801483154e-01
2.042808979749679565e-01
2.213209122419357300e-01
2.011706233024597168e-01
1.651995480060577393e-01
2.238618731498718262e-01
2.384679317474365234e-01
2.492188215255737305e-01
1.990211606025695801e-01
1.480132043361663818e-01
1.371085196733474731e-01
-1.568998843431472778e-01
-5.172470211982727051e-01
-4.957780838012695312e-01
-5.154146552085876465e-01
-5.116524696350097656e-01
-4.224078357219696045e-01
-3.772138953208923340e-01
-2.723338901996612549e-01
-2.128135710954666138e-01
-1.849366873502731323e-01
-1.566229760646820068e-01
