8.742573261260986328e-01
-6.731153130531311035e-01
5.440273880958557129e-01
-4.248293042182922363e-01
9.007793664932250977e-01
-6.206526756286621094e-01
7.886165976524353027e-01
-8.373622894287109375e-01
9.151913523674011230e-01
-6.595483422279357910e-01
8.244318962097167969e-01
-6.798365712165832520e-01
8.760326504707336426e-01
-7.991061806678771973e-01
9.248274564743041992e-01
-6.119822263717651367e-01
8.547301292419433594e-01
-9.071928858757019043e-01
9.221172332763671875e-01
-7.645753026008605957e-01
9.790345430374145508e-01
-6.374955177307128906e-01
5.159303545951843262e-01
-3.616308867931365967e-01
8.563730120658874512e-01
-6.544778347015380859e-01
9.003075957298278809e-01
-9.147661924362182617e-01
7.677961587905883789e-01
-5.410037636756896973e-01
7.724452018737792969e-01
-6.755096912384033203e-01
8.034572005271911621e-01
-8.178406953811645508e-01
9.794549345970153809e-01
-4.093507826328277588e-01
6.169841289520263672e-01
-8.622584342956542969e-01
9.498911499977111816e-01
-7.250996232032775879e-01
9.262180328369140625e-01
-6.087219715118408203e-01
9.190351963043212891e-01
-8.821063041687011719e-01
8.582874536514282227e-01
-7.217860221862792969e-01
8.942739367485046387e-01
-3.824061751365661621e-01
6.012271642684936523e-01
-9.013070464134216309e-01
9.298799037933349609e-01
-7.830448746681213379e-01
9.057781100273132324e-01
-3.864444792270660400e-01
8.719410896301269531e-01
-9.674263596534729004e-01
9.085837602615356445e-01
-8.412000536918640137e-01
9.191874265670776367e-01
-7.611824870109558105e-01
9.236958026885986328e-01
-5.474377274513244629e-01
8.910917043685913086e-01
-8.794971704483032227e-01
8.488866686820983887e-01
-8.788999915122985840e-01
9.310766458511352539e-01
-1.562160253524780273e-01
-1.087682228535413742e-02
7.379612922668457031e-01
-9.528534412384033203e-01
8.803359270095825195e-01
-7.879101037979125977e-01
9.013523459434509277e-01
-6.518656015396118164e-01
8.419663310050964355e-01
-7.201188802719116211e-01
7.812886834144592285e-01
-5.662410855293273926e-01
9.483919143676757812e-01
-9.135781526565551758e-01
9.675992131233215332e-01
-6.436970233917236328e-01
8.843576908111572266e-01
-9.499711394309997559e-01
7.618233561515808105e-01
-4.701667428016662598e-01
8.511880636215209961e-01
-7.719366550445556641e-01
9.737347960472106934e-01
-5.621127486228942871e-01
3.995212018489837646e-01
-3.854950666427612305e-01
8.137127757072448730e-01
-4.627337157726287842e-01
6.939114928245544434e-01
-8.948954343795776367e-01
8.815848827362060547e-01
-6.387275457382202148e-01
9.237042069435119629e-01
-8.489599823951721191e-01
9.761849641799926758e-01
-7.099291086196899414e-01
8.408292531967163086e-01
-8.543187379837036133e-01
9.459108710289001465e-01
-3.048909604549407959e-01
2.115967869758605957e-01
9.298520535230636597e-02
-1.390544176101684570e-01
2.880121767520904541e-01
5.362251400947570801e-02
9.602527134120464325e-03
8.824943751096725464e-02
6.584639847278594971e-02
-1.294492930173873901e-02
5.355306863784790039e-01
-7.458164095878601074e-01
9.099894165992736816e-01
-6.907546520233154297e-01
8.336365818977355957e-01
-7.202716469764709473e-01
9.548335075378417969e-01
-7.484701275825500488e-01
7.470746636390686035e-01
-7.101682424545288086e-01
9.594997763633728027e-01
-6.919887661933898926e-01
8.421745896339416504e-01
-8.579710125923156738e-01
9.464143514633178711e-01
-4.421357214450836182e-01
8.674780130386352539e-01
-9.648469686508178711e-01
8.989802002906799316e-01
-7.811096906661987305e-01
9.339743852615356445e-01
-6.777605414390563965e-01
8.624119758605957031e-01
-9.016870856285095215e-01
9.705674648284912109e-01
-4.563151001930236816e-01
7.612475156784057617e-01
-9.019727706909179688e-01
9.495816826820373535e-01
-4.893547594547271729e-01
4.755132794380187988e-01
-5.405403971672058105e-01
8.342490792274475098e-01
-6.297864317893981934e-01
8.285003304481506348e-01
-8.424419760704040527e-01
9.268549084663391113e-01
-4.887973964214324951e-01
7.918948531150817871e-01
-9.188057184219360352e-01
9.251248836517333984e-01
-8.758382201194763184e-01
8.943125605583190918e-01
-4.839513003826141357e-01
9.318041801452636719e-01
-8.293002843856811523e-01
9.230423569679260254e-01
-8.903894424438476562e-01
9.477859139442443848e-01
-6.756383180618286133e-01
9.002521634101867676e-01
-6.903501749038696289e-01
9.441138505935668945e-01
-8.825142979621887207e-01
8.521975278854370117e-01
-6.075317859649658203e-01
8.993980884552001953e-01
-8.978141546249389648e-01
9.304689764976501465e-01
-6.963913440704345703e-01
9.155708551406860352e-01
-8.147611021995544434e-01
9.070861935615539551e-01
-4.249387979507446289e-01
7.538442015647888184e-01
-9.306911826133728027e-01
9.009844660758972168e-01
-8.344845771789550781e-01
9.591776728630065918e-01
-5.087162852287292480e-01
6.522794961929321289e-01
-8.058999776840209961e-01
9.643030166625976562e-01
-1.888335645198822021e-01
-1.174788624048233032e-01
4.176924228668212891e-01
-5.170220732688903809e-01
8.942212462425231934e-01
-6.136815547943115234e-01
8.722409605979919434e-01
-9.657201766967773438e-01
8.685402870178222656e-01
-6.910839676856994629e-01
8.928944468498229980e-01
-6.694508194923400879e-01
9.224793910980224609e-01
-8.584934473037719727e-01
9.471251368522644043e-01
-6.550543904304504395e-01
8.986899256706237793e-01
-8.509919047355651855e-01
9.544895887374877930e-01
-4.870335161685943604e-01
5.263583660125732422e-01
-6.990049481391906738e-01
8.928032517433166504e-01
-7.389122843742370605e-01
8.877746462821960449e-01
-7.386769652366638184e-01
9.203349351882934570e-01
-7.048474550247192383e-01
9.027771353721618652e-01
-8.434212207794189453e-01
9.558958411216735840e-01
-3.281982839107513428e-01
4.532230198383331299e-01
-9.576785564422607422e-01
9.337161779403686523e-01
-3.309728205204010010e-02
-3.432278335094451904e-01
8.329388499259948730e-01
-8.722029924392700195e-01
9.651301503181457520e-01
-7.149474024772644043e-01
9.514058232307434082e-01
-5.915240049362182617e-01
9.327110052108764648e-01
-9.861903190612792969e-01
7.895368337631225586e-01
-8.740363717079162598e-01
9.784035086631774902e-01
3.331201672554016113e-01
-9.623072147369384766e-01
8.755561709403991699e-01
-6.189647316932678223e-01
9.655515551567077637e-01
-7.930545806884765625e-01
8.977060914039611816e-01
-7.620923519134521484e-01
9.727464914321899414e-01
-8.116676807403564453e-01
8.863923549652099609e-01
-7.115552425384521484e-01
9.234033823013305664e-01
-9.100494980812072754e-01
9.347520470619201660e-01
-7.519900798797607422e-01
9.762958884239196777e-01
-2.841220200061798096e-01
-1.136401668190956116e-01
7.580993771553039551e-01
-9.599575400352478027e-01
9.105005264282226562e-01
-5.430065989494323730e-01
7.706680297851562500e-01
-6.817027926445007324e-01
9.071962833404541016e-01
-9.271357059478759766e-01
9.283791184425354004e-01
-5.691455006599426270e-01
9.269143939018249512e-01
-8.654200434684753418e-01
9.470878243446350098e-01
-8.506317734718322754e-01
9.193972349166870117e-01
-6.084494590759277344e-01
9.023275375366210938e-01
-8.622234463691711426e-01
9.054921865463256836e-01
-6.696013808250427246e-01
8.910807967185974121e-01
-7.541881799697875977e-01
8.407321572303771973e-01
-7.308055162429809570e-01
9.291527271270751953e-01
-8.526791334152221680e-01
9.160969257354736328e-01
-7.818624973297119141e-01
9.768371582031250000e-01
-7.049044221639633179e-02
-3.894793093204498291e-01
8.009963631629943848e-01
-9.404891729354858398e-01
9.645249247550964355e-01
-6.923815011978149414e-01
9.355372190475463867e-01
-8.678483366966247559e-01
9.572821259498596191e-01
-5.570233464241027832e-01
7.265873551368713379e-01
-8.937782049179077148e-01
9.793066978454589844e-01
9.646500647068023682e-02
-8.938603997230529785e-01
9.625720381736755371e-01
-4.499051570892333984e-01
9.068413972854614258e-01
-9.477685689926147461e-01
8.806239366531372070e-01
-6.944843530654907227e-01
9.163943529129028320e-01
-8.483914732933044434e-01
9.455991983413696289e-01
-7.933546304702758789e-01
9.606841802597045898e-01
-6.979026794433593750e-01
9.007792472839355469e-01
-7.328760027885437012e-01
9.392155408859252930e-01
-8.622965216636657715e-01
9.159806370735168457e-01
-8.390367627143859863e-01
9.545109868049621582e-01
-4.071134626865386963e-01
8.378117680549621582e-01
-9.694993495941162109e-01
7.829778790473937988e-01
-8.281382322311401367e-01
9.603791832923889160e-01
-5.491378903388977051e-01
9.412861466407775879e-01
-9.051364064216613770e-01
9.518204331398010254e-01
-3.736795186996459961e-01
6.705685257911682129e-01
-9.779369831085205078e-01
8.749874830245971680e-01
-6.444621086120605469e-01
9.210717678070068359e-01
-7.469851970672607422e-01
9.187006354331970215e-01
-8.797704577445983887e-01
9.413709640502929688e-01
-7.560359835624694824e-01
9.404194355010986328e-01
-7.502443194389343262e-01
9.779267907142639160e-01
-5.973002314567565918e-01
8.235585093498229980e-01
-9.576570987701416016e-01
9.553590416908264160e-01
-4.337049126625061035e-01
7.343797683715820312e-01
-9.193995594978332520e-01
9.340147972106933594e-01
-7.923224568367004395e-01
9.662958979606628418e-01
-7.578194737434387207e-01
9.610385894775390625e-01
-5.901063680648803711e-01
8.011070489883422852e-01
-8.580920696258544922e-01
9.651840925216674805e-01
-7.229938507080078125e-01
9.147719144821166992e-01
-9.283672571182250977e-01
8.905054330825805664e-01
-5.097169280052185059e-01
8.330399394035339355e-01
-7.648754715919494629e-01
9.578244686126708984e-01
-8.216668963432312012e-01
8.364685177803039551e-01
-8.220475316047668457e-01
9.644259810447692871e-01
-3.278770446777343750e-01
5.075157880783081055e-01
-9.259190559387207031e-01
9.532769322395324707e-01
1.503601372241973877e-01
-7.260006070137023926e-01
9.608066082000732422e-01
-6.015747189521789551e-01
8.116048574447631836e-01
-8.638524413108825684e-01
9.107508659362792969e-01
-5.890268683433532715e-01
9.107980728149414062e-01
-8.907460570335388184e-01
9.222390055656433105e-01
-5.796088576316833496e-01
7.435975074768066406e-01
-9.034589529037475586e-01
9.723023772239685059e-01
-4.192915558815002441e-01
5.733191967010498047e-01
-8.685265779495239258e-01
9.804487824440002441e-01
8.974936790764331818e-03
-7.659909874200820923e-02
-3.366045057773590088e-01
8.427419066429138184e-01
-8.920732140541076660e-01
9.724889397621154785e-01
-2.922828197479248047e-01
1.835789829492568970e-01
-3.945336639881134033e-01
9.450696110725402832e-01
-7.918096184730529785e-01
9.174233078956604004e-01
-6.077548265457153320e-01
8.427175283432006836e-01
-9.624808430671691895e-01
8.632067441940307617e-01
-5.442472100257873535e-01
7.717379331588745117e-01
-6.003975868225097656e-01
8.978278040885925293e-01
-9.270786046981811523e-01
8.838909864425659180e-01
-6.108790040016174316e-01
9.021224379539489746e-01
-6.496038436889648438e-01
6.379485130310058594e-01
-4.766826033592224121e-01
7.416440248489379883e-01
-8.665872812271118164e-01
9.492405056953430176e-01
-7.470395565032958984e-01
9.762321710586547852e-01
-5.370997786521911621e-01
9.210321903228759766e-01
-9.150053858757019043e-01
6.802380681037902832e-01
-4.839494824409484863e-01
8.989865183830261230e-01
-7.607602477073669434e-01
8.942270874977111816e-01
-9.215940237045288086e-01
9.520991444587707520e-01
-6.663143038749694824e-01
8.694901466369628906e-01
-6.396750211715698242e-01
9.604772329330444336e-01
-9.362207651138305664e-01
8.336811661720275879e-01
-8.241015076637268066e-01
9.858587980270385742e-01
-3.583471775054931641e-01
8.417955040931701660e-01
-9.775177836418151855e-01
8.477481007575988770e-01
-7.848123311996459961e-01
9.471673965454101562e-01
-5.698167085647583008e-01
8.043878674507141113e-01
-8.978872299194335938e-01
9.443241357803344727e-01
-5.927709937095642090e-01
9.012242555618286133e-01
-8.462053537368774414e-01
9.687237143516540527e-01
-6.863852143287658691e-01
7.699133157730102539e-01
-9.090010523796081543e-01
9.649972915649414062e-01
1.882540583610534668e-01
-8.656166791915893555e-01
9.350577592849731445e-01
-5.914607048034667969e-01
9.255939126014709473e-01
-9.113526940345764160e-01
9.518302083015441895e-01
-8.906891942024230957e-01
9.884125590324401855e-01
1.733219921588897705e-01
-9.374155998229980469e-01
9.460217356681823730e-01
-5.930600166320800781e-01
9.370798468589782715e-01
-5.885524749755859375e-01
7.355762124061584473e-01
-9.454140663146972656e-01
9.715228080749511719e-01
-4.950740337371826172e-01
8.433699607849121094e-01
-9.329993128776550293e-01
9.279376268386840820e-01
-6.039332151412963867e-01
7.917765378952026367e-01
-8.816954493522644043e-01
9.489750266075134277e-01
-7.539533972740173340e-01
9.749582409858703613e-01
1.533837988972663879e-02
-6.799340248107910156e-01
9.567069411277770996e-01
-6.837852001190185547e-01
4.114770591259002686e-01
1.708303987979888916e-01
-4.173911809921264648e-01
9.319651722908020020e-01
-7.830169200897216797e-01
9.562817811965942383e-01
-7.700968384742736816e-01
7.496545910835266113e-01
-5.857757925987243652e-01
9.140827655792236328e-01
-8.215758204460144043e-01
9.120435118675231934e-01
-7.909039258956909180e-01
9.485136866569519043e-01
-7.389303445816040039e-01
8.960814476013183594e-01
-8.517405390739440918e-01
9.430680274963378906e-01
-6.092593669891357422e-01
5.516705513000488281e-01
-2.794934809207916260e-01
8.050374388694763184e-01
-8.951373100280761719e-01
9.322395324707031250e-01
-8.147102594375610352e-01
9.536398053169250488e-01
-7.965185642242431641e-01
9.156503081321716309e-01
-8.323298096656799316e-01
9.712761044502258301e-01
-5.966283679008483887e-01
8.931618332862854004e-01
-8.658004999160766602e-01
9.469397664070129395e-01
-8.174747228622436523e-01
9.497461318969726562e-01
-5.405865907669067383e-01
6.239815354347229004e-01
-7.069433927536010742e-01
9.187232851982116699e-01
-7.091038227081298828e-01
9.099445939064025879e-01
-5.867756605148315430e-01
5.515428781509399414e-01
-6.193885207176208496e-01
9.500069618225097656e-01
-8.826891779899597168e-01
9.465363621711730957e-01
-6.614092588424682617e-01
9.515292644500732422e-01
-8.233321309089660645e-01
8.072305321693420410e-01
-6.292684078216552734e-01
9.518867135047912598e-01
-8.827530145645141602e-01
8.179070949554443359e-01
-7.919093966484069824e-01
9.835133552551269531e-01
1.622556243091821671e-03
-6.183809638023376465e-01
9.152908921241760254e-01
-5.764974355697631836e-01
8.312041759490966797e-01
-8.689692020416259766e-01
9.383532404899597168e-01
-6.740970611572265625e-01
9.111457467079162598e-01
-8.381800651550292969e-01
8.087510466575622559e-01
-6.692996621131896973e-01
9.108776450157165527e-01
-5.301324725151062012e-01
7.627048492431640625e-01
-8.953889608383178711e-01
9.244121313095092773e-01
-6.456805467605590820e-01
9.281192421913146973e-01
-8.998674154281616211e-01
9.768720269203186035e-01
-3.470090925693511963e-01
-1.085099577903747559e-01
6.526666879653930664e-01
-4.861547946929931641e-01
8.163412809371948242e-01
-9.273124337196350098e-01
9.167580604553222656e-01
-6.262576580047607422e-01
8.562804460525512695e-01
-8.287702202796936035e-01
9.650585055351257324e-01
-7.746667265892028809e-01
8.643480539321899414e-01
-6.538646221160888672e-01
9.446926712989807129e-01
-8.349192142486572266e-01
9.211252331733703613e-01
-8.133293390274047852e-01
9.154854416847229004e-01
-7.434561848640441895e-01
8.912764191627502441e-01
-6.336796283721923828e-01
9.500957131385803223e-01
-9.038545489311218262e-01
9.276443719863891602e-01
-8.118366599082946777e-01
9.756395220756530762e-01
-3.557655513286590576e-01
6.165840625762939453e-01
-9.559433460235595703e-01
9.027226567268371582e-01
-2.742410600185394287e-01
5.971226096153259277e-01
-9.282006025314331055e-01
9.227424860000610352e-01
-6.563553810119628906e-01
9.314543008804321289e-01
-8.950444459915161133e-01
9.732789397239685059e-01
-1.968472748994827271e-01
-2.368303239345550537e-01
5.900818705558776855e-01
-6.276067495346069336e-01
9.292606115341186523e-01
-7.560877799987792969e-01
9.303243160247802734e-01
-8.328596949577331543e-01
8.713724613189697266e-01
-5.761173367500305176e-01
9.183072447776794434e-01
-9.481264948844909668e-01
8.540992736816406250e-01
-4.789663851261138916e-01
8.022918105125427246e-01
-7.713514566421508789e-01
9.188146591186523438e-01
-7.886546254158020020e-01
9.313710927963256836e-01
-8.265221118927001953e-01
8.882636427879333496e-01
-6.215533614158630371e-01
8.886808156967163086e-01
-8.018801808357238770e-01
9.118382930755615234e-01
-7.837675809860229492e-01
9.231657981872558594e-01
-6.116021871566772461e-01
8.840550780296325684e-01
-9.477608799934387207e-01
9.137665629386901855e-01
-4.268431067466735840e-01
3.598406910896301270e-01
-1.835419833660125732e-01
7.018612623214721680e-01
-9.409677982330322266e-01
9.306098222732543945e-01
-3.895291090011596680e-01
6.450635790824890137e-01
-9.444952607154846191e-01
9.717345237731933594e-01
-4.364187419414520264e-01
7.759368419647216797e-01
-8.945614099502563477e-01
9.279778003692626953e-01
-5.793513655662536621e-01
8.161877989768981934e-01
-8.541452288627624512e-01
9.473259449005126953e-01
-6.910831928253173828e-01
7.955975532531738281e-01
-4.562342166900634766e-01
6.677696704864501953e-01
-6.766927838325500488e-01
7.314622998237609863e-01
-5.692138671875000000e-01
8.940803408622741699e-01
-8.805758357048034668e-01
7.841495275497436523e-01
-3.465565443038940430e-01
6.878376007080078125e-01
-7.751939892768859863e-01
9.002088904380798340e-01
-8.432752490043640137e-01
9.250632524490356445e-01
-5.694712400436401367e-01
9.046376347541809082e-01
-8.603448271751403809e-01
9.108694791793823242e-01
-8.021576404571533203e-01
9.353724122047424316e-01
-5.531189441680908203e-01
8.620436787605285645e-01
-9.163969159126281738e-01
9.290266036987304688e-01
-7.820315361022949219e-01
8.548197150230407715e-01
-6.669892072677612305e-01
9.102555513381958008e-01
-6.933421492576599121e-01
9.152189493179321289e-01
-8.198837637901306152e-01
9.316846728324890137e-01
-6.577952504158020020e-01
6.991371512413024902e-01
-7.774768471717834473e-01
9.756484031677246094e-01
-5.170251131057739258e-01
7.251260876655578613e-01
-8.867029547691345215e-01
9.811202287673950195e-01
-3.890779912471771240e-01
5.595821142196655273e-01
-8.728112578392028809e-01
9.365676641464233398e-01
-2.789455056190490723e-01
2.220611274242401123e-01
6.736356765031814575e-02
-3.662792444229125977e-01
8.801623582839965820e-01
-8.933586478233337402e-01
9.793303608894348145e-01
-4.900704622268676758e-01
6.104098558425903320e-01
-7.296058535575866699e-01
9.348253607749938965e-01
-8.260374069213867188e-01
9.568383693695068359e-01
-6.555905342102050781e-01
8.511173725128173828e-01
-7.827181220054626465e-01
9.292277693748474121e-01
-5.038726925849914551e-01
4.902327358722686768e-01
-6.927711963653564453e-01
9.291030168533325195e-01
-3.309662342071533203e-01
2.484665513038635254e-01
5.169626325368881226e-02
1.410091668367385864e-01
-3.635990619659423828e-01
7.006481885910034180e-01
-5.432603955268859863e-01
7.410813570022583008e-01
-7.794116139411926270e-01
9.311013817787170410e-01
-5.084986686706542969e-01
8.742360472679138184e-01
-9.311850070953369141e-01
7.018482685089111328e-01
-5.277565121650695801e-01
8.697123527526855469e-01
-8.661417365074157715e-01
9.520117044448852539e-01
-2.790823578834533691e-01
5.348904132843017578e-01
-8.403235077857971191e-01
8.674094676971435547e-01
-5.764238238334655762e-01
8.487415313720703125e-01
-7.644892930984497070e-01
8.716372847557067871e-01
-8.107580542564392090e-01
9.479069113731384277e-01
-3.485281169414520264e-01
1.029306054115295410e-01
3.885139226913452148e-01
-7.568954825401306152e-01
9.489676952362060547e-01
9.987737052142620087e-03
-8.629701733589172363e-01
9.892755746841430664e-01
2.268294692039489746e-01
-7.470461130142211914e-01
9.519146680831909180e-01
-6.266689896583557129e-01
9.091503024101257324e-01
-9.183940291404724121e-01
9.218447208404541016e-01
-7.094770073890686035e-01
8.048440217971801758e-01
-7.940306067466735840e-01
9.610137343406677246e-01
-6.715153455734252930e-01
7.241085767745971680e-01
-4.727154076099395752e-01
7.570349574089050293e-01
-8.750832080841064453e-01
9.434506297111511230e-01
-5.533354282379150391e-01
8.660182356834411621e-01
-7.800787687301635742e-01
9.329465031623840332e-01
-8.900532126426696777e-01
7.724199295043945312e-01
-6.453113555908203125e-01
9.690304398536682129e-01
-6.733817458152770996e-01
8.943396806716918945e-01
-8.809797763824462891e-01
9.072162508964538574e-01
-5.001264214515686035e-01
6.667562127113342285e-01
-8.602956533432006836e-01
9.241974949836730957e-01
-1.593267619609832764e-01
1.953480066731572151e-03
2.836673855781555176e-01
-3.128154575824737549e-01
4.693274199962615967e-01
-6.038618683815002441e-01
9.323734045028686523e-01
-4.225825369358062744e-01
7.757763862609863281e-01
-9.743127226829528809e-01
7.847515940666198730e-01
-4.823650419712066650e-01
8.388704657554626465e-01
-8.618136644363403320e-01
9.714711904525756836e-01
-6.408836245536804199e-01
6.910086274147033691e-01
-6.732416152954101562e-01
9.473181366920471191e-01
-4.805848598480224609e-01
5.373603105545043945e-01
-3.790943324565887451e-01
4.255950450897216797e-01
-6.272530555725097656e-01
9.835082292556762695e-01
-3.884729444980621338e-01
4.089164733886718750e-01
-7.151392698287963867e-01
9.490814805030822754e-01
-4.666965305805206299e-01
8.738099932670593262e-01
-9.272634983062744141e-01
9.248817563056945801e-01
-8.080906867980957031e-01
8.331407904624938965e-01
-6.311461925506591797e-01
8.859529495239257812e-01
-7.960754036903381348e-01
9.042156338691711426e-01
-2.915505766868591309e-01
6.748092919588088989e-02
2.289936393499374390e-01
-6.906629800796508789e-01
9.592428207397460938e-01
-1.336003541946411133e-01
1.164726689457893372e-01
-1.164423227310180664e-01
7.256655693054199219e-01
-9.570497274398803711e-01
7.916837334632873535e-01
-4.522575139999389648e-01
7.859846353530883789e-01
-8.422001600265502930e-01
9.171897172927856445e-01
-7.017477154731750488e-01
9.359430074691772461e-01
-5.244945883750915527e-01
5.694175958633422852e-01
-6.976295113563537598e-01
9.286417961120605469e-01
-5.640860795974731445e-01
7.610454559326171875e-01
-8.897330760955810547e-01
8.968558907508850098e-01
-2.849551737308502197e-01
3.514927625656127930e-01
-4.199402928352355957e-01
8.709403276443481445e-01
-9.029729366302490234e-01
9.679294228553771973e-01
-6.384357213973999023e-01
9.076830148696899414e-01
-9.149547219276428223e-01
7.632771730422973633e-01
-4.514164328575134277e-01
9.041432142257690430e-01
-9.050263166427612305e-01
7.327557802200317383e-01
-3.456941246986389160e-01
7.724047303199768066e-01
-8.562564849853515625e-01
9.106175899505615234e-01
-7.874201536178588867e-01
9.451854228973388672e-01
-7.201632857322692871e-01
8.279839158058166504e-01
-5.807240605354309082e-01
9.370912909507751465e-01
-7.966443300247192383e-01
8.458743095397949219e-01
-8.386619091033935547e-01
8.421701192855834961e-01
-5.365236401557922363e-01
8.343226909637451172e-01
-8.754727840423583984e-01
9.432738423347473145e-01
-4.015744626522064209e-01
4.634660780429840088e-01
-5.598486065864562988e-01
8.635327219963073730e-01
-6.938461065292358398e-01
8.820469379425048828e-01
-8.899098634719848633e-01
9.198446869850158691e-01
-2.680928409099578857e-01
4.995344877243041992e-01
-8.570531010627746582e-01
9.229669570922851562e-01
-7.080901265144348145e-01
9.298908710479736328e-01
-5.538678765296936035e-01
8.242772221565246582e-01
-9.003968834877014160e-01
8.522953391075134277e-01
-5.606824755668640137e-01
9.022787213325500488e-01
-7.780169248580932617e-01
9.042674303054809570e-01
-7.766544222831726074e-01
8.775509595870971680e-01
-6.299526095390319824e-01
8.783701658248901367e-01
-9.029769301414489746e-01
8.043144345283508301e-01
-2.411016672849655151e-01
3.715263903141021729e-01
-4.400328993797302246e-01
7.816602587699890137e-01
-7.969765067100524902e-01
8.776457309722900391e-01
-6.132478117942810059e-01
7.170417904853820801e-01
-5.189763307571411133e-01
8.064014315605163574e-01
-6.760058403015136719e-01
7.005110383033752441e-01
-6.223189234733581543e-01
9.098699688911437988e-01
-7.106370329856872559e-01
9.267671704292297363e-01
-8.638541698455810547e-01
8.075268864631652832e-01
-3.437902331352233887e-01
7.771564722061157227e-01
-8.948377966880798340e-01
7.794222235679626465e-01
-7.054426074028015137e-01
9.339911341667175293e-01
-5.358075499534606934e-01
6.362518668174743652e-01
-6.878529191017150879e-01
7.785546779632568359e-01
-5.425906553864479065e-02
-1.382669806480407715e-01
2.018665671348571777e-01
4.452296718955039978e-02
3.481358587741851807e-01
-7.029574513435363770e-01
9.169349074363708496e-01
-3.438871204853057861e-01
5.485417246818542480e-01
-8.633907437324523926e-01
8.717090487480163574e-01
-2.449852228164672852e-01
6.711456775665283203e-01
-9.612907767295837402e-01
9.042604565620422363e-01
-5.854411125183105469e-01
8.486769199371337891e-01
-7.851191163063049316e-01
9.252507090568542480e-01
-6.494022011756896973e-01
3.962515294551849365e-01
4.126622974872589111e-01
-5.834385752677917480e-01
9.211474061012268066e-01
-8.494803309440612793e-01
7.176802754402160645e-01
-2.681110203266143799e-01
2.253556400537490845e-01
3.083466291427612305e-01
-6.540557742118835449e-01
9.025907516479492188e-01
-6.533222198486328125e-01
7.465496063232421875e-01
-5.317322611808776855e-01
8.393982648849487305e-01
-7.481440901756286621e-01
8.812153935432434082e-01
-8.542665839195251465e-01
9.446173310279846191e-01
-4.565152823925018311e-01
5.990389585494995117e-01
-8.196516633033752441e-01
9.227514266967773438e-01
-4.159843325614929199e-01
4.200821220874786377e-01
-4.519824683666229248e-01
8.321253061294555664e-01
-7.275947332382202148e-01
9.358750581741333008e-01
-7.170253396034240723e-01
8.754587769508361816e-01
-8.460657000541687012e-01
8.828399777412414551e-01
-4.281917512416839600e-01
4.018165171146392822e-01
-4.217065572738647461e-01
8.124102950096130371e-01
-7.450557947158813477e-01
8.014253973960876465e-01
-4.028702080249786377e-01
6.229290962219238281e-01
-8.948912620544433594e-01
9.325439333915710449e-01
-3.190641701221466064e-01
5.248376131057739258e-01
-7.896016240119934082e-01
9.434865117073059082e-01
-4.273134768009185791e-01
3.922572135925292969e-01
-1.750163733959197998e-02
2.205202430486679077e-01
-4.984301626682281494e-01
8.025838732719421387e-01
-5.509216189384460449e-01
8.952510356903076172e-01
-8.625782132148742676e-01
7.616004347801208496e-01
-2.008464485406875610e-01
-3.250911533832550049e-01
8.709603548049926758e-01
-6.434187889099121094e-01
9.068776369094848633e-01
-8.783825039863586426e-01
8.489865064620971680e-01
-4.799615442752838135e-01
6.656891703605651855e-01
-7.052934169769287109e-01
9.509492516517639160e-01
-8.488846421241760254e-01
9.263582229614257812e-01
-3.850993514060974121e-01
1.471485495567321777e-01
-1.356362700462341309e-01
7.840347290039062500e-01
-8.659150004386901855e-01
8.571047186851501465e-01
-3.425821661949157715e-01
1.511520296335220337e-01
3.497846424579620361e-01
-5.372011065483093262e-01
7.209533452987670898e-01
-5.275800824165344238e-01
7.024641633033752441e-01
-6.024173498153686523e-01
9.548466205596923828e-01
-9.050639867782592773e-01
7.494289875030517578e-01
-6.730954051017761230e-01
9.422404766082763672e-01
-4.299541413784027100e-01
7.341620326042175293e-01
-8.566836118698120117e-01
8.430210351943969727e-01
-4.762647151947021484e-01
3.953104317188262939e-01
2.257202751934528351e-02
8.387994766235351562e-02
-1.305314749479293823e-01
6.727277040481567383e-01
-8.001850843429565430e-01
7.764198780059814453e-01
-2.961791753768920898e-01
5.206478238105773926e-01
-7.156046628952026367e-01
8.995748758316040039e-01
-8.506272435188293457e-01
8.594581484794616699e-01
5.584748461842536926e-02
-3.896118327975273132e-02
6.366726756095886230e-02
7.267892360687255859e-02
-8.819566667079925537e-02
2.073468118906021118e-01
1.126945391297340393e-01
-3.910253345966339111e-01
8.950182795524597168e-01
-6.615177989006042480e-01
7.471680045127868652e-01
-6.863644123077392578e-01
8.589110374450683594e-01
-7.272827029228210449e-01
8.566969037055969238e-01
-3.927398324012756348e-01
5.634382367134094238e-01
-6.290161013603210449e-01
5.064727663993835449e-01
7.469250261783599854e-02
-2.269780933856964111e-01
7.636717557907104492e-01
-8.916855454444885254e-01
8.588551878929138184e-01
-4.239603877067565918e-01
5.214467048645019531e-01
-1.614061444997787476e-01
9.956191293895244598e-03
3.821963071823120117e-01
-5.981936454772949219e-01
8.659008741378784180e-01
-5.110468268394470215e-01
3.597396314144134521e-01
1.481015682220458984e-01
-3.749207556247711182e-01
7.957853674888610840e-01
-7.250882387161254883e-01
9.285169243812561035e-01
-6.746751666069030762e-01
8.291755914688110352e-01
-8.461157083511352539e-01
9.215996861457824707e-01
-6.045601367950439453e-01
8.780556917190551758e-01
-8.138968348503112793e-01
9.008564352989196777e-01
-7.053472399711608887e-01
7.320953607559204102e-01
-6.530439853668212891e-01
9.023435115814208984e-01
-5.221669673919677734e-01
6.830002665519714355e-01
-7.953911423683166504e-01
8.390002250671386719e-01
-6.432548761367797852e-01
8.488405942916870117e-01
-1.026437655091285706e-01
2.276149541139602661e-01
-5.309585928916931152e-01
8.517708182334899902e-01
-8.055232167243957520e-01
7.920967340469360352e-01
-5.999696254730224609e-01
8.593415617942810059e-01
-5.269479155540466309e-01
6.705166697502136230e-01
-8.781847953796386719e-01
9.283218383789062500e-01
-7.106105089187622070e-01
9.039027094841003418e-01
-3.056350350379943848e-02
-2.690167129039764404e-01
6.243709921836853027e-01
-7.399711012840270996e-01
7.286404371261596680e-01
-2.182972580194473267e-01
1.329032480716705322e-01
-5.770632997155189514e-02
3.282616138458251953e-01
-1.556252241134643555e-01
2.174642384052276611e-01
2.271222025156021118e-01
-3.718086779117584229e-01
6.834407448768615723e-01
-6.269325017929077148e-01
7.975153326988220215e-01
-6.287517547607421875e-01
6.225594878196716309e-01
-2.690723240375518799e-01
4.124596416950225830e-01
-2.467041462659835815e-01
7.334669232368469238e-01
-9.207695722579956055e-01
8.447319269180297852e-01
-4.668204784393310547e-01
6.145509481430053711e-01
-5.702535510063171387e-01
6.962242722511291504e-01
-6.019798517227172852e-01
8.055012822151184082e-01
-5.400156378746032715e-01
7.034986019134521484e-01
-7.306502461433410645e-01
9.137273430824279785e-01
-6.369492411613464355e-01
6.531856656074523926e-01
-6.588340997695922852e-01
9.319370985031127930e-01
-1.736339181661605835e-01
1.693051159381866455e-01
-5.602087974548339844e-01
8.778796792030334473e-01
-6.988862752914428711e-01
8.478349447250366211e-01
-5.188609957695007324e-01
5.777168273925781250e-01
-4.673996567726135254e-02
-2.064376175403594971e-01
5.294669866561889648e-01
-6.325619816780090332e-01
8.179975748062133789e-01
-3.686471283435821533e-01
3.344367444515228271e-01
-6.468584537506103516e-01
8.615438938140869141e-01
2.354496419429779053e-01
-7.468506693840026855e-01
8.556737303733825684e-01
-5.311077833175659180e-01
4.524410963058471680e-01
-5.374062061309814453e-01
8.734638094902038574e-01
3.583095222711563110e-02
-2.327191531658172607e-01
2.551810145378112793e-01
-2.590469419956207275e-01
7.996817827224731445e-01
-8.558292984962463379e-01
9.055871963500976562e-01
-6.248979568481445312e-01
4.995774328708648682e-01
-5.435056611895561218e-02
8.699580281972885132e-02
4.514240920543670654e-01
-5.992554426193237305e-01
6.848257184028625488e-01
-6.359931230545043945e-01
6.817215681076049805e-01
-4.023962914943695068e-01
8.831912875175476074e-01
-8.505907058715820312e-01
6.119065880775451660e-01
-5.111992955207824707e-01
8.399571776390075684e-01
-3.006897568702697754e-01
7.237777709960937500e-01
-8.409366607666015625e-01
6.933356523513793945e-01
-7.056564688682556152e-01
8.133933544158935547e-01
-6.541099399328231812e-02
-8.841177076101303101e-02
4.695334434509277344e-01
-6.806932091712951660e-01
8.482899069786071777e-01
-4.302862286567687988e-01
2.522324919700622559e-01
1.188530102372169495e-01
5.707423388957977295e-02
-1.873104870319366455e-01
8.097183108329772949e-01
-8.969922065734863281e-01
8.705312013626098633e-01
-3.819318711757659912e-01
4.861555993556976318e-01
-4.430967271327972412e-01
6.796587109565734863e-01
-7.141981720924377441e-01
8.391587734222412109e-01
-4.778719842433929443e-01
7.188776731491088867e-01
-8.446083664894104004e-01
8.393176198005676270e-01
-3.246729671955108643e-01
7.228625416755676270e-01
-9.273418784141540527e-01
5.951536893844604492e-01
1.952726393938064575e-01
-2.280438393354415894e-01
4.094573259353637695e-01
-5.335440635681152344e-01
7.381846904754638672e-01
-1.322486698627471924e-01
2.038010954856872559e-01
-4.721736907958984375e-01
8.577236533164978027e-01
-3.476333916187286377e-01
7.482090964913368225e-03
6.480942964553833008e-01
-8.304506540298461914e-01
7.826831936836242676e-01
-1.166879548691213131e-03
-3.537896871566772461e-01
5.266715288162231445e-01
-4.664848744869232178e-01
3.678840398788452148e-01
2.507442533969879150e-01
3.337398469448089600e-01
-8.838139176368713379e-01
8.197640776634216309e-01
-2.885102033615112305e-01
6.925717592239379883e-01
-7.317770719528198242e-01
8.105447888374328613e-01
-6.411191821098327637e-01
4.566032290458679199e-01
-2.620328217744827271e-02
3.796958327293395996e-01
-2.368819713592529297e-01
2.482597380876541138e-01
1.112344488501548767e-01
-5.879553407430648804e-02
2.085115611553192139e-01
-1.885596513748168945e-01
3.231816589832305908e-01
-9.863167256116867065e-02
6.169054508209228516e-01
-7.931171059608459473e-01
7.437807321548461914e-01
-1.196747124195098877e-01
-4.319707155227661133e-01
8.204058408737182617e-01
-5.437316298484802246e-01
8.226324915885925293e-01
-7.626888751983642578e-01
7.702826857566833496e-01
-6.822724938392639160e-01
8.781355619430541992e-01
-2.207376360893249512e-01
3.611788526177406311e-02
-1.484106928110122681e-01
3.806316256523132324e-01
6.919632107019424438e-02
-2.119091749191284180e-01
7.618451714515686035e-01
-8.667638301849365234e-01
7.443618178367614746e-01
-5.772832036018371582e-02
-2.208767831325531006e-01
7.758947610855102539e-01
-8.307599425315856934e-01
8.032848238945007324e-01
-7.004312276840209961e-01
9.003449678421020508e-01
-5.223149657249450684e-01
6.753540039062500000e-01
-4.947299659252166748e-01
1.833066344261169434e-01
7.101320624351501465e-01
-7.256864905357360840e-01
6.957377195358276367e-01
-4.523724019527435303e-01
2.667236030101776123e-01
1.632136851549148560e-02
3.043719530105590820e-01
-9.521578252315521240e-02
1.290005147457122803e-01
1.527695059776306152e-01
-2.755998969078063965e-01
2.959839105606079102e-01
2.630858123302459717e-02
2.592143714427947998e-01
-8.051470667123794556e-02
1.428637355566024780e-01
5.324881151318550110e-02
2.602351605892181396e-01
-4.436728954315185547e-01
4.590193927288055420e-01
1.614480316638946533e-01
-1.653731465339660645e-01
1.658727973699569702e-01
3.642629683017730713e-01
-6.019557714462280273e-01
7.122200131416320801e-01
-3.298864960670471191e-01
2.913523912429809570e-01
-4.467540681362152100e-01
8.871604204177856445e-01
7.640603184700012207e-02
-6.071648597717285156e-01
7.429705262184143066e-01
-3.436903357505798340e-01
1.072542071342468262e-01
2.449502944946289062e-01
-1.076168864965438843e-01
1.054256111383438110e-01
5.007869601249694824e-01
-7.060571908950805664e-01
7.363001108169555664e-01
-2.747820317745208740e-01
3.723356425762176514e-01
-4.033210873603820801e-01
6.622266769409179688e-01
-5.055062770843505859e-01
5.517745018005371094e-01
-1.058213040232658386e-01
1.220188569277524948e-02
1.757734715938568115e-01
3.922740463167428970e-03
1.228781044483184814e-01
9.907223284244537354e-02
-2.973600625991821289e-01
8.231713771820068359e-01
-6.605749726295471191e-01
5.942379832267761230e-01
-8.249092847108840942e-02
3.363004326820373535e-02
-2.601134963333606720e-02
2.941950559616088867e-01
-1.657817661762237549e-01
1.572950333356857300e-01
2.744263410568237305e-01
-3.083963692188262939e-01
6.788339614868164062e-01
-6.749994158744812012e-01
8.428385257720947266e-01
-6.743670701980590820e-01
6.343694925308227539e-01
-4.292646646499633789e-01
7.057435512542724609e-01
-5.104498863220214844e-01
6.774982213973999023e-01
-5.736735463142395020e-01
2.583290040493011475e-01
4.629162549972534180e-01
-1.504264473915100098e-01
3.674573600292205811e-01
-6.265131235122680664e-01
7.351335883140563965e-01
-6.448712944984436035e-01
7.437527179718017578e-01
-2.732490561902523041e-02
7.932589203119277954e-02
-1.695862263441085815e-01
4.100588262081146240e-01
-6.224552989006042480e-01
7.798607945442199707e-01
-4.914088919758796692e-02
-4.510474503040313721e-01
7.822302579879760742e-01
-3.963165581226348877e-01
6.639546751976013184e-01
-4.839844107627868652e-01
5.062320232391357422e-01
-5.803120136260986328e-01
7.378288507461547852e-01
-4.436934292316436768e-01
7.893391847610473633e-01
-6.948173046112060547e-01
4.574414789676666260e-01
1.886451840400695801e-01
-3.627221286296844482e-01
7.222138643264770508e-01
-7.943693399429321289e-01
7.465988397598266602e-01
-4.798805713653564453e-02
-2.192401885986328125e-01
6.627382040023803711e-01
-6.931577920913696289e-01
5.708960890769958496e-01
-6.730476021766662598e-02
5.247511863708496094e-01
-5.161445140838623047e-01
4.168955385684967041e-01
-3.383037447929382324e-01
4.054243862628936768e-01
3.150856494903564453e-01
-5.120593309402465820e-01
8.097566962242126465e-01
-7.189047932624816895e-01
9.226630628108978271e-02
6.867869496345520020e-01
-4.016176164150238037e-01
7.390559315681457520e-01
-7.806366086006164551e-01
6.526048183441162109e-01
-2.164532244205474854e-01
-1.656649983488023281e-03
5.307099223136901855e-01
-4.566854536533355713e-01
7.663568258285522461e-01
-6.991026997566223145e-01
7.987639307975769043e-01
-7.097331285476684570e-01
8.550277352333068848e-01
-5.272333025932312012e-01
6.581144332885742188e-01
-6.492658853530883789e-01
6.746880412101745605e-01
-2.642284333705902100e-01
2.631921768188476562e-01
4.965851828455924988e-02
-2.628593146800994873e-01
8.391764163970947266e-01
-6.962056756019592285e-01
6.467275619506835938e-01
-2.817362844944000244e-01
5.787438154220581055e-01
-8.365871310234069824e-01
7.957863211631774902e-01
-3.347255289554595947e-01
6.541045904159545898e-01
-6.537796258926391602e-01
7.770787477493286133e-01
-5.538887381553649902e-01
9.043118916451931000e-03
8.107737302780151367e-01
-7.370197772979736328e-01
8.192064762115478516e-01
-4.541744589805603027e-01
4.497506916522979736e-01
-3.273326158523559570e-01
5.078356862068176270e-01
-2.407748699188232422e-01
6.435688734054565430e-01
-7.738873362541198730e-01
5.974181890487670898e-01
-1.954535096883773804e-01
4.349138140678405762e-01
-4.448871910572052002e-01
3.983338475227355957e-01
1.531435735523700714e-02
-2.669002860784530640e-02
4.603377580642700195e-01
-2.279856353998184204e-01
2.534272372722625732e-01
6.621593981981277466e-02
-3.379862606525421143e-01
5.627189874649047852e-01
1.652844697237014771e-01
-6.666603088378906250e-01
7.721013426780700684e-01
-8.030644804239273071e-02
-1.186026930809020996e-01
4.747945368289947510e-01
-9.580614566802978516e-01
-9.009055495262145996e-01
-9.333840012550354004e-01
-9.601810574531555176e-01
-9.321448206901550293e-01
-9.624852538108825684e-01
-9.169903397560119629e-01
-3.370401859283447266e-01
9.958441257476806641e-01
9.999864101409912109e-01
9.999989867210388184e-01
9.999989867210388184e-01
9.999989867210388184e-01
9.999961853027343750e-01
9.862490296363830566e-01
-8.653315901756286621e-01
-9.030579328536987305e-01
-2.667056918144226074e-01
6.128078103065490723e-01
2.452638596296310425e-01
8.189555406570434570e-01
-2.492810040712356567e-01
8.937420248985290527e-01
-4.130733311176300049e-01
4.892235398292541504e-01
-6.764943599700927734e-01
7.758113145828247070e-01
1.638018190860748291e-01
-5.709323883056640625e-01
8.694642186164855957e-01
-1.101234108209609985e-01
2.901189029216766357e-01
-3.082923777401447296e-02
4.778361618518829346e-01
-6.430395841598510742e-01
8.414494991302490234e-01
-5.116081237792968750e-01
9.015067815780639648e-01
-6.469924449920654297e-01
6.605670452117919922e-01
-3.351667225360870361e-01
6.538574099540710449e-01
-6.386786103248596191e-01
5.744480490684509277e-01
-2.376077882945537567e-02
5.451599955558776855e-01
-6.867164373397827148e-01
8.566464185714721680e-01
-6.064547896385192871e-01
7.423467040061950684e-01
-7.350509762763977051e-01
8.653900623321533203e-01
-5.253806337714195251e-02
2.764337658882141113e-01
-4.575101733207702637e-01
5.212048292160034180e-01
-5.446723103523254395e-01
8.788030743598937988e-01
-6.788982748985290527e-01
9.310092926025390625e-01
-4.383116960525512695e-01
4.819666743278503418e-01
-4.250396043062210083e-02
5.748144984245300293e-01
-7.366263270378112793e-01
7.805222868919372559e-01
3.724185284227132797e-03
3.123371601104736328e-01
-2.036990672349929810e-01
2.867170274257659912e-01
-2.963043749332427979e-01
5.771850943565368652e-01
-5.554557442665100098e-01
7.417713999748229980e-01
-6.177296042442321777e-01
7.416219711303710938e-01
-5.043047666549682617e-01
7.992779016494750977e-01
-7.546721696853637695e-01
8.259284496307373047e-01
-7.847302556037902832e-01
8.452010154724121094e-01
-4.708289206027984619e-01
7.325634360313415527e-01
-2.997356951236724854e-01
3.040058910846710205e-01
-5.799828171730041504e-01
8.630671501159667969e-01
-7.004241943359375000e-01
7.487234473228454590e-01
3.839116310700774193e-03
-3.236023783683776855e-01
5.765690803527832031e-01
-4.935348331928253174e-01
7.949739098548889160e-01
-7.574391961097717285e-01
7.205686569213867188e-01
-1.152245625853538513e-01
3.894301829859614372e-03
-1.995698064565658569e-01
7.729440927505493164e-01
-4.650839865207672119e-01
5.514126420021057129e-01
-5.520343780517578125e-01
5.378689765930175781e-01
-6.031479239463806152e-01
9.185236096382141113e-01
-2.232967317104339600e-01
2.786986231803894043e-01
-5.069273114204406738e-01
9.071990251541137695e-01
-7.754640579223632812e-01
8.726187348365783691e-01
-7.284560799598693848e-01
5.558006167411804199e-01
-2.513479888439178467e-01
6.788392066955566406e-01
-6.522455215454101562e-01
7.782685160636901855e-01
-6.553378105163574219e-01
7.185451388359069824e-01
-4.339139461517333984e-01
3.064230978488922119e-01
6.284778118133544922e-01
-8.711432814598083496e-01
4.886379241943359375e-01
2.127373963594436646e-01
-3.443849980831146240e-01
6.171362400054931641e-01
-4.123964011669158936e-01
7.568020224571228027e-01
-8.358747959136962891e-01
7.146905660629272461e-01
-4.167132675647735596e-01
7.805256247520446777e-01
-8.650236725807189941e-01
9.166221022605895996e-01
-4.805050194263458252e-01
6.354265809059143066e-01
-5.453423857688903809e-01
7.225629091262817383e-01
-7.200171947479248047e-01
9.011089801788330078e-01
-3.938838243484497070e-01
6.597350239753723145e-01
-8.950406908988952637e-01
8.083961009979248047e-01
-7.904416918754577637e-01
8.832579255104064941e-01
-1.793491095304489136e-01
5.613700747489929199e-01
-7.818226218223571777e-01
8.306233286857604980e-01
-5.025777220726013184e-01
6.030125021934509277e-01
-6.989935636520385742e-01
9.264679551124572754e-01
-5.438318252563476562e-01
5.389666557312011719e-01
-4.023188352584838867e-01
6.636226177215576172e-01
-6.061500310897827148e-01
7.882138490676879883e-01
-3.260923326015472412e-01
2.818113267421722412e-01
-5.160511136054992676e-01
8.284193277359008789e-01
-2.457972019910812378e-01
1.587434262037277222e-01
-2.455998808145523071e-01
5.676512718200683594e-01
-4.736709594726562500e-01
7.942041754722595215e-01
-7.179992198944091797e-01
9.138908982276916504e-01
-8.177416324615478516e-01
6.588594317436218262e-01
-3.727695047855377197e-01
7.434312701225280762e-01
-2.996692955493927002e-01
1.235551163554191589e-01
2.979070544242858887e-01
-5.776658058166503906e-01
7.997729778289794922e-01
-8.489119410514831543e-01
9.476390480995178223e-01
-4.069499969482421875e-01
7.894565463066101074e-01
-8.727790117263793945e-01
9.251373410224914551e-01
-4.172446727752685547e-01
2.164377272129058838e-01
-1.928501948714256287e-02
4.400344491004943848e-01
-6.349800229072570801e-01
8.681058883666992188e-01
-7.555168867111206055e-01
8.508902788162231445e-01
-6.271085739135742188e-01
8.688731789588928223e-01
-6.547365188598632812e-01
8.481169939041137695e-01
-8.368017077445983887e-01
7.217800617218017578e-01
3.695339336991310120e-02
-4.550564289093017578e-01
8.148667216300964355e-01
-5.522845983505249023e-01
5.481091737747192383e-01
-4.795859456062316895e-01
8.390264511108398438e-01
-7.005319595336914062e-01
7.796660661697387695e-01
-6.034465432167053223e-01
8.244357109069824219e-01
-8.147935867309570312e-01
8.223292231559753418e-01
-5.730673670768737793e-01
7.690430879592895508e-01
-4.176487624645233154e-01
8.293527364730834961e-01
-9.321106076240539551e-01
8.130563497543334961e-01
-7.615031599998474121e-01
8.648570179939270020e-01
-3.728457987308502197e-01
4.425613284111022949e-01
-4.134168326854705811e-01
8.161731958389282227e-01
-7.270086407661437988e-01
8.648984432220458984e-01
-8.970311880111694336e-01
9.567756056785583496e-01
-5.564687252044677734e-01
8.978840112686157227e-01
-7.956382632255554199e-01
7.659691572189331055e-01
-6.573501229286193848e-01
8.712362647056579590e-01
-3.407939970493316650e-01
2.687289118766784668e-01
-3.021670579910278320e-01
5.986650586128234863e-01
-5.880082845687866211e-01
8.839169144630432129e-01
-7.295676469802856445e-01
7.210430502891540527e-01
-5.867708921432495117e-01
7.683162689208984375e-01
-4.724681973457336426e-01
6.948232054710388184e-01
-5.232380032539367676e-01
7.683490514755249023e-01
-7.731822729110717773e-01
6.866572499275207520e-01
-6.195487976074218750e-01
9.447093009948730469e-01
-6.055665016174316406e-01
6.953117251396179199e-01
-7.685090899467468262e-01
9.409126043319702148e-01
-6.492649316787719727e-01
8.841336965560913086e-01
-8.376823663711547852e-01
9.541475772857666016e-01
-5.964841842651367188e-01
7.316137552261352539e-01
-6.725685000419616699e-01
9.172235727310180664e-01
-8.940635323524475098e-01
7.687417268753051758e-01
-5.570809841156005859e-01
8.795418143272399902e-01
-5.615164041519165039e-01
7.992288470268249512e-01
-8.431915044784545898e-01
9.280797839164733887e-01
-6.550492644309997559e-01
7.180938720703125000e-01
-6.474592685699462891e-01
9.411982893943786621e-01
-8.282067775726318359e-01
8.415386080741882324e-01
-6.394922733306884766e-01
9.179765582084655762e-01
-8.093882203102111816e-01
9.087031483650207520e-01
-5.404039025306701660e-01
7.405845522880554199e-01
-8.163886666297912598e-01
7.101340889930725098e-01
-3.585877120494842529e-01
5.912446379661560059e-01
-5.175819396972656250e-01
9.166670441627502441e-01
-8.625877499580383301e-01
8.203934431076049805e-01
-6.603443026542663574e-01
8.200694322586059570e-01
-5.860577225685119629e-01
8.669242262840270996e-01
-6.619216203689575195e-01
5.770717263221740723e-01
-6.403974890708923340e-01
9.628829360008239746e-01
-3.369949758052825928e-01
2.824042737483978271e-01
-2.259650230407714844e-01
6.618780493736267090e-01
-9.155771732330322266e-01
8.970686793327331543e-01
-4.710598587989807129e-01
6.702901124954223633e-01
-4.533935189247131348e-01
7.352898716926574707e-01
-7.568600773811340332e-01
7.596177458763122559e-01
-6.238697767257690430e-01
7.811844348907470703e-01
-2.005223631858825684e-01
1.703631579875946045e-01
-2.741731405258178711e-01
6.602133512496948242e-01
-5.861812829971313477e-01
8.685112595558166504e-01
-7.843981981277465820e-01
6.174564361572265625e-01
-3.153247535228729248e-01
8.200680613517761230e-01
-6.891990900039672852e-01
7.089442610740661621e-01
-8.330677151679992676e-01
8.810840845108032227e-01
-2.213503979146480560e-02
-7.539248559623956680e-03
-2.575587928295135498e-01
7.913421988487243652e-01
-8.260877132415771484e-01
8.671418428421020508e-01
-5.285472869873046875e-01
8.217391967773437500e-01
-7.600530982017517090e-01
8.633819818496704102e-01
-7.762808799743652344e-01
8.204313516616821289e-01
-5.159044861793518066e-01
7.226055264472961426e-01
-7.016498446464538574e-01
8.748337030410766602e-01
-7.568783164024353027e-01
8.295295238494873047e-01
-6.417638659477233887e-01
8.426245450973510742e-01
-2.773207128047943115e-01
5.204560756683349609e-01
-7.041360735893249512e-01
8.210898637771606445e-01
-7.382246851921081543e-01
7.741699814796447754e-01
-4.090630114078521729e-01
4.674732685089111328e-01
-3.405651152133941650e-01
8.486434221267700195e-01
-7.395113110542297363e-01
7.829720377922058105e-01
-7.995199561119079590e-01
8.600569963455200195e-01
-7.587318420410156250e-01
9.216324090957641602e-01
-2.732843756675720215e-01
1.829250454902648926e-01
-1.477364450693130493e-01
4.873839318752288818e-01
-5.800663232803344727e-01
8.824167251586914062e-01
-7.461477518081665039e-01
9.101887941360473633e-01
-7.739087343215942383e-01
8.294394016265869141e-01
-7.731149792671203613e-01
9.275474548339843750e-01
-6.512220501899719238e-01
9.688207507133483887e-01
-4.556696712970733643e-01
-2.912576496601104736e-02
6.575130224227905273e-01
-8.492915034294128418e-01
8.786943554878234863e-01
-4.279246330261230469e-01
8.601303100585937500e-01
-9.361045360565185547e-01
8.416097760200500488e-01
-4.782516956329345703e-01
4.748493432998657227e-01
-4.112170040607452393e-01
7.001973986625671387e-01
-7.057561278343200684e-01
9.567667245864868164e-01
-7.487212419509887695e-01
9.079059958457946777e-01
-8.247715234756469727e-01
9.273616671562194824e-01
-3.721131682395935059e-01
5.407257080078125000e-01
-8.190274238586425781e-01
9.526482820510864258e-01
-6.829028725624084473e-01
7.780979871749877930e-01
-7.860423922538757324e-01
9.737540483474731445e-01
-1.551576554775238037e-01
-5.924501419067382812e-01
9.526353478431701660e-01
-3.412277698516845703e-01
7.949447035789489746e-01
-9.037233591079711914e-01
6.329903006553649902e-01
-5.843406915664672852e-01
9.213150739669799805e-01
-6.496624946594238281e-01
7.632409334182739258e-01
-6.741760969161987305e-01
9.198881387710571289e-01
-6.574513912200927734e-01
7.806125879287719727e-01
-8.450962305068969727e-01
9.200203418731689453e-01
-5.330874919891357422e-01
6.462395191192626953e-01
-6.194698214530944824e-01
9.244255423545837402e-01
-6.405287981033325195e-01
4.899517893791198730e-01
-4.209682643413543701e-01
8.645239472389221191e-01
-7.148163318634033203e-01
9.353458881378173828e-01
-8.004262447357177734e-01
8.219020962715148926e-01
-7.159066796302795410e-01
9.000320434570312500e-01
-4.005705416202545166e-01
4.139406085014343262e-01
-6.079083085060119629e-01
8.650288581848144531e-01
-7.079021930694580078e-01
9.422124624252319336e-01
-3.753430247306823730e-01
3.650916516780853271e-01
-3.954648971557617188e-01
6.571133136749267578e-01
-8.260738253593444824e-01
9.032671451568603516e-01
-2.352814674377441406e-01
-2.963988808915019035e-03
6.275615692138671875e-01
-8.554004430770874023e-01
9.048592448234558105e-01
-7.086839079856872559e-01
9.034772515296936035e-01
-7.883492112159729004e-01
9.408121109008789062e-01
-4.889545440673828125e-01
6.705834269523620605e-01
-9.098066687583923340e-01
9.322993755340576172e-01
-5.829752087593078613e-01
8.530164361000061035e-01
-6.449667215347290039e-01
9.246492981910705566e-01
-8.893336057662963867e-01
5.897179245948791504e-01
-2.436283975839614868e-01
6.414399147033691406e-01
-5.659716129302978516e-01
8.398320078849792480e-01
-8.019758462905883789e-01
8.681519031524658203e-01
-5.234645009040832520e-01
6.176430583000183105e-01
-7.545012831687927246e-01
9.058486819267272949e-01
-4.861474633216857910e-01
7.629224061965942383e-01
-8.583313226699829102e-01
9.515419602394104004e-01
-3.378306031227111816e-01
3.851667940616607666e-01
-6.978870034217834473e-01
9.156208038330078125e-01
-6.858508586883544922e-01
8.466609120368957520e-01
-5.736538767814636230e-01
8.893280029296875000e-01
-8.591904640197753906e-01
8.608135581016540527e-01
-7.301955223083496094e-01
9.313011765480041504e-01
-7.628114223480224609e-01
8.622173070907592773e-01
-7.404845356941223145e-01
9.592999815940856934e-01
-7.677932381629943848e-01
8.282742500305175781e-01
-4.938684999942779541e-01
8.427672982215881348e-01
-8.135689496994018555e-01
8.101067543029785156e-01
-7.093979716300964355e-01
9.028433561325073242e-01
-6.091247200965881348e-01
8.702089786529541016e-01
-9.310166835784912109e-01
9.069952368736267090e-01
-6.968634724617004395e-01
9.175521135330200195e-01
-6.609995365142822266e-01
7.933461666107177734e-01
-7.169834375381469727e-01
9.698581099510192871e-01
-7.836813926696777344e-01
9.067870974540710449e-01
-7.701630592346191406e-01
9.557686448097229004e-01
-7.612966895103454590e-01
7.389175891876220703e-01
-7.305699586868286133e-01
