9.676166772842407227e-01
-9.802285432815551758e-01
7.098226547241210938e-01
-4.074616730213165283e-01
-7.934750914573669434e-01
5.166905522346496582e-01
-6.541124582290649414e-01
9.899123907089233398e-01
-8.421702980995178223e-01
9.043176770210266113e-01
-6.746250987052917480e-01
8.497051596641540527e-01
1.540158689022064209e-01
-1.981434077024459839e-01
-9.589633941650390625e-01
-6.394116878509521484e-01
9.977548718452453613e-01
9.986586570739746094e-01
9.078832268714904785e-01
-9.259378314018249512e-01
-7.338045239448547363e-01
9.565533995628356934e-01
9.217626452445983887e-01
-6.912508606910705566e-01
8.708751946687698364e-02
-8.604351878166198730e-01
9.574012160301208496e-01
9.944741129875183105e-01
-9.745695590972900391e-01
8.263069391250610352e-01
-7.805710434913635254e-01
9.222046732902526855e-01
-6.005750894546508789e-01
-8.904554843902587891e-01
7.829750180244445801e-01
-3.715206682682037354e-01
5.613697767257690430e-01
4.671487510204315186e-01
-1.417978852987289429e-01
-9.806323051452636719e-01
8.843741565942764282e-02
9.710989594459533691e-01
6.613992620259523392e-03
3.356735110282897949e-01
8.249965310096740723e-01
-4.880671799182891846e-01
2.902705967426300049e-01
-5.071406364440917969e-01
9.449861049652099609e-01
-9.040809869766235352e-01
9.641491770744323730e-01
2.714225947856903076e-01
-9.894280433654785156e-01
-7.598014473915100098e-01
8.902509212493896484e-01
9.512591361999511719e-01
9.743649363517761230e-01
-9.415594339370727539e-01
-9.345054626464843750e-02
-9.569376111030578613e-01
-2.401453442871570587e-02
5.601438283920288086e-01
8.124197721481323242e-01
2.001923322677612305e-02
5.053008198738098145e-01
-9.896385669708251953e-01
8.035368323326110840e-01
-3.713603019714355469e-01
-9.389992356300354004e-01
5.776655673980712891e-01
6.252797245979309082e-01
-9.301381111145019531e-01
7.692786455154418945e-01
8.325125575065612793e-01
3.462551534175872803e-01
5.956953167915344238e-01
-9.710553884506225586e-01
-9.008638858795166016e-01
-4.983913004398345947e-01
9.977918863296508789e-01
5.487952232360839844e-01
2.506220936775207520e-01
2.822352647781372070e-01
-9.705933928489685059e-01
-8.125169575214385986e-02
9.001462459564208984e-01
-9.516172409057617188e-01
3.309554606676101685e-02
9.992648363113403320e-01
7.116460800170898438e-01
7.916339039802551270e-01
-9.560754895210266113e-01
2.644007802009582520e-01
-3.409887254238128662e-01
-2.925668060779571533e-01
4.785504639148712158e-01
8.803180456161499023e-01
-8.081924915313720703e-01
-6.106664538383483887e-01
-3.216192424297332764e-01
9.512336552143096924e-02
-6.369360089302062988e-01
9.995368719100952148e-01
9.911482334136962891e-01
2.835249304771423340e-01
6.116462945938110352e-01
-5.212173461914062500e-01
-1.620774567127227783e-01
7.810165882110595703e-01
-6.193608641624450684e-01
-5.952491760253906250e-01
9.849106073379516602e-01
-6.653592586517333984e-01
9.008882045745849609e-01
4.256934821605682373e-01
-5.574195384979248047e-01
-2.030402123928070068e-01
-3.017872571945190430e-01
5.257778763771057129e-01
8.995027542114257812e-01
-9.945306181907653809e-01
3.614860177040100098e-01
-8.245761990547180176e-01
2.636139392852783203e-01
9.561285972595214844e-01
8.015325069427490234e-01
-5.293613672256469727e-01
-2.243348956108093262e-01
7.621794939041137695e-01
2.066375017166137695e-01
-2.486832737922668457e-01
-9.216498583555221558e-02
7.257845997810363770e-01
-7.032701373100280762e-01
-5.892679095268249512e-01
-9.624717235565185547e-01
9.920192360877990723e-01
9.708761572837829590e-01
3.071084618568420410e-01
-2.365008443593978882e-01
8.528575897216796875e-01
9.545221328735351562e-01
-9.373140931129455566e-01
-4.482533335685729980e-01
-7.502807378768920898e-01
9.804162383079528809e-01
7.802408933639526367e-01
-7.959627509117126465e-01
-2.707704603672027588e-01
2.599628269672393799e-01
-8.569551706314086914e-01
-7.903116345405578613e-01
-4.708364307880401611e-01
8.060402274131774902e-01
5.080401301383972168e-01
9.738605022430419922e-01
9.014874100685119629e-01
9.245963096618652344e-01
9.285309314727783203e-01
-6.479272246360778809e-01
-2.154124341905117035e-02
9.866948127746582031e-01
9.539999961853027344e-01
9.766578078269958496e-01
-7.477743029594421387e-01
9.967666864395141602e-01
9.912691712379455566e-01
2.232471108436584473e-01
-2.106368541717529297e-01
-7.093857526779174805e-01
7.392960786819458008e-01
8.417095541954040527e-01
-8.578352332115173340e-01
-9.179298877716064453e-01
-4.038681685924530029e-01
8.618673086166381836e-01
-6.363820433616638184e-01
-1.538848727941513062e-01
8.019375801086425781e-01
-2.107071131467819214e-01
-8.145059943199157715e-01
9.363927245140075684e-01
-4.965043663978576660e-01
9.824110269546508789e-01
6.428891420364379883e-01
4.860551953315734863e-01
7.219687104225158691e-01
-9.373682737350463867e-01
-9.207828044891357422e-01
7.644941806793212891e-01
-7.227367758750915527e-01
2.762191891670227051e-01
4.483486413955688477e-01
3.710502684116363525e-01
-8.925180882215499878e-02
-5.561954379081726074e-01
-9.430914521217346191e-01
3.975714743137359619e-01
2.977452278137207031e-01
9.858915805816650391e-01
7.202295064926147461e-01
-8.150172233581542969e-01
-9.855773448944091797e-01
-3.814866542816162109e-01
9.654813408851623535e-01
9.983342289924621582e-01
8.307366371154785156e-01
-2.595433294773101807e-01
7.199651598930358887e-01
-9.694699048995971680e-01
3.241776674985885620e-02
5.113083124160766602e-01
4.044998884201049805e-01
4.116233289241790771e-01
-8.228143453598022461e-01
3.482980728149414062e-01
-9.358095526695251465e-01
5.650171637535095215e-01
-6.247884631156921387e-01
7.308360934257507324e-01
-8.895984888076782227e-01
5.822196006774902344e-01
8.755777478218078613e-01
5.642334222793579102e-01
-5.022359490394592285e-01
-2.381954193115234375e-01
9.926397204399108887e-01
-9.268962144851684570e-01
3.073229789733886719e-01
-3.116137981414794922e-01
7.004681825637817383e-01
2.589523792266845703e-01
-5.891248583793640137e-01
-6.166911721229553223e-01
-2.336190044879913330e-01
9.727550745010375977e-01
5.317099690437316895e-01
-1.535545885562896729e-01
7.587731480598449707e-01
4.853711724281311035e-01
-2.811417877674102783e-01
-9.592556357383728027e-01
-8.551498651504516602e-01
9.533065557479858398e-01
-1.844478249549865723e-01
-2.868868112564086914e-01
8.144554495811462402e-01
-7.231990694999694824e-01
9.997070431709289551e-01
9.696697592735290527e-01
-9.770635366439819336e-01
9.086241722106933594e-01
7.660860419273376465e-01
-3.413286209106445312e-01
-9.878382086753845215e-01
9.131228327751159668e-01
1.258595734834671021e-01
-9.822834730148315430e-01
4.438164532184600830e-01
-1.670454293489456177e-01
-3.470866382122039795e-01
3.672854229807853699e-02
6.762853264808654785e-01
-2.220995537936687469e-02
-4.965226352214813232e-01
9.787864685058593750e-01
7.798005342483520508e-01
-8.255406022071838379e-01
-4.488270878791809082e-01
9.995659589767456055e-01
-2.839618176221847534e-02
-4.742150604724884033e-01
3.828344345092773438e-01
9.961243271827697754e-01
-9.915781617164611816e-01
7.497759461402893066e-01
3.804862499237060547e-01
-6.255084872245788574e-01
-9.842680096626281738e-01
-2.256581038236618042e-01
3.306823670864105225e-01
9.902359247207641602e-01
-6.691372394561767578e-02
-5.964639186859130859e-01
9.356445670127868652e-01
8.039193749427795410e-01
2.496455907821655273e-01
-6.701241731643676758e-01
3.463109135627746582e-01
-9.192978739738464355e-01
5.907905101776123047e-01
7.324837446212768555e-01
-1.118860021233558655e-01
-9.014471173286437988e-01
-9.433920979499816895e-01
9.658861160278320312e-01
9.597818851470947266e-01
6.716293096542358398e-01
3.092530071735382080e-01
-9.557976722717285156e-01
-1.564458161592483521e-01
-6.242096424102783203e-01
-7.138707041740417480e-01
9.991918802261352539e-01
7.970181107521057129e-01
1.140208765864372253e-01
-5.940291881561279297e-01
-1.996960341930389404e-01
7.635455727577209473e-01
-9.562234282493591309e-01
6.271736621856689453e-01
9.652220010757446289e-01
9.988979101181030273e-01
8.873995393514633179e-02
-2.657257020473480225e-01
-9.442528486251831055e-01
-2.712686061859130859e-01
7.219762206077575684e-01
9.735497236251831055e-01
1.937416493892669678e-01
-9.633339643478393555e-01
-9.988493323326110840e-01
5.042439326643943787e-02
8.956853151321411133e-01
6.642254590988159180e-01
-9.838986992835998535e-01
9.343608617782592773e-01
2.848081290721893311e-02
-7.734475135803222656e-01
8.199954032897949219e-01
7.561727166175842285e-01
-8.684715032577514648e-01
8.703137040138244629e-01
3.040342926979064941e-01
-9.778689742088317871e-01
-9.508500695228576660e-01
8.692570328712463379e-01
9.555207490921020508e-01
9.029977321624755859e-01
-9.937617182731628418e-01
-9.970333576202392578e-01
7.094218134880065918e-01
9.440701603889465332e-01
-6.516153812408447266e-01
5.969139933586120605e-01
-3.632088899612426758e-01
-8.450866937637329102e-01
9.283960461616516113e-01
7.043866515159606934e-01
-3.741192519664764404e-01
-3.674733936786651611e-01
8.480159044265747070e-01
-8.873243331909179688e-01
8.712820410728454590e-01
-4.084872603416442871e-01
8.775346279144287109e-01
5.917575955390930176e-01
-5.909107252955436707e-02
-9.176331162452697754e-01
9.684092998504638672e-01
-8.784112334251403809e-01
-9.778848290443420410e-01
-1.121256723999977112e-01
7.779064178466796875e-01
8.766500949859619141e-01
-5.832832455635070801e-01
1.660690009593963623e-01
-1.706824749708175659e-01
9.723452329635620117e-01
-6.258040070533752441e-01
-6.563377976417541504e-01
9.894044399261474609e-01
9.984706044197082520e-01
3.999800682067871094e-01
-9.668937921524047852e-01
-1.037561744451522827e-01
-4.789817631244659424e-01
8.557773828506469727e-01
4.523871243000030518e-01
5.309765934944152832e-01
5.341801047325134277e-01
-9.857656359672546387e-01
6.231543421745300293e-01
6.900379657745361328e-01
-9.736367464065551758e-01
-8.052031993865966797e-01
-7.824354767799377441e-01
9.982666969299316406e-01
6.552736759185791016e-01
3.757459111511707306e-03
-5.300446152687072754e-01
7.055222392082214355e-01
4.608192443847656250e-01
-8.962724208831787109e-01
9.212117195129394531e-01
-9.783162474632263184e-01
8.703925609588623047e-01
-8.853427767753601074e-01
8.928492069244384766e-01
4.079929888248443604e-01
-1.216410771012306213e-01
9.936255961656570435e-02
-9.409489631652832031e-01
8.785679936408996582e-01
-1.840929538011550903e-01
7.916322946548461914e-01
8.485358357429504395e-01
-9.825986623764038086e-01
-9.943649768829345703e-01
-2.557539343833923340e-01
9.701535105705261230e-01
9.485808610916137695e-01
8.600184321403503418e-01
-9.849396944046020508e-01
-9.210954904556274414e-01
4.647258222103118896e-01
9.650956988334655762e-01
-2.608890235424041748e-01
-5.631804093718528748e-02
-3.164570331573486328e-01
-8.205141425132751465e-01
9.540070891380310059e-01
9.633798003196716309e-01
8.388432264328002930e-01
-9.232423901557922363e-01
-7.227276563644409180e-01
9.112352132797241211e-01
-1.026727557182312012e-01
-4.086140394210815430e-01
-4.591837525367736816e-01
9.856906533241271973e-01
-7.384122610092163086e-01
3.890384137630462646e-01
8.752444982528686523e-01
-7.763589024543762207e-01
4.919016659259796143e-01
6.721907854080200195e-01
9.576866626739501953e-01
-5.174047946929931641e-01
-9.777407050132751465e-01
1.606553196907043457e-01
-1.426704227924346924e-02
8.283591866493225098e-01
6.040773391723632812e-01
2.498037517070770264e-01
-9.987823963165283203e-01
-5.476968288421630859e-01
-8.331307768821716309e-01
-8.020213842391967773e-01
8.065879344940185547e-01
9.969405531883239746e-01
9.823244214057922363e-01
-9.217122197151184082e-01
-5.835452675819396973e-01
7.016693949699401855e-01
3.003716468811035156e-01
8.888741731643676758e-01
6.859219074249267578e-01
-1.384329199790954590e-01
3.488860428333282471e-01
7.797574400901794434e-01
-6.501960754394531250e-01
-9.395102858543395996e-01
-9.441644549369812012e-01
6.604461073875427246e-01
-8.208925127983093262e-01
-5.164996385574340820e-01
9.699620008468627930e-01
2.943294942378997803e-01
9.155923873186111450e-02
-8.777859807014465332e-01
7.343163490295410156e-01
8.969226479530334473e-01
-8.463631868362426758e-01
9.102052450180053711e-01
9.907659292221069336e-01
-8.070631623268127441e-01
8.644278049468994141e-01
-9.840188622474670410e-01
-2.712899744510650635e-01
7.638314962387084961e-01
8.007713556289672852e-01
-9.975792765617370605e-01
-4.396215379238128662e-01
-5.166508257389068604e-02
2.798500061035156250e-01
8.695120811462402344e-01
7.203692793846130371e-01
-9.018362760543823242e-01
6.412268877029418945e-01
-7.218044400215148926e-01
-7.970312833786010742e-01
9.975256323814392090e-01
-7.104838490486145020e-01
7.853273749351501465e-01
9.832919836044311523e-01
-8.329905271530151367e-01
9.021364450454711914e-01
-8.002943992614746094e-01
8.645780086517333984e-01
6.552317738533020020e-01
-7.516724467277526855e-01
-9.244855046272277832e-01
8.466533422470092773e-01
-2.871510982513427734e-01
4.227272272109985352e-01
6.499289870262145996e-01
-3.109365701675415039e-01
4.246297180652618408e-01
-9.645023345947265625e-01
9.940375387668609619e-02
5.473082419484853745e-03
-5.382770299911499023e-01
9.710091948509216309e-01
8.947910666465759277e-01
-8.920142799615859985e-02
-5.931357741355895996e-01
-4.215312600135803223e-01
8.685998320579528809e-01
-4.072202444076538086e-01
9.982178211212158203e-01
-4.455892145633697510e-01
-4.006067216396331787e-01
9.672589898109436035e-01
3.198955059051513672e-01
-8.773791790008544922e-01
8.860111236572265625e-01
-9.797235131263732910e-01
8.930118083953857422e-01
7.841863036155700684e-01
-9.857041835784912109e-01
-7.930123209953308105e-01
9.594279527664184570e-01
9.246542453765869141e-01
-7.776910662651062012e-01
7.316828966140747070e-01
-7.071717977523803711e-01
3.632750809192657471e-01
9.571907520294189453e-01
-8.963636159896850586e-01
9.207301735877990723e-01
-9.462863802909851074e-01
-6.666078567504882812e-01
9.953770041465759277e-01
-8.901944160461425781e-01
9.649298787117004395e-01
-9.662988781929016113e-01
6.231042742729187012e-01
6.048828363418579102e-01
-9.153676033020019531e-02
-3.425887525081634521e-01
9.458470940589904785e-01
4.598981142044067383e-01
6.158113479614257812e-01
-6.121100187301635742e-01
-8.514441251754760742e-01
7.401688694953918457e-01
8.399341702461242676e-01
-9.067907929420471191e-01
7.383885383605957031e-01
-9.868087768554687500e-01
4.022384285926818848e-01
9.057976007461547852e-01
-9.729177951812744141e-01
-8.403420448303222656e-01
7.247049212455749512e-01
5.897207856178283691e-01
4.891667366027832031e-01
-8.151826262474060059e-01
-9.693489670753479004e-01
5.959500670433044434e-01
9.883498549461364746e-01
9.441340565681457520e-01
-6.351161003112792969e-02
4.770011007785797119e-01
-6.456779837608337402e-01
6.193567514419555664e-01
4.419159889221191406e-01
-9.929627180099487305e-01
-9.316533207893371582e-01
7.493200302124023438e-01
4.750200808048248291e-01
-8.921170234680175781e-01
9.519249796867370605e-01
-3.204083144664764404e-01
-6.103579998016357422e-01
-8.752317726612091064e-02
9.895407557487487793e-01
9.766874313354492188e-01
-1.597466319799423218e-01
-5.731779336929321289e-01
8.559528589248657227e-01
-9.203174114227294922e-01
7.116006016731262207e-01
7.525047063827514648e-01
-1.894414275884628296e-01
-9.932690262794494629e-01
6.210669279098510742e-01
-9.196351170539855957e-01
9.932214617729187012e-01
-1.845284253358840942e-01
-3.144429326057434082e-01
-3.798801824450492859e-02
7.483516931533813477e-01
9.765946865081787109e-01
6.049952507019042969e-01
-9.983509182929992676e-01
-8.145348429679870605e-01
-5.481511354446411133e-01
9.923600554466247559e-01
9.330940246582031250e-01
-6.010808348655700684e-01
-9.173019528388977051e-01
8.482292294502258301e-01
9.107891917228698730e-01
-7.258566617965698242e-01
-6.367854475975036621e-01
9.844576120376586914e-01
9.798895120620727539e-01
5.914072990417480469e-01
-9.435188770294189453e-01
-9.792651534080505371e-01
7.226562500000000000e-01
7.042540311813354492e-01
-9.891390800476074219e-01
-4.708967804908752441e-01
8.131129145622253418e-01
3.345706760883331299e-01
5.344656109809875488e-01
-4.959347248077392578e-01
-7.578542828559875488e-01
6.897012591361999512e-01
3.254016935825347900e-01
9.482028484344482422e-01
-5.088342428207397461e-01
8.443946242332458496e-01
-9.778608083724975586e-01
1.403818875551223755e-01
-3.418988287448883057e-01
5.295398235321044922e-01
9.728187918663024902e-01
-9.722717404365539551e-01
2.879422008991241455e-01
-9.955198764801025391e-01
5.142478346824645996e-01
-5.520389676094055176e-01
9.771867990493774414e-01
9.035678505897521973e-01
-8.236887454986572266e-01
8.300161957740783691e-01
-9.892919659614562988e-01
8.560488224029541016e-01
-8.848767727613449097e-02
8.384210467338562012e-01
-9.218788743019104004e-01
7.604326605796813965e-01
7.021953463554382324e-01
3.525601923465728760e-01
-9.958177208900451660e-01
-8.418238759040832520e-01
8.408731222152709961e-01
-5.598778724670410156e-01
6.961190104484558105e-01
-4.450172558426856995e-02
-9.525287747383117676e-01
2.029465883970260620e-01
8.621606230735778809e-01
-4.712685197591781616e-02
8.091676831245422363e-01
-5.752068758010864258e-01
-5.010899901390075684e-01
8.664148449897766113e-01
3.666239678859710693e-01
4.121953248977661133e-01
5.963177084922790527e-01
-9.758854508399963379e-01
-2.818804383277893066e-01
-9.171127676963806152e-01
9.822746515274047852e-01
6.621757745742797852e-01
-6.738970875740051270e-01
-8.474238514900207520e-01
9.761948585510253906e-01
-7.273751497268676758e-01
9.329144954681396484e-01
-2.498819828033447266e-01
9.042645096778869629e-01
7.327094674110412598e-01
5.717107057571411133e-01
-6.465100646018981934e-01
-9.499698281288146973e-01
-2.523476444184780121e-02
9.760295152664184570e-01
7.334021925926208496e-01
-9.702859520912170410e-01
-2.067554891109466553e-01
-4.783225804567337036e-02
-2.954096794128417969e-01
7.309620380401611328e-01
7.308764010667800903e-02
-1.974869817495346069e-01
4.999633133411407471e-01
4.835018217563629150e-01
-5.788488313555717468e-02
7.076411843299865723e-01
-8.700509071350097656e-01
-8.981820344924926758e-01
6.795355081558227539e-01
-8.287531137466430664e-01
9.898801445960998535e-01
-1.142691224813461304e-01
9.904930591583251953e-01
-4.307658076286315918e-01
-9.149471521377563477e-01
9.344401955604553223e-01
9.943146109580993652e-01
-9.169172048568725586e-01
8.237698674201965332e-01
-2.554480731487274170e-02
-7.269616723060607910e-01
7.384063005447387695e-01
5.494667887687683105e-01
-4.736573696136474609e-01
6.649001836776733398e-01
-9.986616373062133789e-01
-9.763579964637756348e-01
9.952312111854553223e-01
-2.022929936647415161e-01
8.897720575332641602e-01
-6.240645647048950195e-01
-5.256758332252502441e-01
9.906861186027526855e-01
9.895560145378112793e-01
-9.764856696128845215e-01
6.785673499107360840e-01
-5.789192318916320801e-01
9.797108769416809082e-01
-2.819169163703918457e-01
-7.886400222778320312e-01
9.619478583335876465e-01
-6.897720694541931152e-01
9.451294541358947754e-01
-2.340315878391265869e-01
-9.589011967182159424e-02
9.393861293792724609e-01
1.900561749935150146e-01
-9.496569037437438965e-01
-8.594707846641540527e-01
4.859765172004699707e-01
9.865390062332153320e-01
1.169009730219841003e-01
-6.402987837791442871e-01
-1.760933846235275269e-01
7.619906663894653320e-01
2.536581754684448242e-01
9.669834971427917480e-01
-7.615337371826171875e-01
-8.615632653236389160e-01
9.496342539787292480e-01
-3.412012755870819092e-01
9.695428013801574707e-01
6.337932944297790527e-01
-9.947172999382019043e-01
-8.058019876480102539e-01
-8.099698424339294434e-01
9.242718219757080078e-01
8.983984589576721191e-01
5.476233959197998047e-01
-1.166839897632598877e-01
-6.029323935508728027e-01
6.003177762031555176e-01
-5.366138815879821777e-01
9.177093207836151123e-02
6.184720993041992188e-01
8.551414608955383301e-01
-1.869634091854095459e-01
-9.954130053520202637e-01
9.852144122123718262e-01
5.219993591308593750e-01
-9.948763847351074219e-01
-8.929598331451416016e-01
9.697134494781494141e-01
8.078892230987548828e-01
4.424993395805358887e-01
-8.757405281066894531e-01
-5.864960551261901855e-01
2.201448827981948853e-01
5.328755378723144531e-01
4.420746564865112305e-01
-2.104312926530838013e-01
1.867251694202423096e-01
8.478386998176574707e-01
-9.551466703414916992e-01
-6.080511212348937988e-02
7.488701939582824707e-01
-9.055618643760681152e-01
6.709917187690734863e-01
9.987674951553344727e-01
-8.542085289955139160e-01
2.138179838657379150e-01
9.316205047070980072e-03
-3.941998779773712158e-01
-3.951936066150665283e-01
9.303095340728759766e-01
9.683590531349182129e-01
-8.489733934402465820e-01
-5.549749359488487244e-02
9.164801239967346191e-01
-2.933161258697509766e-01
9.088603854179382324e-01
-8.880022764205932617e-01
6.402291357517242432e-02
-5.346390604972839355e-01
9.520664811134338379e-01
6.071886420249938965e-01
-8.426393270492553711e-01
-9.305947422981262207e-01
6.899086833000183105e-01
-6.476830840110778809e-01
7.928488850593566895e-01
9.818831086158752441e-01
-3.671262562274932861e-01
-7.268096804618835449e-01
9.599932432174682617e-01
8.500769138336181641e-01
-2.362837344408035278e-01
6.715151667594909668e-01
-8.071582913398742676e-01
-8.521593362092971802e-02
-6.928973197937011719e-01
6.751245260238647461e-01
-6.238616704940795898e-01
3.965326249599456787e-01
5.340170264244079590e-01
-9.512643814086914062e-01
-2.750922739505767822e-01
9.871363639831542969e-01
1.098181754350662231e-01
9.331225156784057617e-01
3.567526340484619141e-01
-9.682781100273132324e-01
9.645013213157653809e-01
-9.864467978477478027e-01
5.678282976150512695e-01
7.959315776824951172e-01
-4.268829524517059326e-01
-3.486781120300292969e-01
-3.676285967230796814e-02
6.768894195556640625e-01
-9.618172049522399902e-01
5.051977038383483887e-01
6.489384770393371582e-01
-1.228940561413764954e-01
3.754372894763946533e-01
-9.971626400947570801e-01
3.539159297943115234e-01
4.107018411159515381e-01
7.835295200347900391e-01
-9.137869477272033691e-01
8.931321501731872559e-01
-4.635546207427978516e-01
7.492938544601202011e-03
5.896954536437988281e-01
-9.830457568168640137e-01
9.738608002662658691e-01
-8.182511925697326660e-01
8.432813286781311035e-01
-2.535280585289001465e-01
4.324618279933929443e-01
-8.326569795608520508e-01
7.627712488174438477e-01
9.806951880455017090e-01
-8.541309833526611328e-01
1.081956923007965088e-01
-9.549888968467712402e-02
-6.297020316123962402e-01
-6.310145258903503418e-01
9.998639225959777832e-01
9.930452704429626465e-01
8.377879261970520020e-01
-3.700523972511291504e-01
-6.681398153305053711e-01
9.791117906570434570e-01
-3.123978078365325928e-01
9.732068777084350586e-01
-8.637906908988952637e-01
2.854976952075958252e-01
-4.078772962093353271e-01
-7.481437325477600098e-01
9.403237700462341309e-01
-6.642304062843322754e-01
9.867867231369018555e-01
9.894930124282836914e-01
-1.139615289866924286e-02
-9.950006008148193359e-01
-8.153999447822570801e-01
9.755629897117614746e-01
-4.488185346126556396e-01
9.012791514396667480e-01
5.351441353559494019e-02
-8.024892807006835938e-01
-3.170968294143676758e-01
9.044431447982788086e-01
3.390991687774658203e-01
9.433439970016479492e-01
-9.067305922508239746e-01
-7.677631974220275879e-01
9.978995919227600098e-01
9.544242620468139648e-01
1.680264323949813843e-01
5.049352049827575684e-01
-9.901810884475708008e-01
-9.998037219047546387e-01
-1.271737515926361084e-01
7.777351737022399902e-01
-6.009191870689392090e-01
-5.491127818822860718e-02
8.548299074172973633e-01
-4.740245044231414795e-01
9.213228821754455566e-01
-2.581672966480255127e-01
7.766388058662414551e-01
3.747456669807434082e-01
-9.357179403305053711e-01
-7.264604568481445312e-01
9.359695911407470703e-01
-1.169173195958137512e-01
7.052993774414062500e-02
3.557162582874298096e-01
-1.621457338333129883e-01
-2.797527611255645752e-01
9.761245250701904297e-01
-5.425449609756469727e-01
8.497521281242370605e-01
3.619960844516754150e-01
-8.695982098579406738e-01
-7.682741880416870117e-01
4.642365872859954834e-01
9.903548955917358398e-01
2.109739482402801514e-01
-4.496318101882934570e-01
-5.753542780876159668e-01
8.881884813308715820e-01
-8.993314504623413086e-01
9.518288969993591309e-01
1.571063995361328125e-01
9.027126431465148926e-01
3.884834349155426025e-01
-9.855269789695739746e-01
-2.622475922107696533e-01
6.389873027801513672e-01
-1.266487985849380493e-01
7.393265962600708008e-01
-9.772356748580932617e-01
-3.338267803192138672e-01
-8.754271864891052246e-01
7.189891934394836426e-01
9.539404511451721191e-01
-7.407827768474817276e-03
9.488282203674316406e-01
6.837632060050964355e-01
-9.668831229209899902e-01
-6.854479908943176270e-01
6.551813483238220215e-01
1.521209776401519775e-01
4.021967947483062744e-01
3.934056460857391357e-01
-7.931352853775024414e-01
-8.021839857101440430e-01
4.713851809501647949e-01
7.052047848701477051e-01
-9.213425517082214355e-01
-6.343373060226440430e-01
9.071776866912841797e-01
4.369342029094696045e-01
9.905344843864440918e-01
2.053505778312683105e-01
-9.319753050804138184e-01
-6.377248764038085938e-01
9.823381304740905762e-01
9.932344555854797363e-01
-1.876731216907501221e-01
-4.331753775477409363e-02
-6.280964612960815430e-01
9.814031124114990234e-01
-3.543048501014709473e-01
-5.039662122726440430e-01
7.197139859199523926e-01
7.226251363754272461e-01
-8.933461904525756836e-01
-4.492112100124359131e-01
-7.320587038993835449e-01
4.507797360420227051e-01
9.973779320716857910e-01
8.115663528442382812e-01
-7.402994632720947266e-01
6.214800477027893066e-01
2.156257070600986481e-02
9.521487355232238770e-01
-8.721812367439270020e-01
2.962303161621093750e-01
-8.137789368629455566e-01
9.003862738609313965e-01
2.378667145967483521e-01
-4.052082598209381104e-01
-9.948539733886718750e-01
-9.061872363090515137e-01
9.902576804161071777e-01
9.957967400550842285e-01
9.997894167900085449e-01
3.098404109477996826e-01
-6.015463471412658691e-01
1.112853270024061203e-02
-8.175379633903503418e-01
9.216455817222595215e-01
5.412328243255615234e-01
8.195541501045227051e-01
-8.406453132629394531e-01
-8.828732967376708984e-01
4.802396297454833984e-01
9.945098161697387695e-01
2.832373678684234619e-01
-9.962746500968933105e-01
-9.154117703437805176e-01
9.383572936058044434e-01
-5.839751958847045898e-01
9.575817584991455078e-01
3.893489241600036621e-01
-8.258647918701171875e-01
6.930884122848510742e-01
-2.400225698947906494e-01
9.780206680297851562e-01
5.419571697711944580e-02
-9.851785898208618164e-01
9.380407929420471191e-01
-7.685421109199523926e-01
-7.256171852350234985e-02
9.115342497825622559e-01
-1.479397714138031006e-01
-5.811396837234497070e-01
9.901161193847656250e-01
-2.634055018424987793e-01
-3.916599750518798828e-01
8.962892293930053711e-01
1.138008087873458862e-01
-5.008165165781974792e-02
8.674538135528564453e-01
5.363975167274475098e-01
-9.973265528678894043e-01
-8.516170382499694824e-01
-3.425593674182891846e-01
9.096970558166503906e-01
-7.959842085838317871e-01
9.347835183143615723e-01
8.380445837974548340e-01
-9.396857023239135742e-01
-7.048783898353576660e-01
9.699783325195312500e-01
-7.225067168474197388e-02
9.944380521774291992e-01
-9.395050406455993652e-01
8.473040461540222168e-01
-9.548268914222717285e-01
1.226304024457931519e-01
8.365818262100219727e-01
6.692948341369628906e-01
-8.005817532539367676e-01
-2.810217440128326416e-01
9.792134761810302734e-01
9.337523579597473145e-01
-2.356085777282714844e-01
-9.930674433708190918e-01
5.866531729698181152e-01
7.831550240516662598e-01
-9.112272262573242188e-01
-6.865306496620178223e-01
2.035384625196456909e-01
6.732048988342285156e-01
-7.044405341148376465e-01
9.752216339111328125e-01
6.842941045761108398e-01
-9.845427274703979492e-01
9.856261610984802246e-01
-9.202157855033874512e-01
8.426339030265808105e-01
-7.546070218086242676e-01
9.036174416542053223e-01
-8.667802810668945312e-01
8.344883322715759277e-01
-4.610618054866790771e-01
8.623437285423278809e-01
-9.457804560661315918e-01
6.634872555732727051e-01
-8.080521225929260254e-01
9.642221331596374512e-01
4.472907185554504395e-01
8.662074804306030273e-01
-7.223585844039916992e-01
-9.947939515113830566e-01
-8.560473322868347168e-01
9.937405586242675781e-01
9.941928982734680176e-01
8.802911639213562012e-01
-9.967849850654602051e-01
8.402706980705261230e-01
-9.180288314819335938e-01
-6.276647448539733887e-01
9.929695725440979004e-01
-6.098011732101440430e-01
9.828695058822631836e-01
6.922954916954040527e-01
-9.752367138862609863e-01
-6.576718091964721680e-01
6.106642633676528931e-02
8.130814433097839355e-01
7.387239336967468262e-01
-3.659200072288513184e-01
-4.260882735252380371e-01
9.960089325904846191e-01
-8.823186159133911133e-01
5.411700606346130371e-01
8.433037996292114258e-01
-3.536531329154968262e-01
-1.947135478258132935e-01
-8.517661690711975098e-01
8.997783064842224121e-01
9.364898204803466797e-01
-8.911937475204467773e-01
-2.007981091737747192e-01
-6.635239720344543457e-01
-6.056276559829711914e-01
9.998883605003356934e-01
9.993337988853454590e-01
9.895367622375488281e-01
5.668559670448303223e-01
-9.301508665084838867e-01
9.124990701675415039e-01
-9.991388320922851562e-01
-4.545080959796905518e-01
1.641390174627304077e-01
6.958770155906677246e-01
5.258688330650329590e-01
-9.792430400848388672e-01
3.278498649597167969e-01
-9.788156151771545410e-01
6.985425353050231934e-01
4.170241951942443848e-01
9.499855041503906250e-01
-8.140148520469665527e-01
5.428358912467956543e-01
-8.442953824996948242e-01
-5.311678647994995117e-01
8.707442879676818848e-01
8.932669162750244141e-01
2.674775123596191406e-01
8.768140673637390137e-01
-7.457432150840759277e-01
-9.766070842742919922e-01
-8.583328723907470703e-01
1.771402508020401001e-01
9.919797778129577637e-01
9.515253305435180664e-01
-9.130057692527770996e-01
-2.639178037643432617e-01
-8.983929753303527832e-01
9.760129451751708984e-01
7.348515391349792480e-01
7.590679526329040527e-01
4.042599499225616455e-01
-9.621381163597106934e-01
5.269131064414978027e-01
-3.268675804138183594e-01
-7.154949903488159180e-01
5.788187980651855469e-01
5.665649771690368652e-01
1.651035696268081665e-01
-8.724346011877059937e-02
-3.780823349952697754e-01
-1.992873698472976685e-01
1.404381990432739258e-01
9.957561492919921875e-01
2.252721935510635376e-01
-8.821433186531066895e-01
6.164448261260986328e-01
5.462245941162109375e-01
-7.652325630187988281e-01
6.028985381126403809e-01
-8.354855775833129883e-01
2.305028736591339111e-01
-2.381695210933685303e-01
9.292296767234802246e-01
-7.763923406600952148e-01
6.627085208892822266e-01
9.656662344932556152e-01
3.555006980895996094e-01
-9.823907613754272461e-01
-8.768716454505920410e-01
9.909589886665344238e-01
2.796995341777801514e-01
5.753740668296813965e-01
1.716336160898208618e-01
-9.969586730003356934e-01
-5.335547924041748047e-01
9.409670829772949219e-01
-9.142135381698608398e-01
9.949305653572082520e-01
6.001738905906677246e-01
4.932706356048583984e-01
6.698354482650756836e-01
-9.931984543800354004e-01
-9.145565629005432129e-01
-4.987803101539611816e-02
9.724302291870117188e-01
6.457591056823730469e-02
-8.350251317024230957e-01
7.569338083267211914e-01
3.671979308128356934e-01
-8.126158267259597778e-02
-9.155768752098083496e-01
6.400018334388732910e-01
2.520282864570617676e-01
8.759927749633789062e-01
8.237433433532714844e-01
-6.084897518157958984e-01
-8.526844382286071777e-01
4.347336590290069580e-01
-8.923118114471435547e-01
9.848907589912414551e-01
7.807540297508239746e-01
-9.634613990783691406e-01
-9.522187113761901855e-01
-4.501690566539764404e-01
9.886201024055480957e-01
6.347125172615051270e-01
-7.128429412841796875e-01
9.931963682174682617e-01
9.837270379066467285e-01
-1.139120608568191528e-01
-3.750588297843933105e-01
6.811454296112060547e-01
-5.257197022438049316e-01
7.589669227600097656e-01
-8.256642222404479980e-01
2.982739508152008057e-01
5.731470584869384766e-01
8.789409995079040527e-01
-9.948829412460327148e-01
-6.673146486282348633e-01
-8.430291414260864258e-01
9.154179096221923828e-01
6.102565526962280273e-01
-5.976875424385070801e-01
2.076272964477539062e-01
7.192261219024658203e-01
-2.187335342168807983e-01
2.340446710586547852e-01
-7.128686904907226562e-01
9.328690171241760254e-01
-2.840167582035064697e-01
9.252657890319824219e-01
-2.762950360774993896e-01
-9.432122111320495605e-01
1.965580284595489502e-01
8.205764293670654297e-01
9.734163284301757812e-01
7.677538394927978516e-01
-9.402543306350708008e-01
-9.939198493957519531e-01
-4.994784891605377197e-01
2.013138830661773682e-01
7.642710208892822266e-01
-2.218583673238754272e-01
-6.624222397804260254e-01
9.989438652992248535e-01
9.678575396537780762e-01
-9.775897860527038574e-01
-5.444343090057373047e-01
9.973914027214050293e-01
9.278616905212402344e-01
-8.203284740447998047e-01
9.351040720939636230e-01
-7.905110120773315430e-01
5.671618580818176270e-01
-8.836067318916320801e-01
8.808341622352600098e-01
-9.663523435592651367e-01
2.463497370481491089e-01
8.063738942146301270e-01
-5.272402763366699219e-01
9.581340551376342773e-01
-9.527222514152526855e-01
8.877370953559875488e-01
8.236235976219177246e-01
-4.416775703430175781e-01
-8.806028962135314941e-01
9.576838016510009766e-01
1.222574114799499512e-01
1.066510155797004700e-01
-9.748403429985046387e-01
-9.733911156654357910e-01
9.975898265838623047e-01
-5.635437965393066406e-01
9.941358566284179688e-01
9.765272140502929688e-01
9.220731258392333984e-01
-7.172372937202453613e-01
-5.767852067947387695e-01
-3.827130198478698730e-01
1.814955770969390869e-01
4.889183640480041504e-01
7.845004200935363770e-01
-7.423698902130126953e-01
3.987964093685150146e-01
-8.632616996765136719e-01
8.831204175949096680e-01
3.728944063186645508e-01
5.818439126014709473e-01
-2.916295528411865234e-01
-9.489496350288391113e-01
-5.484541654586791992e-01
9.980643391609191895e-01
2.557779848575592041e-01
4.037941694259643555e-01
6.706488728523254395e-01
-9.969537258148193359e-01
-9.628010988235473633e-01
4.077868163585662842e-01
9.780337810516357422e-01
9.555771350860595703e-01
2.337388545274734497e-01
-9.981788396835327148e-01
-5.485994219779968262e-01
7.937818169593811035e-01
-6.779841184616088867e-01
-7.487091422080993652e-01
9.387346506118774414e-01
9.982384443283081055e-01
8.782156705856323242e-01
-9.975461363792419434e-01
-9.508221745491027832e-01
-5.035251379013061523e-02
9.775956273078918457e-01
7.216142416000366211e-01
3.769896030426025391e-01
-9.682491421699523926e-01
4.602806866168975830e-01
-9.248154163360595703e-01
5.070179700851440430e-01
9.956483840942382812e-01
-9.571275711059570312e-01
9.394928812980651855e-01
-1.578966230154037476e-01
9.090982079505920410e-01
-9.366977214813232422e-01
-7.191018462181091309e-01
5.828705430030822754e-01
7.274032831192016602e-01
8.233302235603332520e-01
-9.095008373260498047e-01
-9.414083957672119141e-01
-1.562230587005615234e-01
9.911237955093383789e-01
-1.386005878448486328e-01
9.994916319847106934e-01
8.631675839424133301e-01
-9.873095750808715820e-01
-9.725733995437622070e-01
9.129073023796081543e-01
8.459355831146240234e-01
8.334131836891174316e-01
-9.687502980232238770e-01
-6.432666182518005371e-01
-9.006077051162719727e-01
-7.953458428382873535e-01
9.920330047607421875e-01
9.859116673469543457e-01
-6.301383376121520996e-01
9.972980022430419922e-01
3.475967943668365479e-01
9.169940352439880371e-01
-4.430578052997589111e-01
2.345785498619079590e-01
-7.562401890754699707e-01
5.063437819480895996e-01
8.859053254127502441e-01
-8.830923438072204590e-01
8.677203208208084106e-02
-5.412455797195434570e-01
-6.767951250076293945e-01
9.715679883956909180e-01
4.774381816387176514e-01
4.770578145980834961e-01
-9.724755883216857910e-01
3.536549210548400879e-01
4.167317599058151245e-02
9.873697161674499512e-01
-6.722854375839233398e-01
3.939709365367889404e-01
-3.875051736831665039e-01
1.820122003555297852e-01
5.278968811035156250e-01
6.924639642238616943e-02
4.340500235557556152e-01
1.188361868262290955e-01
-9.906172752380371094e-01
8.929531574249267578e-01
-9.302554726600646973e-01
-6.259532570838928223e-01
7.770473361015319824e-01
5.665161013603210449e-01
8.059849143028259277e-01
-7.368745803833007812e-01
-4.859078228473663330e-01
8.498131632804870605e-01
-6.684862375259399414e-01
9.794871211051940918e-01
-9.534539580345153809e-01
9.848193526268005371e-01
3.777291178703308105e-01
-8.896614909172058105e-01
6.741106510162353516e-01
4.495354592800140381e-01
7.280187010765075684e-01
-8.510788679122924805e-01
-7.523040175437927246e-01
-1.827546358108520508e-01
5.421227775514125824e-03
9.958854913711547852e-01
9.892480969429016113e-01
1.071340590715408325e-02
-7.800959944725036621e-01
-3.421497642993927002e-01
-6.854718327522277832e-01
9.556950330734252930e-01
3.382101953029632568e-01
9.040289521217346191e-01
-9.948729872703552246e-01
-6.514723896980285645e-01
4.345684647560119629e-01
4.028575420379638672e-01
5.135540962219238281e-01
1.065466031432151794e-01
7.334672808647155762e-01
7.258715629577636719e-01
8.552610874176025391e-02
-8.298709988594055176e-01
-6.104988455772399902e-01
-9.400682449340820312e-01
9.613623619079589844e-01
1.468929797410964966e-01
-8.026048541069030762e-01
1.793075203895568848e-01
-5.410435795783996582e-01
9.951850771903991699e-01
9.107278585433959961e-01
2.778182625770568848e-01
-6.100350618362426758e-01
-2.930623888969421387e-01
5.839154720306396484e-01
2.408710122108459473e-01
-3.102453052997589111e-01
-4.022526443004608154e-01
9.849444031715393066e-01
9.588069319725036621e-01
-9.849947690963745117e-01
6.127936244010925293e-01
-8.015778064727783203e-01
3.727814257144927979e-01
-8.812684416770935059e-01
5.359184145927429199e-01
4.767424762248992920e-01
1.816160827875137329e-01
8.844708800315856934e-01
-9.923284649848937988e-01
1.256698668003082275e-01
7.294890880584716797e-01
-3.943398892879486084e-01
-8.923643827438354492e-01
7.962582707405090332e-01
-8.260384202003479004e-01
9.383098483085632324e-01
5.922443866729736328e-01
7.128836512565612793e-01
-6.776951551437377930e-01
-3.576835095882415771e-01
2.411631196737289429e-01
9.486559629440307617e-01
-9.941925406455993652e-01
5.573772192001342773e-01
-6.049603968858718872e-02
-9.947579503059387207e-01
-3.413362503051757812e-01
-7.850160002708435059e-01
9.856536388397216797e-01
9.873841404914855957e-01
9.719005823135375977e-01
-6.090154647827148438e-01
9.241702556610107422e-01
-8.454645276069641113e-01
6.842536926269531250e-01
-9.863659143447875977e-01
9.503845572471618652e-01
-4.802466928958892822e-01
8.069520443677902222e-02
9.596681594848632812e-01
-5.629078298807144165e-02
-6.619911193847656250e-01
-6.851853132247924805e-01
9.664715528488159180e-01
7.125887274742126465e-01
-9.834176898002624512e-01
9.922880530357360840e-01
4.536955058574676514e-01
-6.057667136192321777e-01
-4.653899371623992920e-01
3.555515706539154053e-01
3.370967507362365723e-01
-9.115037322044372559e-01
6.846094727516174316e-01
1.386646032333374023e-01
-3.519285097718238831e-02
-6.394398808479309082e-01
9.667976498603820801e-01
6.542437672615051270e-01
4.893735647201538086e-01
-4.764191806316375732e-01
-6.596065759658813477e-01
2.101727575063705444e-01
9.613925814628601074e-01
-9.793893098831176758e-01
3.462731838226318359e-01
9.632110595703125000e-01
-9.657939076423645020e-01
-7.529836893081665039e-01
-2.336760312318801880e-01
9.540010094642639160e-01
4.027793109416961670e-01
8.999966979026794434e-01
-4.973012506961822510e-01
-8.210714459419250488e-01
-2.204728499054908752e-02
9.130629301071166992e-01
9.078536629676818848e-01
6.648658514022827148e-01
1.701263785362243652e-01
-9.848989248275756836e-01
-9.949257373809814453e-01
-9.130672216415405273e-01
9.923734068870544434e-01
9.385427236557006836e-01
4.541099369525909424e-01
-9.966247677803039551e-01
-7.547051310539245605e-01
-8.671045899391174316e-01
9.793602228164672852e-01
8.559296131134033203e-01
9.920331239700317383e-01
1.561111658811569214e-01
-5.932164788246154785e-01
9.709380865097045898e-01
-9.678483009338378906e-01
-4.544189944863319397e-02
3.615787029266357422e-01
9.487235546112060547e-01
-6.423555016517639160e-01
-1.446544975042343140e-01
4.508511126041412354e-01
-5.966598391532897949e-01
7.033098936080932617e-01
-1.075773388147354126e-01
1.774680763483047485e-01
6.689690351486206055e-01
7.669163346290588379e-01
-8.469901680946350098e-01
-5.941444039344787598e-01
-6.536726355552673340e-01
6.548777222633361816e-01
7.846637070178985596e-02
-1.306101977825164795e-01
7.927066087722778320e-01
-4.183880090713500977e-01
-9.598253965377807617e-01
9.676516056060791016e-01
7.400586605072021484e-01
9.558832645416259766e-01
7.417951822280883789e-01
-9.946402311325073242e-01
-1.389941126108169556e-01
-9.097506403923034668e-01
-8.662641644477844238e-01
1.046390086412429810e-01
7.942512631416320801e-01
9.107628464698791504e-01
-9.985640048980712891e-01
7.825036048889160156e-01
2.901478670537471771e-02
-8.155381679534912109e-01
6.949023008346557617e-01
3.898267447948455811e-01
-5.611438751220703125e-01
9.885234236717224121e-01
-7.386315464973449707e-01
7.842831015586853027e-01
4.455965161323547363e-01
2.440371811389923096e-01
-9.848891496658325195e-01
3.744989037513732910e-01
9.387900233268737793e-01
5.656566023826599121e-01
-9.920622706413269043e-01
-9.669660925865173340e-01
7.778741717338562012e-01
-9.433486461639404297e-01
8.373533487319946289e-01
9.938135147094726562e-01
-7.012227773666381836e-01
-9.491199254989624023e-01
9.790561199188232422e-01
-4.024265408515930176e-01
9.025850892066955566e-01
9.526770710945129395e-01
3.883566856384277344e-01
-9.980769753456115723e-01
-1.207655370235443115e-01
3.531657159328460693e-01
-7.165824770927429199e-01
9.776538610458374023e-01
5.717893242835998535e-01
-5.918187499046325684e-01
-8.934077620506286621e-01
-7.096134424209594727e-01
8.574574589729309082e-01
9.972361326217651367e-01
4.610136449337005615e-01
-6.472492814064025879e-01
9.235163927078247070e-01
-5.644705295562744141e-01
5.039304494857788086e-01
-7.156451344490051270e-01
9.570316076278686523e-01
9.179505109786987305e-01
6.275550276041030884e-02
-9.965817928314208984e-01
-7.395647168159484863e-01
4.283255711197853088e-02
9.779054522514343262e-01
-3.700144588947296143e-01
8.603263497352600098e-01
-2.949605286121368408e-01
-4.927251636981964111e-01
-9.696062207221984863e-01
9.981119632720947266e-01
6.120347380638122559e-01
-3.138051331043243408e-01
9.321878552436828613e-01
-2.781801223754882812e-01
6.338097453117370605e-01
-9.758026599884033203e-01
7.710609436035156250e-01
9.342808127403259277e-01
-9.922562837600708008e-01
-2.365864813327789307e-01
-9.222248792648315430e-01
8.423801064491271973e-01
9.841573238372802734e-01
1.970038563013076782e-01
-9.585134983062744141e-01
3.292860686779022217e-01
8.039066195487976074e-01
-4.374406337738037109e-01
-1.422983407974243164e-01
7.530401945114135742e-01
3.186411559581756592e-01
-7.904241681098937988e-01
9.215410351753234863e-01
-9.907346367835998535e-01
-8.564826250076293945e-01
9.968363046646118164e-01
9.604011178016662598e-01
-7.554716467857360840e-01
-1.694726645946502686e-01
-6.308676600456237793e-01
7.328851819038391113e-01
9.728526473045349121e-01
8.960286378860473633e-01
-3.301240801811218262e-01
4.238432943820953369e-01
-8.160999417304992676e-01
-8.319278359413146973e-01
8.976241350173950195e-01
3.650896251201629639e-01
-7.570718526840209961e-01
6.866926550865173340e-01
3.994927108287811279e-01
-9.557029604911804199e-01
-1.874511986970901489e-01
7.806661725044250488e-01
9.660196900367736816e-01
-8.192889690399169922e-01
2.709196209907531738e-01
3.137449026107788086e-01
1.966532617807388306e-01
-9.014202356338500977e-01
2.913982868194580078e-01
9.031291604042053223e-01
-4.589125216007232666e-01
-4.938156306743621826e-01
9.407438039779663086e-01
-6.186210513114929199e-01
-1.784063875675201416e-01
9.975441694259643555e-01
-7.456637620925903320e-01
-2.151202261447906494e-01
9.564887881278991699e-01
1.369803100824356079e-01
9.865199923515319824e-01
-2.766445279121398926e-01
-8.760679960250854492e-01
4.152851700782775879e-01
9.882407784461975098e-01
-6.036537289619445801e-01
9.088190197944641113e-01
-9.904096126556396484e-01
-9.506593942642211914e-01
8.357449173927307129e-01
-2.617977261543273926e-01
3.587054610252380371e-01
5.809513926506042480e-01
8.391355276107788086e-01
-4.167983233928680420e-01
-3.097136914730072021e-01
-7.840943336486816406e-01
3.815677762031555176e-01
-1.949988752603530884e-01
-9.013758897781372070e-01
9.987019896507263184e-01
9.863080382347106934e-01
-6.664360165596008301e-01
-1.926161795854568481e-01
9.120054244995117188e-01
6.656293869018554688e-01
5.216790437698364258e-01
-8.814319968223571777e-01
-9.807779788970947266e-01
9.632098674774169922e-01
8.740789294242858887e-01
5.018525719642639160e-01
-5.772619843482971191e-01
-9.973373413085937500e-01
-2.077853083610534668e-01
6.377107501029968262e-01
8.589490056037902832e-01
1.468004658818244934e-02
9.171163439750671387e-01
-9.894504547119140625e-01
-9.979776144027709961e-01
5.357413887977600098e-01
7.267557978630065918e-01
-4.580343067646026611e-01
-2.820836603641510010e-01
-2.056131660938262939e-01
7.981546521186828613e-01
-8.049035668373107910e-01
5.961428284645080566e-01
5.150411725044250488e-01
-6.007136702537536621e-01
3.764155507087707520e-02
9.998925924301147461e-01
2.510296106338500977e-01
2.334614545106887817e-01
-3.111533224582672119e-01
-6.385631561279296875e-01
9.091053605079650879e-01
8.201675862073898315e-02
-6.017646566033363342e-02
8.674672245979309082e-01
-9.370193481445312500e-01
-7.701468467712402344e-01
8.172563314437866211e-01
8.449184894561767578e-01
-6.557558774948120117e-01
8.415417075157165527e-01
-3.702363371849060059e-01
-1.970173865556716919e-01
-2.597050666809082031e-01
2.383169680833816528e-01
4.118010103702545166e-01
2.490753978490829468e-01
-9.850278496742248535e-01
7.894712686538696289e-01
9.159775376319885254e-01
-7.272272109985351562e-01
-8.634968996047973633e-01
9.210597276687622070e-01
-5.203073024749755859e-01
9.968255162239074707e-01
8.272125571966171265e-02
8.734920620918273926e-01
-8.961935043334960938e-01
-6.914997100830078125e-01
9.768855571746826172e-01
9.435427784919738770e-01
-7.051011919975280762e-01
-7.644680142402648926e-01
5.309112668037414551e-01
7.508928775787353516e-01
-6.887011528015136719e-01
7.858691811561584473e-01
-8.163121342658996582e-01
6.715433001518249512e-01
8.634455204010009766e-01
-9.985871315002441406e-01
-8.266938924789428711e-01
7.116397023200988770e-01
5.678552389144897461e-01
-6.799408793449401855e-01
9.149268865585327148e-01
4.858170747756958008e-01
-5.411652326583862305e-01
-4.823153018951416016e-01
9.884921908378601074e-01
-8.624073863029479980e-01
4.679146707057952881e-01
-4.621918797492980957e-01
9.958587884902954102e-01
-2.603453099727630615e-01
9.736900925636291504e-01
-3.308137357234954834e-01
7.311981320381164551e-01
-9.662880897521972656e-01
-7.641316652297973633e-01
8.893883228302001953e-01
-5.767356753349304199e-01
7.975439429283142090e-01
-4.127660691738128662e-01
-9.210466146469116211e-01
9.007263183593750000e-01
-4.932379350066184998e-02
9.664404988288879395e-01
9.813974499702453613e-01
-8.503032326698303223e-01
-2.306479215621948242e-01
9.652227759361267090e-01
4.618274271488189697e-01
-4.178200289607048035e-02
-9.754093289375305176e-01
-8.399021029472351074e-01
9.787192344665527344e-01
5.089239217340946198e-03
6.715586185455322266e-01
-9.637176394462585449e-01
-7.007692456245422363e-01
9.359997510910034180e-01
9.010775089263916016e-01
-9.509425163269042969e-01
-7.282570004463195801e-01
9.909961819648742676e-01
9.608372449874877930e-01
-7.081975936889648438e-01
9.579550027847290039e-01
-9.009553194046020508e-01
-7.730374932289123535e-01
9.049291014671325684e-01
9.792757630348205566e-01
9.864459037780761719e-01
-5.633577704429626465e-01
-9.486539959907531738e-01
9.394656419754028320e-01
2.317540496587753296e-01
-4.796742796897888184e-01
9.729257225990295410e-01
-7.320057153701782227e-01
-7.601117491722106934e-01
8.307723999023437500e-01
2.269004434347152710e-01
-5.917821526527404785e-01
8.366439938545227051e-01
-3.259393274784088135e-01
-2.040166407823562622e-02
9.838106632232666016e-01
-9.869666695594787598e-01
3.796379566192626953e-01
5.387948155403137207e-01
-4.908643364906311035e-01
1.558943986892700195e-01
-8.617919087409973145e-01
6.645690202713012695e-01
7.816562056541442871e-01
-9.430229067802429199e-01
9.210331439971923828e-01
9.843180775642395020e-01
-9.682850837707519531e-01
-7.828194499015808105e-01
6.457659006118774414e-01
9.069432616233825684e-01
7.737700343132019043e-01
-9.951477646827697754e-01
-8.131297826766967773e-01
-1.872009485960006714e-01
9.794844388961791992e-01
9.910553097724914551e-01
7.875183224678039551e-01
-9.879630804061889648e-01
-4.503042995929718018e-01
2.100996673107147217e-01
-6.112297773361206055e-01
9.000492691993713379e-01
-5.616569519042968750e-01
7.023431062698364258e-01
-1.648716032505035400e-01
7.449789643287658691e-01
-3.338878750801086426e-01
-8.156597614288330078e-02
-8.980759978294372559e-01
1.103213280439376831e-01
4.929024875164031982e-01
9.761794805526733398e-01
-9.819955229759216309e-01
9.687120318412780762e-01
9.575805664062500000e-01
-8.421487808227539062e-01
-8.514136672019958496e-01
9.474822878837585449e-02
6.323650479316711426e-01
7.098228335380554199e-01
7.194151878356933594e-01
-9.338628053665161133e-01
4.469336569309234619e-01
-7.815406918525695801e-01
9.371728897094726562e-01
5.365849733352661133e-01
-9.909819960594177246e-01
-9.057627916336059570e-01
5.306297540664672852e-01
4.241554439067840576e-01
9.313877820968627930e-01
-3.994352519512176514e-01
-2.807172536849975586e-01
-5.206134319305419922e-01
7.905800938606262207e-01
4.716175198554992676e-01
5.657321810722351074e-01
-6.473317742347717285e-01
3.105040788650512695e-01
-7.957268506288528442e-02
9.646942615509033203e-01
-8.885547518730163574e-01
-9.738848805427551270e-01
7.454985976219177246e-01
7.528671622276306152e-01
-8.937301039695739746e-01
9.165939688682556152e-01
-1.206588521599769592e-01
6.231294870376586914e-01
1.462602466344833374e-01
-5.777063369750976562e-01
3.489255607128143311e-01
-9.263580441474914551e-01
9.849770069122314453e-01
6.529332399368286133e-01
-9.703376293182373047e-01
9.755698442459106445e-01
-6.889945268630981445e-01
3.146653771400451660e-01
7.506245374679565430e-02
5.835648775100708008e-01
-7.665730714797973633e-01
-3.208569586277008057e-01
9.546708464622497559e-01
9.910037517547607422e-01
-7.810226678848266602e-01
-5.041865110397338867e-01
9.870754480361938477e-01
6.730329990386962891e-01
-8.916065692901611328e-01
-6.524377465248107910e-01
3.669176697731018066e-01
4.243268072605133057e-02
9.401113390922546387e-01
6.132277250289916992e-01
-9.648422002792358398e-01
3.829146921634674072e-01
-9.038873314857482910e-01
-6.115598082542419434e-01
9.841423630714416504e-01
4.880107045173645020e-01
1.149500459432601929e-01
9.728614091873168945e-01
-9.623979926109313965e-01
2.172164022922515869e-01
8.548796772956848145e-01
-9.615581035614013672e-01
-4.172970056533813477e-01
9.087542891502380371e-01
-5.913223624229431152e-01
9.450646042823791504e-01
8.140775561332702637e-01
-7.371780872344970703e-01
-5.598942041397094727e-01
-3.159983158111572266e-01
9.915447235107421875e-01
9.000853896141052246e-01
4.513200223445892334e-01
-9.989218115806579590e-01
-8.960604667663574219e-01
-4.567296504974365234e-01
9.534345269203186035e-01
9.782124757766723633e-01
8.670247793197631836e-01
-6.451264619827270508e-01
-9.824986010789871216e-02
-9.458602666854858398e-01
3.682318031787872314e-01
2.506879270076751709e-01
6.526173949241638184e-01
3.671174049377441406e-01
-2.415067702531814575e-01
-9.493897557258605957e-01
-7.119463086128234863e-01
9.876860380172729492e-01
9.967327713966369629e-01
-9.443837217986583710e-03
-5.164684057235717773e-01
7.837457060813903809e-01
5.498014688491821289e-01
3.836630284786224365e-01
7.049993872642517090e-01
-6.534084081649780273e-01
-9.991919994354248047e-01
4.839469492435455322e-02
-8.007913231849670410e-01
5.227567553520202637e-01
4.985266625881195068e-01
-8.533757328987121582e-01
6.970261335372924805e-01
-2.487072050571441650e-01
-2.917107045650482178e-01
8.614767193794250488e-01
3.626897037029266357e-01
-3.456005156040191650e-01
9.636784195899963379e-01
4.533901214599609375e-01
-9.424670934677124023e-01
-1.950833350419998169e-01
9.592883586883544922e-01
-1.148670166730880737e-01
-8.082320690155029297e-01
6.186438202857971191e-01
