9.185327887535095215e-01
4.288762211799621582e-01
-2.803038358688354492e-01
-2.888013124465942383e-01
-2.661290764808654785e-01
-1.295022070407867432e-01
-1.101536862552165985e-02
-1.364238839596509933e-02
6.395673751831054688e-02
5.368220061063766479e-02
7.251767814159393311e-02
7.148507237434387207e-02
1.212964281439781189e-01
7.720917463302612305e-02
-2.022092789411544800e-02
-6.534550338983535767e-02
-1.420384794473648071e-01
-2.314428240060806274e-01
-3.063063621520996094e-01
-3.603405058383941650e-01
-3.376443982124328613e-01
-4.516915678977966309e-01
-4.742189347743988037e-01
-5.193589925765991211e-01
-5.942553877830505371e-01
-6.473095417022705078e-01
-6.834591031074523926e-01
-7.067896127700805664e-01
-7.267132401466369629e-01
-7.633147239685058594e-01
-7.767338752746582031e-01
-7.838979959487915039e-01
-8.058634996414184570e-01
-8.013617992401123047e-01
-7.932307124137878418e-01
-7.810023427009582520e-01
9.435231089591979980e-01
9.184980988502502441e-01
4.543994069099426270e-01
-4.121527969837188721e-01
-2.409874498844146729e-01
-2.630350589752197266e-01
-1.165514215826988220e-01
-6.865901499986648560e-02
-6.811349187046289444e-03
4.750906303524971008e-02
7.315830141305923462e-02
6.362120062112808228e-02
9.899613261222839355e-02
1.279709786176681519e-01
4.552707076072692871e-02
-1.633687317371368408e-02
-8.911898732185363770e-02
-1.782456785440444946e-01
-2.142151892185211182e-01
-3.108527064323425293e-01
-3.996809720993041992e-01
-3.576832413673400879e-01
-4.427746236324310303e-01
-4.795654118061065674e-01
-5.560170412063598633e-01
-6.287020444869995117e-01
-6.470245122909545898e-01
-6.828364729881286621e-01
-7.030841708183288574e-01
-7.516191601753234863e-01
-7.620138525962829590e-01
-7.744793891906738281e-01
-7.964692115783691406e-01
-7.897413969039916992e-01
-8.018072247505187988e-01
-7.909442186355590820e-01
9.458748698234558105e-01
9.230284690856933594e-01
4.310617446899414062e-01
-4.045782685279846191e-01
-2.603693008422851562e-01
-2.706036567687988281e-01
-1.195149123668670654e-01
-1.053379252552986145e-01
1.078387629240751266e-02
2.356352843344211578e-02
4.034301638603210449e-02
7.096610963344573975e-02
5.077549442648887634e-02
1.302574276924133301e-01
4.276243969798088074e-02
-2.966577559709548950e-02
-9.205247461795806885e-02
-1.836988031864166260e-01
-2.315117716789245605e-01
-3.327464163303375244e-01
-4.000675976276397705e-01
-3.664386868476867676e-01
-4.631878733634948730e-01
-4.935731589794158936e-01
-5.473977923393249512e-01
-6.396266222000122070e-01
-6.632674932479858398e-01
-6.974430084228515625e-01
-7.276167273521423340e-01
-7.487532496452331543e-01
-7.613463997840881348e-01
-7.837638854980468750e-01
-7.997826337814331055e-01
-7.993700504302978516e-01
-7.983216643333435059e-01
-7.921076416969299316e-01
9.424161911010742188e-01
9.200971722602844238e-01
4.447852969169616699e-01
-2.824351191520690918e-01
-2.923907041549682617e-01
-2.549532353878021240e-01
-1.357118189334869385e-01
-4.533480480313301086e-02
-4.598160088062286377e-02
7.056653499603271484e-02
7.169276475906372070e-02
6.648726016283035278e-02
7.930846512317657471e-02
1.337615549564361572e-01
5.168464779853820801e-02
-3.597160428762435913e-02
-8.756708353757858276e-02
-1.516869515180587769e-01
-2.193476259708404541e-01
-2.996840178966522217e-01
-3.888339698314666748e-01
-3.086437880992889404e-01
-4.422636330127716064e-01
-4.969394207000732422e-01
-5.343960523605346680e-01
-6.143705844879150391e-01
-6.290642023086547852e-01
-6.853898167610168457e-01
-6.988006234169006348e-01
-7.432796359062194824e-01
-7.551712989807128906e-01
-7.741265296936035156e-01
-7.844711542129516602e-01
-7.997179031372070312e-01
-7.889942526817321777e-01
-7.923467159271240234e-01
-7.847889065742492676e-01
9.455717206001281738e-01
9.214566946029663086e-01
4.510389268398284912e-01
-4.201886355876922607e-01
-2.500575780868530273e-01
-2.868581116199493408e-01
-1.421962678432464600e-01
-1.058932989835739136e-01
2.271231822669506073e-02
3.899924084544181824e-02
4.989572241902351379e-02
6.392617523670196533e-02
6.147928163409233093e-02
9.027190506458282471e-02
3.933623805642127991e-02
-3.333155810832977295e-02
-1.135857552289962769e-01
-2.090922743082046509e-01
-2.889603376388549805e-01
-3.408450484275817871e-01
-2.847888767719268799e-01
-4.532322585582733154e-01
-4.489260613918304443e-01
-5.117663741111755371e-01
-5.607260465621948242e-01
-6.358104944229125977e-01
-6.715310215950012207e-01
-6.949901580810546875e-01
-7.240947484970092773e-01
-7.543547153472900391e-01
-7.636247277259826660e-01
-7.875365018844604492e-01
-7.929906249046325684e-01
-7.914838194847106934e-01
-7.912120819091796875e-01
-7.823351621627807617e-01
9.461095333099365234e-01
9.221282005310058594e-01
4.128572642803192139e-01
-3.851890563964843750e-01
-2.333327084779739380e-01
-2.962894141674041748e-01
-1.089141890406608582e-01
-7.374772429466247559e-02
-7.818661630153656006e-03
4.816168919205665588e-02
6.727497279644012451e-02
7.360853999853134155e-02
8.370916545391082764e-02
1.336201578378677368e-01
6.261130422353744507e-02
-8.888050913810729980e-03
-7.121443003416061401e-02
-1.644350141286849976e-01
-2.305862456560134888e-01
-3.197001516819000244e-01
-3.807254731655120850e-01
-3.466678857803344727e-01
-4.470505714416503906e-01
-4.732582271099090576e-01
-5.294253230094909668e-01
-6.031425595283508301e-01
-6.455054283142089844e-01
-6.694488525390625000e-01
-7.148506045341491699e-01
-7.354012727737426758e-01
-7.523637413978576660e-01
-7.684739232063293457e-01
-8.008203506469726562e-01
-7.773467302322387695e-01
-7.979985475540161133e-01
-7.946816682815551758e-01
-7.822486758232116699e-01
9.463347196578979492e-01
9.159697294235229492e-01
4.206782877445220947e-01
-3.161072731018066406e-01
-2.632685005664825439e-01
-2.769521176815032959e-01
-1.148850023746490479e-01
-5.088036507368087769e-02
-7.095771841704845428e-03
4.181829839944839478e-02
5.134740844368934631e-02
7.800124585628509521e-02
7.089249789714813232e-02
1.443503648042678833e-01
3.235654160380363464e-02
-1.996337436139583588e-02
-6.824612617492675781e-02
-1.871998608112335205e-01
-2.161390781402587891e-01
-3.173887431621551514e-01
-4.041948616504669189e-01
-3.354224264621734619e-01
-4.522296190261840820e-01
-4.676386713981628418e-01
-5.339361429214477539e-01
-6.130890250205993652e-01
-6.414497494697570801e-01
-6.849189996719360352e-01
-7.116795182228088379e-01
-7.426642179489135742e-01
-7.567595243453979492e-01
-7.834329009056091309e-01
-7.904824018478393555e-01
-8.004710078239440918e-01
-7.988429665565490723e-01
-7.944210767745971680e-01
-7.769207358360290527e-01
9.473452568054199219e-01
9.178504943847656250e-01
4.474430978298187256e-01
-4.060768187046051025e-01
-2.427789568901062012e-01
-2.625087499618530273e-01
-1.154160797595977783e-01
-6.540741026401519775e-02
1.302497554570436478e-02
5.219197645783424377e-02
7.451409101486206055e-02
7.803000509738922119e-02
8.660643547773361206e-02
1.342170387506484985e-01
7.748149335384368896e-02
-6.761607248336076736e-03
-9.014267474412918091e-02
-1.696082204580307007e-01
-2.247770279645919800e-01
-3.222537338733673096e-01
-3.681002557277679443e-01
-3.597564101219177246e-01
-4.446398019790649414e-01
-4.606855809688568115e-01
-5.455263257026672363e-01
-6.058323383331298828e-01
-6.451057195663452148e-01
-6.787830591201782227e-01
-7.049341201782226562e-01
-7.427784800529479980e-01
-7.512158155441284180e-01
-7.726734280586242676e-01
-7.890226840972900391e-01
-8.017264604568481445e-01
-8.085623383522033691e-01
-7.864795327186584473e-01
-7.803270220756530762e-01
9.412067532539367676e-01
9.204806089401245117e-01
4.379433989524841309e-01
-2.906373441219329834e-01
-2.932078838348388672e-01
-2.395254671573638916e-01
-1.614867001771926880e-01
-3.112814016640186310e-02
-5.036441609263420105e-02
9.178216755390167236e-02
9.074621647596359253e-02
5.727241560816764832e-02
9.737876802682876587e-02
1.425794214010238647e-01
6.975630670785903931e-02
-8.257390931248664856e-03
-8.311095088720321655e-02
-1.492999196052551270e-01
-2.174349576234817505e-01
-2.740236818790435791e-01
-3.779056966304779053e-01
-3.453558981418609619e-01
-4.386002123355865479e-01
-4.803196191787719727e-01
-5.100421905517578125e-01
-5.894148349761962891e-01
-6.467059850692749023e-01
-6.704981923103332520e-01
-7.032615542411804199e-01
-7.344256639480590820e-01
-7.574552893638610840e-01
-7.755184173583984375e-01
-7.766727209091186523e-01
-7.996098995208740234e-01
-7.955957651138305664e-01
-7.994693517684936523e-01
-7.872561812400817871e-01
9.445965290069580078e-01
9.154617786407470703e-01
4.367302060127258301e-01
-2.988758087158203125e-01
-2.621375322341918945e-01
-2.567856609821319580e-01
-1.278234273195266724e-01
-2.557762712240219116e-02
-5.153645947575569153e-02
7.084178179502487183e-02
7.697083801031112671e-02
6.632617861032485962e-02
7.563365250825881958e-02
1.502211838960647583e-01
9.279553592205047607e-02
1.499752700328826904e-02
-6.579811125993728638e-02
-1.455153673887252808e-01
-1.647010296583175659e-01
-2.886819541454315186e-01
-3.399299383163452148e-01
-3.399291038513183594e-01
-3.910748660564422607e-01
-4.902085959911346436e-01
-5.183542966842651367e-01
-5.431482195854187012e-01
-6.449180245399475098e-01
-6.705560684204101562e-01
-7.022022008895874023e-01
-7.297091484069824219e-01
-7.429844737052917480e-01
-7.791691422462463379e-01
-7.893678545951843262e-01
-7.974292039871215820e-01
-7.902737259864807129e-01
-7.966978549957275391e-01
-7.938551306724548340e-01
9.420374631881713867e-01
9.143019318580627441e-01
4.373719096183776855e-01
-2.836566269397735596e-01
-2.995520234107971191e-01
-2.250573784112930298e-01
-1.480290591716766357e-01
-3.961406275629997253e-02
-2.466959133744239807e-02
6.037567928433418274e-02
5.350351333618164062e-02
7.021873444318771362e-02
8.303020149469375610e-02
1.409557908773422241e-01
8.191040158271789551e-02
-4.954878706485033035e-03
-4.847972467541694641e-02
-1.248176097869873047e-01
-2.019671946763992310e-01
-2.958566546440124512e-01
-3.690235912799835205e-01
-3.267631530761718750e-01
-4.458338320255279541e-01
-4.675576090812683105e-01
-5.268130898475646973e-01
-5.818307995796203613e-01
-6.419585347175598145e-01
-6.574932932853698730e-01
-6.938360929489135742e-01
-7.343006134033203125e-01
-7.519400715827941895e-01
-7.593784332275390625e-01
-7.850953340530395508e-01
-7.899190783500671387e-01
-7.972660660743713379e-01
-7.950804829597473145e-01
-7.960253953933715820e-01
9.404778480529785156e-01
9.199643135070800781e-01
4.339578747749328613e-01
-2.902498245239257812e-01
-2.646181583404541016e-01
-2.601328492164611816e-01
-1.368912607431411743e-01
-4.842450842261314392e-02
-1.755196228623390198e-02
5.706580355763435364e-02
6.311132758855819702e-02
7.583054155111312866e-02
5.667718499898910522e-02
1.447026878595352173e-01
6.227899342775344849e-02
-1.224310137331485748e-02
-7.627060264348983765e-02
-1.387161165475845337e-01
-2.318898588418960571e-01
-2.833112776279449463e-01
-3.957155346870422363e-01
-3.421927988529205322e-01
-4.371350407600402832e-01
-4.452507495880126953e-01
-5.420153737068176270e-01
-6.069784760475158691e-01
-6.348340511322021484e-01
-6.911585330963134766e-01
-7.141639590263366699e-01
-7.342489361763000488e-01
-7.724291682243347168e-01
-7.761266827583312988e-01
-7.846585512161254883e-01
-7.874209284782409668e-01
-7.969837784767150879e-01
-7.894654273986816406e-01
-7.836544513702392578e-01
9.437916278839111328e-01
9.199871420860290527e-01
4.383510947227478027e-01
-3.839218914508819580e-01
-2.180273979902267456e-01
-2.755739092826843262e-01
-1.186903044581413269e-01
-4.978457093238830566e-02
-1.457577385008335114e-02
4.349840059876441956e-02
7.409129291772842407e-02
9.045390039682388306e-02
7.065461575984954834e-02
1.340153515338897705e-01
5.909062176942825317e-02
4.379930905997753143e-03
-7.704381644725799561e-02
-1.447868496179580688e-01
-2.378761321306228638e-01
-2.988629937171936035e-01
-3.651244938373565674e-01
-3.678376674652099609e-01
-4.434699416160583496e-01
-4.449928104877471924e-01
-5.296593308448791504e-01
-6.187332272529602051e-01
-6.370401382446289062e-01
-6.691523790359497070e-01
-7.209531068801879883e-01
-7.243722081184387207e-01
-7.500012516975402832e-01
-7.783789634704589844e-01
-7.899760603904724121e-01
-7.873899340629577637e-01
-7.932841181755065918e-01
-7.948594093322753906e-01
-7.891533374786376953e-01
9.470560550689697266e-01
9.176836609840393066e-01
4.438472688198089600e-01
-4.066456556320190430e-01
-2.471081465482711792e-01
-2.946891784667968750e-01
-1.370739042758941650e-01
-1.048576757311820984e-01
6.524991709738969803e-03
4.902062192559242249e-02
6.389572471380233765e-02
4.853018373250961304e-02
5.630960687994956970e-02
1.297540366649627686e-01
4.777804017066955566e-02
-2.522460743784904480e-02
-1.286603063344955444e-01
-1.229850873351097107e-01
-2.715677618980407715e-01
-3.237041234970092773e-01
-4.144923388957977295e-01
-3.461250960826873779e-01
-4.905986785888671875e-01
-4.873165190219879150e-01
-5.453943014144897461e-01
-6.292413473129272461e-01
-6.643017530441284180e-01
-6.943206191062927246e-01
-7.117123603820800781e-01
-7.582095265388488770e-01
-7.609344124794006348e-01
-7.719330191612243652e-01
-7.931819558143615723e-01
-7.922044396400451660e-01
-8.008320331573486328e-01
-7.969889640808105469e-01
9.461219310760498047e-01
9.174652695655822754e-01
4.405242502689361572e-01
-4.172866642475128174e-01
-2.378131002187728882e-01
-2.633335590362548828e-01
-1.471867263317108154e-01
-3.847670182585716248e-02
-3.668118640780448914e-02
8.002963662147521973e-02
3.714846819639205933e-02
9.253592789173126221e-02
6.950780749320983887e-02
1.488465368747711182e-01
5.578850954771041870e-02
-4.663912113755941391e-03
-8.829595148563385010e-02
-1.766391545534133911e-01
-2.278877347707748413e-01
-2.877966165542602539e-01
-3.957591056823730469e-01
-3.470058143138885498e-01
-4.342538416385650635e-01
-4.763364195823669434e-01
-5.586419701576232910e-01
-6.143861413002014160e-01
-6.539590358734130859e-01
-6.779489517211914062e-01
-7.186665534973144531e-01
-7.342044711112976074e-01
-7.687764167785644531e-01
-7.786092162132263184e-01
-7.908228635787963867e-01
-7.954949140548706055e-01
-8.081356287002563477e-01
-7.818478941917419434e-01
-7.972536683082580566e-01
9.449166655540466309e-01
9.174568653106689453e-01
4.367447197437286377e-01
-4.174883067607879639e-01
-2.563613951206207275e-01
-2.503464818000793457e-01
-1.566496044397354126e-01
-6.935676932334899902e-02
-3.195626288652420044e-02
5.468168854713439941e-02
7.199803739786148071e-02
4.771784320473670959e-02
6.737315654754638672e-02
1.182795241475105286e-01
6.910292804241180420e-02
-4.516504332423210144e-02
-9.476085007190704346e-02
-1.464405953884124756e-01
-2.566519379615783691e-01
-3.327038884162902832e-01
-3.886179029941558838e-01
-3.619129061698913574e-01
-4.847503900527954102e-01
-4.628811180591583252e-01
-5.582806468009948730e-01
-6.316606998443603516e-01
-6.485572457313537598e-01
-6.869857311248779297e-01
-7.199702262878417969e-01
-7.386533617973327637e-01
-7.720344066619873047e-01
-7.849960923194885254e-01
-7.865120768547058105e-01
-7.998427748680114746e-01
-8.029431104660034180e-01
-7.854448556900024414e-01
9.434854388236999512e-01
9.219895005226135254e-01
4.347051978111267090e-01
-2.950389683246612549e-01
-2.813604474067687988e-01
-2.465548068284988403e-01
-1.290080249309539795e-01
-5.605502799153327942e-02
-2.191467396914958954e-02
7.001192867755889893e-02
9.001312404870986938e-02
7.016675174236297607e-02
4.004276543855667114e-02
1.346782743930816650e-01
7.324268668889999390e-02
-2.740618539974093437e-03
-6.895694136619567871e-02
-1.519164890050888062e-01
-2.161415517330169678e-01
-2.660625576972961426e-01
-3.652419149875640869e-01
-3.439609110355377197e-01
-4.536238014698028564e-01
-4.589550197124481201e-01
-5.170173645019531250e-01
-6.012675166130065918e-01
-6.445745229721069336e-01
-6.715324521064758301e-01
-7.085382938385009766e-01
-7.238013148307800293e-01
-7.551654577255249023e-01
-7.809190154075622559e-01
-7.794179320335388184e-01
-7.931944727897644043e-01
-8.002640008926391602e-01
-8.041037917137145996e-01
-7.816964983940124512e-01
9.434071183204650879e-01
9.197833538055419922e-01
4.172089099884033203e-01
-2.672430574893951416e-01
-2.827740907669067383e-01
-2.540248036384582520e-01
-1.248121559619903564e-01
-3.738950192928314209e-02
-4.652108997106552124e-03
4.335404932498931885e-02
8.551130443811416626e-02
8.841243386268615723e-02
7.716193795204162598e-02
1.736939549446105957e-01
4.751094058156013489e-02
3.990652039647102356e-02
-5.794724076986312866e-02
-1.530062407255172729e-01
-1.835341155529022217e-01
-2.655645310878753662e-01
-3.587383627891540527e-01
-3.163750171661376953e-01
-4.292269051074981689e-01
-4.524492025375366211e-01
-5.003358125686645508e-01
-5.540236234664916992e-01
-6.390810608863830566e-01
-6.625611186027526855e-01
-6.906304955482482910e-01
-7.293272018432617188e-01
-7.531502246856689453e-01
-7.643607854843139648e-01
-7.845623493194580078e-01
-7.959040403366088867e-01
-7.972619533538818359e-01
-8.016052842140197754e-01
-7.867058515548706055e-01
9.450730085372924805e-01
9.173292517662048340e-01
4.297668039798736572e-01
-2.904023528099060059e-01
-2.915700376033782959e-01
-2.422966212034225464e-01
-1.316084414720535278e-01
-5.944516509771347046e-02
-3.127880394458770752e-02
1.020362004637718201e-01
3.312715515494346619e-02
8.348958194255828857e-02
5.712452903389930725e-02
1.511444598436355591e-01
5.892348289489746094e-02
2.940944023430347443e-02
-5.017071589827537537e-02
-1.580601036548614502e-01
-2.132294774055480957e-01
-2.973309457302093506e-01
-3.527939617633819580e-01
-3.702001571655273438e-01
-4.123439788818359375e-01
-4.814504384994506836e-01
-5.071868300437927246e-01
-5.922608375549316406e-01
-6.331208944320678711e-01
-6.874778866767883301e-01
-7.076159119606018066e-01
-7.361647486686706543e-01
-7.570165991783142090e-01
-7.688699960708618164e-01
-7.799283862113952637e-01
-8.007807135581970215e-01
-8.005655407905578613e-01
-7.994169592857360840e-01
-7.831999063491821289e-01
9.448564648628234863e-01
9.184651970863342285e-01
4.396087527275085449e-01
-3.841260969638824463e-01
-2.508539259433746338e-01
-2.515537738800048828e-01
-1.359745711088180542e-01
-1.287586614489555359e-02
-3.186429664492607117e-02
7.267875969409942627e-02
6.275791674852371216e-02
8.567237854003906250e-02
6.187254190444946289e-02
1.410216242074966431e-01
2.357265166938304901e-02
4.296213388442993164e-03
-1.046047136187553406e-01
-1.548155397176742554e-01
-2.306867539882659912e-01
-3.116925060749053955e-01
-3.654241859912872314e-01
-3.561093807220458984e-01
-4.662350714206695557e-01
-4.702820479869842529e-01
-5.392470955848693848e-01
-6.002730131149291992e-01
-6.505003571510314941e-01
-6.799710988998413086e-01
-7.064290046691894531e-01
-7.390481829643249512e-01
-7.517342567443847656e-01
-7.832478880882263184e-01
-7.855064272880554199e-01
-7.993211150169372559e-01
-7.959402203559875488e-01
-7.930990457534790039e-01
-7.840073108673095703e-01
9.415959119796752930e-01
9.180716276168823242e-01
4.350901246070861816e-01
-2.740553021430969238e-01
-3.037508428096771240e-01
-2.296579331159591675e-01
-1.512411981821060181e-01
-1.147542241960763931e-02
-1.326350029557943344e-02
7.134120166301727295e-02
8.142658323049545288e-02
7.920880615711212158e-02
6.588463485240936279e-02
1.444338709115982056e-01
9.108954668045043945e-02
1.300825737416744232e-02
-7.561484724283218384e-02
-1.154089570045471191e-01
-2.130156308412551880e-01
-2.784223556518554688e-01
-3.642169237136840820e-01
-3.447390794754028320e-01
-4.234719574451446533e-01
-4.833738207817077637e-01
-5.053032636642456055e-01
-5.538357496261596680e-01
-6.513431072235107422e-01
-6.591154336929321289e-01
-7.026382684707641602e-01
-7.282457351684570312e-01
-7.527264952659606934e-01
-7.605528831481933594e-01
-7.873761057853698730e-01
-7.940033674240112305e-01
-8.012078404426574707e-01
-7.971950173377990723e-01
-7.888165712356567383e-01
9.454098939895629883e-01
9.176508784294128418e-01
4.288132786750793457e-01
-4.101555645465850830e-01
-2.676742076873779297e-01
-2.601773440837860107e-01
-1.543347090482711792e-01
-9.187025576829910278e-02
1.674657501280307770e-02
4.151468351483345032e-02
6.412265449762344360e-02
5.535705387592315674e-02
8.093629777431488037e-02
1.276515424251556396e-01
4.941391572356224060e-02
-3.226827830076217651e-03
-1.037555560469627380e-01
-1.621402055025100708e-01
-2.508488297462463379e-01
-3.259070813655853271e-01
-3.732904195785522461e-01
-3.717634379863739014e-01
-4.515254795551300049e-01
-4.807075858116149902e-01
-5.360723137855529785e-01
-6.264494061470031738e-01
-6.520474553108215332e-01
-6.795947551727294922e-01
-7.193806171417236328e-01
-7.463591694831848145e-01
-7.538442015647888184e-01
-7.701998353004455566e-01
-7.841759324073791504e-01
-7.974666357040405273e-01
-8.046340346336364746e-01
-7.881239056587219238e-01
9.432482123374938965e-01
9.208714962005615234e-01
4.366906881332397461e-01
-2.946615815162658691e-01
-2.671457231044769287e-01
-2.334202975034713745e-01
-1.486548185348510742e-01
-1.886929944157600403e-02
-4.470529779791831970e-02
8.588808029890060425e-02
6.251727044582366943e-02
6.865998357534408569e-02
9.044097363948822021e-02
1.586775034666061401e-01
6.071542948484420776e-02
2.007134445011615753e-02
-4.967925325036048889e-02
-1.321997493505477905e-01
-1.969143748283386230e-01
-2.917931377887725830e-01
-3.563054203987121582e-01
-3.161266744136810303e-01
-4.098718464374542236e-01
-4.757449328899383545e-01
-5.106072425842285156e-01
-5.439170598983764648e-01
-6.421768069267272949e-01
-6.750366687774658203e-01
-6.934576630592346191e-01
-7.263905405998229980e-01
-7.428632378578186035e-01
-7.625584006309509277e-01
-7.909060120582580566e-01
-7.961358428001403809e-01
-8.076986670494079590e-01
-7.988464832305908203e-01
-7.977119088172912598e-01
9.443739652633666992e-01
9.153652787208557129e-01
4.314370751380920410e-01
-2.808818519115447998e-01
-2.883443236351013184e-01
-2.735692560672760010e-01
-1.252858340740203857e-01
-5.934343114495277405e-02
-3.465040773153305054e-02
7.017448544502258301e-02
7.612547278404235840e-02
6.172363832592964172e-02
5.316660925745964050e-02
1.525101959705352783e-01
7.302306592464447021e-02
-1.265790080651640892e-03
-8.541087061166763306e-02
-1.638613492250442505e-01
-1.988582015037536621e-01
-2.978000044822692871e-01
-3.453278243541717529e-01
-3.435412943363189697e-01
-4.433407187461853027e-01
-4.702445864677429199e-01
-5.511299967765808105e-01
-6.052752137184143066e-01
-6.490420699119567871e-01
-6.768420338630676270e-01
-7.096283435821533203e-01
-7.205251455307006836e-01
-7.649742364883422852e-01
-7.657282352447509766e-01
-7.940260171890258789e-01
-7.983779907226562500e-01
-8.063294291496276855e-01
-7.931802272796630859e-01
-7.776493430137634277e-01
9.443969130516052246e-01
9.161998629570007324e-01
4.357697367668151855e-01
-2.683677375316619873e-01
-2.638804316520690918e-01
-2.827830910682678223e-01
-9.718965739011764526e-02
-7.373546063899993896e-02
-1.453723572194576263e-02
7.969252765178680420e-02
6.159392371773719788e-02
8.585859090089797974e-02
9.924406558275222778e-02
1.374443322420120239e-01
8.658470958471298218e-02
1.749431341886520386e-02
-5.209760367870330811e-02
-1.690616607666015625e-01
-2.073089331388473511e-01
-2.659018039703369141e-01
-3.507133424282073975e-01
-3.285273313522338867e-01
-4.217516481876373291e-01
-4.540472924709320068e-01
-5.233494043350219727e-01
-5.752470493316650391e-01
-6.292298436164855957e-01
-6.591941118240356445e-01
-7.042602300643920898e-01
-7.212168574333190918e-01
-7.562516331672668457e-01
-7.677096128463745117e-01
-7.785766720771789551e-01
-7.968603372573852539e-01
-8.014506697654724121e-01
-7.989007830619812012e-01
-7.965537905693054199e-01
9.438937306404113770e-01
9.163396954536437988e-01
4.190567135810852051e-01
-2.851727306842803955e-01
-2.734321057796478271e-01
-2.641927003860473633e-01
-1.215471923351287842e-01
-3.005874343216419220e-02
-3.375783935189247131e-02
8.376318961381912231e-02
5.781268328428268433e-02
9.769189357757568359e-02
6.502688676118850708e-02
1.732145845890045166e-01
7.337396591901779175e-02
4.702884238213300705e-03
-5.324560403823852539e-02
-1.366318911314010620e-01
-1.763879358768463135e-01
-2.961404621601104736e-01
-3.273861706256866455e-01
-3.330669105052947998e-01
-4.406610429286956787e-01
-4.443710744380950928e-01
-5.316163301467895508e-01
-5.499792098999023438e-01
-6.560951471328735352e-01
-6.667490005493164062e-01
-6.945764422416687012e-01
-7.237681150436401367e-01
-7.534977197647094727e-01
-7.694841623306274414e-01
-7.829353809356689453e-01
-7.957887649536132812e-01
-7.977551221847534180e-01
-7.971758246421813965e-01
-7.873390316963195801e-01
9.447107315063476562e-01
9.174327850341796875e-01
4.174647629261016846e-01
-2.795872688293457031e-01
-2.932808101177215576e-01
-2.693352997303009033e-01
-1.489487141370773315e-01
-2.358818240463733673e-02
-1.052528340369462967e-02
6.619177758693695068e-02
7.624429464340209961e-02
6.284850090742111206e-02
7.623168826103210449e-02
1.568997055292129517e-01
7.294674962759017944e-02
2.127966657280921936e-02
-7.466603815555572510e-02
-1.240207627415657043e-01
-2.014143019914627075e-01
-2.777875959873199463e-01
-3.404688835144042969e-01
-3.401624262332916260e-01
-4.257045984268188477e-01
-4.764823317527770996e-01
-5.097381472587585449e-01
-5.956666469573974609e-01
-6.367329955101013184e-01
-6.642225980758666992e-01
-7.006882429122924805e-01
-7.263704538345336914e-01
-7.532377243041992188e-01
-7.795297503471374512e-01
-7.846010327339172363e-01
-7.928735613822937012e-01
-7.975084185600280762e-01
-7.954080104827880859e-01
-7.845646142959594727e-01
9.434712529182434082e-01
9.212728738784790039e-01
4.417683482170104980e-01
-3.978992402553558350e-01
-2.400154471397399902e-01
-2.690652906894683838e-01
-1.196769401431083679e-01
-3.873906657099723816e-02
-6.896349135786294937e-03
6.452486664056777954e-02
8.046587556600570679e-02
6.618747860193252563e-02
7.791186869144439697e-02
1.627764254808425903e-01
7.459561526775360107e-02
3.377554705366492271e-03
-5.885861441493034363e-02
-1.301122456789016724e-01
-2.178738564252853394e-01
-3.049232363700866699e-01
-3.574495613574981689e-01
-3.341962397098541260e-01
-4.390877485275268555e-01
-4.673514664173126221e-01
-5.336804986000061035e-01
-5.837072730064392090e-01
-6.462137699127197266e-01
-6.782160997390747070e-01
-7.028939723968505859e-01
-7.352396845817565918e-01
-7.508054375648498535e-01
-7.756684422492980957e-01
-7.870410680770874023e-01
-7.910916209220886230e-01
-7.990019917488098145e-01
-8.036973476409912109e-01
-7.778187394142150879e-01
9.442411661148071289e-01
9.215766191482543945e-01
4.360278546810150146e-01
-4.115621447563171387e-01
-2.615877687931060791e-01
-2.626470327377319336e-01
-1.485452055931091309e-01
-9.091077744960784912e-02
-1.675103046000003815e-02
4.794384911656379700e-02
8.644870668649673462e-02
6.079351156949996948e-02
6.366164237260818481e-02
1.510871350765228271e-01
4.009485617280006409e-02
-1.804522983729839325e-02
-7.568660378456115723e-02
-1.729824244976043701e-01
-2.417187690734863281e-01
-3.201847374439239502e-01
-3.908116817474365234e-01
-3.699165284633636475e-01
-4.443370699882507324e-01
-4.870001673698425293e-01
-5.317535996437072754e-01
-6.159192323684692383e-01
-6.542266607284545898e-01
-6.784983277320861816e-01
-7.202277779579162598e-01
-7.355590462684631348e-01
-7.597984075546264648e-01
-7.740772366523742676e-01
-7.847771644592285156e-01
-7.906100749969482422e-01
-7.946695685386657715e-01
-7.929917573928833008e-01
9.425686001777648926e-01
9.199895262718200684e-01
4.275103211402893066e-01
-2.955339848995208740e-01
-2.900090813636779785e-01
-2.339042723178863525e-01
-1.409932523965835571e-01
-4.518382996320724487e-02
-2.720692008733749390e-02
7.900027185678482056e-02
6.585444509983062744e-02
9.048207849264144897e-02
8.114943653345108032e-02
1.574194133281707764e-01
6.560039520263671875e-02
-1.198165467940270901e-03
-5.001255497336387634e-02
-1.339733749628067017e-01
-1.804464161396026611e-01
-2.756479382514953613e-01
-3.440284430980682373e-01
-3.422095477581024170e-01
-4.170664250850677490e-01
-4.637301266193389893e-01
-5.161359906196594238e-01
-5.849466919898986816e-01
-6.281554698944091797e-01
-6.703916192054748535e-01
-6.988771557807922363e-01
-7.360249757766723633e-01
-7.455031275749206543e-01
-7.612171173095703125e-01
-7.773436307907104492e-01
-7.946174740791320801e-01
-7.930370569229125977e-01
-8.030698895454406738e-01
-7.854591608047485352e-01
9.446090459823608398e-01
9.153363108634948730e-01
4.459965825080871582e-01
-4.034219682216644287e-01
-2.529692351818084717e-01
-2.576741576194763184e-01
-1.484141945838928223e-01
-2.400475740432739258e-02
-2.987995557487010956e-02
7.356061041355133057e-02
5.596059933304786682e-02
6.316640973091125488e-02
8.734720945358276367e-02
1.200571879744529724e-01
8.138526976108551025e-02
-5.216295830905437469e-03
-9.147284179925918579e-02
-1.466329842805862427e-01
-2.115185707807540894e-01
-3.063480257987976074e-01
-3.677066862583160400e-01
-3.468280732631683350e-01
-4.378919899463653564e-01
-4.792168140411376953e-01
-5.241335630416870117e-01
-6.138069033622741699e-01
-6.411719918251037598e-01
-6.802115440368652344e-01
-6.970952749252319336e-01
-7.424631714820861816e-01
-7.581556439399719238e-01
-7.718588709831237793e-01
-7.897040247917175293e-01
-7.894571423530578613e-01
-8.010605573654174805e-01
-7.991188764572143555e-01
-7.878460884094238281e-01
9.424890875816345215e-01
9.186013936996459961e-01
4.340820908546447754e-01
-2.925697863101959229e-01
-2.796566784381866455e-01
-2.628925740718841553e-01
-1.150911599397659302e-01
-3.275718167424201965e-02
-3.135529160499572754e-02
7.957980781793594360e-02
5.506941676139831543e-02
8.158728480339050293e-02
5.648893862962722778e-02
1.660606861114501953e-01
5.481860786676406860e-02
2.463445253670215607e-02
-6.471416354179382324e-02
-1.323575973510742188e-01
-1.971257030963897705e-01
-3.065072298049926758e-01
-3.351791203022003174e-01
-3.361618220806121826e-01
-4.471352100372314453e-01
-4.616444110870361328e-01
-5.416101813316345215e-01
-5.812776684761047363e-01
-6.436022520065307617e-01
-6.779059767723083496e-01
-7.004980444908142090e-01
-7.256428003311157227e-01
-7.580299973487854004e-01
-7.682000994682312012e-01
-7.812917232513427734e-01
-7.960289120674133301e-01
-7.962967157363891602e-01
-7.915159463882446289e-01
-7.789245843887329102e-01
9.476025104522705078e-01
9.152873754501342773e-01
4.144335985183715820e-01
-3.877515792846679688e-01
-2.546441256999969482e-01
-2.819298803806304932e-01
-1.277091503143310547e-01
-3.256795182824134827e-02
-1.332935225218534470e-02
7.402332872152328491e-02
8.345238119363784790e-02
9.608305245637893677e-02
4.327778145670890808e-02
1.709551662206649780e-01
3.427616134285926819e-02
2.401839941740036011e-02
-7.720449566841125488e-02
-1.407667100429534912e-01
-2.248085886240005493e-01
-3.004743754863739014e-01
-3.709650635719299316e-01
-3.469691872596740723e-01
-4.287841320037841797e-01
-4.594031572341918945e-01
-5.295451283454895020e-01
-6.003723740577697754e-01
-6.469621062278747559e-01
-6.635445952415466309e-01
-7.167113423347473145e-01
-7.264224886894226074e-01
-7.516533732414245605e-01
-7.722964286804199219e-01
-7.896103262901306152e-01
-7.897422909736633301e-01
-8.001559972763061523e-01
-7.980173826217651367e-01
-7.875515222549438477e-01
9.446699023246765137e-01
9.177802205085754395e-01
4.302539527416229248e-01
-2.859755158424377441e-01
-2.999226748943328857e-01
-2.650739848613739014e-01
-1.448706686496734619e-01
-1.020661834627389908e-02
-2.381776086986064911e-02
9.092604368925094604e-02
5.819759890437126160e-02
1.081094145774841309e-01
8.505603671073913574e-02
1.538565456867218018e-01
6.832248717546463013e-02
3.027276322245597839e-02
-8.048547804355621338e-02
-1.197549179196357727e-01
-1.846284568309783936e-01
-2.956569194793701172e-01
-3.446993827819824219e-01
-3.246692121028900146e-01
-4.259093701839447021e-01
-4.674151837825775146e-01
-4.994595646858215332e-01
-5.472192168235778809e-01
-6.239956617355346680e-01
-6.695045232772827148e-01
-7.047303915023803711e-01
-7.216607928276062012e-01
-7.472107410430908203e-01
-7.654444575309753418e-01
-7.843232154846191406e-01
-7.892194390296936035e-01
-7.965389490127563477e-01
-7.943447828292846680e-01
-7.952680587768554688e-01
9.418629407882690430e-01
9.179540276527404785e-01
4.537019729614257812e-01
-2.939004600048065186e-01
-2.747907936573028564e-01
-2.731921970844268799e-01
-1.023520454764366150e-01
-4.632127657532691956e-02
-4.390434827655553818e-03
6.206891313195228577e-02
6.712333112955093384e-02
6.717447191476821899e-02
1.037327200174331665e-01
1.747616082429885864e-01
6.368455290794372559e-02
1.370887085795402527e-02
-7.396998256444931030e-02
-1.416188180446624756e-01
-1.984234601259231567e-01
-2.605568170547485352e-01
-3.492187261581420898e-01
-3.356606066226959229e-01
-4.116842746734619141e-01
-4.768880903720855713e-01
-5.134549736976623535e-01
-5.811653137207031250e-01
-6.224787831306457520e-01
-6.697461605072021484e-01
-7.015552520751953125e-01
-7.384706735610961914e-01
-7.515732049942016602e-01
-7.636775374412536621e-01
-7.917534708976745605e-01
-7.916705608367919922e-01
-7.920652627944946289e-01
-8.007513880729675293e-01
-7.884256839752197266e-01
9.444503188133239746e-01
9.134598970413208008e-01
4.406144320964813232e-01
-2.753604352474212646e-01
-3.064952790737152100e-01
-2.343443781137466431e-01
-1.488604694604873657e-01
-4.834808036684989929e-02
-7.062936574220657349e-02
7.534777373075485229e-02
8.132328838109970093e-02
7.559428364038467407e-02
7.110620290040969849e-02
1.590094864368438721e-01
6.387260556221008301e-02
2.396997436881065369e-02
-7.529238611459732056e-02
-1.229538396000862122e-01
-2.299046665430068970e-01
-2.913406193256378174e-01
-3.546202778816223145e-01
-3.521642386913299561e-01
-4.515646398067474365e-01
-4.714429974555969238e-01
-5.235585570335388184e-01
-6.004591584205627441e-01
-6.286035180091857910e-01
-6.762733459472656250e-01
-7.168896794319152832e-01
-7.266841530799865723e-01
-7.599310874938964844e-01
-7.652508616447448730e-01
-7.901375889778137207e-01
-7.961290478706359863e-01
-7.997639179229736328e-01
-7.943388819694519043e-01
-7.874658703804016113e-01
9.414057731628417969e-01
9.158402085304260254e-01
4.101793169975280762e-01
-2.761956453323364258e-01
-2.797473371028900146e-01
-2.376184463500976562e-01
-1.401482224464416504e-01
-3.474364429712295532e-02
-2.767197601497173309e-02
1.034919843077659607e-01
5.286555737257003784e-02
8.850527554750442505e-02
8.220642060041427612e-02
1.561426520347595215e-01
9.188069403171539307e-02
3.309181891381740570e-03
-4.899909347295761108e-02
-1.415384709835052490e-01
-1.730319261550903320e-01
-2.593746483325958252e-01
-3.547888696193695068e-01
-3.128327131271362305e-01
-4.377139508724212646e-01
-4.557787477970123291e-01
-5.122486948966979980e-01
-5.376445055007934570e-01
-6.394965648651123047e-01
-6.430223584175109863e-01
-6.802495121955871582e-01
-7.226830124855041504e-01
-7.642081975936889648e-01
-7.656464576721191406e-01
-7.750554680824279785e-01
-7.921057343482971191e-01
-7.918993830680847168e-01
-8.017361760139465332e-01
-7.860956788063049316e-01
9.455274939537048340e-01
9.170619845390319824e-01
4.422073364257812500e-01
-4.088075757026672363e-01
-2.293984889984130859e-01
-2.983139157295227051e-01
-1.219324320554733276e-01
-6.167189776897430420e-02
-3.527747467160224915e-02
6.224472075700759888e-02
6.946419179439544678e-02
8.166301250457763672e-02
6.123056635260581970e-02
1.393694877624511719e-01
6.171607598662376404e-02
-2.303529903292655945e-02
-8.651827275753021240e-02
-1.781880855560302734e-01
-2.307000756263732910e-01
-3.308947682380676270e-01
-3.789360523223876953e-01
-3.549503684043884277e-01
-4.636842906475067139e-01
-4.853442907333374023e-01
-5.178312659263610840e-01
-6.236483454704284668e-01
-6.468341946601867676e-01
-6.788502335548400879e-01
-7.198505997657775879e-01
-7.334626317024230957e-01
-7.622585296630859375e-01
-7.691409587860107422e-01
-7.880072593688964844e-01
-8.002147674560546875e-01
-7.907875180244445801e-01
-8.011659383773803711e-01
9.421975016593933105e-01
9.231266975402832031e-01
4.220566749572753906e-01
-2.728125154972076416e-01
-3.056578636169433594e-01
-2.291563451290130615e-01
-1.313909590244293213e-01
-4.311350360512733459e-02
-9.483594447374343872e-03
7.075031101703643799e-02
6.331070512533187866e-02
1.018856912851333618e-01
6.964416056871414185e-02
1.675020307302474976e-01
7.649691402912139893e-02
1.306703966110944748e-02
-5.699130892753601074e-02
-1.265769600868225098e-01
-2.127644568681716919e-01
-2.746278643608093262e-01
-3.472931087017059326e-01
-2.935347259044647217e-01
-4.469830393791198730e-01
-4.713067412376403809e-01
-5.013300180435180664e-01
-5.524792075157165527e-01
-6.381946206092834473e-01
-6.626146435737609863e-01
-6.987223029136657715e-01
-7.263993620872497559e-01
-7.350624203681945801e-01
-7.547295689582824707e-01
-7.793572545051574707e-01
-7.905135154724121094e-01
-8.008784055709838867e-01
-7.894867658615112305e-01
-7.875164747238159180e-01
9.444586634635925293e-01
9.194721579551696777e-01
4.447157382965087891e-01
-4.127202630043029785e-01
-2.159890681505203247e-01
-2.823630571365356445e-01
-9.630144387483596802e-02
-7.741011679172515869e-02
-1.934789679944515228e-02
7.507003098726272583e-02
7.100035995244979858e-02
7.806062698364257812e-02
8.532315492630004883e-02
1.331841498613357544e-01
6.303970515727996826e-02
-1.413268223404884338e-02
-6.957904249429702759e-02
-1.301198452711105347e-01
-2.359592020511627197e-01
-3.157781958580017090e-01
-3.562387824058532715e-01
-3.524780571460723877e-01
-4.223260581493377686e-01
-4.732964932918548584e-01
-5.432019829750061035e-01
-5.850927829742431641e-01
-6.650387644767761230e-01
-6.751010417938232422e-01
-7.090053558349609375e-01
-7.273909449577331543e-01
-7.601143121719360352e-01
-7.718809843063354492e-01
-7.747654914855957031e-01
-7.969201207160949707e-01
-7.855582833290100098e-01
-7.954683899879455566e-01
-7.834264039993286133e-01
9.429685473442077637e-01
9.185570478439331055e-01
4.018034338951110840e-01
-2.744420170783996582e-01
-2.724346816539764404e-01
-2.537757456302642822e-01
-1.224404573440551758e-01
-3.369888290762901306e-02
-2.554373070597648621e-02
9.007459878921508789e-02
6.539350003004074097e-02
7.937433570623397827e-02
9.325057268142700195e-02
1.590598374605178833e-01
1.045521870255470276e-01
3.419591858983039856e-02
-7.713722437620162964e-02
-1.127045154571533203e-01
-2.095802277326583862e-01
-2.715869247913360596e-01
-3.299650847911834717e-01
-3.111016750335693359e-01
-4.116627871990203857e-01
-4.588815271854400635e-01
-5.000382065773010254e-01
-5.443981289863586426e-01
-6.292378306388854980e-01
-6.612573862075805664e-01
-6.961870193481445312e-01
-7.125137448310852051e-01
-7.518953680992126465e-01
-7.592501044273376465e-01
-7.745212316513061523e-01
-7.880334258079528809e-01
-7.870426774024963379e-01
-7.968481183052062988e-01
-7.814580798149108887e-01
9.415232539176940918e-01
9.198885560035705566e-01
4.413240849971771240e-01
-2.564802765846252441e-01
-3.027766644954681396e-01
-2.260546535253524780e-01
-1.611588299274444580e-01
-5.186301469802856445e-02
-2.605311572551727295e-02
7.406362146139144897e-02
8.863396942615509033e-02
7.708862423896789551e-02
6.659878045320510864e-02
1.626300215721130371e-01
7.632263004779815674e-02
1.371189858764410019e-02
-7.878828048706054688e-02
-1.371725201606750488e-01
-2.039773911237716675e-01
-2.557380795478820801e-01
-3.717273473739624023e-01
-3.128041625022888184e-01
-4.623383879661560059e-01
-4.573650956153869629e-01
-5.148472189903259277e-01
-5.999230742454528809e-01
-6.294483542442321777e-01
-6.756713986396789551e-01
-7.087181210517883301e-01
-7.294028997421264648e-01
-7.562024593353271484e-01
-7.628199458122253418e-01
-7.851896882057189941e-01
-8.010569810867309570e-01
-8.030174374580383301e-01
-7.991247773170471191e-01
-7.940826416015625000e-01
9.451001882553100586e-01
9.177901148796081543e-01
4.338528215885162354e-01
-4.277494251728057861e-01
-2.458043992519378662e-01
-2.718465030193328857e-01
-1.373624056577682495e-01
-1.100534647703170776e-01
1.015071570873260498e-02
3.308985009789466858e-02
7.545118778944015503e-02
7.214567065238952637e-02
6.554664671421051025e-02
1.504502296447753906e-01
4.223733395338058472e-02
-4.308857768774032593e-02
-8.834781497716903687e-02
-1.678812503814697266e-01
-2.461302429437637329e-01
-3.188900649547576904e-01
-3.802877068519592285e-01
-3.456086516380310059e-01
-4.517339169979095459e-01
-4.771633744239807129e-01
-5.362930297851562500e-01
-6.310333013534545898e-01
-6.445006728172302246e-01
-6.838722229003906250e-01
-7.225583195686340332e-01
-7.418435811996459961e-01
-7.600905299186706543e-01
-7.844456434249877930e-01
-7.871361970901489258e-01
-8.023427128791809082e-01
-7.936975359916687012e-01
-7.895801663398742676e-01
9.466202855110168457e-01
9.137096405029296875e-01
4.420917034149169922e-01
-4.076388776302337646e-01
-2.390551865100860596e-01
-2.565253973007202148e-01
-1.493426114320755005e-01
-2.273729816079139709e-02
-1.506273727864027023e-02
5.667375400662422180e-02
6.725930422544479370e-02
9.681930392980575562e-02
6.697710603475570679e-02
1.700882762670516968e-01
8.018366247415542603e-02
1.697019860148429871e-02
-8.029335737228393555e-02
-1.481928229331970215e-01
-1.922981292009353638e-01
-2.955452501773834229e-01
-3.691994249820709229e-01
-3.584248423576354980e-01
-4.316187500953674316e-01
-4.778714179992675781e-01
-5.159835815429687500e-01
-5.957965254783630371e-01
-6.380431056022644043e-01
-6.894588470458984375e-01
-6.839464306831359863e-01
-7.235137224197387695e-01
-7.544433474540710449e-01
-7.722619771957397461e-01
-7.938488721847534180e-01
-7.889918088912963867e-01
-8.018887639045715332e-01
-8.013851642608642578e-01
-7.906187176704406738e-01
9.456079006195068359e-01
9.182501435279846191e-01
4.281131327152252197e-01
-3.984934985637664795e-01
-2.249078303575515747e-01
-2.993693649768829346e-01
-9.838227182626724243e-02
-3.112601488828659058e-02
-1.336257997900247574e-02
8.373432606458663940e-02
3.690498322248458862e-02
8.004883676767349243e-02
8.763653784990310669e-02
1.749898791313171387e-01
7.537616044282913208e-02
9.600780904293060303e-03
-5.769114568829536438e-02
-1.397176682949066162e-01
-1.931675821542739868e-01
-2.833928763866424561e-01
-3.578931689262390137e-01
-3.340789675712585449e-01
-4.543712139129638672e-01
-4.539817273616790771e-01
-5.140550732612609863e-01
-5.788022875785827637e-01
-6.319030523300170898e-01
-6.664700508117675781e-01
-6.975880861282348633e-01
-7.228152751922607422e-01
-7.557528614997863770e-01
-7.695520520210266113e-01
-7.948337793350219727e-01
-7.926490306854248047e-01
-7.995530962944030762e-01
-7.946243286132812500e-01
-7.888281941413879395e-01
9.438401460647583008e-01
9.206013679504394531e-01
4.352971911430358887e-01
-2.629777193069458008e-01
-2.998043298721313477e-01
-2.520594894886016846e-01
-1.086570844054222107e-01
-4.879198968410491943e-02
-4.793454334139823914e-02
8.807178586721420288e-02
7.011117786169052124e-02
8.080022037029266357e-02
8.639181405305862427e-02
1.540187448263168335e-01
7.835936546325683594e-02
2.524582855403423309e-02
-6.021710857748985291e-02
-1.289504766464233398e-01
-1.853538453578948975e-01
-2.817308604717254639e-01
-3.423896133899688721e-01
-3.126690685749053955e-01
-4.400223493576049805e-01
-4.407205879688262939e-01
-5.085590481758117676e-01
-5.585170388221740723e-01
-6.575569510459899902e-01
-6.541834473609924316e-01
-7.018908858299255371e-01
-7.321386337280273438e-01
-7.407212257385253906e-01
-7.665111422538757324e-01
-7.864613533020019531e-01
-7.864906787872314453e-01
-7.928828001022338867e-01
-7.979839444160461426e-01
-7.904515862464904785e-01
9.461008310317993164e-01
9.202740192413330078e-01
4.216614961624145508e-01
-4.071284234523773193e-01
-2.569307088851928711e-01
-2.837073802947998047e-01
-1.287990659475326538e-01
-1.236742660403251648e-01
-2.170888893306255341e-02
3.879714012145996094e-02
6.198146566748619080e-02
6.697610765695571899e-02
8.453761786222457886e-02
1.193127185106277466e-01
3.187872096896171570e-02
-9.833949618041515350e-03
-1.350761353969573975e-01
-1.704060435295104980e-01
-2.515905201435089111e-01
-3.500913381576538086e-01
-3.137867152690887451e-01
-4.009975194931030273e-01
-4.501177668571472168e-01
-4.950174391269683838e-01
-5.502176284790039062e-01
-6.284796595573425293e-01
-6.529796123504638672e-01
-6.979553103446960449e-01
-7.076365351676940918e-01
-7.490767240524291992e-01
-7.649186253547668457e-01
-7.603852748870849609e-01
-7.838248014450073242e-01
-7.902525067329406738e-01
-8.078736066818237305e-01
-7.985596656799316406e-01
9.430467486381530762e-01
9.177207946777343750e-01
4.280575811862945557e-01
-2.739017903804779053e-01
-2.867070436477661133e-01
-2.732370495796203613e-01
-1.505830883979797363e-01
-3.997969627380371094e-02
-3.203790262341499329e-02
9.908057749271392822e-02
6.612166762351989746e-02
8.349329978227615356e-02
7.022930681705474854e-02
1.698297560214996338e-01
9.116126596927642822e-02
-5.077685229480266571e-03
-8.051447570323944092e-02
-1.088348925113677979e-01
-2.164260894060134888e-01
-2.813273072242736816e-01
-3.743190467357635498e-01
-3.163923323154449463e-01
-4.186285436153411865e-01
-4.816886186599731445e-01
-4.951877295970916748e-01
-5.924683213233947754e-01
-6.352193355560302734e-01
-6.887847781181335449e-01
-6.982796788215637207e-01
-7.322136759757995605e-01
-7.732201218605041504e-01
-7.611739635467529297e-01
-7.846523523330688477e-01
-7.941240668296813965e-01
-8.103326559066772461e-01
-7.922461032867431641e-01
-7.878436446189880371e-01
9.445687532424926758e-01
9.194086194038391113e-01
4.240437150001525879e-01
-2.914089560508728027e-01
-2.906752526760101318e-01
-2.589080035686492920e-01
-1.000364273786544800e-01
-3.731887787580490112e-02
-3.636527061462402344e-02
1.003955081105232239e-01
7.991961389780044556e-02
6.700430810451507568e-02
1.111595779657363892e-01
1.395915150642395020e-01
1.176353693008422852e-01
2.680111490190029144e-02
-7.641325891017913818e-02
-1.274582743644714355e-01
-1.969944238662719727e-01
-2.667045593261718750e-01
-3.540966212749481201e-01
-3.267021477222442627e-01
-4.358874559402465820e-01
-4.291519820690155029e-01
-5.178459286689758301e-01
-5.456109046936035156e-01
-6.223517656326293945e-01
-6.710555553436279297e-01
-6.940055489540100098e-01
-7.222748398780822754e-01
-7.496612071990966797e-01
-7.569802999496459961e-01
-7.861297726631164551e-01
-7.931899428367614746e-01
-7.996674180030822754e-01
-7.970665097236633301e-01
-7.852670550346374512e-01
9.435982108116149902e-01
9.170565605163574219e-01
4.352484643459320068e-01
-2.838733196258544922e-01
-2.644587159156799316e-01
-2.676163911819458008e-01
-1.360243558883666992e-01
-2.331877127289772034e-02
-3.417991474270820618e-02
7.784093916416168213e-02
7.368407398462295532e-02
9.370223432779312134e-02
8.418411016464233398e-02
1.481511443853378296e-01
6.726504117250442505e-02
-2.301992615684866905e-03
-3.543183207511901855e-02
-1.426477730274200439e-01
-1.827025264501571655e-01
-2.853305041790008545e-01
-3.421237468719482422e-01
-3.301416635513305664e-01
-4.359185397624969482e-01
-4.547125995159149170e-01
-5.120121836662292480e-01
-5.294387936592102051e-01
-6.500887870788574219e-01
-6.594267487525939941e-01
-6.996814012527465820e-01
-7.256543636322021484e-01
-7.393624782562255859e-01
-7.583984732627868652e-01
-7.817285060882568359e-01
-7.837036848068237305e-01
-7.931542396545410156e-01
-7.986896634101867676e-01
-7.957904934883117676e-01
9.444670081138610840e-01
9.203038811683654785e-01
4.235031306743621826e-01
-2.983847856521606445e-01
-2.909613549709320068e-01
-2.228734195232391357e-01
-1.580219566822052002e-01
-1.550808735191822052e-02
-3.735907748341560364e-02
9.204155951738357544e-02
6.879639625549316406e-02
9.627702087163925171e-02
1.020753011107444763e-01
1.637959778308868408e-01
8.145501464605331421e-02
2.136139199137687683e-02
-7.249955087900161743e-02
-1.357032358646392822e-01
-1.917910426855087280e-01
-2.600539624691009521e-01
-3.578664064407348633e-01
-3.311592340469360352e-01
-4.088051617145538330e-01
-4.343933463096618652e-01
-5.112091898918151855e-01
-5.565064549446105957e-01
-6.361603140830993652e-01
-6.595017313957214355e-01
-6.944615244865417480e-01
-7.228514552116394043e-01
-7.297268509864807129e-01
-7.656016349792480469e-01
-7.891839146614074707e-01
-7.933309674263000488e-01
-7.846480011940002441e-01
-7.950843572616577148e-01
-7.910625338554382324e-01
9.410604238510131836e-01
9.225965738296508789e-01
4.202897548675537109e-01
-3.018367588520050049e-01
-2.950312197208404541e-01
-2.583722770214080811e-01
-1.161942631006240845e-01
-4.795447736978530884e-02
-2.987867221236228943e-02
6.148448213934898376e-02
8.241128921508789062e-02
7.934714853763580322e-02
6.483673304319381714e-02
1.462085992097854614e-01
1.038729026913642883e-01
1.349924597889184952e-02
-8.787348121404647827e-02
-1.470088064670562744e-01
-2.234815955162048340e-01
-2.942326962947845459e-01
-3.591677248477935791e-01
-3.313768208026885986e-01
-4.421644806861877441e-01
-4.352671205997467041e-01
-5.217931270599365234e-01
-5.811098814010620117e-01
-6.355479955673217773e-01
-6.606344580650329590e-01
-7.093970775604248047e-01
-7.217235565185546875e-01
-7.594802975654602051e-01
-7.560053467750549316e-01
-7.882610559463500977e-01
-7.853715419769287109e-01
-7.961909174919128418e-01
-7.978868484497070312e-01
-7.874519824981689453e-01
9.452171921730041504e-01
9.186563491821289062e-01
4.213115870952606201e-01
-2.917019426822662354e-01
-2.841455936431884766e-01
-2.189722508192062378e-01
-1.288576126098632812e-01
-1.667534187436103821e-02
-1.342757046222686768e-02
6.723251938819885254e-02
5.263070762157440186e-02
6.213632971048355103e-02
9.222722053527832031e-02
1.434979289770126343e-01
7.205175608396530151e-02
2.388048171997070312e-02
-9.785689413547515869e-02
-1.075862348079681396e-01
-1.999236494302749634e-01
-2.758098542690277100e-01
-3.423338830471038818e-01
-3.234039545059204102e-01
-4.385770857334136963e-01
-4.434477090835571289e-01
-5.278404951095581055e-01
-5.398361086845397949e-01
-6.385974884033203125e-01
-6.576750874519348145e-01
-6.922973394393920898e-01
-7.257299423217773438e-01
-7.539301514625549316e-01
-7.733218669891357422e-01
-7.797835469245910645e-01
-7.802389264106750488e-01
-7.984529137611389160e-01
-7.872216701507568359e-01
-7.894102931022644043e-01
9.443133473396301270e-01
9.193653464317321777e-01
4.290260672569274902e-01
-2.937629520893096924e-01
-2.744309008121490479e-01
-2.612681984901428223e-01
-1.492326408624649048e-01
-4.733518138527870178e-02
-1.656372100114822388e-02
1.012842506170272827e-01
3.502273932099342346e-02
9.397704899311065674e-02
7.393927872180938721e-02
1.685979515314102173e-01
6.499216705560684204e-02
-2.946638269349932671e-03
-4.471209645271301270e-02
-1.428000926971435547e-01
-2.216494083404541016e-01
-2.691830694675445557e-01
-3.655843734741210938e-01
-3.381970226764678955e-01
-4.364780187606811523e-01
-4.515284895896911621e-01
-5.140513181686401367e-01
-6.060298085212707520e-01
-6.267329454421997070e-01
-6.777065396308898926e-01
-7.145413756370544434e-01
-7.375888824462890625e-01
-7.501378655433654785e-01
-7.702483534812927246e-01
-7.889724373817443848e-01
-7.960783243179321289e-01
-7.933558225631713867e-01
-8.052797317504882812e-01
-7.824143767356872559e-01
9.455506205558776855e-01
9.172863364219665527e-01
4.224465489387512207e-01
-2.823178768157958984e-01
-2.966372966766357422e-01
-2.525138258934020996e-01
-1.328454613685607910e-01
-3.651246801018714905e-02
-1.121034659445285797e-02
5.956660956144332886e-02
8.809060603380203247e-02
8.072280138731002808e-02
7.337520271539688110e-02
1.562732309103012085e-01
9.521860629320144653e-02
2.154688350856304169e-02
-7.764760404825210571e-02
-1.108636856079101562e-01
-1.897004693746566772e-01
-2.723462283611297607e-01
-3.430462777614593506e-01
-3.244369626045227051e-01
-4.274652600288391113e-01
-4.707792103290557861e-01
-5.099646449089050293e-01
-5.525217056274414062e-01
-6.400321125984191895e-01
-6.608418226242065430e-01
-6.971631050109863281e-01
-7.270745038986206055e-01
-7.544852495193481445e-01
-7.656221389770507812e-01
-7.767112255096435547e-01
-7.925253510475158691e-01
-8.033513426780700684e-01
-7.979519367218017578e-01
-7.883610129356384277e-01
9.421902298927307129e-01
9.175134897232055664e-01
4.219361245632171631e-01
-2.822908461093902588e-01
-3.048429787158966064e-01
-2.652699947357177734e-01
-1.140728592872619629e-01
-3.383694589138031006e-02
-4.414813220500946045e-02
7.662750780582427979e-02
8.502452820539474487e-02
8.074779063463211060e-02
7.392812520265579224e-02
1.629635840654373169e-01
6.551904231309890747e-02
-3.264842089265584946e-03
-4.365002363920211792e-02
-1.295522302389144897e-01
-2.009179890155792236e-01
-2.790221273899078369e-01
-3.765931725502014160e-01
-3.039773702621459961e-01
-4.343041777610778809e-01
-4.688934087753295898e-01
