9.825664520263671875e+01
9.911190795898437500e+01
8.762362670898437500e+01
-6.083126831054687500e+01
7.986884307861328125e+01
1.567742061614990234e+01
5.511195755004882812e+01
-9.484223937988281250e+01
-8.208466339111328125e+01
-8.917350769042968750e+01
-4.432360076904296875e+01
1.492132091522216797e+01
6.151943969726562500e+01
7.416225433349609375e+01
-7.353861999511718750e+01
-8.093242645263671875e+00
-4.845912933349609375e+01
7.471746826171875000e+01
8.693167877197265625e+01
6.772824096679687500e+01
9.826600646972656250e+01
-8.184021759033203125e+01
5.429760360717773438e+01
3.515284538269042969e+00
-2.811632537841796875e+01
4.522468185424804688e+01
-9.577525329589843750e+01
-9.283243560791015625e+01
1.642269515991210938e+01
4.491140365600585938e+01
8.235210418701171875e+01
-9.303910064697265625e+01
-8.939130401611328125e+01
-9.990900421142578125e+01
-9.985997009277343750e+01
7.669226169586181641e+00
1.696300125122070312e+01
2.922407341003417969e+01
-6.158483028411865234e+00
-1.515156269073486328e+00
-8.648554992675781250e+01
7.318002319335937500e+01
5.954648017883300781e+00
3.407726287841796875e+01
5.505913543701171875e+01
6.271762371063232422e+00
1.810505485534667969e+01
-7.525031280517578125e+01
-9.981600952148437500e+01
1.263836765289306641e+01
-3.539053344726562500e+01
-1.929050827026367188e+01
9.347566223144531250e+01
-9.465321350097656250e+01
-8.286379241943359375e+01
-6.587124633789062500e+01
-5.425995635986328125e+01
9.705033874511718750e+01
9.452816772460937500e+01
7.620246887207031250e+01
9.132144927978515625e+01
-3.428644561767578125e+01
8.382641601562500000e+01
6.754398345947265625e+00
9.394656372070312500e+01
9.934027862548828125e+01
-3.468209075927734375e+01
-1.434822654724121094e+01
4.936998748779296875e+01
9.432606506347656250e+01
1.125786209106445312e+01
-7.491400146484375000e+01
9.618444061279296875e+01
-7.210753631591796875e+01
-5.241197204589843750e+01
-9.979370117187500000e+01
-5.438802719116210938e+01
-9.807865905761718750e+01
-9.279287719726562500e+01
-9.455735778808593750e+01
-9.172922515869140625e+01
-7.720383453369140625e+01
-5.917667007446289062e+01
5.497436046600341797e+00
8.121794128417968750e+01
8.878535461425781250e+01
1.364214897155761719e+01
-1.424232864379882812e+01
9.226148986816406250e+01
9.913051605224609375e+01
9.566777038574218750e+01
9.062171936035156250e+01
9.856879425048828125e+01
9.220861816406250000e+01
7.420670318603515625e+01
3.175680351257324219e+01
-2.903735733032226562e+01
-9.609136962890625000e+01
-9.919598388671875000e+01
-6.430895996093750000e+01
-4.179640579223632812e+01
-1.754183006286621094e+01
9.499046325683593750e+01
8.629226684570312500e+01
7.372874450683593750e+01
-1.680735778808593750e+01
9.237644195556640625e+01
7.428132629394531250e+01
-4.151399612426757812e+01
-9.126260375976562500e+01
9.287236022949218750e+01
-8.333240509033203125e+01
-6.588912963867187500e+01
9.393098449707031250e+01
9.777724456787109375e+01
9.639733123779296875e+01
9.630561065673828125e+01
-2.900144577026367188e+00
-1.263020801544189453e+01
-5.894834899902343750e+01
8.006294250488281250e+01
9.753934478759765625e+01
6.109629440307617188e+01
9.033869934082031250e+01
-5.432374572753906250e+01
-9.478932952880859375e+01
-2.017857170104980469e+01
7.342198944091796875e+01
8.393226623535156250e+01
8.343343353271484375e+01
3.639235973358154297e+00
-7.981510162353515625e+01
-7.462222290039062500e+01
1.185772705078125000e+01
-4.854247283935546875e+01
-3.913197708129882812e+01
-1.579878807067871094e+00
7.172349548339843750e+01
-8.046063995361328125e+01
6.263203048706054688e+01
8.993224334716796875e+01
8.582960510253906250e+01
-6.030125427246093750e+01
-8.376846313476562500e+01
2.247359848022460938e+01
9.590538787841796875e+01
-2.010378265380859375e+01
3.678701162338256836e+00
-1.821928858757019043e+00
2.071494865417480469e+01
5.001702880859375000e+01
-6.775869750976562500e+01
-8.489974212646484375e+01
-9.928704071044921875e+01
-1.141634750366210938e+01
9.101503753662109375e+01
8.378422546386718750e+01
-8.191635131835937500e+01
9.966632080078125000e+01
-8.528434753417968750e+01
4.111537933349609375e+01
-1.244566345214843750e+01
-5.051705932617187500e+01
9.809722900390625000e+01
9.158356475830078125e+01
9.690018463134765625e+01
9.258606910705566406e+00
7.547183990478515625e+01
5.587534332275390625e+01
4.385379409790039062e+01
-8.405737304687500000e+01
-7.191937255859375000e+01
8.823695373535156250e+01
6.796415710449218750e+01
-4.984935379028320312e+01
-9.845233917236328125e+01
-3.764304161071777344e+00
-9.797277832031250000e+01
-1.044067478179931641e+01
-7.185594177246093750e+01
7.430442047119140625e+01
-7.616423034667968750e+01
9.035130310058593750e+01
8.772526550292968750e+01
9.975508880615234375e+01
9.160202026367187500e+01
-8.394948577880859375e+01
7.742756652832031250e+01
-3.726151657104492188e+01
9.474156188964843750e+01
9.937388610839843750e+01
7.700733947753906250e+01
-5.803506469726562500e+01
3.476255416870117188e+01
-8.860586547851562500e+01
-8.463443756103515625e+01
2.538257598876953125e+01
-7.384691619873046875e+01
-6.655055236816406250e+01
1.963309478759765625e+01
8.947090148925781250e+01
-9.840296173095703125e+01
-3.805593109130859375e+01
6.963955688476562500e+01
3.103372764587402344e+01
-9.126492309570312500e+01
-6.037505722045898438e+01
7.109968566894531250e+01
8.484696149826049805e-01
-4.834672546386718750e+01
-4.700779724121093750e+01
9.983428955078125000e+01
9.706471252441406250e+01
-4.201219558715820312e+01
7.536285400390625000e+01
9.877530670166015625e+01
2.236662483215332031e+01
5.572324371337890625e+01
7.261144256591796875e+01
-8.908000946044921875e+01
-8.886373901367187500e+01
7.325278472900390625e+01
-8.272158050537109375e+01
-7.541042327880859375e+01
7.186070251464843750e+01
9.865817260742187500e+01
-8.652995300292968750e+01
2.503836822509765625e+01
1.246706962585449219e+01
-9.687765502929687500e+01
-9.843796539306640625e+01
-8.888237762451171875e+01
-7.597725677490234375e+01
9.381035614013671875e+01
9.933718109130859375e+01
-8.937820434570312500e+01
-3.634764194488525391e+00
-7.118242645263671875e+01
7.673612976074218750e+01
-1.690908432006835938e+01
-7.536626458168029785e-01
9.794705963134765625e+01
9.899116516113281250e+01
9.204470062255859375e+01
9.600668334960937500e+01
1.033154010772705078e+01
7.458142089843750000e+01
8.054271697998046875e+01
9.663168334960937500e+01
1.543093299865722656e+01
-6.858270263671875000e+01
-9.833552551269531250e+01
-3.660201263427734375e+01
3.729000473022460938e+01
-9.512493133544921875e+01
-3.156000137329101562e+01
9.741304397583007812e+00
-1.590883445739746094e+01
-4.890308380126953125e+01
9.356814575195312500e+01
7.384430694580078125e+01
9.737184906005859375e+01
-8.228520965576171875e+01
7.383963012695312500e+01
-5.721319198608398438e+01
6.163433074951171875e+01
8.039598846435546875e+01
-2.256632804870605469e+01
-9.152825927734375000e+01
-4.718100070953369141e+00
3.880098724365234375e+01
-5.064615631103515625e+01
7.404565429687500000e+01
-9.730561065673828125e+01
-2.828009796142578125e+01
-8.997242736816406250e+01
-4.177207565307617188e+01
-8.111817359924316406e+00
-7.898442840576171875e+01
-7.686162567138671875e+01
-9.650984191894531250e+01
-6.069365692138671875e+01
5.782915496826171875e+01
-7.450897979736328125e+01
-1.472408008575439453e+01
9.652830505371093750e+01
9.692784881591796875e+01
9.514646148681640625e+01
6.268608474731445312e+01
7.154457855224609375e+01
9.580755615234375000e+01
-7.357994842529296875e+01
9.650659179687500000e+01
8.919998168945312500e+01
9.315227508544921875e+01
9.773346710205078125e+01
6.067885208129882812e+01
8.492356872558593750e+01
-7.816488647460937500e+01
-1.821394348144531250e+01
-1.366325283050537109e+01
-2.327458763122558594e+01
2.762535285949707031e+01
4.972427368164062500e+01
9.937836456298828125e+01
8.619902038574218750e+01
-9.843388366699218750e+01
-6.434289455413818359e+00
-9.738863372802734375e+01
-3.637672042846679688e+01
9.711422729492187500e+01
9.547500610351562500e+01
-2.903953075408935547e+00
9.402049255371093750e+01
-9.809138488769531250e+01
3.716407299041748047e+00
-2.090477466583251953e+00
-9.878601074218750000e+01
6.719837951660156250e+01
8.371513366699218750e+01
-8.330947875976562500e+01
8.195268249511718750e+01
5.021292495727539062e+01
1.811306953430175781e+01
-8.029077148437500000e+01
-3.262476730346679688e+01
9.605062866210937500e+01
-8.550977325439453125e+01
-8.780085754394531250e+01
9.902331542968750000e+01
9.743610382080078125e+01
9.788922882080078125e+01
-7.671657562255859375e+01
4.612764358520507812e+01
-3.049011802673339844e+01
8.372142028808593750e+01
-7.946646881103515625e+01
-1.830983924865722656e+01
-5.702706527709960938e+01
6.582216644287109375e+01
7.756050109863281250e+01
7.751469421386718750e+01
-1.736396789550781250e+01
-9.661078643798828125e+01
2.157347106933593750e+01
7.360130310058593750e+01
9.657354736328125000e+01
2.966249084472656250e+01
-7.912886047363281250e+01
-7.447875976562500000e+01
-4.767696380615234375e+01
-7.581092071533203125e+01
-5.513431930541992188e+01
9.271642303466796875e+01
9.845114135742187500e+01
8.100107574462890625e+01
-5.987985610961914062e+01
-7.431472778320312500e+01
8.016029357910156250e+01
1.733560562133789062e+01
9.697643280029296875e+01
4.725975036621093750e+01
-1.561877727508544922e+01
-9.350221252441406250e+01
7.759213256835937500e+01
7.097200775146484375e+01
7.902227020263671875e+01
-8.833094024658203125e+01
-5.259110260009765625e+01
-8.274233245849609375e+01
9.226441955566406250e+01
6.801117706298828125e+01
-3.542051315307617188e+01
7.010877990722656250e+01
-9.877578735351562500e+01
6.623970794677734375e+01
-7.211082458496093750e+01
9.595093536376953125e+01
6.708015441894531250e+01
-3.020499038696289062e+01
4.448022079467773438e+01
4.923145294189453125e+01
-6.709046936035156250e+01
-5.411391448974609375e+01
8.918360137939453125e+01
1.753778576850891113e+00
-2.965181159973144531e+01
-5.869444656372070312e+01
2.727799987792968750e+01
9.055934906005859375e+01
-8.055233001708984375e+01
-3.213107299804687500e+01
-3.537977218627929688e+01
-2.405504417419433594e+01
8.975106048583984375e+01
9.958102416992187500e+01
9.174203491210937500e+01
4.824306488037109375e+01
-7.477513885498046875e+01
-1.968068122863769531e+01
-9.541395568847656250e+01
9.979701995849609375e+01
9.990893554687500000e+01
9.764710235595703125e+01
9.512561798095703125e+01
9.642296600341796875e+01
-6.120575714111328125e+01
-9.790161895751953125e+01
-7.706817626953125000e+01
7.776223754882812500e+01
2.664456367492675781e+01
-2.530868148803710938e+01
6.056289672851562500e+01
-7.564537048339843750e+01
-9.476330566406250000e+01
9.649371337890625000e+01
2.068222236633300781e+01
5.312083816528320312e+01
-2.543420791625976562e+01
2.222041130065917969e+00
-9.948831939697265625e+01
5.609521389007568359e+00
4.453310489654541016e+00
-3.692926788330078125e+01
-6.474586009979248047e+00
-9.138392639160156250e+01
2.169412231445312500e+01
9.957998657226562500e+01
-6.837062072753906250e+01
-7.960817718505859375e+01
9.396324920654296875e+01
-2.081994819641113281e+01
8.288172149658203125e+01
9.664978790283203125e+01
9.879946136474609375e+01
-9.903802490234375000e+01
4.036031723022460938e+01
6.615874481201171875e+01
-9.640879058837890625e+01
-9.592267608642578125e+01
-8.979275703430175781e+00
8.136128234863281250e+01
1.384249782562255859e+01
9.204460144042968750e+01
6.641912841796875000e+01
-5.216204071044921875e+01
-9.916139984130859375e+01
-7.284440612792968750e+01
7.436930084228515625e+01
3.683636856079101562e+01
-5.479518890380859375e+01
3.541751861572265625e+01
9.078499603271484375e+01
-9.589447784423828125e+01
-7.955832672119140625e+01
-3.713375854492187500e+01
1.485728931427001953e+01
-8.477424621582031250e+01
-2.513679885864257812e+01
6.783598327636718750e+01
9.988195037841796875e+01
7.309329223632812500e+01
8.394538879394531250e+01
6.868845367431640625e+01
-7.355500030517578125e+01
-4.913938522338867188e+01
-4.932857131958007812e+01
9.014004516601562500e+01
6.724906921386718750e+01
9.975633239746093750e+01
-3.278880310058593750e+01
-3.814542770385742188e+00
6.254143524169921875e+01
-9.763314056396484375e+01
-9.950153350830078125e+01
-9.989041137695312500e+01
-8.668334960937500000e+01
-9.991744995117187500e+01
-9.996193695068359375e+01
-9.893163299560546875e+01
-6.618708801269531250e+01
-8.248171997070312500e+01
-3.228674316406250000e+01
6.906880950927734375e+01
3.183767509460449219e+01
9.914173126220703125e+01
8.973808288574218750e+01
2.455532264709472656e+01
9.762535858154296875e+01
4.712303924560546875e+01
-9.617516326904296875e+01
-7.851408386230468750e+01
3.259312057495117188e+01
-9.300846099853515625e+00
9.926950073242187500e+01
9.965496063232421875e+01
9.757936096191406250e+01
6.669792938232421875e+01
9.809207916259765625e+01
-8.683659362792968750e+01
5.925129699707031250e+01
8.700719451904296875e+01
-3.803200531005859375e+01
7.596243286132812500e+01
-8.230592346191406250e+01
-1.820923209190368652e+00
1.573758411407470703e+01
-9.905792236328125000e+01
-6.735260772705078125e+01
8.946923828125000000e+01
1.468228721618652344e+01
6.638455200195312500e+01
2.689902114868164062e+01
-1.415350914001464844e+01
-9.068505859375000000e+01
-9.815501403808593750e+01
3.171893882751464844e+01
-8.877783966064453125e+01
-9.394245147705078125e+00
6.184686279296875000e+01
-9.130281066894531250e+01
-6.438531494140625000e+01
3.354522705078125000e+01
-9.473427581787109375e+01
7.311474609375000000e+01
9.845335388183593750e+01
8.210266876220703125e+01
3.811333084106445312e+01
-2.247599840164184570e+00
-3.454850769042968750e+01
-4.349716567993164062e+01
9.515224456787109375e+01
-4.983822822570800781e+00
9.679936218261718750e+01
3.043530273437500000e+01
9.869485473632812500e+01
2.779158592224121094e+01
-9.598285675048828125e+01
9.927279663085937500e+01
9.384306335449218750e+01
1.705631828308105469e+01
-8.677680969238281250e+01
-3.605982589721679688e+01
-9.127523040771484375e+01
9.621379852294921875e+01
7.868654632568359375e+01
-9.192384338378906250e+01
-5.968197631835937500e+01
-7.928980255126953125e+01
-4.208253479003906250e+01
4.571270370483398438e+01
9.955413818359375000e+01
-9.608502197265625000e+01
8.329030609130859375e+01
1.487711811065673828e+01
2.555349731445312500e+01
1.101777172088623047e+01
-9.532295227050781250e+01
-1.292511844635009766e+01
4.953947448730468750e+01
-9.977996063232421875e+01
-9.355654907226562500e+01
-9.434681701660156250e+01
8.165953063964843750e+01
-7.771661376953125000e+01
9.735809326171875000e+01
3.654969787597656250e+01
-8.088862609863281250e+01
9.761544799804687500e+01
8.861563873291015625e+01
-4.269786453247070312e+01
8.247972869873046875e+01
7.547193908691406250e+01
-9.738944053649902344e+00
9.190356445312500000e+01
-9.296833038330078125e+01
9.738228607177734375e+01
-9.800019073486328125e+01
-7.533404541015625000e+01
-5.554523468017578125e+01
9.740522766113281250e+01
9.800104522705078125e+01
-1.673965215682983398e+00
2.740009117126464844e+01
8.329441833496093750e+01
2.967440223693847656e+01
5.820606231689453125e+01
-9.956646728515625000e+01
4.057076263427734375e+01
2.156717300415039062e+01
-6.285841369628906250e+01
-6.225628280639648438e+01
-6.921283721923828125e+01
-7.089346313476562500e+01
7.660446166992187500e+00
-2.616552734375000000e+01
6.539133453369140625e+01
-6.970612335205078125e+01
-6.985450744628906250e+01
7.194624328613281250e+01
-1.531684684753417969e+01
-8.140925407409667969e+00
9.683041381835937500e+01
9.776864624023437500e+01
9.771875762939453125e+01
9.984251403808593750e+01
7.779071044921875000e+01
6.992984771728515625e+01
5.651448822021484375e+01
-3.677342987060546875e+01
-9.586295318603515625e+01
-3.653647232055664062e+01
3.865341901779174805e+00
8.724011230468750000e+01
9.077949523925781250e+01
-4.314001846313476562e+01
-6.458633422851562500e+01
-9.598851776123046875e+01
5.130758285522460938e+01
-9.750504302978515625e+01
9.170921325683593750e+01
7.603639221191406250e+01
9.981916046142578125e+01
-2.673321151733398438e+01
-9.193139648437500000e+01
-9.358222198486328125e+01
1.987463760375976562e+01
-8.410328674316406250e+01
-9.540699768066406250e+01
-2.511483192443847656e+01
9.733461761474609375e+01
9.786428833007812500e+01
7.165695190429687500e+01
3.736345672607421875e+01
-4.180409240722656250e+01
5.827480697631835938e+01
6.573907470703125000e+01
-6.212516021728515625e+01
-5.170227432250976562e+01
6.687808227539062500e+01
7.375120544433593750e+01
2.302308845520019531e+01
3.356497955322265625e+01
9.027665710449218750e+01
-7.921831512451171875e+01
-8.672650146484375000e+01
-9.566349029541015625e+00
7.004825592041015625e+01
7.343178558349609375e+01
-8.381349182128906250e+01
1.221413898468017578e+01
-8.113381195068359375e+01
-9.377510833740234375e+01
-8.971048736572265625e+01
3.080771827697753906e+01
-2.864928817749023438e+01
2.114570999145507812e+01
-3.562345886230468750e+01
-3.264722347259521484e+00
-2.228265380859375000e+01
7.428350067138671875e+01
8.624899291992187500e+01
9.372183990478515625e+01
9.903206634521484375e+01
9.748207092285156250e+01
-2.355764389038085938e+01
7.213145446777343750e+01
2.184795379638671875e+01
-1.256410884857177734e+01
-2.200435066223144531e+01
6.370315551757812500e+01
8.976659393310546875e+01
-9.031973266601562500e+01
-9.746845245361328125e+01
-8.957721710205078125e+01
-7.597247314453125000e+01
-9.981081390380859375e+01
-9.970649719238281250e+01
-9.619306182861328125e+01
-9.980539703369140625e+01
-9.485211181640625000e+01
-5.744726562500000000e+01
-8.744255828857421875e+01
7.479737091064453125e+01
-6.740154266357421875e+01
7.794032287597656250e+01
9.528421783447265625e+01
9.965003204345703125e+01
9.896764373779296875e+01
9.076631164550781250e+01
6.668942260742187500e+01
-9.538188934326171875e+00
9.035513305664062500e+01
9.028086090087890625e+01
9.424502563476562500e+01
7.336869812011718750e+01
8.633630371093750000e+01
-6.735456848144531250e+01
8.803528594970703125e+01
-8.893974304199218750e+01
-4.401888847351074219e+00
9.267805480957031250e+01
8.595108032226562500e+01
9.219278717041015625e+01
-8.769802093505859375e+01
3.679830551147460938e+01
-8.186848449707031250e+01
-9.604503631591796875e+01
1.607594871520996094e+01
-7.598435211181640625e+01
-3.340533828735351562e+01
-9.532180023193359375e+01
-8.523751831054687500e+01
-8.785366821289062500e+01
3.637553787231445312e+01
9.510630798339843750e+01
4.438452911376953125e+01
4.425711441040039062e+01
5.718921422958374023e-01
-8.987380981445312500e+01
-4.539449691772460938e+01
-4.822282791137695312e+01
9.571756744384765625e+01
9.824451446533203125e+01
9.727514648437500000e+01
5.426303863525390625e+01
8.102980041503906250e+01
-5.019360733032226562e+01
-9.331872558593750000e+01
-2.690891075134277344e+01
-5.236505126953125000e+01
-6.190931701660156250e+01
6.833052825927734375e+01
9.884347534179687500e+01
8.586714744567871094e+00
-8.657562255859375000e+01
9.348624420166015625e+01
8.188973236083984375e+01
7.313438415527343750e+01
-1.604811477661132812e+01
7.765633392333984375e+01
-6.688196563720703125e+01
-6.183975982666015625e+01
-2.742142105102539062e+01
4.387193679809570312e+01
9.168441772460937500e+01
-4.905574798583984375e+01
-9.050713348388671875e+01
6.576872253417968750e+01
-1.772049713134765625e+01
8.943547058105468750e+01
9.508981323242187500e+01
-7.198809051513671875e+01
4.580142974853515625e+01
4.299994277954101562e+01
9.259879302978515625e+01
-8.251000976562500000e+01
-8.660672760009765625e+01
1.686235427856445312e+01
8.726095581054687500e+01
-3.153007888793945312e+01
3.898020553588867188e+01
-9.642251586914062500e+01
-4.764065170288085938e+01
-8.776404571533203125e+01
-5.186854171752929688e+01
9.442156219482421875e+01
9.410886383056640625e+01
8.828804779052734375e+01
-8.806630706787109375e+01
5.961080932617187500e+01
3.798072814941406250e+01
-1.371643829345703125e+01
-8.791562652587890625e+01
-7.405407714843750000e+01
9.897116851806640625e+01
9.477130126953125000e+01
8.454106903076171875e+01
-1.602165985107421875e+01
6.047773361206054688e+01
5.988749313354492188e+01
-2.925009155273437500e+01
-1.520877742767333984e+01
-7.871858215332031250e+01
-5.883965301513671875e+01
9.835836791992187500e+01
9.513951110839843750e+01
6.832557678222656250e+01
-8.047025299072265625e+01
-2.777833223342895508e+00
8.730227661132812500e+01
9.942713165283203125e+01
6.600640869140625000e+01
9.676277160644531250e+01
-7.852510833740234375e+01
-6.547964477539062500e+01
7.043557739257812500e+01
3.107058143615722656e+01
1.068631744384765625e+01
8.745468139648437500e+01
2.319484901428222656e+01
-9.840165710449218750e+01
2.245462036132812500e+01
-9.955876159667968750e+01
-8.679432678222656250e+01
-8.436679840087890625e+01
-8.805604553222656250e+01
-3.722371292114257812e+01
-3.840471267700195312e+01
-2.103796577453613281e+01
8.780363464355468750e+01
6.324270248413085938e+01
-1.686127090454101562e+01
-6.858513355255126953e+00
1.589556789398193359e+01
9.978710174560546875e+01
-2.190890693664550781e+01
9.969045257568359375e+01
9.522567749023437500e+01
8.883630371093750000e+01
9.990104675292968750e+01
9.798023223876953125e+01
-4.972805023193359375e+01
-8.588388824462890625e+01
-7.722021484375000000e+01
8.160069274902343750e+01
-3.091227340698242188e+01
9.934739685058593750e+01
9.843470001220703125e+01
-6.250941848754882812e+01
7.734690093994140625e+01
9.521248626708984375e+01
-7.933184814453125000e+01
7.582289886474609375e+01
-6.222566986083984375e+01
9.810799407958984375e+01
-7.568366241455078125e+01
-8.171993255615234375e+01
8.853192901611328125e+01
8.566889190673828125e+01
5.975808334350585938e+01
-5.090683746337890625e+01
2.115368270874023438e+01
7.341790008544921875e+01
2.702050805091857910e-01
-7.912623596191406250e+01
-8.968352508544921875e+01
-8.270742034912109375e+01
9.740744781494140625e+01
-8.675586700439453125e+01
7.034020996093750000e+01
6.249571990966796875e+01
-7.095560455322265625e+01
7.036443328857421875e+01
5.108404922485351562e+01
-9.778443908691406250e+01
9.134360504150390625e+01
-4.579474258422851562e+01
-8.256279754638671875e+01
9.351204872131347656e+00
-9.067206573486328125e+01
-4.470159149169921875e+01
1.914458274841308594e+01
8.327577972412109375e+01
-4.717251586914062500e+01
-5.303433990478515625e+01
6.238744354248046875e+01
4.649464035034179688e+01
-1.665205383300781250e+01
-6.391735839843750000e+01
9.992209625244140625e+01
2.338904953002929688e+01
5.571495819091796875e+01
-9.610005187988281250e+01
-9.933785247802734375e+01
-7.857943725585937500e+01
-9.942346191406250000e+01
-9.910021972656250000e+01
-8.620291137695312500e+01
-3.345408630371093750e+01
-8.154146575927734375e+01
-9.094713592529296875e+01
-4.536178970336914062e+01
-6.639734649658203125e+01
9.593200683593750000e+01
9.486004638671875000e+01
9.365170288085937500e+01
5.457563877105712891e+00
9.512821197509765625e+01
7.814065551757812500e+01
9.532817840576171875e+01
7.303942108154296875e+01
9.395038604736328125e+01
7.928395080566406250e+01
9.451145935058593750e+01
7.565518188476562500e+01
-4.895633316040039062e+01
-6.299049377441406250e+01
-9.340187835693359375e+01
6.566153717041015625e+01
-4.552533340454101562e+01
-1.218834400177001953e+01
-6.253894042968750000e+01
8.915585327148437500e+01
8.766750335693359375e+01
5.635708999633789062e+01
8.198165893554687500e+01
-5.080423355102539062e+01
5.281167602539062500e+01
-5.247372817993164062e+01
-9.517904663085937500e+01
3.184703063964843750e+01
7.286039733886718750e+01
8.023716735839843750e+01
-9.863011932373046875e+01
-9.747347259521484375e+01
-8.858377075195312500e+01
-3.496823787689208984e+00
2.860316848754882812e+01
-8.166678619384765625e+01
-4.329169464111328125e+01
6.630639648437500000e+01
8.284252929687500000e+01
3.548596954345703125e+01
9.329988861083984375e+01
-7.220885467529296875e+01
3.864437484741210938e+01
2.230415534973144531e+01
-9.854926300048828125e+01
-9.840566253662109375e+01
-8.336113739013671875e+01
-9.217661285400390625e+01
9.118053436279296875e+01
8.466532135009765625e+01
7.518692779541015625e+01
-3.614889526367187500e+01
-9.923425292968750000e+01
9.867944335937500000e+01
-2.832950973510742188e+01
9.579368591308593750e+01
8.933572387695312500e+01
9.588837432861328125e+01
3.353893041610717773e+00
-5.340391159057617188e+00
8.168192291259765625e+01
-1.818714904785156250e+01
6.648628997802734375e+01
-1.416513347625732422e+01
6.819442749023437500e+01
3.661917877197265625e+01
-9.351111602783203125e+01
-7.383176422119140625e+01
-4.416061782836914062e+01
-9.311537933349609375e+01
9.840744781494140625e+01
8.992051696777343750e+01
9.510503387451171875e+01
8.797075653076171875e+01
-1.194563293457031250e+01
-9.966622924804687500e+01
-5.386763381958007812e+01
9.606101226806640625e+01
1.496200370788574219e+01
8.924984741210937500e+01
8.876892089843750000e+01
-7.817855072021484375e+01
-8.641654968261718750e+01
-9.928177642822265625e+01
-6.584888458251953125e+01
2.766076087951660156e+01
7.471440124511718750e+01
8.912433624267578125e+01
-7.744432067871093750e+01
-7.129409027099609375e+01
-9.613219451904296875e+01
2.430331039428710938e+01
-4.294984817504882812e+01
9.854795074462890625e+01
8.840657043457031250e+01
9.560678100585937500e+01
7.342675018310546875e+01
-4.988930225372314453e+00
-9.449104309082031250e+01
-1.968681907653808594e+01
9.862851715087890625e+01
9.707540893554687500e+01
9.790457153320312500e+01
9.507978057861328125e+01
-8.875424957275390625e+01
-8.244729614257812500e+01
9.866410064697265625e+01
2.027029037475585938e+01
2.570377349853515625e+01
-7.720112609863281250e+01
3.083095932006835938e+01
7.511974334716796875e+01
-9.981517028808593750e+01
-8.005241394042968750e+01
-6.761871337890625000e+01
7.760308742523193359e+00
4.237220764160156250e+01
-2.852713203430175781e+01
7.545396423339843750e+01
-9.250577545166015625e+01
7.324680328369140625e+01
-9.280480194091796875e+01
-9.546466827392578125e+01
-5.654942321777343750e+01
8.528687286376953125e+01
1.351810836791992188e+01
8.733322906494140625e+01
-9.806790924072265625e+01
-3.643859481811523438e+01
9.063300323486328125e+01
3.230921173095703125e+01
6.871932983398437500e+01
-3.420764923095703125e+01
3.383651733398437500e+01
-9.936935424804687500e+01
-9.301135253906250000e+01
2.527316474914550781e+01
-1.948332071304321289e+00
-6.502780914306640625e+01
9.806953430175781250e+01
6.510749816894531250e+01
-1.058652210235595703e+01
4.798751831054687500e+01
7.555471038818359375e+01
1.594673347473144531e+01
1.591430425643920898e+00
7.292206573486328125e+01
-9.852436828613281250e+01
-9.805199432373046875e+01
-8.586540985107421875e+01
8.845974922180175781e+00
-6.797374725341796875e+01
-5.047245788574218750e+01
9.358464813232421875e+01
4.003721618652343750e+01
1.316887378692626953e+00
1.405211639404296875e+01
-9.450848388671875000e+01
-9.431886291503906250e+01
-6.911695861816406250e+01
-3.012134742736816406e+01
9.929648590087890625e+01
-7.115700531005859375e+01
-6.384341812133789062e+01
8.306026458740234375e+01
9.533587646484375000e+01
7.501121520996093750e+01
-6.861034393310546875e+01
3.993762588500976562e+01
-2.501983070373535156e+01
-6.972093200683593750e+01
9.495174407958984375e+01
9.857209014892578125e+01
9.885427093505859375e+01
9.632666778564453125e+01
9.609179687500000000e+01
6.295111179351806641e+00
-8.326681518554687500e+01
-9.968580627441406250e+01
-3.068420791625976562e+01
6.780026245117187500e+01
8.807893371582031250e+01
-2.868854904174804688e+01
-9.727430725097656250e+01
2.941893959045410156e+01
-7.948254394531250000e+01
9.308948516845703125e+01
-9.360727691650390625e+01
4.901639938354492188e+01
-2.874535799026489258e+00
8.773444175720214844e+00
-9.984906005859375000e+01
-9.925229644775390625e+01
-9.805730438232421875e+01
-9.978562164306640625e+01
-9.138779449462890625e+01
-9.341742706298828125e+01
-8.369430541992187500e+01
-9.495357513427734375e+01
8.980606079101562500e+01
8.504019165039062500e+01
6.188690567016601562e+01
4.608394622802734375e+01
9.295397949218750000e+01
9.290451812744140625e+01
8.742109680175781250e+01
9.618941497802734375e+01
7.124744415283203125e+01
9.552275848388671875e+01
9.702780914306640625e+01
-8.606666564941406250e+01
-7.189296722412109375e+01
3.831364059448242188e+01
-1.584887981414794922e+01
-2.790513610839843750e+01
6.470198059082031250e+01
9.273320770263671875e+01
-4.951720428466796875e+01
9.766941070556640625e+00
2.996290397644042969e+01
-8.345519256591796875e+01
-2.592059707641601562e+01
-8.257120513916015625e+01
3.256849288940429688e+01
8.163426208496093750e+01
7.574891662597656250e+01
-8.383157348632812500e+01
-7.627211761474609375e+01
2.541472244262695312e+01
-2.876378059387207031e+01
-9.809587478637695312e+00
9.506314086914062500e+01
9.847086906433105469e+00
9.994151306152343750e+01
5.199472808837890625e+01
-2.911378479003906250e+01
-8.729388427734375000e+01
-7.923139333724975586e-01
-4.196200561523437500e+01
8.215091705322265625e+01
-2.648617362976074219e+01
5.335383605957031250e+01
7.724558258056640625e+01
1.420803642272949219e+01
9.250547409057617188e+00
-9.792713928222656250e+01
-5.069406509399414062e+01
8.357651519775390625e+01
8.625727844238281250e+01
6.565583801269531250e+01
-6.656202697753906250e+01
-6.466894149780273438e-01
3.458732986450195312e+01
-9.895889282226562500e+01
-7.957405853271484375e+01
9.405543518066406250e+01
-3.452643966674804688e+01
-7.933689117431640625e+01
-2.846771001815795898e+00
-2.730569839477539062e+01
9.940444183349609375e+01
9.885989379882812500e+01
8.864192962646484375e+01
7.519101715087890625e+01
8.910076141357421875e+01
-6.998188781738281250e+01
7.231953430175781250e+01
4.394218826293945312e+01
9.405461883544921875e+01
5.248639678955078125e+01
-7.969226074218750000e+01
-8.566384124755859375e+01
-8.514198303222656250e+01
-6.286819076538085938e+01
-1.556034660339355469e+01
-2.731246566772460938e+01
6.409507751464843750e+01
9.268679809570312500e+01
-1.458920288085937500e+01
5.723992824554443359e+00
9.923821258544921875e+01
1.891971349716186523e+00
-7.865972900390625000e+01
5.392564010620117188e+01
-1.494894886016845703e+01
-9.431037139892578125e+01
-6.497045898437500000e+01
-6.141455841064453125e+01
4.896066665649414062e+01
8.120200347900390625e+01
-6.549073219299316406e+00
9.697426605224609375e+01
7.985521697998046875e+01
-5.513861846923828125e+01
9.687138366699218750e+01
8.111331939697265625e+01
9.007968139648437500e+01
6.891417694091796875e+01
-7.014244079589843750e+01
5.434742736816406250e+01
-6.742500305175781250e+01
-4.241632461547851562e+01
1.981756019592285156e+01
9.880434417724609375e+01
-3.649687194824218750e+01
-9.984966278076171875e+01
-9.700801086425781250e+01
-8.969203948974609375e+01
-5.343598556518554688e+01
8.218603515625000000e+01
9.890531158447265625e+01
9.225832366943359375e+01
-5.267826843261718750e+01
4.208332443237304688e+01
2.314677619934082031e+01
-7.032424163818359375e+01
7.931298065185546875e+01
9.536707305908203125e+01
-9.406736755371093750e+01
4.770744323730468750e+01
-9.033891296386718750e+01
7.462513732910156250e+01
-9.207620239257812500e+01
-9.646237182617187500e+01
9.387413024902343750e+01
9.304535675048828125e+01
-3.950164794921875000e+01
-9.268421173095703125e+01
6.257397079467773438e+01
-9.214270782470703125e+01
8.686775207519531250e+01
-8.575846862792968750e+01
8.836259460449218750e+01
9.965431976318359375e+01
6.712982940673828125e+01
2.635065078735351562e+01
4.005952835083007812e+00
3.107358551025390625e+01
6.573184204101562500e+01
-8.212834167480468750e+01
-9.030291748046875000e+01
-8.345886230468750000e+01
-9.994927978515625000e+01
-8.304009246826171875e+01
4.866082382202148438e+01
-5.455863952636718750e+01
-1.409626197814941406e+01
-9.846230506896972656e+00
6.355535507202148438e+01
9.102389526367187500e+01
9.427045440673828125e+01
9.668019866943359375e+01
-9.703435516357421875e+01
2.993294906616210938e+01
3.161530494689941406e+01
-8.907223510742187500e+01
-9.099263763427734375e+01
5.637073516845703125e+01
-4.459783935546875000e+01
-6.747032165527343750e+01
7.787265777587890625e+01
9.569860839843750000e+01
9.881165313720703125e+01
-4.220233917236328125e+01
-9.917707824707031250e+01
2.699964141845703125e+01
-9.605297851562500000e+01
2.071769332885742188e+01
-2.817107772827148438e+01
6.126107025146484375e+01
9.934913635253906250e+01
-5.976890182495117188e+01
9.196611785888671875e+01
9.473661804199218750e+01
-5.720032882690429688e+01
-5.457835769653320312e+01
8.284531402587890625e+01
7.136309051513671875e+01
5.716450691223144531e+00
-4.236246490478515625e+01
8.593664169311523438e+00
6.419332885742187500e+01
-4.017581558227539062e+01
-8.672503662109375000e+01
4.825750350952148438e+01
4.389989089965820312e+01
-8.458353996276855469e+00
7.119252777099609375e+01
-5.630414581298828125e+01
-9.924797821044921875e+01
-1.745727729797363281e+01
-9.454270935058593750e+01
-9.655351257324218750e+01
-9.495409393310546875e+01
-9.735332489013671875e+01
-9.986798095703125000e+01
-9.696803283691406250e+01
-9.621016693115234375e+01
-9.879035949707031250e+01
-9.614924621582031250e+01
9.997375488281250000e+01
7.618785095214843750e+01
9.689852905273437500e+01
9.761798095703125000e+01
8.782896423339843750e+01
3.341943359375000000e+01
9.610824584960937500e+01
1.024083900451660156e+01
5.968066024780273438e+01
5.706362724304199219e+00
9.414987182617187500e+01
9.671136474609375000e+01
-8.587274169921875000e+01
6.751855468750000000e+01
-9.393276214599609375e+01
-5.036680221557617188e+01
-9.410334777832031250e+01
3.268233108520507812e+01
-6.458166503906250000e+01
8.962909698486328125e+01
-9.125457763671875000e+01
-9.245516204833984375e+01
-9.532864379882812500e+01
-7.347132110595703125e+01
9.648637390136718750e+01
-4.567871093750000000e+01
9.077376556396484375e+01
9.755424499511718750e+01
9.736329650878906250e+01
9.970840454101562500e+01
2.157030487060546875e+01
-8.620911407470703125e+01
2.803246307373046875e+01
1.074511146545410156e+01
-5.876873779296875000e+01
3.883198547363281250e+01
-8.174069213867187500e+01
-1.112372779846191406e+01
-8.234060668945312500e+01
4.792435836791992188e+01
-5.656372833251953125e+01
-2.076954841613769531e+01
9.271489715576171875e+01
9.495146179199218750e+01
2.891574621200561523e+00
-6.567221069335937500e+01
-3.184408187866210938e+01
-1.152467632293701172e+01
9.192161560058593750e+01
7.486290740966796875e+01
9.800345611572265625e+01
2.123964118957519531e+01
6.410005187988281250e+01
-9.127323150634765625e+01
-9.964653015136718750e+01
9.214749145507812500e+01
-6.516691589355468750e+01
2.053320884704589844e+01
7.702119445800781250e+01
8.062987518310546875e+01
3.844645690917968750e+01
-9.989701843261718750e+01
-9.942293548583984375e+01
-9.989739990234375000e+01
-7.381511688232421875e+01
-8.269260406494140625e+00
8.229946136474609375e+01
-9.349964904785156250e+01
8.699220275878906250e+01
-1.236479759216308594e+01
-4.392746353149414062e+01
4.919026184082031250e+01
1.172059345245361328e+01
-4.738032531738281250e+01
9.984444427490234375e+01
8.381700134277343750e+01
5.918664169311523438e+01
-2.760199356079101562e+01
9.157454681396484375e+01
-5.824154663085937500e+01
-1.581151771545410156e+01
-9.011077880859375000e+00
9.756584930419921875e+01
9.814956665039062500e+01
9.774354553222656250e+01
4.990751266479492188e+01
6.459136962890625000e+00
-4.517662048339843750e+01
-4.889133453369140625e+01
-4.975711822509765625e+01
8.318058013916015625e+01
7.496694183349609375e+01
4.249067306518554688e+01
-7.848011779785156250e+01
4.035273361206054688e+01
-9.993088531494140625e+01
-8.737352752685546875e+01
3.629332351684570312e+01
6.613012695312500000e+01
1.442770361900329590e+00
-6.245228576660156250e+01
-9.903418731689453125e+01
-9.768643188476562500e+01
-5.259681320190429688e+01
-4.902060699462890625e+01
7.425224304199218750e+01
-1.646160697937011719e+01
9.402529907226562500e+01
9.533134460449218750e+01
9.267089080810546875e+01
9.778079223632812500e+01
9.313556671142578125e+01
4.586935997009277344e+00
-8.643683624267578125e+01
-9.545178222656250000e+01
-2.618967056274414062e+01
7.365973663330078125e+01
-2.782585525512695312e+01
9.597258758544921875e+01
5.647016143798828125e+01
-6.915600585937500000e+01
-8.958504486083984375e+01
-7.953619384765625000e+01
9.485324096679687500e+01
6.262013244628906250e+01
9.913274765014648438e+00
9.812895202636718750e+01
7.663983154296875000e+01
-8.995272064208984375e+01
-5.993320846557617188e+01
-8.516194915771484375e+01
-9.098699951171875000e+01
9.940960693359375000e+01
7.309729003906250000e+01
5.378503799438476562e+01
5.092330551147460938e+01
6.173036575317382812e+01
-9.468441772460937500e+01
-6.435865020751953125e+01
-9.982780456542968750e+01
8.781620025634765625e+01
2.384256935119628906e+01
-8.365627288818359375e+01
-8.178866577148437500e+01
2.492670631408691406e+01
-7.423264312744140625e+01
4.131256580352783203e+00
-9.205487823486328125e+01
-4.467309570312500000e+01
6.430337524414062500e+01
8.489324188232421875e+01
7.634943389892578125e+01
8.152974700927734375e+01
4.599819946289062500e+01
-9.918092346191406250e+01
-7.769367218017578125e+01
-3.322180938720703125e+01
6.922346496582031250e+01
-3.537822723388671875e+01
-3.186632728576660156e+01
8.749768066406250000e+01
-2.648098754882812500e+01
-7.354145050048828125e+01
9.309790039062500000e+01
8.886065673828125000e+01
9.622185516357421875e+01
9.061238098144531250e+01
-5.316239547729492188e+01
4.748366928100585938e+01
9.936731719970703125e+01
-7.169972991943359375e+01
7.349372100830078125e+01
9.553798675537109375e+01
1.039617919921875000e+01
-6.501934814453125000e+01
1.076377582550048828e+01
-1.623690986633300781e+01
-1.061044979095458984e+01
9.176503753662109375e+01
2.744257164001464844e+01
-6.503884887695312500e+01
-8.568076324462890625e+01
-9.785672760009765625e+01
-4.014563751220703125e+01
2.445586967468261719e+01
7.203468322753906250e+01
7.545598602294921875e+01
-6.468451690673828125e+01
-6.820870971679687500e+01
-9.666918945312500000e+01
-9.235161590576171875e+01
-1.228651142120361328e+01
-8.351097869873046875e+01
-9.925650024414062500e+01
-9.882175445556640625e+01
-8.022756195068359375e+01
-8.937529754638671875e+01
-9.481523132324218750e+01
-9.876782989501953125e+01
8.728279113769531250e+01
8.513993835449218750e+01
7.574253845214843750e+01
9.546051788330078125e+01
9.139625549316406250e+01
9.852319335937500000e+01
8.536679077148437500e+01
6.904409790039062500e+01
6.859985351562500000e+01
7.561284637451171875e+01
3.469854736328125000e+01
-9.809179687500000000e+01
8.426887512207031250e+00
9.049594116210937500e+01
-9.468457031250000000e+01
-9.992634582519531250e+01
-9.720604705810546875e+01
2.545530700683593750e+01
-8.965748596191406250e+01
-8.427696228027343750e+01
2.191991424560546875e+01
-6.102169036865234375e+01
-8.034499359130859375e+01
-9.963830566406250000e+01
-8.466030883789062500e+01
9.256305694580078125e+01
8.398776245117187500e+01
8.249662780761718750e+01
8.282218170166015625e+01
-2.220580673217773438e+01
6.974678802490234375e+01
-5.974913406372070312e+01
9.221205139160156250e+01
9.929096984863281250e+01
9.672390747070312500e+01
8.040093994140625000e+01
2.667974472045898438e+01
-1.779004478454589844e+01
-1.927753829956054688e+01
-1.934621047973632812e+01
5.605580902099609375e+01
-3.111188125610351562e+01
3.485005950927734375e+01
-4.970858764648437500e+01
-2.983293151855468750e+01
-1.162243938446044922e+01
7.655785369873046875e+01
3.175968551635742188e+01
4.023104476928710938e+01
8.652517700195312500e+01
7.654717254638671875e+01
6.706555175781250000e+01
-9.909495544433593750e+01
-6.868325805664062500e+01
-8.776892662048339844e+00
8.098284912109375000e+01
-6.461180686950683594e+00
9.695723724365234375e+01
6.347958445549011230e-01
-6.006981277465820312e+01
-2.250526618957519531e+01
-8.350650024414062500e+01
9.328118896484375000e+01
4.564771652221679688e+01
7.652019500732421875e+01
-8.999377250671386719e+00
6.001415252685546875e+01
-7.460617828369140625e+01
-7.193376159667968750e+01
-3.662384414672851562e+01
4.913391876220703125e+01
9.992816162109375000e+01
9.431067657470703125e+01
8.406288909912109375e+01
7.800798034667968750e+01
4.555702972412109375e+01
-7.546649932861328125e+01
-8.819474792480468750e+01
5.766271209716796875e+01
-3.669567108154296875e+01
1.226590919494628906e+01
7.526229858398437500e+01
3.993168830871582031e+00
-6.727716827392578125e+01
-8.995700836181640625e+01
-5.016450881958007812e+01
-9.930532836914062500e+01
6.668836212158203125e+01
-8.405631256103515625e+01
-8.253875732421875000e+01
5.524457550048828125e+01
3.392510986328125000e+01
6.162766647338867188e+01
-7.971337127685546875e+01
-5.141469955444335938e+01
-7.739991760253906250e+01
-8.687424468994140625e+01
2.943134689331054688e+01
8.800333404541015625e+01
9.926201629638671875e+01
9.342477416992187500e+01
7.038255310058593750e+01
-1.551993656158447266e+01
-2.614795303344726562e+01
9.732546997070312500e+01
9.253765106201171875e+01
8.726191711425781250e+01
8.718141937255859375e+01
-9.735847473144531250e+01
-6.395462799072265625e+01
-8.604110717773437500e+01
-4.800428009033203125e+01
9.468791198730468750e+01
5.612887191772460938e+01
1.398255062103271484e+01
-7.280370330810546875e+01
1.878216743469238281e+01
-2.098978042602539062e+01
-7.726301574707031250e+01
-2.976027488708496094e+01
9.828102874755859375e+01
9.699674224853515625e+01
9.628051757812500000e+01
8.849017333984375000e+01
2.106209373474121094e+01
4.536120593547821045e-01
-9.664350128173828125e+01
-9.958679962158203125e+01
-9.745043182373046875e+01
-7.675125885009765625e+01
6.747347259521484375e+01
9.980886840820312500e+01
7.278297424316406250e+01
3.482065963745117188e+01
-8.971860504150390625e+01
-7.110778808593750000e+01
-9.971292877197265625e+01
4.740058517456054688e+01
9.153791809082031250e+01
-4.214952087402343750e+01
-9.239464759826660156e+00
-2.450523376464843750e+01
-2.437049388885498047e+00
9.964769744873046875e+01
8.623693847656250000e+01
9.973300933837890625e+01
6.771394348144531250e+01
3.514616012573242188e+01
4.471759414672851562e+01
-9.168947601318359375e+01
-2.949174690246582031e+01
7.751741027832031250e+01
9.732986450195312500e+01
2.581954383850097656e+01
4.734335708618164062e+01
-9.948195648193359375e+01
-1.321608734130859375e+01
-5.533324050903320312e+01
-9.791463470458984375e+01
-2.005175590515136719e+01
6.627446746826171875e+01
8.199362945556640625e+01
5.640229415893554688e+01
-4.865633392333984375e+01
-6.510081481933593750e+01
9.597190856933593750e+01
7.320900726318359375e+01
-8.914019775390625000e+01
-9.909445953369140625e+01
9.499256134033203125e+01
8.215358734130859375e+01
8.922368621826171875e+01
-2.677033805847167969e+01
8.620743560791015625e+01
1.093593788146972656e+01
-7.648687744140625000e+01
-2.603387451171875000e+01
-7.636688995361328125e+01
9.347211456298828125e+01
9.040727233886718750e+01
8.069506835937500000e+01
9.793851470947265625e+01
-5.968739318847656250e+01
-9.517610931396484375e+01
-9.915096282958984375e+01
-3.832074356079101562e+01
7.689041137695312500e+01
9.406050109863281250e+01
1.826237297058105469e+01
-7.337545013427734375e+01
-9.909210968017578125e+01
-9.375659942626953125e+01
-9.961778259277343750e+01
-9.744520568847656250e+01
-9.942378997802734375e+01
-9.546472930908203125e+01
-9.752258300781250000e+01
-9.488371276855468750e+01
-9.888351440429687500e+01
1.513824272155761719e+01
-9.486238861083984375e+01
9.434899139404296875e+01
8.261191558837890625e+01
7.526358795166015625e+01
8.677555084228515625e+01
6.908611297607421875e+01
1.530145740509033203e+01
3.291321563720703125e+01
-4.002153015136718750e+01
7.857235431671142578e+00
2.082368850708007812e+00
-9.887830734252929688e+00
4.551820755004882812e+01
9.058094787597656250e+01
-6.325627136230468750e+01
-8.437545013427734375e+01
-5.208691787719726562e+01
9.771345520019531250e+01
3.954935455322265625e+01
-4.080237960815429688e+01
9.847299194335937500e+01
-9.541121673583984375e+01
-5.386631011962890625e+01
-6.607488250732421875e+01
9.169787597656250000e+01
9.942784118652343750e+01
8.266359710693359375e+01
6.690345764160156250e+01
-2.507667922973632812e+01
-5.542254638671875000e+01
9.943759155273437500e+01
9.792547607421875000e+01
9.692872619628906250e+01
-7.896638488769531250e+01
-5.911741256713867188e+01
1.163745999336242676e+00
9.396596527099609375e+01
8.917313385009765625e+01
-7.586333465576171875e+01
-7.414873504638671875e+01
-9.348770904541015625e+01
5.836447525024414062e+01
9.156488800048828125e+01
5.662379837036132812e+01
-9.897335052490234375e+01
-9.249952697753906250e+01
-2.322212028503417969e+01
-2.927177238464355469e+01
9.769809722900390625e+01
9.560708618164062500e+01
8.195732116699218750e+01
-1.603041076660156250e+01
1.961072158813476562e+01
-9.538583374023437500e+01
3.622321319580078125e+01
1.912830734252929688e+01
8.389106750488281250e+01
-7.825179290771484375e+01
-5.491163253784179688e+01
1.551956367492675781e+01
-6.988003540039062500e+01
-9.301296234130859375e+01
-9.860573768615722656e+00
2.571901321411132812e+01
9.881603240966796875e+01
-6.820759582519531250e+01
-3.211144685745239258e+00
8.089369964599609375e+01
9.669029235839843750e+01
8.959158325195312500e+01
8.372477722167968750e+01
5.178475189208984375e+01
6.205768585205078125e+01
-9.901582336425781250e+01
-9.230315399169921875e+01
-9.874962615966796875e+01
7.266740322113037109e+00
4.084087371826171875e+01
-5.798759460449218750e+00
-9.216672515869140625e+01
-9.805603790283203125e+01
4.242887496948242188e+00
-9.791066741943359375e+01
9.252618408203125000e+01
6.216381835937500000e+01
-9.680400085449218750e+01
-5.868989181518554688e+01
-2.820901489257812500e+01
9.890089416503906250e+01
9.820110321044921875e+01
2.783690643310546875e+01
8.665083312988281250e+01
6.071661758422851562e+01
1.512477207183837891e+01
-2.919279670715332031e+01
-3.105056953430175781e+01
3.392793655395507812e+01
7.129596710205078125e+01
-1.124947071075439453e+01
-9.281746673583984375e+01
-8.910153961181640625e+01
6.715158081054687500e+01
-7.034078979492187500e+01
-4.841321563720703125e+01
-6.644985198974609375e+01
5.351847457885742188e+01
9.877758026123046875e+01
6.099678802490234375e+01
4.750214385986328125e+01
7.104095458984375000e+01
-3.342830657958984375e+01
-5.521452331542968750e+01
5.566660308837890625e+01
9.845333862304687500e+01
-9.334903717041015625e+01
-1.712265586853027344e+01
8.471391296386718750e+01
-8.305493354797363281e+00
7.855757141113281250e+01
5.900900268554687500e+01
-4.101745605468750000e+01
-2.592055130004882812e+01
9.544837188720703125e+01
9.658724975585937500e+01
9.878092193603515625e+01
-5.911142349243164062e+01
5.492483901977539062e+01
5.404599189758300781e+00
4.852648544311523438e+01
-1.089967632293701172e+01
-2.731016540527343750e+01
-9.676776885986328125e+01
-2.956373023986816406e+01
5.559025955200195312e+01
1.766157150268554688e+01
9.677288818359375000e+01
-4.578689956665039062e+01
7.298622131347656250e+01
-9.732086944580078125e+01
-7.168244934082031250e+01
-9.246988677978515625e+01
9.643698883056640625e+01
9.460298156738281250e+01
-1.916064262390136719e+01
5.833384323120117188e+01
-6.549398803710937500e+01
-1.192205905914306641e+01
9.756962585449218750e+01
8.865982055664062500e+01
7.413620758056640625e+01
5.809986495971679688e+01
9.597944641113281250e+01
-2.848172760009765625e+01
-8.886421203613281250e+01
-2.555456733703613281e+01
2.989825820922851562e+01
9.133386230468750000e+01
-1.329458332061767578e+01
5.853653717041015625e+01
-3.623536300659179688e+01
-6.418470001220703125e+01
-3.338115310668945312e+01
8.257791900634765625e+01
9.931439971923828125e+01
5.585938644409179688e+01
9.642597961425781250e+01
9.448081207275390625e+01
-6.624096870422363281e+00
-2.502278327941894531e+01
-6.787507629394531250e+01
-9.939022064208984375e+01
5.839299011230468750e+01
9.651949310302734375e+01
7.471009063720703125e+01
9.490985870361328125e+01
6.151237487792968750e+01
-8.718493652343750000e+01
-9.265581512451171875e+01
-8.364089965820312500e+01
9.343180084228515625e+01
3.370811462402343750e+01
2.970405578613281250e+00
-2.339856529235839844e+01
-8.196860504150390625e+01
-3.117124176025390625e+01
3.989147186279296875e+01
9.376691436767578125e+01
4.140470504760742188e+01
-7.364974975585937500e+01
-8.426811981201171875e+01
-9.974726104736328125e+01
-8.780361938476562500e+01
-9.617511749267578125e+01
7.621156215667724609e+00
-9.983791351318359375e+01
-9.780152130126953125e+01
9.568572998046875000e+01
-8.695236206054687500e+01
-7.059020996093750000e+01
-7.238940429687500000e+01
-6.878396606445312500e+01
6.050065517425537109e+00
9.314917755126953125e+01
9.983192443847656250e+01
5.653541564941406250e+01
-6.702197265625000000e+01
8.885492706298828125e+01
9.002203369140625000e+01
9.761375427246093750e+01
9.976218414306640625e+01
6.911848449707031250e+01
9.922335815429687500e+01
1.582262516021728516e+01
-1.801082611083984375e+01
9.071076202392578125e+01
9.205944824218750000e+01
8.067153167724609375e+01
-9.879690551757812500e+01
-7.252843475341796875e+01
-7.078958129882812500e+01
-9.954151153564453125e+01
-6.106942367553710938e+01
6.531117248535156250e+01
7.035909271240234375e+01
-4.461902236938476562e+01
-8.608605194091796875e+01
1.590518802404403687e-01
-8.542014312744140625e+01
-1.958906555175781250e+01
-2.357321929931640625e+01
6.620126342773437500e+01
9.115083312988281250e+01
6.481169128417968750e+01
9.881146240234375000e+01
9.678672790527343750e+01
9.313153076171875000e+01
9.220031738281250000e+01
2.310125732421875000e+01
7.913237762451171875e+01
-4.265939331054687500e+01
-9.310784912109375000e+01
-4.872763633728027344e+00
-2.654558372497558594e+01
-7.415283966064453125e+01
-5.366834259033203125e+01
-5.327169799804687500e+01
9.592504882812500000e+01
9.095702171325683594e+00
6.786207580566406250e+01
7.313724517822265625e+01
-8.025058746337890625e+01
-9.397944641113281250e+01
3.143266487121582031e+01
6.629088592529296875e+01
9.363131713867187500e+01
-1.986449432373046875e+01
-9.923578643798828125e+01
9.448877716064453125e+01
2.966740989685058594e+01
-6.724524688720703125e+01
-7.558424377441406250e+01
-3.059285926818847656e+01
8.644285583496093750e+01
3.052077293395996094e+01
6.641251373291015625e+01
-9.800573730468750000e+01
-3.137468338012695312e+01
8.652639770507812500e+01
-7.521056175231933594e+00
-8.315393066406250000e+01
7.670618438720703125e+01
7.065451812744140625e+01
8.501389312744140625e+01
3.480488204956054688e+01
-2.196188163757324219e+01
2.838021469116210938e+01
-9.537786102294921875e+01
-1.743114852905273438e+01
7.103443908691406250e+01
8.061780548095703125e+01
-5.579565811157226562e+01
9.831304168701171875e+01
-7.292902374267578125e+01
-5.089057159423828125e+01
-8.919081115722656250e+01
7.523780059814453125e+01
9.962351989746093750e+01
9.388520050048828125e+01
5.897393798828125000e+01
8.874359893798828125e+01
-4.862232589721679688e+01
-9.702005767822265625e+01
7.509245300292968750e+01
1.958334445953369141e+00
-5.179908752441406250e+01
-4.039220809936523438e+01
1.048047161102294922e+01
-6.412244415283203125e+01
-1.505806159973144531e+01
-3.042381668090820312e+01
7.023999786376953125e+01
-3.125938415527343750e+01
-4.827149963378906250e+01
8.976875305175781250e+01
9.918678283691406250e+01
-8.587873458862304688e+00
9.236889648437500000e+01
9.918696594238281250e+01
-3.839184951782226562e+01
-5.040500259399414062e+01
9.435121917724609375e+01
9.653772735595703125e+01
9.988927459716796875e+01
9.972021484375000000e+01
9.929453277587890625e+01
5.321785354614257812e+01
-8.292788696289062500e+01
-3.417166900634765625e+01
-6.178578186035156250e+01
9.835267639160156250e+01
9.082433319091796875e+01
9.975565338134765625e+01
-6.374876022338867188e+01
-9.880410766601562500e+01
-8.977806854248046875e+01
-1.101588058471679688e+01
8.289157104492187500e+01
9.194168090820312500e+01
-6.603844451904296875e+01
1.547812938690185547e+01
5.380868911743164062e+01
4.102316665649414062e+01
-7.914884948730468750e+01
-9.962258148193359375e+01
-8.146086883544921875e+01
-5.953794860839843750e+01
9.339294433593750000e+01
7.077384948730468750e+01
9.761591339111328125e+01
-5.216587829589843750e+01
-4.275413036346435547e+00
7.413161468505859375e+01
7.533704376220703125e+01
8.802658843994140625e+01
1.525678348541259766e+01
-7.503183746337890625e+01
-7.143722534179687500e+01
-4.802613067626953125e+01
-8.353351593017578125e+01
-3.669484329223632812e+01
2.492918777465820312e+01
8.234255218505859375e+01
9.155162048339843750e+01
6.151668930053710938e+01
-2.350804138183593750e+01
-8.335293579101562500e+01
4.410937500000000000e+01
7.887174224853515625e+01
6.912368011474609375e+01
8.065456390380859375e+01
9.715522766113281250e+01
5.718639373779296875e+01
-9.763856506347656250e+01
-9.382350158691406250e+01
-6.334523010253906250e+01
