5.488549470901489258e-01
9.999989867210388184e-01
9.999989867210388184e-01
9.999989867210388184e-01
9.998604059219360352e-01
-9.963467717170715332e-01
-9.752828478813171387e-01
9.699725508689880371e-01
-9.999576807022094727e-01
-6.919192671775817871e-01
3.324963152408599854e-01
9.043754935264587402e-01
6.434506177902221680e-01
-9.999989867210388184e-01
-9.999989867210388184e-01
-9.999989867210388184e-01
-9.999989867210388184e-01
-9.999989867210388184e-01
-9.996519684791564941e-01
-9.395097494125366211e-01
8.794836401939392090e-01
-9.998418688774108887e-01
6.744070053100585938e-01
-9.998815059661865234e-01
-9.469521641731262207e-01
-9.816508889198303223e-01
9.871981143951416016e-01
-9.642124772071838379e-01
9.138233065605163574e-01
-9.992589354515075684e-01
-9.615452289581298828e-01
-6.393906474113464355e-01
9.998421072959899902e-01
-6.222116351127624512e-01
2.165639698505401611e-01
-9.806209802627563477e-01
-9.952347278594970703e-01
9.956459999084472656e-01
9.793117642402648926e-03
-9.735319614410400391e-01
-9.860256314277648926e-01
9.996199607849121094e-01
-2.164302766323089600e-01
8.922544717788696289e-01
9.999970197677612305e-01
9.971112012863159180e-01
7.326670736074447632e-02
-9.999989867210388184e-01
-9.999989867210388184e-01
-9.999989867210388184e-01
-9.999433755874633789e-01
9.773950576782226562e-01
-9.981279373168945312e-01
9.997310042381286621e-01
9.400632977485656738e-01
-9.966500401496887207e-01
-6.221789121627807617e-01
9.999740123748779297e-01
-7.752086520195007324e-01
-1.940126270055770874e-01
9.999610185623168945e-01
-9.999335408210754395e-01
7.595088481903076172e-01
9.318963885307312012e-01
-9.971928596496582031e-01
-7.698504924774169922e-01
-8.642302155494689941e-01
9.999989867210388184e-01
9.999989867210388184e-01
9.999986290931701660e-01
9.999989867210388184e-01
9.985164403915405273e-01
-6.333198547363281250e-01
-9.999989867210388184e-01
-9.987790584564208984e-01
-8.964353203773498535e-01
9.999989867210388184e-01
9.999989867210388184e-01
-9.998714327812194824e-01
-8.745590448379516602e-01
9.999989867210388184e-01
9.999989867210388184e-01
9.999839067459106445e-01
4.544315114617347717e-02
-9.999989867210388184e-01
3.925517499446868896e-01
9.999989867210388184e-01
9.999989867210388184e-01
9.999943971633911133e-01
9.999989867210388184e-01
9.999229311943054199e-01
6.555105447769165039e-01
-9.999989867210388184e-01
-9.999989867210388184e-01
-9.988290071487426758e-01
9.998558163642883301e-01
9.999989867210388184e-01
9.999989867210388184e-01
7.606256008148193359e-01
-8.180945515632629395e-01
-9.999989867210388184e-01
-8.767389059066772461e-01
9.999989867210388184e-01
9.999989867210388184e-01
9.999989867210388184e-01
9.999989867210388184e-01
9.999275803565979004e-01
9.999989867210388184e-01
9.999989867210388184e-01
9.999989867210388184e-01
9.999989867210388184e-01
9.999989867210388184e-01
9.999989867210388184e-01
9.999989867210388184e-01
9.999989867210388184e-01
-9.967885017395019531e-01
9.914598464965820312e-01
-9.999564290046691895e-01
-1.395905166864395142e-01
-7.932031154632568359e-02
-7.543142437934875488e-01
-9.937152266502380371e-01
-2.433991581201553345e-01
-9.999989867210388184e-01
-9.999883770942687988e-01
-9.999285340309143066e-01
-9.967595338821411133e-01
-8.117148280143737793e-01
1.291410624980926514e-01
-9.990878105163574219e-01
9.849006533622741699e-01
9.999331235885620117e-01
5.850545167922973633e-01
-9.957293868064880371e-01
-9.999989867210388184e-01
-9.999989867210388184e-01
-9.999989867210388184e-01
-9.999805688858032227e-01
3.348397836089134216e-02
9.175041317939758301e-01
-9.994162917137145996e-01
-9.829562306404113770e-01
-9.497402310371398926e-01
9.999253153800964355e-01
-7.641572356224060059e-01
9.952304363250732422e-01
-9.909484386444091797e-01
9.216248393058776855e-01
-9.982782602310180664e-01
-9.999361038208007812e-01
6.792156100273132324e-01
1.259575337171554565e-01
-9.397606849670410156e-01
9.994225502014160156e-01
-9.555501341819763184e-01
-9.972101449966430664e-01
9.939208626747131348e-01
6.073220372200012207e-01
-9.066659212112426758e-01
4.113075137138366699e-01
9.999966621398925781e-01
9.998123049736022949e-01
9.714484810829162598e-01
-9.550746679306030273e-01
-9.999989867210388184e-01
-9.999989867210388184e-01
-9.999934434890747070e-01
9.979273676872253418e-01
-9.770037531852722168e-01
9.999893903732299805e-01
9.991500377655029297e-01
-8.999215960502624512e-01
-8.012492656707763672e-01
9.999989271163940430e-01
9.994165301322937012e-01
-9.999980330467224121e-01
-9.262298941612243652e-01
9.999989867210388184e-01
9.629082083702087402e-01
7.722848057746887207e-01
9.999989867210388184e-01
9.999853372573852539e-01
4.129698574542999268e-01
-9.999989867210388184e-01
-9.999989867210388184e-01
-9.999989867210388184e-01
9.948229193687438965e-01
9.999989867210388184e-01
-9.997008442878723145e-01
-9.999945163726806641e-01
9.999883174896240234e-01
9.999989867210388184e-01
9.999989867210388184e-01
9.832794070243835449e-01
-9.995305538177490234e-01
-9.999989867210388184e-01
9.907889962196350098e-01
9.999989867210388184e-01
9.999989867210388184e-01
9.999989867210388184e-01
9.999989867210388184e-01
9.999989867210388184e-01
9.999989867210388184e-01
9.999989867210388184e-01
9.999989867210388184e-01
9.999989867210388184e-01
-5.817983746528625488e-01
-9.999989867210388184e-01
-9.774856567382812500e-01
-8.401980251073837280e-02
9.999989867210388184e-01
9.999989867210388184e-01
9.999961853027343750e-01
-9.903619289398193359e-01
-9.866973757743835449e-01
9.810042381286621094e-01
-9.999706745147705078e-01
-7.738730311393737793e-01
5.676445960998535156e-01
9.529355764389038086e-01
5.611237287521362305e-01
-9.999989867210388184e-01
-9.999989867210388184e-01
-9.999989867210388184e-01
-9.999989867210388184e-01
-9.999989867210388184e-01
-9.999380111694335938e-01
-9.239012598991394043e-01
8.794034123420715332e-01
-9.995222687721252441e-01
5.346493124961853027e-01
-9.999426603317260742e-01
-9.999526143074035645e-01
-3.909578025341033936e-01
9.975448846817016602e-01
-9.986419677734375000e-01
1.521842777729034424e-01
-9.129286408424377441e-01
-9.607550501823425293e-01
9.939492940902709961e-01
-8.996626734733581543e-01
9.696594476699829102e-01
-9.978278875350952148e-01
-9.999642968177795410e-01
7.440348267555236816e-01
-4.160103797912597656e-01
-1.152518242597579956e-01
7.391518354415893555e-01
-9.979869127273559570e-01
-9.999907016754150391e-01
3.581976592540740967e-01
9.928689002990722656e-01
9.999763965606689453e-01
9.821215867996215820e-01
-8.100064396858215332e-01
-9.999989867210388184e-01
-9.999907612800598145e-01
-9.999929666519165039e-01
9.931002259254455566e-01
-9.873956441879272461e-01
9.998546242713928223e-01
9.794723987579345703e-01
-9.667373299598693848e-01
-9.878210425376892090e-01
9.999953508377075195e-01
9.901783466339111328e-01
-9.999989867210388184e-01
-9.870341420173645020e-01
9.999902248382568359e-01
-3.811782598495483398e-01
-5.789465308189392090e-01
9.999968409538269043e-01
9.971005916595458984e-01
9.999989867210388184e-01
9.999837279319763184e-01
9.662047624588012695e-01
-9.930183291435241699e-01
-9.999989867210388184e-01
-9.999989867210388184e-01
-9.814828038215637207e-01
9.999989271163940430e-01
9.999767541885375977e-01
9.618561267852783203e-01
-9.386652708053588867e-01
-9.999989867210388184e-01
9.987134337425231934e-01
9.999989867210388184e-01
-9.728541970252990723e-01
-8.707643151283264160e-01
9.999989867210388184e-01
9.999989867210388184e-01
9.923405647277832031e-01
9.999989867210388184e-01
9.999989867210388184e-01
9.999989867210388184e-01
9.998454451560974121e-01
5.643440485000610352e-01
-9.999989867210388184e-01
-9.999989867210388184e-01
-9.984418749809265137e-01
9.997397065162658691e-01
9.999989867210388184e-01
9.999989867210388184e-01
9.943789243698120117e-01
9.996002316474914551e-01
9.979406595230102539e-01
9.999989867210388184e-01
9.999989867210388184e-01
9.999989867210388184e-01
9.999989867210388184e-01
9.999989867210388184e-01
9.999989867210388184e-01
-9.693785905838012695e-01
9.488859772682189941e-01
-9.999964237213134766e-01
1.776285916566848755e-01
4.857561551034450531e-03
-9.453341960906982422e-01
-9.627171754837036133e-01
-9.999989867210388184e-01
-9.999901652336120605e-01
-9.991651177406311035e-01
-9.271136522293090820e-01
1.833021938800811768e-01
-9.999775886535644531e-01
2.820321321487426758e-01
-9.999861717224121094e-01
-7.007872462272644043e-01
-9.999704360961914062e-01
-8.962388634681701660e-01
9.716150164604187012e-01
-9.999985694885253906e-01
-9.510232210159301758e-01
-9.986141324043273926e-01
9.724590182304382324e-01
-9.998518228530883789e-01
6.175482869148254395e-01
9.918308854103088379e-01
4.268126189708709717e-01
-9.999324083328247070e-01
-9.999989867210388184e-01
-9.999989867210388184e-01
-9.999858736991882324e-01
1.489173322916030884e-01
9.825828671455383301e-01
-9.981735944747924805e-01
-8.776155114173889160e-01
-2.709427475929260254e-01
9.999924302101135254e-01
-1.918385028839111328e-01
-9.311817288398742676e-01
-9.867641925811767578e-01
9.998832941055297852e-01
8.961026072502136230e-01
-9.884791970252990723e-01
-9.288365840911865234e-01
-9.556969404220581055e-01
9.999814033508300781e-01
-8.557006120681762695e-01
9.999981522560119629e-01
9.394398331642150879e-01
-9.894742965698242188e-01
-8.423151373863220215e-01
-9.643912315368652344e-01
9.999413490295410156e-01
9.999989867210388184e-01
9.999982714653015137e-01
9.999683499336242676e-01
8.690536022186279297e-01
-9.986521601676940918e-01
-9.999989867210388184e-01
-9.999989867210388184e-01
-9.999591112136840820e-01
9.994536042213439941e-01
-8.613272905349731445e-01
9.997735619544982910e-01
9.989187121391296387e-01
-9.851717352867126465e-01
-9.945653080940246582e-01
9.999989867210388184e-01
9.999666810035705566e-01
-9.996753334999084473e-01
-9.869557023048400879e-01
9.993194341659545898e-01
9.572454690933227539e-01
8.116877675056457520e-01
9.999989867210388184e-01
9.999965429306030273e-01
5.516903400421142578e-01
-9.999989867210388184e-01
-9.999989867210388184e-01
-9.999989867210388184e-01
9.597945213317871094e-01
9.999989867210388184e-01
-9.999837875366210938e-01
-9.999989867210388184e-01
9.998196959495544434e-01
9.999989867210388184e-01
9.999989867210388184e-01
9.856163263320922852e-01
-9.994635581970214844e-01
-9.999989867210388184e-01
8.856224417686462402e-01
9.999989867210388184e-01
9.999989867210388184e-01
9.999989867210388184e-01
9.999989867210388184e-01
9.999989867210388184e-01
9.999989867210388184e-01
9.999989867210388184e-01
9.999989867210388184e-01
9.999989867210388184e-01
-9.960730671882629395e-01
-9.999989867210388184e-01
-9.253464937210083008e-01
9.711499810218811035e-01
9.999989867210388184e-01
9.999989867210388184e-01
9.999989867210388184e-01
-3.032133877277374268e-01
-9.648244976997375488e-01
9.527780413627624512e-01
-9.999783635139465332e-01
-2.228350043296813965e-01
-6.149597838521003723e-02
-8.709768652915954590e-01
-5.418314933776855469e-01
-9.997339248657226562e-01
-9.999988675117492676e-01
-9.993129372596740723e-01
-9.830374121665954590e-01
-8.825190067291259766e-01
5.197511315345764160e-01
-9.999989867210388184e-01
-2.745444476604461670e-01
-9.993567466735839844e-01
-9.998849034309387207e-01
-5.174332261085510254e-01
8.420594334602355957e-01
9.991495609283447266e-01
7.729184031486511230e-01
-8.712553381919860840e-01
-9.999989867210388184e-01
-9.999989867210388184e-01
-9.999989867210388184e-01
-9.997777342796325684e-01
7.620373368263244629e-01
-9.106601476669311523e-01
4.842825233936309814e-01
-9.631516337394714355e-01
9.904766082763671875e-01
-9.948995113372802734e-01
-9.996517896652221680e-01
8.585523366928100586e-01
-6.775723695755004883e-01
1.754345148801803589e-01
7.416062951087951660e-01
-9.986790418624877930e-01
-7.548651099205017090e-01
-4.674641788005828857e-02
9.996792674064636230e-01
-7.319324612617492676e-01
-5.557014942169189453e-01
9.985736012458801270e-01
-5.962258577346801758e-01
-5.721177458763122559e-01
-3.818379342555999756e-01
9.999875426292419434e-01
9.999989867210388184e-01
9.999899268150329590e-01
9.528267979621887207e-01
-9.186747670173645020e-01
-9.999989867210388184e-01
-9.999989867210388184e-01
-9.998096227645874023e-01
9.983953833580017090e-01
-2.112027853727340698e-01
-8.834596872329711914e-01
9.999852180480957031e-01
9.993782639503479004e-01
-2.432644218206405640e-01
-9.999989867210388184e-01
9.998571276664733887e-01
6.287524700164794922e-01
-9.999981522560119629e-01
-2.567362487316131592e-01
9.998062252998352051e-01
9.999989867210388184e-01
9.999989867210388184e-01
9.999506473541259766e-01
2.985402047634124756e-01
-9.999989867210388184e-01
-9.999989867210388184e-01
-9.999989867210388184e-01
9.992976784706115723e-01
9.999989867210388184e-01
-9.982468485832214355e-01
-9.999040961265563965e-01
9.999989867210388184e-01
9.999989867210388184e-01
9.999989867210388184e-01
9.841412901878356934e-01
-9.995107054710388184e-01
-9.999989867210388184e-01
9.782642722129821777e-01
9.999989867210388184e-01
9.999989867210388184e-01
9.999989867210388184e-01
9.999989867210388184e-01
9.999989867210388184e-01
9.999989867210388184e-01
9.999847412109375000e-01
