2.614180743694305420e-01
9.881085157394409180e-01
-9.992834925651550293e-01
9.999620914459228516e-01
-9.986066222190856934e-01
9.999884366989135742e-01
-9.937754273414611816e-01
9.999778866767883301e-01
-3.094290494918823242e-01
9.999591708183288574e-01
-5.039526224136352539e-01
9.998030066490173340e-01
-9.766842126846313477e-01
9.999506473541259766e-01
-4.326486587524414062e-01
9.999594092369079590e-01
-9.838068485260009766e-01
9.999877810478210449e-01
6.317115426063537598e-01
8.901749253273010254e-01
-9.873506426811218262e-01
9.999516010284423828e-01
-9.888923168182373047e-01
9.999861717224121094e-01
-4.743623733520507812e-01
9.999656081199645996e-01
7.654803991317749023e-01
-9.885863065719604492e-01
9.999854564666748047e-01
-7.851378917694091797e-01
9.999116659164428711e-01
-9.960765242576599121e-01
9.999784827232360840e-01
-6.755220890045166016e-01
9.999645948410034180e-01
-9.015114307403564453e-01
9.999864697456359863e-01
7.951313853263854980e-01
8.096507787704467773e-01
-9.517154693603515625e-01
9.999873042106628418e-01
-9.732665419578552246e-01
9.999879002571105957e-01
2.872143089771270752e-01
9.967066049575805664e-01
-9.979682564735412598e-01
9.998781085014343262e-01
-9.965717196464538574e-01
9.999815225601196289e-01
-4.576177895069122314e-01
9.999734163284301758e-01
-9.777870774269104004e-01
9.999805688858032227e-01
2.278829813003540039e-01
9.855693578720092773e-01
-9.953522086143493652e-01
9.999424219131469727e-01
-9.771510362625122070e-01
9.999792575836181641e-01
4.896217882633209229e-01
4.993762075901031494e-02
9.974254965782165527e-01
-9.995557069778442383e-01
9.999896883964538574e-01
-9.991329908370971680e-01
9.999673366546630859e-01
-9.650876522064208984e-01
9.999716281890869141e-01
3.334257602691650391e-01
9.812148809432983398e-01
-9.471933841705322266e-01
9.999813437461853027e-01
-7.529265284538269043e-01
9.999834895133972168e-01
-9.774494767189025879e-01
9.999791383743286133e-01
-8.000471629202365875e-03
9.999551773071289062e-01
-2.788080871105194092e-01
9.997352361679077148e-01
-9.988588094711303711e-01
9.999557137489318848e-01
-9.567789435386657715e-01
9.999470114707946777e-01
1.707988232374191284e-02
9.994556307792663574e-01
-1.924497336149215698e-01
9.956921935081481934e-01
-9.994111657142639160e-01
9.999688863754272461e-01
-9.981866478919982910e-01
9.999777078628540039e-01
-8.658104538917541504e-01
9.999886155128479004e-01
-7.432417571544647217e-02
9.998284578323364258e-01
-6.832156181335449219e-01
9.999803900718688965e-01
-9.466033577919006348e-01
9.999516010284423828e-01
-9.810516834259033203e-01
9.999507665634155273e-01
8.628149628639221191e-01
-9.697899222373962402e-01
9.999802708625793457e-01
-4.781558513641357422e-01
9.999514818191528320e-01
8.113824129104614258e-01
-9.379943013191223145e-01
9.999713897705078125e-01
-8.694322109222412109e-01
9.999818205833435059e-01
2.797561883926391602e-02
9.996318817138671875e-01
-7.045044302940368652e-01
9.999624490737915039e-01
-9.976707696914672852e-01
9.999362230300903320e-01
-5.996049046516418457e-01
9.999845027923583984e-01
-8.975111842155456543e-01
9.999862909317016602e-01
6.825840473175048828e-01
6.569746136665344238e-01
-9.918904304504394531e-01
9.999862909317016602e-01
-9.942051172256469727e-01
9.999766349792480469e-01
-8.314460515975952148e-01
9.999949932098388672e-01
-2.465410083532333374e-01
9.999440312385559082e-01
4.794158637523651123e-01
-4.800230562686920166e-01
9.999566674232482910e-01
-9.981029629707336426e-01
9.999461770057678223e-01
-8.577928543090820312e-01
9.999729990959167480e-01
-6.392082571983337402e-01
9.999266266822814941e-01
-4.384903013706207275e-01
9.999783635139465332e-01
-2.756497859954833984e-01
9.999291896820068359e-01
-9.957433342933654785e-01
9.999725818634033203e-01
-8.089737892150878906e-01
9.999878406524658203e-01
4.322104454040527344e-01
9.618090987205505371e-01
-9.814185500144958496e-01
9.999703764915466309e-01
-9.844461083412170410e-01
9.999737739562988281e-01
-1.295061856508255005e-01
9.999175667762756348e-01
-9.984685182571411133e-01
9.999882578849792480e-01
-2.015679776668548584e-01
9.999434351921081543e-01
-9.963213801383972168e-01
9.999811053276062012e-01
-9.101917743682861328e-01
9.999626278877258301e-01
4.527595639228820801e-01
5.074029564857482910e-01
-7.211034297943115234e-01
9.999340176582336426e-01
-9.809557199478149414e-01
9.999862313270568848e-01
2.401393838226795197e-02
9.992422461509704590e-01
-5.661846995353698730e-01
9.999440312385559082e-01
-9.995433688163757324e-01
9.999317526817321777e-01
-9.819379448890686035e-01
9.999740719795227051e-01
4.052558243274688721e-01
9.474278092384338379e-01
-9.681690931320190430e-01
9.999830126762390137e-01
-9.940102100372314453e-01
9.999691843986511230e-01
9.577251225709915161e-02
9.990139007568359375e-01
-7.814290523529052734e-01
9.999666213989257812e-01
-9.992483854293823242e-01
9.999889731407165527e-01
-9.359111785888671875e-01
9.999758005142211914e-01
2.186726033687591553e-02
9.998633861541748047e-01
2.495576441287994385e-01
5.188131332397460938e-01
-9.719066023826599121e-01
9.999541044235229492e-01
-9.991854429244995117e-01
9.999728202819824219e-01
-3.892788589000701904e-01
9.999892115592956543e-01
-9.785262942314147949e-01
9.999441504478454590e-01
4.671784043312072754e-01
9.524746537208557129e-01
-9.994013905525207520e-01
9.999779462814331055e-01
-9.984152913093566895e-01
9.999861121177673340e-01
-5.335261821746826172e-01
9.999616146087646484e-01
-9.730316996574401855e-01
9.999864101409912109e-01
6.584576964378356934e-01
5.230218172073364258e-01
-7.351222634315490723e-01
9.999724030494689941e-01
-9.990029931068420410e-01
9.999707937240600586e-01
-3.553714454174041748e-01
9.999530911445617676e-01
-8.491729199886322021e-02
9.997301697731018066e-01
-9.991858005523681641e-01
9.999747276306152344e-01
-9.962952733039855957e-01
9.999791979789733887e-01
1.733523309230804443e-01
9.985511302947998047e-01
-9.419426321983337402e-01
9.999858736991882324e-01
-9.978621602058410645e-01
9.999918937683105469e-01
-5.942718386650085449e-01
9.999768137931823730e-01
-9.586305618286132812e-01
9.999789595603942871e-01
-2.043710649013519287e-02
9.998442530632019043e-01
-9.560863971710205078e-01
9.999806284904479980e-01
-9.559149742126464844e-01
9.999814629554748535e-01
9.672774076461791992e-01
6.262303590774536133e-01
-9.184522032737731934e-01
9.999703168869018555e-01
-8.471027612686157227e-01
9.999774098396301270e-01
-5.101292729377746582e-01
9.998899102210998535e-01
-9.576832652091979980e-01
9.999932646751403809e-01
1.116789355874061584e-01
9.976652264595031738e-01
-9.955742359161376953e-01
9.999930858612060547e-01
-9.305645823478698730e-01
9.999855160713195801e-01
-2.035050690174102783e-01
9.999628067016601562e-01
-1.384284496307373047e-01
9.996436238288879395e-01
-9.990775585174560547e-01
9.999688267707824707e-01
-9.916771054267883301e-01
9.999451637268066406e-01
-7.078480720520019531e-01
9.999814033508300781e-01
-9.331625699996948242e-01
9.999783635139465332e-01
4.691628813743591309e-01
9.615074992179870605e-01
-9.695214629173278809e-01
9.999689459800720215e-01
-9.888118505477905273e-01
9.999878406524658203e-01
2.100194096565246582e-01
9.981997609138488770e-01
-9.981241822242736816e-01
9.999724030494689941e-01
-9.443455338478088379e-01
9.999701976776123047e-01
-8.833880424499511719e-01
9.999836683273315430e-01
5.026617050170898438e-01
9.685755968093872070e-01
-8.707270026206970215e-01
9.999551177024841309e-01
-9.962483644485473633e-01
9.999797344207763672e-01
-9.251904487609863281e-01
9.999909400939941406e-01
-6.023819446563720703e-01
9.999637007713317871e-01
1.595776528120040894e-01
9.991590976715087891e-01
-9.898476004600524902e-01
9.999597668647766113e-01
-9.919428825378417969e-01
9.999876618385314941e-01
8.385906815528869629e-01
-9.792436361312866211e-01
9.999915361404418945e-01
-9.220895767211914062e-01
9.999880790710449219e-01
6.227026581764221191e-01
8.816076517105102539e-01
-9.983363151550292969e-01
9.999639391899108887e-01
-9.934853911399841309e-01
9.999940991401672363e-01
-8.199355602264404297e-01
9.999697208404541016e-01
1.712870001792907715e-01
9.990264773368835449e-01
-9.954382777214050293e-01
9.999693632125854492e-01
-9.991682171821594238e-01
9.999792575836181641e-01
4.687962308526039124e-02
9.989506006240844727e-01
-6.639904379844665527e-01
9.999593496322631836e-01
-9.988586306571960449e-01
9.999796152114868164e-01
-9.271833300590515137e-01
9.999906420707702637e-01
7.229400277137756348e-01
-9.475607872009277344e-01
9.999748468399047852e-01
-1.043642237782478333e-01
9.997733235359191895e-01
-9.977078437805175781e-01
9.999608397483825684e-01
-8.295799493789672852e-01
9.999809265136718750e-01
6.891812086105346680e-01
7.531503438949584961e-01
-9.914099574089050293e-01
9.999703168869018555e-01
-9.905536770820617676e-01
9.999929666519165039e-01
-6.262326240539550781e-01
9.999693632125854492e-01
-9.244946241378784180e-01
9.999685883522033691e-01
2.783327400684356689e-01
9.949730634689331055e-01
-9.821631908416748047e-01
9.999906420707702637e-01
-9.967334866523742676e-01
9.999311566352844238e-01
7.681257128715515137e-01
-9.963946342468261719e-01
9.999879598617553711e-01
-8.170623183250427246e-01
9.999853372573852539e-01
-3.852268755435943604e-01
9.999582171440124512e-01
6.056539416313171387e-01
-8.822044134140014648e-01
9.999735951423645020e-01
-9.854336380958557129e-01
9.999669790267944336e-01
7.003775238990783691e-01
6.837491393089294434e-01
-9.902690052986145020e-01
9.999965429306030273e-01
-9.978227615356445312e-01
9.999449253082275391e-01
-7.610611319541931152e-01
9.999947547912597656e-01
-8.340246677398681641e-01
9.999971389770507812e-01
8.082417845726013184e-01
4.319596588611602783e-01
-8.507068753242492676e-01
9.999166727066040039e-01
-9.980594515800476074e-01
9.999798536300659180e-01
4.201590120792388916e-01
9.552922248840332031e-01
-9.983826279640197754e-01
9.999861717224121094e-01
-9.954016208648681641e-01
9.999604225158691406e-01
-7.137036919593811035e-01
9.999741315841674805e-01
-9.157536625862121582e-01
9.999818205833435059e-01
-3.341868817806243896e-01
9.999463558197021484e-01
-1.680163899436593056e-03
9.998786449432373047e-01
-9.950831532478332520e-01
9.999883174896240234e-01
-9.761846661567687988e-01
9.999947547912597656e-01
8.057186603546142578e-01
-9.732586741447448730e-01
9.999823570251464844e-01
-9.267126321792602539e-01
9.999725818634033203e-01
7.521801590919494629e-01
-5.613083243370056152e-01
9.999617934226989746e-01
-9.196789860725402832e-01
9.999919533729553223e-01
9.144169092178344727e-02
9.997130036354064941e-01
-8.105779886245727539e-01
9.999749660491943359e-01
-9.895406961441040039e-01
9.999948740005493164e-01
-9.678747653961181641e-01
9.999908804893493652e-01
8.206240087747573853e-02
9.998860359191894531e-01
-4.972471892833709717e-01
9.999165534973144531e-01
-9.974338412284851074e-01
9.999507665634155273e-01
-9.766921997070312500e-01
9.999815225601196289e-01
7.975961565971374512e-01
-9.787244796752929688e-01
9.999926090240478516e-01
-3.452982604503631592e-01
9.999423623085021973e-01
-9.982363581657409668e-01
9.999858140945434570e-01
-4.139685928821563721e-01
9.999195933341979980e-01
-9.738904237747192383e-01
9.999808669090270996e-01
7.582943439483642578e-01
-9.349737763404846191e-01
9.999885559082031250e-01
-8.705335259437561035e-01
9.999911189079284668e-01
8.129947781562805176e-01
4.816508293151855469e-01
-4.433960616588592529e-01
9.999653697013854980e-01
-9.991755485534667969e-01
9.999879598617553711e-01
-9.780600070953369141e-01
9.999639391899108887e-01
-1.637380272150039673e-01
9.998399019241333008e-01
-9.997957348823547363e-01
9.999597668647766113e-01
-8.331308364868164062e-01
9.999666810035705566e-01
-6.489205956459045410e-01
9.999938011169433594e-01
-5.988811850547790527e-01
9.999806880950927734e-01
8.099300265312194824e-01
-9.761223793029785156e-01
9.999598264694213867e-01
-8.675604462623596191e-01
9.999896883964538574e-01
8.976348638534545898e-01
4.013637080788612366e-02
9.889814853668212891e-01
-9.989650845527648926e-01
9.999567866325378418e-01
-9.992242455482482910e-01
9.999816417694091797e-01
-9.974681735038757324e-01
9.999864697456359863e-01
-5.884281992912292480e-01
9.999881386756896973e-01
-9.979990124702453613e-01
9.999939203262329102e-01
4.028986394405364990e-01
9.862690567970275879e-01
-9.945509433746337891e-01
9.999691247940063477e-01
-9.907189011573791504e-01
9.999918341636657715e-01
8.596887588500976562e-01
-9.988279938697814941e-01
9.999711513519287109e-01
-4.954277575016021729e-01
9.999687671661376953e-01
-5.841644406318664551e-01
9.999386072158813477e-01
-9.969033598899841309e-01
9.999790191650390625e-01
4.612855911254882812e-01
9.444997310638427734e-01
-9.982611536979675293e-01
9.999737143516540527e-01
-9.751830101013183594e-01
9.999751448631286621e-01
-6.212882995605468750e-01
9.999794960021972656e-01
-9.772992730140686035e-01
9.999385476112365723e-01
4.056262373924255371e-01
9.972729682922363281e-01
-9.911857247352600098e-01
9.999960660934448242e-01
-9.928078055381774902e-01
9.999814033508300781e-01
7.062939405441284180e-01
-9.081836938858032227e-01
9.999824762344360352e-01
-9.848532676696777344e-01
9.999843239784240723e-01
2.728976905345916748e-01
9.938861727714538574e-01
-9.963259696960449219e-01
9.999709725379943848e-01
-9.962675571441650391e-01
9.999743700027465820e-01
4.571763575077056885e-01
9.597007036209106445e-01
-9.985955953598022461e-01
9.999846220016479492e-01
-9.996049404144287109e-01
9.999689459800720215e-01
-9.242373704910278320e-01
9.999960064888000488e-01
-1.971028894186019897e-01
9.999403953552246094e-01
-1.392880976200103760e-01
9.998299479484558105e-01
-9.979359507560729980e-01
9.999864101409912109e-01
-9.988560676574707031e-01
9.999678134918212891e-01
5.683048442006111145e-02
9.997550845146179199e-01
-7.016927003860473633e-01
9.999766945838928223e-01
-9.973081350326538086e-01
9.999863505363464355e-01
-8.050592541694641113e-01
9.999848604202270508e-01
7.554061412811279297e-01
1.454924233257770538e-02
9.944955706596374512e-01
-9.996080398559570312e-01
9.999605417251586914e-01
-9.997980594635009766e-01
9.999751448631286621e-01
-9.802592992782592773e-01
9.999665617942810059e-01
-1.072332859039306641e-01
9.998889565467834473e-01
-2.014253139495849609e-01
9.992615580558776855e-01
-9.966624975204467773e-01
9.999907016754150391e-01
-9.979806542396545410e-01
9.999825358390808105e-01
-8.312524855136871338e-02
9.999784231185913086e-01
-9.988573193550109863e-01
9.999540448188781738e-01
-2.341483533382415771e-01
9.998822808265686035e-01
-9.959309101104736328e-01
9.999737143516540527e-01
-6.588541269302368164e-01
9.999731183052062988e-01
-3.572964370250701904e-01
9.999669194221496582e-01
6.435059010982513428e-02
9.992073774337768555e-01
-9.987737536430358887e-01
9.999523758888244629e-01
-9.835551381111145020e-01
9.999859333038330078e-01
-5.725882053375244141e-01
9.999847412109375000e-01
-9.827910661697387695e-01
9.999595880508422852e-01
8.305942416191101074e-01
6.542274355888366699e-02
9.957979917526245117e-01
-9.973400235176086426e-01
9.999877214431762695e-01
-9.997877478599548340e-01
9.999682903289794922e-01
-9.527723193168640137e-01
9.999738931655883789e-01
-6.464205384254455566e-01
9.999536871910095215e-01
6.766805052757263184e-01
-3.857966363430023193e-01
9.999035596847534180e-01
-9.961589574813842773e-01
9.999787807464599609e-01
-9.799587726593017578e-01
9.999825358390808105e-01
4.465838074684143066e-01
9.745861887931823730e-01
-9.966318607330322266e-01
9.999496936798095703e-01
-9.986193776130676270e-01
9.999684691429138184e-01
-6.322869062423706055e-01
9.999483227729797363e-01
-7.662023305892944336e-01
9.999325275421142578e-01
-7.841455340385437012e-01
9.999951124191284180e-01
4.349022209644317627e-01
9.936462044715881348e-01
-9.934029579162597656e-01
9.999816417694091797e-01
-9.783430695533752441e-01
9.999947547912597656e-01
2.015647590160369873e-01
9.994388222694396973e-01
-9.927098751068115234e-01
9.999812245368957520e-01
-3.157581984996795654e-01
9.999786019325256348e-01
-9.996712207794189453e-01
9.998871088027954102e-01
-8.891572952270507812e-01
9.999800920486450195e-01
-2.515847422182559967e-02
9.999160170555114746e-01
-9.400805830955505371e-01
9.999644160270690918e-01
-9.822158813476562500e-01
9.999730587005615234e-01
-5.492819547653198242e-01
9.999753236770629883e-01
-2.910597622394561768e-01
9.999772906303405762e-01
2.218979299068450928e-01
8.994869589805603027e-01
-9.987583160400390625e-01
9.999905228614807129e-01
-9.981741309165954590e-01
9.999813437461853027e-01
-7.720713615417480469e-01
9.999846816062927246e-01
-8.853523135185241699e-01
9.999939799308776855e-01
1.652082055807113647e-01
9.994055032730102539e-01
-9.765893220901489258e-01
9.999892711639404297e-01
-7.499230504035949707e-01
9.999820590019226074e-01
-8.296034336090087891e-01
9.999949336051940918e-01
7.668553590774536133e-01
-7.143225073814392090e-01
9.999914765357971191e-01
-8.592768907546997070e-01
9.999915361404418945e-01
-3.344028294086456299e-01
9.999490380287170410e-01
-9.812008738517761230e-01
9.999830722808837891e-01
4.435610473155975342e-01
9.599341750144958496e-01
-9.993117451667785645e-01
9.999913573265075684e-01
-9.945113658905029297e-01
9.999912977218627930e-01
-3.971857428550720215e-01
9.999476075172424316e-01
-9.986519813537597656e-01
9.999838471412658691e-01
-5.473188757896423340e-01
9.999850392341613770e-01
-2.329612970352172852e-01
9.998837113380432129e-01
3.606855124235153198e-02
9.933601021766662598e-01
-9.995002746582031250e-01
9.999140501022338867e-01
-9.992889165878295898e-01
9.999881386756896973e-01
-9.904661774635314941e-01
9.999907612800598145e-01
-5.317605733871459961e-01
9.999670386314392090e-01
-1.646673656068742275e-03
9.996936917304992676e-01
-9.915977120399475098e-01
9.999802708625793457e-01
-9.586811661720275879e-01
9.999892115592956543e-01
-5.828056335449218750e-01
9.999561309814453125e-01
-9.890191555023193359e-01
9.999796748161315918e-01
8.706831932067871094e-01
-2.655951082706451416e-01
9.999750852584838867e-01
-9.768842458724975586e-01
9.999867677688598633e-01
4.935262501239776611e-01
8.000861406326293945e-01
-9.909025430679321289e-01
9.999307990074157715e-01
-9.778338670730590820e-01
9.999905228614807129e-01
-9.661926627159118652e-01
9.999559521675109863e-01
5.803298354148864746e-01
-1.827297061681747437e-01
9.997318983078002930e-01
-9.985291957855224609e-01
9.999775886535644531e-01
-9.990503787994384766e-01
9.999740719795227051e-01
-3.595612943172454834e-01
9.999611973762512207e-01
-9.918341040611267090e-01
9.999916553497314453e-01
2.727058529853820801e-01
9.989941716194152832e-01
-9.973702430725097656e-01
9.999780058860778809e-01
-9.945079684257507324e-01
9.999809265136718750e-01
2.642942667007446289e-01
9.990901947021484375e-01
-9.705939292907714844e-01
9.999794363975524902e-01
-9.979955554008483887e-01
9.999814033508300781e-01
2.584138652309775352e-03
9.999022483825683594e-01
-9.994271397590637207e-01
9.999908208847045898e-01
-9.808648228645324707e-01
9.999901056289672852e-01
3.963673487305641174e-02
9.999481439590454102e-01
-9.900001287460327148e-01
9.999865889549255371e-01
-3.362642824649810791e-01
9.998922944068908691e-01
-8.674269914627075195e-01
9.999834299087524414e-01
-8.605089187622070312e-01
9.999673366546630859e-01
-2.688915133476257324e-01
9.999746680259704590e-01
-8.866980075836181641e-01
9.999437332153320312e-01
6.940668225288391113e-01
9.131938219070434570e-01
-9.989467263221740723e-01
9.999901652336120605e-01
-9.993217587471008301e-01
9.999860525131225586e-01
-9.330201148986816406e-01
9.999076724052429199e-01
-5.408534407615661621e-01
9.999328851699829102e-01
3.044843673706054688e-01
8.938639163970947266e-01
-9.984080791473388672e-01
9.999856948852539062e-01
-9.995349049568176270e-01
9.999743103981018066e-01
-8.964475393295288086e-01
9.999777078628540039e-01
2.759660184383392334e-01
9.764971733093261719e-01
-9.951519370079040527e-01
9.999907016754150391e-01
-9.958425760269165039e-01
9.999188780784606934e-01
1.562136262655258179e-01
9.997168779373168945e-01
-9.998626112937927246e-01
9.999852180480957031e-01
-9.790320396423339844e-01
9.999872446060180664e-01
-2.939324378967285156e-01
9.999632239341735840e-01
1.181649789214134216e-01
9.977825284004211426e-01
-9.993365406990051270e-01
9.999774098396301270e-01
-9.986279606819152832e-01
9.999676346778869629e-01
-5.839270949363708496e-01
9.999755620956420898e-01
-9.937953352928161621e-01
9.999881982803344727e-01
1.858726590871810913e-01
9.995657205581665039e-01
-9.250988364219665527e-01
9.999836087226867676e-01
-9.849734902381896973e-01
9.999768137931823730e-01
7.311707735061645508e-01
6.501035094261169434e-01
-9.586138725280761719e-01
9.999814629554748535e-01
-9.398320317268371582e-01
9.999666810035705566e-01
-3.970970511436462402e-01
9.999738931655883789e-01
-9.747792482376098633e-01
9.999924302101135254e-01
4.711354076862335205e-01
8.809574246406555176e-01
-9.984863400459289551e-01
9.999939203262329102e-01
-9.988169670104980469e-01
9.999792575836181641e-01
-7.322298884391784668e-01
9.999911785125732422e-01
-9.591350555419921875e-01
9.999834895133972168e-01
4.995937049388885498e-01
8.629634976387023926e-01
-9.592092633247375488e-01
9.999734163284301758e-01
-9.975877404212951660e-01
9.999533891677856445e-01
8.960048854351043701e-02
9.997929334640502930e-01
-9.947819113731384277e-01
9.999797940254211426e-01
9.801723808050155640e-02
9.997088909149169922e-01
-9.987916946411132812e-01
9.999911189079284668e-01
-9.970425963401794434e-01
9.999648928642272949e-01
-6.914533376693725586e-01
9.999632239341735840e-01
5.082987546920776367e-01
6.233584880828857422e-01
-9.915525317192077637e-01
9.999963045120239258e-01
-9.970589876174926758e-01
9.999614357948303223e-01
-7.857044339179992676e-01
9.999923110008239746e-01
-6.951137185096740723e-01
9.999832510948181152e-01
8.232274651527404785e-01
-2.332781553268432617e-01
9.997867941856384277e-01
-9.969388246536254883e-01
9.999884366989135742e-01
-7.716833949089050293e-01
9.999834299087524414e-01
-3.350093662738800049e-01
9.999612569808959961e-01
-6.156921982765197754e-01
9.999651908874511719e-01
-9.936571121215820312e-01
9.999865293502807617e-01
-1.920916885137557983e-01
9.999479651451110840e-01
-9.781590700149536133e-01
9.999890923500061035e-01
6.275530159473419189e-02
9.994454979896545410e-01
-9.979888796806335449e-01
9.999871253967285156e-01
-9.726707935333251953e-01
9.999688267707824707e-01
7.420632243156433105e-02
9.993687868118286133e-01
-8.985018134117126465e-01
9.999837875366210938e-01
-9.837605357170104980e-01
9.999648332595825195e-01
-9.150941967964172363e-01
9.999548792839050293e-01
5.926495194435119629e-01
9.193814396858215332e-01
-9.965572357177734375e-01
9.999750256538391113e-01
-9.736042022705078125e-01
9.999909400939941406e-01
1.313837617635726929e-02
9.999604225158691406e-01
-9.806456565856933594e-01
9.999860525131225586e-01
-9.676395654678344727e-01
9.999973177909851074e-01
3.111727535724639893e-01
9.972826838493347168e-01
-9.983593225479125977e-01
9.999871850013732910e-01
-9.993591308593750000e-01
9.999904036521911621e-01
-6.507998108863830566e-01
9.999195933341979980e-01
3.887236714363098145e-01
9.558234214782714844e-01
-9.971035122871398926e-01
9.999676346778869629e-01
-9.977331161499023438e-01
9.999811053276062012e-01
-5.381518602371215820e-01
9.999942183494567871e-01
-9.951098561286926270e-01
9.999674558639526367e-01
4.433174729347229004e-01
7.712588310241699219e-01
-9.758064746856689453e-01
9.999703764915466309e-01
-9.882506132125854492e-01
9.999912381172180176e-01
2.142387330532073975e-01
9.985397458076477051e-01
-9.961521625518798828e-01
9.999848008155822754e-01
-9.916756749153137207e-01
9.999890923500061035e-01
6.684399247169494629e-01
-8.235328793525695801e-01
9.999754428863525391e-01
-1.119877491146326065e-02
9.995739459991455078e-01
-9.982502460479736328e-01
9.999945163726806641e-01
-9.734913706779479980e-01
9.999762773513793945e-01
-6.648729443550109863e-01
9.999872446060180664e-01
-9.487078189849853516e-01
9.999806284904479980e-01
4.761167764663696289e-01
9.969782233238220215e-01
-9.777848720550537109e-01
9.999420046806335449e-01
-9.857575893402099609e-01
9.999860525131225586e-01
7.575374841690063477e-01
-8.975628018379211426e-01
9.999858736991882324e-01
-9.687218070030212402e-01
9.999976158142089844e-01
7.279077768325805664e-01
-5.860533714294433594e-01
9.999760985374450684e-01
-9.934515953063964844e-01
9.999867081642150879e-01
7.074226737022399902e-01
-8.230478763580322266e-01
9.999635815620422363e-01
-7.029846906661987305e-01
9.999727606773376465e-01
-9.986492991447448730e-01
9.999911189079284668e-01
5.028116703033447266e-02
9.997877478599548340e-01
-9.939202070236206055e-01
9.999608397483825684e-01
-9.469775557518005371e-01
9.999743103981018066e-01
8.127244114875793457e-01
7.845085859298706055e-01
-9.959536194801330566e-01
9.999755620956420898e-01
-9.993262887001037598e-01
9.999904036521911621e-01
-4.639177620410919189e-01
9.999655485153198242e-01
-9.956688284873962402e-01
9.999848604202270508e-01
4.905099272727966309e-01
4.431898295879364014e-01
-1.650560200214385986e-01
9.995605349540710449e-01
-9.998688101768493652e-01
9.999791979789733887e-01
-9.996460676193237305e-01
9.999590516090393066e-01
-9.900661706924438477e-01
9.999646544456481934e-01
7.100308686494827271e-02
9.994252324104309082e-01
-9.467303752899169922e-01
9.999825358390808105e-01
-6.113717555999755859e-01
9.999750852584838867e-01
-9.958904385566711426e-01
9.999896883964538574e-01
-8.625508546829223633e-01
9.999817609786987305e-01
8.163126111030578613e-01
-1.543627213686704636e-02
9.997910857200622559e-01
-9.848396182060241699e-01
9.999819993972778320e-01
-6.717938184738159180e-01
9.999645948410034180e-01
2.319052964448928833e-01
9.958571195602416992e-01
-9.985355138778686523e-01
9.999817609786987305e-01
-9.997171163558959961e-01
9.999477267265319824e-01
-9.498267769813537598e-01
9.999881982803344727e-01
-8.957630395889282227e-01
9.999840259552001953e-01
2.601718008518218994e-01
9.995636940002441406e-01
-9.174139499664306641e-01
9.999771714210510254e-01
-7.448385357856750488e-01
9.999793767929077148e-01
-9.799610972404479980e-01
9.999752044677734375e-01
8.739778399467468262e-01
-1.374074369668960571e-01
9.999095201492309570e-01
-9.988143444061279297e-01
9.999787807464599609e-01
-9.768589138984680176e-01
9.999925494194030762e-01
-2.255018614232540131e-02
9.997127652168273926e-01
-6.515531539916992188e-01
9.999555945396423340e-01
-9.989603757858276367e-01
9.999839067459106445e-01
-9.622000455856323242e-01
9.999759197235107422e-01
-1.826887764036655426e-02
9.998854398727416992e-01
-3.331110179424285889e-01
9.998632669448852539e-01
-9.997464418411254883e-01
9.999964833259582520e-01
-9.842432141304016113e-01
9.999868869781494141e-01
3.976012468338012695e-01
9.617978930473327637e-01
-9.848062396049499512e-01
9.999936223030090332e-01
-9.993017911911010742e-01
9.999627470970153809e-01
-9.495610594749450684e-01
9.999744892120361328e-01
5.730653405189514160e-01
4.637674689292907715e-01
5.779916048049926758e-01
-9.950327277183532715e-01
9.999276995658874512e-01
-9.989554882049560547e-01
9.999819993972778320e-01
1.703764647245407104e-01
9.984666705131530762e-01
-8.298938274383544922e-01
9.999908208847045898e-01
-9.993327856063842773e-01
9.999930858612060547e-01
-9.955325722694396973e-01
9.999554157257080078e-01
1.662207394838333130e-01
9.997541308403015137e-01
-9.612067341804504395e-01
9.999868869781494141e-01
-9.049448370933532715e-01
9.999920725822448730e-01
6.763115525245666504e-01
9.135279655456542969e-01
-9.984620213508605957e-01
9.999514818191528320e-01
-9.887579679489135742e-01
9.999883174896240234e-01
-8.480207920074462891e-01
9.999862909317016602e-01
3.416348695755004883e-01
9.815679788589477539e-01
-9.955991506576538086e-01
9.999939203262329102e-01
-9.987434148788452148e-01
9.999940991401672363e-01
-6.165050864219665527e-01
9.999617338180541992e-01
-9.356266856193542480e-01
9.999865293502807617e-01
7.508719563484191895e-01
-1.645550727844238281e-01
9.992644190788269043e-01
-9.984838366508483887e-01
9.999875426292419434e-01
-7.787203788757324219e-01
9.999841451644897461e-01
-5.961797833442687988e-01
9.999842643737792969e-01
5.821253657341003418e-01
-6.551234722137451172e-01
9.999701380729675293e-01
-9.961884021759033203e-01
9.999760389328002930e-01
-9.876864552497863770e-01
9.999938011169433594e-01
8.545055985450744629e-01
-9.868249893188476562e-01
9.999507069587707520e-01
6.960605978965759277e-01
-9.238736033439636230e-01
9.999938011169433594e-01
-9.750823378562927246e-01
9.999688267707824707e-01
8.881379365921020508e-01
3.624064326286315918e-01
-6.908636689186096191e-01
9.999580979347229004e-01
-9.991408586502075195e-01
9.999343156814575195e-01
-4.461311101913452148e-01
9.999130964279174805e-01
-9.571427702903747559e-01
9.999947547912597656e-01
2.682865858078002930e-01
9.928060770034790039e-01
-9.988195300102233887e-01
9.999778270721435547e-01
-9.970231056213378906e-01
9.999955296516418457e-01
-3.629367649555206299e-01
9.999853968620300293e-01
1.016023103147745132e-02
9.972676038742065430e-01
-9.996394515037536621e-01
9.999769330024719238e-01
-9.945669174194335938e-01
9.999775290489196777e-01
-8.923979997634887695e-01
9.999729394912719727e-01
-1.482472419738769531e-01
9.999744296073913574e-01
-4.170446991920471191e-01
9.999428987503051758e-01
-9.975730180740356445e-01
9.999904036521911621e-01
-9.749122262001037598e-01
9.999685287475585938e-01
8.309953808784484863e-01
-8.812427520751953125e-01
9.999936819076538086e-01
-9.495692849159240723e-01
9.999794363975524902e-01
8.880264163017272949e-01
-4.916137456893920898e-01
9.999363422393798828e-01
-9.944958686828613281e-01
9.999918937683105469e-01
1.806356161832809448e-01
9.994103312492370605e-01
-9.993936419486999512e-01
9.999865889549255371e-01
-8.000607490539550781e-01
9.999951720237731934e-01
-9.959503412246704102e-01
9.999884366989135742e-01
-2.127415984869003296e-01
9.999512434005737305e-01
1.775890290737152100e-01
8.171645998954772949e-01
-9.985718131065368652e-01
9.999824166297912598e-01
-9.989438056945800781e-01
9.999771118164062500e-01
-8.685392141342163086e-01
9.999864697456359863e-01
6.989125162363052368e-02
9.998990297317504883e-01
-9.525582790374755859e-01
9.999794363975524902e-01
-7.986910939216613770e-01
9.999852180480957031e-01
-9.511389136314392090e-01
9.999891519546508789e-01
9.043805003166198730e-01
-4.522382318973541260e-01
9.999361038208007812e-01
-9.987742900848388672e-01
9.999489784240722656e-01
-5.674875974655151367e-01
9.999868869781494141e-01
8.989141881465911865e-02
9.988913536071777344e-01
-9.989153742790222168e-01
9.999635219573974609e-01
-9.854077696800231934e-01
9.999768137931823730e-01
-6.054775118827819824e-01
9.999474883079528809e-01
-7.838349938392639160e-01
9.999849200248718262e-01
2.755564451217651367e-01
9.975436329841613770e-01
-9.963244199752807617e-01
9.999850392341613770e-01
-9.940284490585327148e-01
9.999795556068420410e-01
-5.163618922233581543e-01
9.999894499778747559e-01
-9.572547078132629395e-01
9.999870657920837402e-01
6.007483601570129395e-01
8.845576643943786621e-01
-9.932956099510192871e-01
9.999918341636657715e-01
-9.352662563323974609e-01
9.999613761901855469e-01
5.345881730318069458e-02
9.998568296432495117e-01
-9.963373541831970215e-01
9.999617338180541992e-01
-9.722921848297119141e-01
9.999822974205017090e-01
-9.045258760452270508e-01
9.999645352363586426e-01
7.843267321586608887e-01
-9.353705644607543945e-01
9.999740719795227051e-01
-2.210527807474136353e-01
9.999082088470458984e-01
-9.956687092781066895e-01
9.999718666076660156e-01
1.318514645099639893e-01
9.997062683105468750e-01
-9.959719181060791016e-01
9.999935626983642578e-01
-8.503746390342712402e-01
9.999876022338867188e-01
-8.785708546638488770e-01
9.999646544456481934e-01
6.770169734954833984e-01
5.301967263221740723e-01
-9.482300281524658203e-01
9.999606013298034668e-01
-9.861004352569580078e-01
9.999942183494567871e-01
8.403627276420593262e-01
-9.844189882278442383e-01
9.999611973762512207e-01
-9.873175024986267090e-01
9.999805092811584473e-01
1.346755921840667725e-01
9.999299645423889160e-01
-9.982386231422424316e-01
9.999793767929077148e-01
-9.505518674850463867e-01
9.999847412109375000e-01
5.939337611198425293e-01
9.525079727172851562e-01
-9.966733455657958984e-01
9.999870061874389648e-01
-9.978163242340087891e-01
9.999631047248840332e-01
9.910674393177032471e-02
9.994937777519226074e-01
-9.998379349708557129e-01
9.999559521675109863e-01
-9.994843602180480957e-01
9.999864101409912109e-01
-9.668620824813842773e-01
9.999831914901733398e-01
-3.389504253864288330e-01
9.999791383743286133e-01
6.821531057357788086e-01
-9.590970277786254883e-01
9.999613761901855469e-01
-8.885847777128219604e-02
9.999427795410156250e-01
-9.966323971748352051e-01
9.999884366989135742e-01
-9.681089520454406738e-01
9.999866485595703125e-01
4.029573500156402588e-01
9.781949520111083984e-01
-9.985738396644592285e-01
9.999870061874389648e-01
-9.957416653633117676e-01
9.999496936798095703e-01
-4.284519553184509277e-01
9.999624490737915039e-01
-1.458590924739837646e-01
9.999313950538635254e-01
-9.991672039031982422e-01
9.999880194664001465e-01
-9.987077713012695312e-01
9.999840259552001953e-01
-3.651698529720306396e-01
9.998692870140075684e-01
-9.868513941764831543e-01
9.999955892562866211e-01
6.071282029151916504e-01
8.715823292732238770e-01
-9.969690442085266113e-01
9.999943971633911133e-01
-9.575331807136535645e-01
9.999839067459106445e-01
-1.245723515748977661e-01
9.999731779098510742e-01
-6.800950765609741211e-01
9.999746680259704590e-01
-9.981002211570739746e-01
9.999741315841674805e-01
-9.716317057609558105e-01
9.999873042106628418e-01
5.135037302970886230e-01
7.767575383186340332e-01
-9.855930805206298828e-01
9.999815225601196289e-01
-7.691639065742492676e-01
9.999844431877136230e-01
-9.379360675811767578e-01
9.999809861183166504e-01
6.277328133583068848e-01
9.681661128997802734e-01
-9.957782626152038574e-01
9.999268054962158203e-01
-9.957504868507385254e-01
9.999932646751403809e-01
1.316133141517639160e-02
9.997050762176513672e-01
-9.993356466293334961e-01
9.999882578849792480e-01
-9.058733582496643066e-01
9.999839663505554199e-01
-9.861347675323486328e-01
9.999896883964538574e-01
-8.887496590614318848e-02
9.998923540115356445e-01
-9.813420772552490234e-01
9.999842047691345215e-01
-2.131955325603485107e-01
9.999507665634155273e-01
-9.797713756561279297e-01
9.999796748161315918e-01
8.317310810089111328e-01
-5.235618352890014648e-01
9.999649524688720703e-01
-9.867237210273742676e-01
9.999938607215881348e-01
-1.224767975509166718e-02
9.997948408126831055e-01
-9.804010391235351562e-01
9.999650716781616211e-01
-9.979924559593200684e-01
9.999685883522033691e-01
-7.056767940521240234e-01
9.999839663505554199e-01
5.276294350624084473e-01
-5.822970271110534668e-01
9.999908804893493652e-01
-9.695903062820434570e-01
9.999777674674987793e-01
2.108427584171295166e-01
9.989212751388549805e-01
-9.982669949531555176e-01
9.999695420265197754e-01
-9.952344894409179688e-01
9.999861717224121094e-01
-2.302051484584808350e-01
9.996165633201599121e-01
-1.471994966268539429e-01
9.998601078987121582e-01
-9.995606541633605957e-01
9.999591112136840820e-01
-9.944611191749572754e-01
9.999747872352600098e-01
-4.985951483249664307e-01
9.999921917915344238e-01
-9.979749917984008789e-01
9.999867677688598633e-01
4.463791556190699339e-04
9.999191164970397949e-01
-9.533139467239379883e-01
9.999553561210632324e-01
-9.641174077987670898e-01
9.999369978904724121e-01
9.541510939598083496e-01
1.767603456974029541e-01
9.813670516014099121e-01
-9.993764162063598633e-01
9.999882578849792480e-01
-9.991061687469482422e-01
9.999847412109375000e-01
-9.362206459045410156e-01
9.999923706054687500e-01
-8.886678814888000488e-01
9.999948740005493164e-01
3.129442632198333740e-01
9.928774237632751465e-01
-9.959155321121215820e-01
9.999838471412658691e-01
-9.709192514419555664e-01
9.999904036521911621e-01
7.341386079788208008e-01
-8.885517716407775879e-01
9.999868273735046387e-01
-9.963216185569763184e-01
9.999867677688598633e-01
8.116531968116760254e-01
1.560835447162389755e-02
9.990152120590209961e-01
-9.996539354324340820e-01
9.999771118164062500e-01
-9.995369911193847656e-01
9.999737739562988281e-01
-6.979976296424865723e-01
9.999774694442749023e-01
-8.750312328338623047e-01
9.999893903732299805e-01
8.939906954765319824e-02
9.997522234916687012e-01
-9.939404129981994629e-01
9.999899268150329590e-01
-9.780706167221069336e-01
9.999983906745910645e-01
8.105304092168807983e-02
9.999036192893981934e-01
-9.723834395408630371e-01
9.999772310256958008e-01
2.742490470409393311e-01
9.983069300651550293e-01
-9.970723390579223633e-01
9.999777674674987793e-01
-9.899927377700805664e-01
9.999896287918090820e-01
-9.245715737342834473e-01
9.999743103981018066e-01
-3.727689385414123535e-01
9.999815821647644043e-01
-6.121242642402648926e-01
9.999585151672363281e-01
-3.049519062042236328e-01
9.999758005142211914e-01
-4.509112536907196045e-01
9.999397397041320801e-01
-9.977928400039672852e-01
9.999849200248718262e-01
-3.561945259571075439e-01
9.999794363975524902e-01
-9.944627881050109863e-01
9.999818801879882812e-01
-4.218898713588714600e-01
9.999521970748901367e-01
-8.352146744728088379e-01
9.999851584434509277e-01
-7.168114781379699707e-01
9.999873042106628418e-01
5.379486680030822754e-01
-1.149449124932289124e-01
9.999538064002990723e-01
-9.980047345161437988e-01
9.999604225158691406e-01
-9.632716774940490723e-01
9.999739527702331543e-01
3.974836170673370361e-01
9.330158233642578125e-01
-9.968754053115844727e-01
9.999818801879882812e-01
-9.971525669097900391e-01
9.999673366546630859e-01
-8.553224802017211914e-01
9.999858140945434570e-01
-8.913396596908569336e-01
9.999880790710449219e-01
7.794052362442016602e-01
6.734697818756103516e-01
-9.566575884819030762e-01
9.999753832817077637e-01
-9.867081046104431152e-01
9.999787211418151855e-01
9.102039039134979248e-02
9.997994303703308105e-01
-9.976693391799926758e-01
9.999735951423645020e-01
-1.310267578810453415e-02
9.996511340141296387e-01
-9.998159408569335938e-01
9.999422430992126465e-01
-9.880461096763610840e-01
9.999810457229614258e-01
4.877392575144767761e-02
9.995257258415222168e-01
-9.343875646591186523e-01
9.999821186065673828e-01
-9.774890542030334473e-01
9.999599456787109375e-01
-9.877997040748596191e-01
9.999895691871643066e-01
3.358429372310638428e-01
9.992848038673400879e-01
-9.806369543075561523e-01
9.999883770942687988e-01
2.261106371879577637e-01
9.974149465560913086e-01
-9.995301961898803711e-01
9.999794960021972656e-01
-9.928738474845886230e-01
9.999911785125732422e-01
-8.520594239234924316e-01
9.999480843544006348e-01
-8.620331883430480957e-01
9.999918341636657715e-01
7.028738260269165039e-01
5.466333627700805664e-01
-7.982234358787536621e-01
9.999885559082031250e-01
-9.950799942016601562e-01
9.999966025352478027e-01
1.312268525362014771e-01
9.994314908981323242e-01
-9.962303638458251953e-01
9.999874234199523926e-01
-9.843329191207885742e-01
9.999664425849914551e-01
7.699834108352661133e-01
-9.110029935836791992e-01
9.999773502349853516e-01
-6.867163181304931641e-01
9.999646544456481934e-01
-9.283072352409362793e-01
9.999911785125732422e-01
9.445081353187561035e-01
-9.871209859848022461e-01
9.999719262123107910e-01
-8.719309568405151367e-01
9.999774694442749023e-01
7.030944228172302246e-01
8.138061165809631348e-01
-9.981834292411804199e-01
9.999904632568359375e-01
-9.990387558937072754e-01
9.999819397926330566e-01
-8.779993057250976562e-01
9.999470710754394531e-01
5.478988960385322571e-02
9.997925162315368652e-01
-9.800846576690673828e-01
9.999819397926330566e-01
-9.988244175910949707e-01
9.999552369117736816e-01
3.522842228412628174e-01
8.184173107147216797e-01
-9.944338798522949219e-01
9.999717473983764648e-01
-9.068372249603271484e-01
9.999859929084777832e-01
-8.101300597190856934e-01
9.999700188636779785e-01
-4.995942860841751099e-02
9.998809099197387695e-01
-6.681619286537170410e-01
9.999718666076660156e-01
-8.502534031867980957e-01
9.999596476554870605e-01
3.532143533229827881e-01
9.979911446571350098e-01
-9.970464110374450684e-01
9.999890923500061035e-01
-9.840805530548095703e-01
9.999834299087524414e-01
-5.894925594329833984e-01
9.999833106994628906e-01
-9.614596366882324219e-01
9.999368190765380859e-01
-3.484799861907958984e-01
9.999870657920837402e-01
-5.390049219131469727e-01
9.999758005142211914e-01
-7.592929601669311523e-01
9.999802708625793457e-01
-5.870326757431030273e-01
9.999564290046691895e-01
-2.715351283550262451e-01
9.999257922172546387e-01
-9.830367565155029297e-01
9.999817013740539551e-01
3.700516819953918457e-01
9.973246455192565918e-01
-9.996101260185241699e-01
9.999772906303405762e-01
-9.963242411613464355e-01
9.999740123748779297e-01
-8.447440266609191895e-01
9.999755024909973145e-01
-9.235470890998840332e-01
9.999630451202392578e-01
4.260027706623077393e-01
9.970252513885498047e-01
-9.942610859870910645e-01
9.999712109565734863e-01
-9.937620162963867188e-01
9.999831914901733398e-01
7.450437545776367188e-01
-7.786877751350402832e-01
9.999869465827941895e-01
-9.988031983375549316e-01
9.999905228614807129e-01
-9.477396309375762939e-02
9.999592900276184082e-01
-9.824501276016235352e-01
9.999684095382690430e-01
1.723966896533966064e-01
9.950171709060668945e-01
-9.987888336181640625e-01
9.999851584434509277e-01
-9.691562652587890625e-01
9.999648332595825195e-01
-7.091376781463623047e-01
9.999884963035583496e-01
-9.936019778251647949e-01
9.999854564666748047e-01
6.320839524269104004e-01
8.910157084465026855e-01
-9.857099652290344238e-01
9.999825954437255859e-01
-9.938319921493530273e-01
9.999861121177673340e-01
5.210338234901428223e-01
-2.703047394752502441e-01
9.999649524688720703e-01
-9.968885183334350586e-01
9.999509453773498535e-01
-9.897809624671936035e-01
9.999879002571105957e-01
1.415256261825561523e-01
9.987490177154541016e-01
-9.574578404426574707e-01
9.999290108680725098e-01
-8.866884112358093262e-01
9.999883770942687988e-01
-8.326952457427978516e-01
9.999650120735168457e-01
3.937763273715972900e-01
9.886024594306945801e-01
-9.968630671501159668e-01
9.999886751174926758e-01
-6.623538732528686523e-01
9.999581575393676758e-01
-9.512754082679748535e-01
9.999822378158569336e-01
-5.966560840606689453e-01
9.999755024909973145e-01
8.240259289741516113e-01
-8.417214751243591309e-01
9.999803900718688965e-01
-9.967244267463684082e-01
9.999701380729675293e-01
8.608311414718627930e-01
-9.732252359390258789e-01
9.999455809593200684e-01
-4.292894303798675537e-01
9.999769926071166992e-01
-9.978896975517272949e-01
9.999901652336120605e-01
1.026837527751922607e-01
9.997120499610900879e-01
-9.349740743637084961e-01
9.999811053276062012e-01
-9.978205561637878418e-01
9.999824762344360352e-01
-9.588626623153686523e-01
9.999890327453613281e-01
9.411665797233581543e-01
-9.899064302444458008e-01
9.999582767486572266e-01
-1.125577762722969055e-01
9.996024370193481445e-01
-9.988456964492797852e-01
9.999644756317138672e-01
-6.352829337120056152e-01
9.999571442604064941e-01
-5.516003966331481934e-01
9.998795986175537109e-01
5.399889349937438965e-01
-5.501881837844848633e-01
9.999800324440002441e-01
-9.971777200698852539e-01
9.999802112579345703e-01
1.010660901665687561e-01
9.996080994606018066e-01
-9.790737032890319824e-01
9.999768733978271484e-01
-9.979299902915954590e-01
9.999620914459228516e-01
-9.539752602577209473e-01
9.999931454658508301e-01
-2.380687184631824493e-02
9.999061226844787598e-01
1.412309706211090088e-02
9.955344200134277344e-01
-9.996603131294250488e-01
9.999597668647766113e-01
-9.965362548828125000e-01
9.999610781669616699e-01
-7.739990353584289551e-01
9.999855160713195801e-01
-3.934972286224365234e-01
9.999726414680480957e-01
-7.355985045433044434e-01
9.999919533729553223e-01
-6.367997527122497559e-01
9.999914169311523438e-01
-7.857855558395385742e-01
9.999622702598571777e-01
6.170715093612670898e-01
4.509563148021697998e-01
-4.304081201553344727e-01
9.999503493309020996e-01
-9.981461763381958008e-01
9.999904632568359375e-01
-7.502499222755432129e-01
9.999719858169555664e-01
-8.750883340835571289e-01
9.999918341636657715e-01
-8.005264997482299805e-01
9.999785423278808594e-01
8.365040421485900879e-01
4.694281518459320068e-01
-2.084229439496994019e-01
9.996639490127563477e-01
-9.994392395019531250e-01
9.999427795410156250e-01
-9.979956746101379395e-01
9.999859333038330078e-01
-7.682751417160034180e-01
9.999857544898986816e-01
-5.311558488756418228e-03
9.994084239006042480e-01
-9.991207122802734375e-01
9.999738931655883789e-01
-9.874958992004394531e-01
9.999896883964538574e-01
4.351948797702789307e-01
4.941253364086151123e-01
-2.826340198516845703e-01
9.998648762702941895e-01
-9.974170923233032227e-01
9.999829530715942383e-01
-9.921631813049316406e-01
9.999887347221374512e-01
-2.997104227542877197e-01
9.999468326568603516e-01
-9.875474572181701660e-01
9.999718070030212402e-01
2.727117836475372314e-01
9.962852597236633301e-01
-9.975253939628601074e-01
9.999838471412658691e-01
-9.823226332664489746e-01
9.999920725822448730e-01
1.938232183456420898e-01
9.982944130897521973e-01
-9.940084815025329590e-01
9.999812841415405273e-01
-9.840734601020812988e-01
9.999787211418151855e-01
5.468057990074157715e-01
8.441147208213806152e-02
9.993367195129394531e-01
-9.994870424270629883e-01
9.999894499778747559e-01
-9.979795813560485840e-01
9.999546408653259277e-01
-9.196332097053527832e-01
9.999906420707702637e-01
3.775364458560943604e-01
9.937413930892944336e-01
-9.992103576660156250e-01
9.999917745590209961e-01
-9.996214509010314941e-01
9.999019503593444824e-01
2.303761690855026245e-01
9.932765364646911621e-01
-9.986934661865234375e-01
9.999785423278808594e-01
-9.825000762939453125e-01
9.999637603759765625e-01
-8.497868776321411133e-01
9.999676942825317383e-01
5.212741494178771973e-01
2.303821891546249390e-01
9.938448667526245117e-01
-9.993047714233398438e-01
9.999921917915344238e-01
-9.981841444969177246e-01
9.999601840972900391e-01
-5.984191298484802246e-01
9.999097585678100586e-01
-9.448559284210205078e-01
9.999810457229614258e-01
1.003726348280906677e-01
9.992927312850952148e-01
-9.255086779594421387e-01
9.999735951423645020e-01
-8.492507934570312500e-01
9.999711513519287109e-01
6.415601968765258789e-01
2.859490811824798584e-01
8.724957704544067383e-01
-9.993368387222290039e-01
9.999823570251464844e-01
-9.974272251129150391e-01
9.999783039093017578e-01
-9.310760498046875000e-01
9.999679327011108398e-01
-1.150259152054786682e-01
9.998553991317749023e-01
-9.666761755943298340e-01
9.999831914901733398e-01
-3.596625030040740967e-01
9.999319314956665039e-01
-7.568175196647644043e-01
9.999848604202270508e-01
-9.858391284942626953e-01
9.999657869338989258e-01
4.033040702342987061e-01
9.884694814682006836e-01
-9.972031712532043457e-01
9.999518990516662598e-01
-6.608890295028686523e-01
9.999546408653259277e-01
-9.871160387992858887e-01
9.999257922172546387e-01
-6.768718361854553223e-01
9.999601244926452637e-01
4.020550251007080078e-01
9.851598143577575684e-01
-9.971660375595092773e-01
9.999585747718811035e-01
-9.971852898597717285e-01
9.999768137931823730e-01
-5.159690380096435547e-01
9.998898506164550781e-01
-9.599416255950927734e-01
9.999774694442749023e-01
3.110622763633728027e-01
9.978364706039428711e-01
-9.991135597229003906e-01
9.999891519546508789e-01
-9.792375564575195312e-01
9.999466538429260254e-01
3.904026746749877930e-01
9.722869396209716797e-01
-9.977628588676452637e-01
9.999831318855285645e-01
-9.937651753425598145e-01
9.999830126762390137e-01
-8.652389645576477051e-01
9.999930262565612793e-01
-2.635546028614044189e-01
9.998472929000854492e-01
-9.954204559326171875e-01
9.999881982803344727e-01
7.307682633399963379e-01
-8.543822765350341797e-01
9.999760985374450684e-01
-9.917768239974975586e-01
9.999856352806091309e-01
9.801067113876342773e-01
-7.570841312408447266e-01
9.999572038650512695e-01
-9.759005308151245117e-01
9.999837875366210938e-01
7.412180304527282715e-01
-4.942514374852180481e-02
9.991583228111267090e-01
-9.987422823905944824e-01
9.999831914901733398e-01
-9.973402023315429688e-01
9.999639987945556641e-01
-9.762154817581176758e-01
9.999772310256958008e-01
-1.183544546365737915e-01
9.999265074729919434e-01
-9.923394918441772461e-01
9.999907016754150391e-01
-9.880862832069396973e-01
9.999935626983642578e-01
8.756283521652221680e-01
4.229748249053955078e-01
-6.840412020683288574e-01
9.999817013740539551e-01
-9.957773089408874512e-01
9.999388456344604492e-01
-5.389299988746643066e-01
9.999884366989135742e-01
-5.974985957145690918e-01
9.997411370277404785e-01
1.511199176311492920e-01
9.968484640121459961e-01
-9.993231892585754395e-01
9.999930262565612793e-01
-9.989520907402038574e-01
9.999841451644897461e-01
-5.380582809448242188e-01
9.999734759330749512e-01
-9.889008998870849609e-01
9.999567270278930664e-01
2.445024996995925903e-01
9.989946484565734863e-01
-9.935825467109680176e-01
9.999529123306274414e-01
-8.465007543563842773e-01
9.999753236770629883e-01
-9.620467573404312134e-02
9.994096755981445312e-01
-9.927271008491516113e-01
9.999889731407165527e-01
-9.989529848098754883e-01
-9.998682737350463867e-01
-9.999274611473083496e-01
-9.805981516838073730e-01
-8.625469207763671875e-01
5.857775807380676270e-01
6.340593099594116211e-01
7.193917632102966309e-01
7.584779858589172363e-01
6.767522096633911133e-01
6.430265307426452637e-01
7.367313504219055176e-01
6.394152045249938965e-01
-1.680818349123001099e-01
7.646463513374328613e-01
-7.707563638687133789e-01
9.927731752395629883e-01
-9.222251772880554199e-01
9.979854226112365723e-01
1.376348882913589478e-01
7.454155683517456055e-01
-6.491918563842773438e-01
9.956946372985839844e-01
-6.981577277183532715e-01
9.961627721786499023e-01
1.752904355525970459e-01
7.656726837158203125e-01
-8.274081945419311523e-01
9.965178370475769043e-01
-9.265105128288269043e-01
9.999043941497802734e-01
5.339093208312988281e-01
4.110027849674224854e-01
-1.841634660959243774e-01
9.250712990760803223e-01
-8.975088000297546387e-01
9.995533823966979980e-01
-9.835386276245117188e-01
9.996578693389892578e-01
-2.093057632446289062e-01
9.983279109001159668e-01
-5.446336865425109863e-01
9.916957616806030273e-01
-9.502306580543518066e-01
9.997482299804687500e-01
-7.488700151443481445e-01
9.999065399169921875e-01
-1.673147454857826233e-02
9.984363317489624023e-01
-7.978886961936950684e-01
9.998939633369445801e-01
-9.666559696197509766e-01
9.999693632125854492e-01
1.425983160734176636e-01
9.955017566680908203e-01
-5.899637341499328613e-01
9.996466636657714844e-01
-9.910112023353576660e-01
9.998681545257568359e-01
-6.207372546195983887e-01
9.998624324798583984e-01
-9.225156903266906738e-01
9.999648332595825195e-01
7.251776456832885742e-01
1.328976750373840332e-01
6.401057243347167969e-01
-9.918351769447326660e-01
9.999368786811828613e-01
-9.987303018569946289e-01
9.999963641166687012e-01
-8.405466079711914062e-01
9.999862313270568848e-01
2.762783467769622803e-01
9.888857007026672363e-01
-8.872976303100585938e-01
9.998762011528015137e-01
-7.415253520011901855e-01
9.999740123748779297e-01
-8.684860467910766602e-01
9.999504089355468750e-01
-1.988540142774581909e-01
9.999225735664367676e-01
-3.895078301429748535e-01
9.996833801269531250e-01
-9.583599567413330078e-01
9.998515248298645020e-01
-7.917404174804687500e-01
9.999712705612182617e-01
5.772061347961425781e-01
4.572965800762176514e-01
-6.094883084297180176e-01
9.999338388442993164e-01
-9.712527394294738770e-01
9.999825358390808105e-01
-9.652456641197204590e-01
9.999399781227111816e-01
5.919252038002014160e-01
7.793939113616943359e-01
-7.880203127861022949e-01
9.996792078018188477e-01
-9.986376166343688965e-01
9.999756217002868652e-01
-9.950040578842163086e-01
9.999734163284301758e-01
-3.164675533771514893e-01
9.999370574951171875e-01
-9.744530916213989258e-01
9.999903440475463867e-01
6.387215852737426758e-01
6.639842987060546875e-01
-7.874952554702758789e-01
9.999626874923706055e-01
-9.909794330596923828e-01
9.999698996543884277e-01
-4.172067344188690186e-01
9.999120235443115234e-01
-7.754551768302917480e-01
9.999307990074157715e-01
5.148014426231384277e-01
6.284071803092956543e-01
-9.781048893928527832e-01
9.998715519905090332e-01
-9.990381002426147461e-01
9.999876022338867188e-01
-9.346190094947814941e-01
9.999634027481079102e-01
4.326319098472595215e-01
