-9.139977693557739258e-01
4.416044428944587708e-02
-5.294539332389831543e-01
9.094853997230529785e-01
7.271641492843627930e-01
8.989429473876953125e-01
3.907756805419921875e-01
-7.975766062736511230e-01
9.840613007545471191e-01
9.558162689208984375e-01
8.437922596931457520e-01
8.002438545227050781e-01
3.870134353637695312e-01
7.292281985282897949e-01
-8.344669938087463379e-01
-4.379319250583648682e-01
4.005517065525054932e-02
9.530251026153564453e-01
5.583857297897338867e-01
5.857185721397399902e-01
-8.963429331779479980e-01
5.895371437072753906e-01
8.941659331321716309e-01
-2.584561705589294434e-01
8.932115435600280762e-01
-9.052413702011108398e-02
4.783014357089996338e-01
6.264972686767578125e-01
6.058557033538818359e-01
9.049647450447082520e-01
-6.740458011627197266e-01
9.437050819396972656e-01
-9.885188937187194824e-01
-7.535747252404689789e-03
8.467590808868408203e-01
-1.743182539939880371e-01
9.163735508918762207e-01
-7.910977005958557129e-01
9.749216437339782715e-01
8.596438765525817871e-01
8.113916218280792236e-02
1.447261273860931396e-01
-8.750181198120117188e-01
7.363497018814086914e-01
3.694433271884918213e-01
9.569110870361328125e-01
8.989252448081970215e-01
-9.199619889259338379e-01
6.811497211456298828e-01
9.675247073173522949e-01
-4.804693460464477539e-01
4.405097067356109619e-01
3.887028396129608154e-01
2.128635346889495850e-01
4.788634777069091797e-01
-1.883497536182403564e-01
-8.751991391181945801e-01
9.604563713073730469e-01
8.957624435424804688e-01
8.640626668930053711e-01
-8.467302918434143066e-01
4.996654987335205078e-01
9.928589463233947754e-01
-3.158484995365142822e-01
6.601500511169433594e-01
-9.414507746696472168e-01
8.886421918869018555e-01
8.390994668006896973e-01
9.506604671478271484e-01
-9.600017666816711426e-01
5.540682077407836914e-01
6.582731008529663086e-01
-8.627893328666687012e-01
9.055581688880920410e-01
9.158285856246948242e-01
1.246201768517494202e-01
4.080067276954650879e-01
-3.589517176151275635e-01
-2.277522087097167969e-01
9.589636921882629395e-01
-1.911150217056274414e-01
4.521431624889373779e-01
-8.478692173957824707e-02
-5.953754782676696777e-01
9.915584921836853027e-01
9.992873072624206543e-01
9.980099797248840332e-01
7.976030707359313965e-01
-9.823359251022338867e-01
8.681447505950927734e-01
8.686784505844116211e-01
-7.510970830917358398e-01
1.236382946372032166e-01
1.147451773285865784e-01
-2.349682599306106567e-01
-6.659433841705322266e-01
9.996374249458312988e-01
9.972956776618957520e-01
9.924986958503723145e-01
7.985337376594543457e-01
-9.171971678733825684e-01
4.490950405597686768e-01
7.025300264358520508e-01
-8.757117986679077148e-01
8.327661752700805664e-01
-3.280025422573089600e-01
3.959693610668182373e-01
9.618026614189147949e-01
-6.716335564851760864e-02
7.759017944335937500e-01
-4.949375987052917480e-01
6.894158124923706055e-01
6.108026504516601562e-01
-7.184886932373046875e-01
9.565984010696411133e-01
5.521256923675537109e-01
-5.312915444374084473e-01
9.695011973381042480e-01
5.083840489387512207e-01
-9.836382269859313965e-01
8.366541266441345215e-01
9.847600460052490234e-01
-1.313566118478775024e-01
7.271432280540466309e-01
-8.498063087463378906e-01
3.299312889575958252e-01
9.372497797012329102e-01
-2.861295938491821289e-01
7.872880101203918457e-01
1.581035703420639038e-01
8.277252912521362305e-01
-3.260213434696197510e-01
-7.279026508331298828e-01
9.873261451721191406e-01
9.845269322395324707e-01
-3.639461994171142578e-01
8.209293484687805176e-01
2.737808823585510254e-01
6.411049365997314453e-01
-4.557852447032928467e-01
2.059376090764999390e-01
9.066179990768432617e-01
-8.093393445014953613e-01
6.360023617744445801e-01
1.498945057392120361e-01
6.252340674400329590e-01
5.656298398971557617e-01
7.478843629360198975e-02
-6.157060861587524414e-01
5.180535912513732910e-01
-2.242039889097213745e-01
9.324524998664855957e-01
9.830695986747741699e-01
-1.166621670126914978e-01
-6.637565493583679199e-01
7.902886271476745605e-01
9.842379689216613770e-01
4.230860471725463867e-01
7.821956872940063477e-01
-9.424443840980529785e-01
7.051912546157836914e-01
-5.342168211936950684e-01
9.959763288497924805e-01
5.996340513229370117e-01
7.578586339950561523e-01
-9.726893901824951172e-01
7.101036906242370605e-01
-7.493761777877807617e-01
9.706809520721435547e-01
8.639338016510009766e-01
-5.036855936050415039e-01
-2.319869697093963623e-01
8.745021224021911621e-01
1.411011219024658203e-01
9.878028631210327148e-01
-7.979260683059692383e-01
9.995808601379394531e-01
9.596851468086242676e-01
-3.997020721435546875e-01
6.405381560325622559e-01
5.686642527580261230e-01
-6.932097673416137695e-01
4.172799587249755859e-01
-6.196469068527221680e-01
9.856040477752685547e-01
9.192046523094177246e-01
7.119452953338623047e-01
-7.764291018247604370e-02
-8.942180275917053223e-01
9.851368665695190430e-01
6.674730777740478516e-01
-8.127055764198303223e-01
5.342980027198791504e-01
9.406620264053344727e-01
-6.741945147514343262e-01
9.810272455215454102e-01
-8.782754540443420410e-01
9.660577178001403809e-01
9.976264834403991699e-01
6.834011077880859375e-01
7.845609784126281738e-01
-8.763993978500366211e-01
6.339089274406433105e-01
-2.122672796249389648e-01
-8.485362529754638672e-01
9.710388779640197754e-01
9.959172010421752930e-01
8.275963068008422852e-01
-4.003651142120361328e-01
-3.236782252788543701e-01
-2.303969115018844604e-01
9.529698491096496582e-01
6.220455765724182129e-01
8.160486817359924316e-01
-1.652083694934844971e-01
5.354458466172218323e-02
2.899666726589202881e-01
8.404753208160400391e-01
-3.926392495632171631e-01
4.705317616462707520e-01
5.998163819313049316e-01
-5.947111845016479492e-01
5.527022480964660645e-01
5.922806859016418457e-01
-6.962327361106872559e-01
9.074098467826843262e-01
8.984126448631286621e-01
-8.532183766365051270e-01
8.920172452926635742e-01
6.001671552658081055e-01
5.575138926506042480e-01
-1.114572584629058838e-01
-5.391485989093780518e-03
-7.523226141929626465e-01
9.412283301353454590e-01
8.056300878524780273e-01
-6.382556557655334473e-01
9.528492689132690430e-01
1.572821885347366333e-01
-2.349366247653961182e-01
9.926827549934387207e-01
8.101905584335327148e-01
8.756973743438720703e-01
-2.703064121305942535e-03
-9.955811500549316406e-01
-8.014118671417236328e-01
9.819663166999816895e-01
9.956126809120178223e-01
9.782590866088867188e-01
-2.781746685504913330e-01
-1.897407509386539459e-02
-3.536531031131744385e-01
8.687832355499267578e-01
6.760194897651672363e-01
1.191443055868148804e-01
-4.325672686100006104e-01
9.811956286430358887e-01
4.125119149684906006e-01
-3.364078104496002197e-01
9.284757375717163086e-01
4.477753937244415283e-01
-8.921967148780822754e-01
7.652922272682189941e-01
8.301361799240112305e-01
7.091636061668395996e-01
-6.600970625877380371e-01
-3.903546035289764404e-01
9.988047480583190918e-01
6.768569946289062500e-01
-2.903313636779785156e-01
9.834176301956176758e-01
-3.833603560924530029e-01
6.116660237312316895e-01
-6.923110485076904297e-01
1.385849267244338989e-01
9.696446657180786133e-01
8.336880207061767578e-01
5.951284766197204590e-01
-5.688185095787048340e-01
-2.968224883079528809e-01
9.597548246383666992e-01
6.499627828598022461e-01
-8.085997700691223145e-01
3.215543627738952637e-01
9.430164098739624023e-01
2.997846901416778564e-01
7.922067642211914062e-01
-5.571001768112182617e-01
-1.128521785140037537e-01
9.973909258842468262e-01
-2.801978029310703278e-02
8.070613145828247070e-01
3.267067968845367432e-01
4.522627964615821838e-02
4.327368140220642090e-01
-3.389011323451995850e-01
-7.015351671725511551e-03
8.512579202651977539e-01
-2.632653415203094482e-01
-1.343118697404861450e-01
9.858891963958740234e-01
8.188326358795166016e-01
1.830343529582023621e-02
2.669956684112548828e-01
9.566496014595031738e-01
-9.665360450744628906e-01
7.670813053846359253e-02
9.764313697814941406e-01
8.220521360635757446e-02
7.483617663383483887e-01
-7.593594193458557129e-01
9.907100796699523926e-01
9.449188709259033203e-01
-8.148889541625976562e-01
-7.122474908828735352e-01
9.801768660545349121e-01
9.992041587829589844e-01
9.136414527893066406e-01
-7.370493412017822266e-01
1.452995687723159790e-01
9.750337600708007812e-01
8.353723883628845215e-01
1.276954412460327148e-01
-8.352746367454528809e-01
9.403889179229736328e-01
-6.515290737152099609e-01
8.180933594703674316e-01
9.564151614904403687e-02
8.891773819923400879e-01
-9.162201881408691406e-01
6.512492299079895020e-01
3.394658565521240234e-01
8.612964153289794922e-01
8.454778790473937988e-01
-3.847177699208259583e-02
-9.665626883506774902e-01
4.309023022651672363e-01
5.545153021812438965e-01
9.161227345466613770e-01
8.791384696960449219e-01
-9.663118124008178711e-01
-5.819481611251831055e-01
9.964241981506347656e-01
8.855378031730651855e-01
8.060029149055480957e-01
4.030009806156158447e-01
-9.571371674537658691e-01
9.431185126304626465e-01
-6.390266865491867065e-02
-8.616960048675537109e-01
9.954898357391357422e-01
6.046695113182067871e-01
4.934006035327911377e-01
4.147023558616638184e-01
3.244792819023132324e-01
-4.605300426483154297e-01
8.310316801071166992e-01
-8.890196084976196289e-01
9.947841167449951172e-01
6.184523105621337891e-01
6.692364811897277832e-01
-8.243327736854553223e-01
8.113230466842651367e-01
9.807298779487609863e-01
-3.065549135208129883e-01
5.257570743560791016e-01
9.833776950836181641e-02
3.057559207081794739e-02
9.023417830467224121e-01
4.575097560882568359e-01
-9.333496093750000000e-01
8.457033634185791016e-01
3.239114582538604736e-01
3.249901831150054932e-01
-9.063079953193664551e-01
7.327248454093933105e-01
-3.260290995240211487e-02
9.950199723243713379e-01
9.740167856216430664e-01
-3.775227963924407959e-01
-4.321373701095581055e-01
9.458867907524108887e-01
9.750151634216308594e-01
-2.379842996597290039e-01
-2.446800172328948975e-01
9.386922121047973633e-01
-2.542243003845214844e-01
-6.168540716171264648e-01
8.606852293014526367e-01
9.806401133537292480e-01
8.679433465003967285e-01
-5.994806289672851562e-01
-9.075775742530822754e-02
9.441297650337219238e-01
1.918503642082214355e-02
8.396823406219482422e-01
-9.511778950691223145e-01
3.634985685348510742e-01
9.672947525978088379e-01
9.872599840164184570e-01
-7.356148958206176758e-01
1.761528551578521729e-01
6.976402401924133301e-01
-4.193798899650573730e-01
3.717773854732513428e-01
9.819939136505126953e-01
9.486688375473022461e-01
-8.700441122055053711e-01
3.002464175224304199e-01
8.358157277107238770e-01
-5.802837014198303223e-01
-1.219963058829307556e-01
9.646562337875366211e-01
5.715387463569641113e-01
-4.396849274635314941e-01
9.574442505836486816e-01
9.386625289916992188e-01
-7.942746281623840332e-01
-7.028601169586181641e-01
9.976253509521484375e-01
8.245399594306945801e-01
9.070066809654235840e-01
6.441979408264160156e-01
-9.213235378265380859e-01
1.267258077859878540e-01
-3.760655820369720459e-01
9.242916107177734375e-01
-6.779204010963439941e-01
9.351447820663452148e-01
9.584212899208068848e-01
8.812250494956970215e-01
-4.949475452303886414e-02
-5.115684270858764648e-01
7.458561062812805176e-01
7.999221682548522949e-01
-9.385172724723815918e-01
9.757319092750549316e-01
-2.276118397712707520e-01
8.715980648994445801e-01
8.617570400238037109e-01
-7.267935276031494141e-01
-7.895497083663940430e-01
9.197673797607421875e-01
9.604571461677551270e-01
8.085799813270568848e-01
-7.833945751190185547e-01
8.785225152969360352e-01
-5.450125336647033691e-01
9.729157686233520508e-01
7.073527574539184570e-01
8.608008027076721191e-01
-8.179567456245422363e-01
-7.180662751197814941e-01
4.261106252670288086e-01
9.151449203491210938e-01
7.173488140106201172e-01
3.994211852550506592e-01
-7.228954136371612549e-02
4.233652055263519287e-01
-8.281615972518920898e-01
9.805088043212890625e-01
2.749988436698913574e-01
3.752169311046600342e-01
4.352138042449951172e-01
3.143154680728912354e-01
8.545220494270324707e-01
-9.151971936225891113e-01
-6.518542766571044922e-01
9.937660098075866699e-01
9.210764765739440918e-01
9.309456944465637207e-01
-3.846819400787353516e-01
5.935556069016456604e-02
8.773294687271118164e-01
9.451169371604919434e-01
-9.947940707206726074e-01
8.309711217880249023e-01
-1.712800860404968262e-01
9.458216428756713867e-01
4.421934485435485840e-01
-9.182152152061462402e-01
-3.620517253875732422e-01
9.773845076560974121e-01
9.330903291702270508e-01
-4.426794350147247314e-01
-8.661974668502807617e-01
9.912014603614807129e-01
9.650254249572753906e-01
9.838463664054870605e-01
-4.401769042015075684e-01
8.667390942573547363e-01
6.790670752525329590e-01
-5.586344599723815918e-01
8.297228813171386719e-01
-4.463648498058319092e-01
-6.063477993011474609e-01
9.941340684890747070e-01
8.931362628936767578e-01
-4.320640563964843750e-01
8.527443408966064453e-01
8.493010401725769043e-01
-7.573909163475036621e-01
-1.409019827842712402e-01
8.963285088539123535e-01
6.625648140907287598e-01
-7.418184876441955566e-01
9.930455088615417480e-01
4.359852075576782227e-01
-8.300234079360961914e-01
9.894816875457763672e-01
-1.308519840240478516e-01
8.186179995536804199e-01
9.837447404861450195e-01
-5.895408391952514648e-01
9.025626778602600098e-01
-2.886621840298175812e-02
9.058717638254165649e-02
4.644423723220825195e-02
7.977550476789474487e-02
6.609625816345214844e-01
1.137627214193344116e-01
4.541881978511810303e-01
8.457412123680114746e-01
6.835020184516906738e-01
-9.971027970314025879e-01
-5.953112989664077759e-02
-2.509222328662872314e-01
9.937905073165893555e-01
9.750593304634094238e-01
8.651295304298400879e-02
-1.083047613501548767e-01
-8.727137744426727295e-02
7.414990663528442383e-01
9.098135828971862793e-01
-5.777245014905929565e-02
-4.628863334655761719e-01
7.895577549934387207e-01
8.016242384910583496e-01
-7.247568964958190918e-01
6.660664081573486328e-01
7.428762316703796387e-01
3.924606144428253174e-01
-2.493444830179214478e-01
-1.640892624855041504e-01
8.459122180938720703e-01
8.531374335289001465e-01
-7.537438869476318359e-01
8.599866032600402832e-01
-7.462452054023742676e-01
9.723778367042541504e-01
7.334712743759155273e-01
-3.274869918823242188e-01
-1.892340742051601410e-02
8.224614262580871582e-01
2.024905532598495483e-01
-1.065006181597709656e-01
9.452682733535766602e-01
-3.962461650371551514e-01
9.673466086387634277e-01
7.388393282890319824e-01
-6.469300389289855957e-01
7.478956580162048340e-01
-8.303930759429931641e-01
9.366341233253479004e-01
3.693488240242004395e-02
2.064433097839355469e-01
9.840285778045654297e-01
-4.434386789798736572e-01
2.594523727893829346e-01
9.580651521682739258e-01
7.526660561561584473e-01
-4.815748706459999084e-02
-3.698038160800933838e-01
-5.803534388542175293e-01
9.412311315536499023e-01
9.878907799720764160e-01
-9.523041844367980957e-01
9.555966258049011230e-01
5.678963065147399902e-01
3.779868483543395996e-01
1.512549072504043579e-01
6.910129785537719727e-01
8.309661746025085449e-01
-8.824015259742736816e-01
6.543351709842681885e-02
8.936797976493835449e-01
-7.653648853302001953e-01
9.957764148712158203e-01
9.855808019638061523e-01
-6.153068542480468750e-01
-6.041500568389892578e-01
9.184209704399108887e-01
9.241040349006652832e-01
-1.001805737614631653e-01
-2.961212098598480225e-01
9.589251875877380371e-01
9.813297390937805176e-01
-8.380451798439025879e-01
-7.489790767431259155e-02
9.807873368263244629e-01
9.708239436149597168e-01
-7.535718679428100586e-01
6.586129665374755859e-01
-6.679706573486328125e-01
9.104747772216796875e-01
9.913882613182067871e-01
-1.468022316694259644e-01
8.220556378364562988e-01
-2.236309275031089783e-02
7.974870800971984863e-01
-3.028082251548767090e-01
-7.791023850440979004e-01
7.049781680107116699e-01
8.012195229530334473e-01
4.869627058506011963e-01
-7.836008071899414062e-01
9.686298370361328125e-01
1.000758931040763855e-01
9.070739746093750000e-01
1.996873319149017334e-01
-1.357087641954421997e-01
-6.607782840728759766e-01
9.789069294929504395e-01
9.522675275802612305e-01
-9.481278061866760254e-01
9.000885486602783203e-01
-4.493103325366973877e-01
9.965917468070983887e-01
9.967991709709167480e-01
-3.357135951519012451e-01
9.740354418754577637e-01
-7.315151691436767578e-01
6.705179214477539062e-01
7.416009306907653809e-01
1.388704329729080200e-01
5.057234168052673340e-01
-9.832522869110107422e-01
5.262984037399291992e-01
5.892070531845092773e-01
-2.439445108175277710e-01
9.517735242843627930e-01
5.214045941829681396e-02
-4.548727069050073624e-03
9.461651444435119629e-01
-3.700978159904479980e-01
7.589661478996276855e-01
-2.416974008083343506e-01
3.422582745552062988e-01
5.846889019012451172e-01
-4.800788462162017822e-01
8.342212438583374023e-01
-6.164727210998535156e-01
9.974505901336669922e-01
9.649014472961425781e-01
8.496133685111999512e-01
-4.631983637809753418e-01
-8.459430336952209473e-01
9.849219918251037598e-01
9.883167147636413574e-01
4.417243003845214844e-01
-8.273498713970184326e-02
-8.409187793731689453e-01
9.258592128753662109e-01
9.825174808502197266e-01
-7.468878626823425293e-01
5.544172525405883789e-01
8.799899816513061523e-01
-2.781718373298645020e-01
4.000826478004455566e-01
-2.171358913183212280e-01
9.874039292335510254e-01
-8.683211803436279297e-01
9.965501427650451660e-01
5.166586041450500488e-01
4.494349956512451172e-01
9.636119604110717773e-01
-7.510803341865539551e-01
-8.832796812057495117e-01
8.898906111717224121e-01
9.781243205070495605e-01
9.911379218101501465e-01
-7.623298168182373047e-01
7.369586229324340820e-01
3.206298127770423889e-02
-6.855171173810958862e-02
-3.167428672313690186e-01
5.998278260231018066e-01
9.966421127319335938e-01
8.989073038101196289e-01
-2.853198051452636719e-01
-2.791595160961151123e-01
8.421850800514221191e-01
-1.940820962190628052e-01
9.640006422996520996e-01
-3.812526464462280273e-01
6.751005053520202637e-01
1.009467989206314087e-01
8.566742539405822754e-01
-3.274562060832977295e-01
-7.528994083404541016e-01
9.694007039070129395e-01
8.686402440071105957e-01
-4.826250970363616943e-01
9.423059821128845215e-01
-9.400950670242309570e-01
9.966047406196594238e-01
9.987523555755615234e-01
9.743196964263916016e-01
-8.687862753868103027e-01
-7.441047430038452148e-01
9.902099967002868652e-01
9.981245398521423340e-01
6.399424672126770020e-01
9.450663924217224121e-01
-9.650843739509582520e-01
-9.690439105033874512e-01
-2.199277430772781372e-01
9.848124384880065918e-01
9.923297762870788574e-01
9.955890178680419922e-01
7.472060918807983398e-01
-9.604087471961975098e-01
-2.869540154933929443e-01
6.266715526580810547e-01
8.719070553779602051e-01
2.673126012086868286e-02
8.449375629425048828e-01
-3.447983264923095703e-01
7.143468260765075684e-01
6.218963265419006348e-01
-7.388721704483032227e-01
9.830244183540344238e-01
-9.320272803306579590e-01
9.667795300483703613e-01
6.068273186683654785e-01
7.304762005805969238e-01
-9.830953478813171387e-01
6.075032949447631836e-01
4.223845005035400391e-01
9.564707875251770020e-01
-1.902505569159984589e-02
-3.792648613452911377e-01
6.279761791229248047e-01
6.472517549991607666e-02
7.927550077438354492e-01
-9.770589470863342285e-01
8.597361445426940918e-01
8.826354146003723145e-01
9.684807062149047852e-01
-3.250097632408142090e-01
-8.686651587486267090e-01
-5.589453130960464478e-02
9.451958537101745605e-01
8.485608100891113281e-01
9.526737332344055176e-01
1.228794977068901062e-01
-9.973855614662170410e-01
8.272474408149719238e-01
9.149601459503173828e-01
-2.468686401844024658e-01
-1.872527301311492920e-01
-5.662399530410766602e-01
9.970880746841430664e-01
9.955292940139770508e-01
9.274768829345703125e-01
-2.016769200563430786e-01
4.789656996726989746e-01
-9.159728139638900757e-02
6.981413364410400391e-01
-9.962709546089172363e-01
7.719072103500366211e-01
8.896290063858032227e-01
3.391199707984924316e-01
-7.185020446777343750e-01
9.057548642158508301e-01
5.273241400718688965e-01
-8.667250275611877441e-01
9.371637105941772461e-01
-6.451140344142913818e-02
-6.162520051002502441e-01
9.977201819419860840e-01
9.933571219444274902e-01
4.727816581726074219e-01
2.492683976888656616e-01
-2.481103390455245972e-01
1.360194832086563110e-01
-6.585274636745452881e-02
9.734461307525634766e-01
3.385116159915924072e-01
-2.862884998321533203e-01
9.948701858520507812e-01
9.204713106155395508e-01
-3.600007295608520508e-01
-4.440896511077880859e-01
8.137773275375366211e-01
-6.385072469711303711e-01
2.020748406648635864e-01
9.900076389312744141e-01
7.295979857444763184e-01
4.865829348564147949e-01
-9.561028480529785156e-01
7.084447741508483887e-01
8.032503724098205566e-01
2.288698777556419373e-02
-3.569915145635604858e-02
4.146652668714523315e-02
9.837963581085205078e-01
-8.814914822578430176e-01
9.911506772041320801e-01
9.511420130729675293e-01
-1.563078910112380981e-01
9.633558392524719238e-01
-9.741072058677673340e-01
9.847440719604492188e-01
9.590725302696228027e-01
-6.099108457565307617e-01
2.255444228649139404e-01
9.498263597488403320e-01
-3.380295932292938232e-01
-7.842314839363098145e-01
8.672863245010375977e-01
9.814705252647399902e-01
8.133447170257568359e-01
-7.504677772521972656e-01
-1.318935155868530273e-01
9.580454826354980469e-01
-5.711722373962402344e-01
9.921126961708068848e-01
4.934580624103546143e-01
8.264831900596618652e-01
-2.931976914405822754e-01
-5.778889656066894531e-01
9.288010001182556152e-01
9.226431250572204590e-01
-6.031388640403747559e-01
6.621391177177429199e-01
3.282184600830078125e-01
-9.110228419303894043e-01
9.629155993461608887e-01
9.932822585105895996e-01
1.714084297418594360e-01
-3.079009354114532471e-01
5.578849837183952332e-02
-6.583506464958190918e-01
9.988321065902709961e-01
9.969157576560974121e-01
9.102800488471984863e-01
5.587424635887145996e-01
-4.009020626544952393e-01
6.363694071769714355e-01
-9.295948743820190430e-01
-5.887792110443115234e-01
9.947207570075988770e-01
9.992198944091796875e-01
9.865767955780029297e-01
-3.156223595142364502e-01
3.392298221588134766e-01
2.805540263652801514e-01
4.226514995098114014e-01
2.637662291526794434e-01
4.893421828746795654e-01
-2.877204716205596924e-01
6.923617720603942871e-01
-8.025815486907958984e-01
3.776307106018066406e-01
3.945482894778251648e-02
9.944056868553161621e-01
2.176655828952789307e-01
-1.910376101732254028e-01
9.153884053230285645e-01
4.620102345943450928e-01
9.212074279785156250e-01
-9.162619113922119141e-01
9.657443165779113770e-01
-3.320694267749786377e-01
2.609973549842834473e-01
6.017731428146362305e-01
3.271578848361968994e-01
1.424740720540285110e-02
-7.694541215896606445e-01
6.552885770797729492e-01
9.888974428176879883e-01
5.735575556755065918e-01
-1.587300449609756470e-01
5.008007287979125977e-01
4.761602878570556641e-01
-1.426266971975564957e-02
9.023732692003250122e-02
4.479422867298126221e-01
-6.151285767555236816e-01
9.962581992149353027e-01
9.615140557289123535e-01
-7.971386909484863281e-01
7.107905745506286621e-01
9.122729897499084473e-01
1.073262467980384827e-01
-1.545384526252746582e-01
-3.841389119625091553e-01
9.734678864479064941e-01
7.602934241294860840e-01
-7.296835780143737793e-01
9.145619869232177734e-01
4.860074222087860107e-01
-5.664604529738426208e-02
9.404439330101013184e-01
-3.282194733619689941e-01
-2.594234943389892578e-01
1.394595503807067871e-01
9.094141125679016113e-01
9.742745757102966309e-01
-3.434505164623260498e-01
7.028266787528991699e-01
-9.689877033233642578e-01
4.016328155994415283e-01
4.702213406562805176e-01
7.799605131149291992e-01
-4.752787351608276367e-01
8.739324808120727539e-01
8.609580397605895996e-01
-7.650288343429565430e-01
7.962450981140136719e-01
5.321401357650756836e-01
1.858004629611968994e-01
-3.121366798877716064e-01
5.892183184623718262e-01
-6.198532581329345703e-01
9.952294230461120605e-01
-4.067706763744354248e-01
8.828566670417785645e-01
9.798021912574768066e-01
6.482554674148559570e-01
-8.868969082832336426e-01
7.947183847427368164e-01
5.915783047676086426e-01
1.183154340833425522e-02
-8.073640465736389160e-01
5.179581642150878906e-01
9.843468666076660156e-01
9.075419306755065918e-01
-2.888327836990356445e-01
7.981280684471130371e-01
-6.280274987220764160e-01
7.604928612709045410e-01
6.798791289329528809e-01
-7.025563120841979980e-01
-6.157014369964599609e-01
1.268196105957031250e-01
9.633823633193969727e-01
9.968602657318115234e-01
9.961978793144226074e-01
3.190566319972276688e-03
-8.902786374092102051e-01
9.030306935310363770e-01
7.090988159179687500e-01
-9.718461632728576660e-01
9.408940672874450684e-01
8.092506527900695801e-01
1.034413278102874756e-02
-6.099367141723632812e-01
9.027378559112548828e-01
5.531922578811645508e-01
-2.103939950466156006e-01
7.764379382133483887e-01
-8.204450607299804688e-01
9.741458892822265625e-01
9.992496967315673828e-01
-3.586044609546661377e-01
5.216780900955200195e-01
-6.686772108078002930e-01
9.975181221961975098e-01
9.847971200942993164e-01
-6.774373054504394531e-01
9.093282818794250488e-01
5.045744776725769043e-01
-3.983500599861145020e-01
-3.948262333869934082e-01
8.245550394058227539e-01
6.642524600028991699e-01
5.697443485260009766e-01
-2.213570624589920044e-01
4.853065609931945801e-01
1.836053282022476196e-01
1.781346648931503296e-02
9.966633319854736328e-01
-5.850594639778137207e-01
4.735637009143829346e-01
5.069869160652160645e-01
-7.574583590030670166e-02
-1.298336535692214966e-01
9.195212721824645996e-01
-2.245138138532638550e-01
-9.265216998755931854e-03
9.160500168800354004e-01
6.700651645660400391e-01
5.576319694519042969e-01
-9.460107684135437012e-01
9.571250677108764648e-01
-8.834356069564819336e-02
9.235503673553466797e-01
5.208510532975196838e-02
-4.686338081955909729e-02
4.886351823806762695e-01
4.062919691205024719e-02
-9.621054530143737793e-01
9.961944222450256348e-01
9.996191263198852539e-01
8.779250383377075195e-01
-2.159955799579620361e-01
9.515573978424072266e-01
6.631913781166076660e-02
1.489112973213195801e-01
-8.233910799026489258e-01
4.835580289363861084e-01
9.493280649185180664e-01
1.648790538311004639e-01
-7.351796627044677734e-01
9.570515155792236328e-01
5.708855986595153809e-01
-6.667284369468688965e-01
9.898094534873962402e-01
8.521295189857482910e-01
-2.122155874967575073e-01
8.238406181335449219e-01
-5.273907184600830078e-01
6.350631117820739746e-01
-5.052772164344787598e-01
9.202154278755187988e-01
7.319796681404113770e-01
4.532674252986907959e-01
-8.385056257247924805e-01
9.078148603439331055e-01
-6.143268346786499023e-01
9.858642816543579102e-01
9.611957669258117676e-01
8.796283602714538574e-01
-8.898649215698242188e-01
-9.820141196250915527e-01
8.797274827957153320e-01
9.221699833869934082e-01
6.188854575157165527e-01
-1.111610159277915955e-01
2.201751917600631714e-01
-8.719286918640136719e-01
5.743483304977416992e-01
9.991548657417297363e-01
9.534933567047119141e-01
-3.981335461139678955e-01
8.811364769935607910e-01
1.967868506908416748e-01
-6.104797124862670898e-01
9.890971183776855469e-01
9.082613587379455566e-01
-8.419517874717712402e-01
-6.916900873184204102e-01
9.413716793060302734e-01
9.715855121612548828e-01
9.788432717323303223e-01
-2.576628029346466064e-01
-1.271979212760925293e-01
-4.715356528759002686e-01
7.825057506561279297e-01
8.330209851264953613e-01
2.132628709077835083e-01
5.589600801467895508e-01
-2.545889019966125488e-01
-2.565470039844512939e-01
9.377521872520446777e-01
7.644617557525634766e-01
-9.469137191772460938e-01
8.504063487052917480e-01
5.614709854125976562e-01
4.305596053600311279e-01
-9.206261634826660156e-01
9.876199364662170410e-01
4.389414787292480469e-01
6.690011620521545410e-01
-8.176051974296569824e-01
7.725204825401306152e-01
7.399479746818542480e-01
-6.671909689903259277e-01
7.592375874519348145e-01
9.645817279815673828e-01
-7.173179090023040771e-02
2.518772780895233154e-01
-7.869619131088256836e-01
4.914538264274597168e-01
9.051340222358703613e-01
9.128195047378540039e-01
8.512011766433715820e-01
-9.875273108482360840e-01
-3.239115774631500244e-01
9.240403175354003906e-01
8.884684443473815918e-01
8.480007052421569824e-01
-9.769670963287353516e-01
-7.949849963188171387e-01
9.645143151283264160e-01
3.561829030513763428e-01
6.286855936050415039e-01
8.801724910736083984e-01
-5.862080454826354980e-01
1.454511880874633789e-01
9.365181326866149902e-01
7.019041776657104492e-01
-8.631003648042678833e-02
-9.623174071311950684e-01
-1.706780120730400085e-02
9.942536950111389160e-01
9.926176071166992188e-01
9.670932292938232422e-01
-2.402045577764511108e-01
-3.683920502662658691e-01
9.578565359115600586e-01
1.578438580036163330e-01
6.864165663719177246e-01
-7.862632274627685547e-01
-9.780321121215820312e-01
9.996342658996582031e-01
9.837078452110290527e-01
9.934781789779663086e-01
1.622875928878784180e-01
-8.863714337348937988e-01
9.387832283973693848e-01
9.177842736244201660e-01
5.712334513664245605e-01
-9.738537669181823730e-01
-2.102710902690887451e-01
9.560854434967041016e-01
9.993909001350402832e-01
9.562698006629943848e-01
-9.976516962051391602e-01
-5.394704937934875488e-01
7.020295262336730957e-01
7.744713425636291504e-01
4.467310309410095215e-01
3.410735726356506348e-01
-3.219093382358551025e-01
9.228385686874389648e-01
6.287874579429626465e-01
-7.501167058944702148e-01
8.191028237342834473e-01
6.568619012832641602e-01
-9.825466275215148926e-01
7.113002538681030273e-01
-4.487468302249908447e-01
9.813921451568603516e-01
9.854677915573120117e-01
7.768795490264892578e-01
-9.970988035202026367e-01
-7.711517810821533203e-01
9.933720231056213379e-01
9.846880435943603516e-01
9.497183561325073242e-01
8.260977864265441895e-01
-9.905363321304321289e-01
-9.476116299629211426e-01
6.147585511207580566e-01
7.139677405357360840e-01
9.757602214813232422e-01
7.816817760467529297e-01
-9.566682577133178711e-01
6.784453988075256348e-03
9.545229077339172363e-01
9.032915830612182617e-01
8.806636929512023926e-01
-8.362008333206176758e-01
-8.554598093032836914e-01
9.800363779067993164e-01
9.701707959175109863e-01
3.890166282653808594e-01
-3.800723254680633545e-01
7.188525199890136719e-01
8.782765269279479980e-01
-6.860907673835754395e-01
6.558986902236938477e-01
-4.120639860630035400e-01
-8.154261708259582520e-01
9.991251826286315918e-01
9.970117211341857910e-01
9.928173422813415527e-01
-4.608064889907836914e-01
7.676498889923095703e-01
3.287809193134307861e-01
-7.620986700057983398e-01
9.728842973709106445e-01
-9.133797883987426758e-01
9.498521685600280762e-01
9.860799908638000488e-01
9.684769511222839355e-01
-8.345127701759338379e-01
-1.195073127746582031e-05
9.249906539916992188e-01
-5.400743335485458374e-02
1.649568080902099609e-01
6.039222478866577148e-01
-3.152183592319488525e-01
8.175039887428283691e-01
5.098226666450500488e-01
6.459245085716247559e-01
-7.918553352355957031e-01
6.935784220695495605e-01
8.627169728279113770e-01
-8.139302730560302734e-01
5.052258968353271484e-01
-1.581283062696456909e-01
2.988167107105255127e-01
4.978763759136199951e-01
3.445441275835037231e-02
9.391600489616394043e-01
-7.131801247596740723e-01
9.779818654060363770e-01
9.972703456878662109e-01
8.673002123832702637e-01
-1.881514042615890503e-01
-9.911556839942932129e-01
9.465309381484985352e-01
5.811256170272827148e-01
9.363774955272674561e-02
4.190703034400939941e-01
7.680649757385253906e-01
-7.904422879219055176e-01
-1.708115041255950928e-01
8.039591312408447266e-01
7.483108043670654297e-01
6.374513506889343262e-01
-7.417045235633850098e-01
1.363569647073745728e-01
-5.498820543289184570e-02
-7.184200286865234375e-01
9.996013641357421875e-01
9.759029746055603027e-01
9.987305998802185059e-01
7.410048842430114746e-01
2.122350186109542847e-01
-2.825824916362762451e-01
-6.523322314023971558e-02
5.646414756774902344e-01
2.413277775049209595e-01
-8.755701184272766113e-01
9.812127947807312012e-01
9.943208694458007812e-01
4.371609687805175781e-01
-6.800631284713745117e-01
7.261252403259277344e-01
-3.629638850688934326e-01
9.735400080680847168e-01
-4.735704362392425537e-01
6.044993996620178223e-01
9.292911291122436523e-01
-3.408588171005249023e-01
9.769012928009033203e-01
-8.938187360763549805e-01
6.733195781707763672e-01
9.505394101142883301e-01
-4.576348364353179932e-01
8.043544888496398926e-01
9.761942178010940552e-02
7.953261733055114746e-01
-8.066055178642272949e-01
8.875383138656616211e-01
-3.761030733585357666e-01
9.896428585052490234e-01
1.818709671497344971e-01
4.823607206344604492e-01
-3.865408943966031075e-03
-5.314286947250366211e-01
7.763234972953796387e-01
9.520550370216369629e-01
6.717706918716430664e-01
1.607888638973236084e-01
-9.058482646942138672e-01
9.018239974975585938e-01
-6.863574981689453125e-01
8.777928352355957031e-01
7.153548002243041992e-01
6.226851940155029297e-01
-5.895615220069885254e-01
8.180469870567321777e-01
-8.163634538650512695e-01
6.654328107833862305e-01
9.726100564002990723e-01
8.695739507675170898e-01
-5.396261811256408691e-01
-4.284636676311492920e-01
6.150810122489929199e-01
5.409244298934936523e-01
8.416277170181274414e-01
-2.733227610588073730e-01
4.183748066425323486e-01
3.186912834644317627e-01
7.222887277603149414e-01
-9.749819636344909668e-01
9.824250340461730957e-01
7.069056630134582520e-01
-9.393815994262695312e-01
7.668929696083068848e-01
-2.840178608894348145e-01
9.862700104713439941e-01
9.520159363746643066e-01
3.682312369346618652e-01
-9.492968916893005371e-01
8.725598454475402832e-01
2.523107528686523438e-01
3.344573974609375000e-01
9.677582383155822754e-01
-9.055595397949218750e-01
1.036451309919357300e-01
7.850945591926574707e-01
9.475792050361633301e-01
-9.728938341140747070e-01
6.865575313568115234e-01
2.190056592226028442e-01
3.070459067821502686e-01
9.961447119712829590e-01
8.651685714721679688e-01
-9.927184581756591797e-01
-1.134314611554145813e-01
8.979700803756713867e-01
8.562113642692565918e-01
-3.605741262435913086e-01
4.787171185016632080e-01
-3.815261274576187134e-02
5.710150003433227539e-01
-6.611443758010864258e-01
9.908112883567810059e-01
8.903866410255432129e-01
-8.966310024261474609e-01
4.948609173297882080e-01
7.682425379753112793e-01
1.429592519998550415e-01
1.925982534885406494e-01
4.595426023006439209e-01
-2.391569614410400391e-01
9.930529594421386719e-01
-3.558188080787658691e-01
6.877487897872924805e-01
4.396971762180328369e-01
9.628312587738037109e-01
-9.885799288749694824e-01
8.733108043670654297e-01
4.493926763534545898e-01
-6.043575406074523926e-01
-8.023262023925781250e-01
9.888710975646972656e-01
9.918984174728393555e-01
9.912824034690856934e-01
-2.816674113273620605e-01
3.210879862308502197e-01
8.728565573692321777e-01
-6.574997305870056152e-01
8.988122344017028809e-01
-7.231683731079101562e-01
9.884860515594482422e-01
7.977126836776733398e-01
6.474785804748535156e-01
-9.920168519020080566e-01
-5.817790031433105469e-01
9.736312627792358398e-01
9.726111888885498047e-01
-2.185052633285522461e-01
4.576906561851501465e-01
-3.058399260044097900e-01
4.454586207866668701e-01
9.838891625404357910e-01
4.294988811016082764e-01
-3.784752190113067627e-01
8.225588202476501465e-01
3.266785144805908203e-01
-2.740166485309600830e-01
8.522144556045532227e-01
4.386798739433288574e-01
-3.789477348327636719e-01
-9.220460653305053711e-01
9.288492798805236816e-01
6.831663846969604492e-01
9.995473027229309082e-01
4.975213110446929932e-01
-8.320632576942443848e-01
9.732444882392883301e-01
2.218177020549774170e-01
-1.089335680007934570e-01
8.683997988700866699e-01
-7.559381127357482910e-01
8.984212577342987061e-02
9.761019349098205566e-01
-1.876295208930969238e-01
9.637226462364196777e-01
8.841248750686645508e-01
-1.005999743938446045e-01
-2.685440480709075928e-01
-5.940807461738586426e-01
9.831922054290771484e-01
6.973718106746673584e-02
7.454054355621337891e-01
5.974179506301879883e-01
9.664441347122192383e-01
-9.498754143714904785e-01
1.030540838837623596e-01
9.951102137565612793e-01
2.957843542098999023e-01
-1.406000703573226929e-01
2.028130590915679932e-01
2.217165976762771606e-01
-5.719522833824157715e-01
9.571464061737060547e-01
6.666156053543090820e-01
9.778659343719482422e-01
-9.831907749176025391e-01
1.463034451007843018e-01
9.912752509117126465e-01
9.938115477561950684e-01
-2.762970924377441406e-01
-8.360887765884399414e-01
5.524546504020690918e-01
-1.356361508369445801e-01
9.991525411605834961e-01
9.219966530799865723e-01
9.879156947135925293e-01
-4.196669161319732666e-01
4.143794476985931396e-01
-8.754284381866455078e-01
9.249235987663269043e-01
-8.833492547273635864e-02
9.451887011528015137e-01
3.784016668796539307e-01
-5.474768877029418945e-01
8.539964556694030762e-01
-7.475361227989196777e-02
-8.543030023574829102e-01
9.688110947608947754e-01
9.931254386901855469e-01
8.894685506820678711e-01
-9.309443086385726929e-02
-2.951394021511077881e-01
-4.528554677963256836e-01
9.702388644218444824e-01
-4.959712326526641846e-01
9.811082482337951660e-01
-1.256725639104843140e-01
9.750983715057373047e-01
9.607763886451721191e-01
-1.928853690624237061e-01
-4.499357342720031738e-01
9.866676926612854004e-01
7.670816779136657715e-01
-8.785379528999328613e-01
6.057021394371986389e-02
6.282497048377990723e-01
8.498996496200561523e-01
2.647695839405059814e-01
-2.764876484870910645e-01
9.577180147171020508e-01
-9.033986330032348633e-01
9.719318151473999023e-01
9.335950016975402832e-01
-1.546343043446540833e-02
7.304438948631286621e-02
3.199822902679443359e-01
-7.049723267555236816e-01
-3.990614414215087891e-01
9.965335726737976074e-01
9.877779483795166016e-01
9.750751256942749023e-01
-6.225293874740600586e-01
8.859636783599853516e-01
-2.968535721302032471e-01
-1.801546812057495117e-01
8.047749400138854980e-01
1.175705939531326294e-01
3.268720507621765137e-01
9.369940757751464844e-01
8.514063954353332520e-01
-8.766464591026306152e-01
-7.420563697814941406e-01
9.925395250320434570e-01
8.224037289619445801e-01
8.818414211273193359e-01
4.952531456947326660e-01
-9.810889363288879395e-01
-2.201952785253524780e-01
9.416333436965942383e-01
-3.824339210987091064e-01
9.016063809394836426e-01
9.429175853729248047e-01
-2.972588837146759033e-01
-1.137079484760761261e-02
5.822520256042480469e-01
7.046581506729125977e-01
-8.933692574501037598e-01
9.413414597511291504e-01
-3.175800442695617676e-01
9.951738715171813965e-01
8.626816272735595703e-01
-6.957387328147888184e-01
7.024871110916137695e-01
2.612549364566802979e-01
-1.685090214014053345e-01
-1.325305104255676270e-01
8.876255750656127930e-01
8.512872457504272461e-01
-3.507698476314544678e-01
8.376473784446716309e-01
-8.362526893615722656e-01
9.877966046333312988e-01
8.675151467323303223e-01
-4.220564663410186768e-01
-9.331659972667694092e-02
9.832032918930053711e-01
8.980055451393127441e-01
-9.868193268775939941e-01
-1.028590835630893707e-02
8.569526672363281250e-01
9.448297023773193359e-01
2.203664481639862061e-01
-6.781049370765686035e-01
9.597742557525634766e-01
5.750899016857147217e-02
3.335347175598144531e-01
6.611425280570983887e-01
-2.139733433723449707e-01
-7.189769297838211060e-02
6.212062835693359375e-01
5.206481814384460449e-01
-7.876864671707153320e-01
9.986777901649475098e-01
3.889944851398468018e-01
-7.703911662101745605e-01
9.348851442337036133e-01
9.682525396347045898e-01
4.434424638748168945e-01
-2.236404269933700562e-01
9.685087800025939941e-01
-2.102291584014892578e-01
-6.238471269607543945e-01
4.517852067947387695e-01
7.744205594062805176e-01
7.058852314949035645e-01
4.658427238464355469e-01
2.564833126962184906e-02
8.159147500991821289e-01
-6.712382435798645020e-01
-1.954781115055084229e-01
-4.134762585163116455e-01
9.819083809852600098e-01
9.918560981750488281e-01
5.917888879776000977e-01
-7.745323777198791504e-01
-2.885693907737731934e-01
9.979535937309265137e-01
9.510238766670227051e-01
6.204836368560791016e-01
1.726464740931987762e-02
3.754072785377502441e-01
3.502849340438842773e-01
-9.371707439422607422e-01
2.637271285057067871e-01
2.416179627180099487e-01
9.779226183891296387e-01
9.914598464965820312e-01
-5.101903676986694336e-01
-8.610920906066894531e-01
9.903396964073181152e-01
4.692120254039764404e-01
9.163799881935119629e-01
8.552327156066894531e-01
1.836680024862289429e-01
-9.472907781600952148e-01
1.973789930343627930e-02
8.788905143737792969e-01
9.742748737335205078e-01
-4.283301532268524170e-01
1.311227381229400635e-01
6.859629750251770020e-01
-2.319975793361663818e-01
-2.645345032215118408e-01
8.962711095809936523e-01
9.665776491165161133e-01
-9.489657282829284668e-01
9.828249812126159668e-01
9.726853370666503906e-01
2.724860608577728271e-01
3.041985630989074707e-01
-5.614985227584838867e-01
2.392726391553878784e-01
2.365843951702117920e-01
1.817419081926345825e-01
5.319135189056396484e-01
3.484307825565338135e-01
7.175633907318115234e-01
-8.811323046684265137e-01
8.287885785102844238e-01
-4.223605096340179443e-01
7.925401926040649414e-01
9.072774648666381836e-01
-8.080036640167236328e-01
9.910155534744262695e-01
7.068064808845520020e-01
3.558408319950103760e-01
-8.398288488388061523e-01
6.653515100479125977e-01
9.612581133842468262e-01
6.320558190345764160e-01
3.456029295921325684e-01
-8.342660069465637207e-01
5.148125290870666504e-01
-1.797198355197906494e-01
9.368532896041870117e-01
-3.633059561252593994e-01
6.881182789802551270e-01
5.600866675376892090e-01
1.989451199769973755e-01
-2.235494256019592285e-01
2.370979487895965576e-01
2.002457529306411743e-01
-3.677361905574798584e-01
9.996338486671447754e-01
9.906494021415710449e-01
4.676022529602050781e-01
-7.934799790382385254e-01
9.001255631446838379e-01
7.886467576026916504e-01
-6.579301953315734863e-01
2.329268306493759155e-01
9.333649873733520508e-01
-4.487766325473785400e-01
9.945111274719238281e-01
8.801724910736083984e-01
-9.735528826713562012e-01
7.467523217201232910e-01
-1.897366940975189209e-01
8.380472064018249512e-01
3.985815942287445068e-01
-5.400414466857910156e-01
5.398036912083625793e-02
8.578963875770568848e-01
8.568251132965087891e-01
-7.560244798660278320e-01
7.133821845054626465e-01
4.035208523273468018e-01
3.864209055900573730e-01
-7.083070874214172363e-01
9.129462838172912598e-01
7.932828068733215332e-01
8.695896863937377930e-01
-9.628639817237854004e-01
9.639149308204650879e-01
-2.450269311666488647e-01
1.628858447074890137e-01
8.059595823287963867e-01
4.184893071651458740e-01
4.851451516151428223e-02
-9.535117745399475098e-01
2.616617977619171143e-01
9.753719568252563477e-01
8.887516260147094727e-01
-1.738950014114379883e-01
9.482846260070800781e-01
-4.946662187576293945e-01
9.784610271453857422e-01
-2.551644742488861084e-01
9.872905015945434570e-01
-4.195998311042785645e-01
6.328957676887512207e-01
6.807909607887268066e-01
-9.639451503753662109e-01
9.045657515525817871e-01
5.499457716941833496e-01
3.761227130889892578e-01
-6.648594737052917480e-01
4.664714932441711426e-01
9.475330114364624023e-01
-8.186673521995544434e-01
8.954703807830810547e-01
9.264831542968750000e-01
-8.457505702972412109e-01
5.888270139694213867e-01
9.353373646736145020e-01
-4.786515235900878906e-01
8.474667668342590332e-01
-1.680471003055572510e-01
6.912761926651000977e-01
-4.210298061370849609e-01
8.450750112533569336e-01
4.248772561550140381e-01
-7.294588685035705566e-01
9.960436820983886719e-01
9.958940744400024414e-01
-9.527097940444946289e-01
8.861567974090576172e-01
3.525019884109497070e-01
1.493156999349594116e-01
8.252514004707336426e-01
-2.945399880409240723e-01
2.484589964151382446e-01
8.406311273574829102e-01
-7.188512682914733887e-01
-4.901920258998870850e-01
9.878491163253784180e-01
9.975470900535583496e-01
9.605228304862976074e-01
-9.122365713119506836e-01
3.776814937591552734e-01
2.152344286441802979e-01
9.560267329216003418e-01
-1.758816689252853394e-01
4.718575477600097656e-01
-8.937898874282836914e-01
9.892581701278686523e-01
9.453160166740417480e-01
8.985971212387084961e-01
-8.076542019844055176e-01
8.371125459671020508e-01
-8.821188807487487793e-01
4.310266077518463135e-01
8.310977816581726074e-01
-4.831794500350952148e-01
9.831863045692443848e-01
9.563072323799133301e-01
7.607351541519165039e-01
-2.396831661462783813e-01
-7.735350131988525391e-01
-7.678390145301818848e-01
8.572369217872619629e-01
9.932517409324645996e-01
9.497494101524353027e-01
4.986214339733123779e-01
2.960833311080932617e-01
-6.528035998344421387e-01
9.492915868759155273e-01
-9.380327463150024414e-01
4.138181507587432861e-01
9.982469677925109863e-01
9.370929598808288574e-01
-7.549957036972045898e-01
-1.758188307285308838e-01
9.835127592086791992e-01
7.586020976305007935e-02
-1.639017313718795776e-01
9.754247665405273438e-01
6.504524946212768555e-01
-5.883394479751586914e-01
6.174486875534057617e-01
6.456976532936096191e-01
1.647579967975616455e-01
4.196354448795318604e-01
-4.997762739658355713e-01
9.380896091461181641e-01
-1.824273318052291870e-01
6.416030228137969971e-02
9.972291588783264160e-01
-4.471234977245330811e-01
6.315867900848388672e-01
2.832559645175933838e-01
-7.297751307487487793e-02
6.932609677314758301e-01
9.458312988281250000e-01
-5.831950306892395020e-01
9.054901003837585449e-01
-8.266150951385498047e-01
6.352211236953735352e-01
6.760155558586120605e-01
-2.798681855201721191e-01
9.301379919052124023e-01
-2.091685235500335693e-01
9.665172100067138672e-01
6.603624820709228516e-01
-9.888162612915039062e-01
-9.662699103355407715e-01
9.887155294418334961e-01
9.933125972747802734e-01
9.483624696731567383e-01
9.811750650405883789e-01
-9.080852866172790527e-01
8.141093254089355469e-01
-2.381948232650756836e-01
6.640576720237731934e-01
-6.308398842811584473e-01
3.859403133392333984e-01
9.698940515518188477e-01
1.877820305526256561e-02
3.889462053775787354e-01
7.783476710319519043e-01
-7.198949456214904785e-01
8.831422328948974609e-01
6.487320065498352051e-01
-8.221899867057800293e-01
9.086447954177856445e-01
-5.402255058288574219e-01
6.562184691429138184e-01
-5.777907371520996094e-01
9.806053042411804199e-01
9.996594190597534180e-01
5.799486637115478516e-01
-8.969275951385498047e-01
9.227755665779113770e-01
6.597453355789184570e-01
2.174402326345443726e-01
9.081701040267944336e-01
-9.813755750656127930e-01
-1.175925731658935547e-01
5.274807661771774292e-02
9.474052786827087402e-01
3.461495935916900635e-01
9.222033619880676270e-01
7.074141502380371094e-01
-9.728231430053710938e-01
-5.130869746208190918e-01
9.754924178123474121e-01
8.614118099212646484e-01
7.206438779830932617e-01
5.796089172363281250e-01
-9.663211703300476074e-01
-9.335926771163940430e-01
9.732172489166259766e-01
9.959274530410766602e-01
7.914316654205322266e-01
-6.992022395133972168e-01
9.884499311447143555e-01
7.454246282577514648e-01
-6.777244806289672852e-01
9.416562318801879883e-01
9.839475154876708984e-02
2.575260102748870850e-01
2.750472426414489746e-01
9.151021838188171387e-01
-6.807214021682739258e-01
-6.927213817834854126e-02
9.975315332412719727e-01
-2.153759598731994629e-01
9.478210210800170898e-01
-8.459002971649169922e-01
4.959724247455596924e-01
9.668174982070922852e-01
5.075396299362182617e-01
-5.424317121505737305e-01
9.282854795455932617e-01
3.953694403171539307e-01
-4.395824074745178223e-01
9.404395222663879395e-01
1.609265059232711792e-01
7.688036561012268066e-01
-8.989839553833007812e-01
8.509772419929504395e-01
-4.395436346530914307e-01
9.960922002792358398e-01
8.335365653038024902e-01
-9.798154234886169434e-01
6.113327741622924805e-01
7.220861315727233887e-01
-9.798297286033630371e-01
9.554153084754943848e-01
9.279158115386962891e-01
-7.668045908212661743e-02
8.580499291419982910e-01
5.899417400360107422e-01
-6.237723231315612793e-01
6.136425733566284180e-01
6.769714951515197754e-01
-5.879707932472229004e-01
9.672963619232177734e-01
-9.093864560127258301e-01
9.427384734153747559e-01
-2.500183284282684326e-01
9.067882895469665527e-01
4.978733956813812256e-01
-6.574090719223022461e-01
8.172587752342224121e-01
-6.303396224975585938e-01
5.018991231918334961e-01
9.938511848449707031e-01
8.127743005752563477e-01
8.550583124160766602e-01
-4.004450142383575439e-01
-9.898906350135803223e-01
9.912175536155700684e-01
1.162616983056068420e-01
9.947066903114318848e-01
3.976624906063079834e-01
5.312677621841430664e-01
-4.670652747154235840e-01
2.851150929927825928e-01
-5.685807466506958008e-01
9.410271048545837402e-01
9.624573588371276855e-01
2.818613946437835693e-01
-8.783305287361145020e-01
2.908157408237457275e-01
4.643879830837249756e-01
9.478921294212341309e-01
-2.874033153057098389e-01
7.784734368324279785e-01
3.371609449386596680e-01
-1.435317546129226685e-01
5.521320700645446777e-01
7.316603064537048340e-01
-5.284866094589233398e-01
8.421658873558044434e-01
-7.988794445991516113e-01
9.363967180252075195e-01
3.004958331584930420e-01
8.735457658767700195e-01
-8.557727932929992676e-01
7.030816674232482910e-01
6.747302412986755371e-01
8.485007286071777344e-01
-6.493429541587829590e-01
3.131704330444335938e-01
2.186637520790100098e-01
2.172068059444427490e-01
9.891843795776367188e-01
-5.215132236480712891e-01
2.184623181819915771e-01
5.075982213020324707e-01
8.334414958953857422e-01
5.514562726020812988e-01
-9.271121621131896973e-01
-9.455887228250503540e-02
6.041733622550964355e-01
8.970403075218200684e-01
7.923840880393981934e-01
-5.247436761856079102e-01
8.085349202156066895e-01
1.047438234090805054e-01
-9.442374110221862793e-01
8.313029408454895020e-01
9.957955479621887207e-01
5.424583554267883301e-01
-9.494428634643554688e-01
9.832556247711181641e-01
6.207749843597412109e-01
3.761531710624694824e-01
-5.876990556716918945e-01
9.474338293075561523e-01
-8.650618046522140503e-02
8.143274784088134766e-01
6.276740431785583496e-01
-8.980456590652465820e-01
-1.111408248543739319e-01
9.860800504684448242e-01
8.884427547454833984e-01
7.074241638183593750e-01
-3.976697921752929688e-01
-9.477769732475280762e-01
5.128433108329772949e-01
9.613502025604248047e-01
-3.305623829364776611e-01
9.850425124168395996e-01
9.109696149826049805e-01
-7.219010591506958008e-01
7.847054004669189453e-01
3.848113119602203369e-01
-1.643448323011398315e-01
7.118331789970397949e-01
-1.916516125202178955e-01
6.096463203430175781e-01
-8.696947097778320312e-01
9.179516434669494629e-01
2.761325538158416748e-01
9.933472871780395508e-01
4.352234601974487305e-01
-8.476560711860656738e-01
9.811698198318481445e-01
7.891532778739929199e-01
-7.441972494125366211e-01
9.686945676803588867e-01
-7.372828722000122070e-01
9.882779121398925781e-01
7.541448622941970825e-02
7.526808977127075195e-01
5.038676857948303223e-01
-5.101065039634704590e-01
2.447517514228820801e-01
7.600421309471130371e-01
1.157061606645584106e-01
-8.342019915580749512e-01
9.733941555023193359e-01
8.577618598937988281e-01
7.331520318984985352e-01
-9.269020557403564453e-01
9.601455926895141602e-01
4.554416239261627197e-01
-6.150460243225097656e-01
-3.759140670299530029e-01
9.632595777511596680e-01
9.745196700096130371e-01
-2.076674848794937134e-01
9.822086691856384277e-01
3.614755272865295410e-01
-7.644130587577819824e-01
9.887615442276000977e-01
3.930357098579406738e-01
1.109894812107086182e-01
6.948019266128540039e-01
-6.536605954170227051e-01
-1.201596111059188843e-01
9.493137001991271973e-01
9.496331214904785156e-01
6.450194120407104492e-01
-1.605737954378128052e-01
-7.751892805099487305e-01
6.042347289621829987e-03
9.659243226051330566e-01
9.342280626296997070e-01
-7.898053526878356934e-01
-7.623917609453201294e-02
9.803453087806701660e-01
7.964490652084350586e-01
-7.587578296661376953e-01
9.726173281669616699e-01
6.586293578147888184e-01
-1.988419741392135620e-01
7.875924706459045410e-01
5.944218635559082031e-01
-9.977551698684692383e-01
-3.905130326747894287e-01
9.283897280693054199e-01
9.644392728805541992e-01
8.877507448196411133e-01
-7.729405760765075684e-01
2.365187257528305054e-01
9.398709535598754883e-01
-8.299681544303894043e-01
9.994260668754577637e-01
8.388705849647521973e-01
8.690896630287170410e-02
6.528073549270629883e-01
-5.656341314315795898e-01
-9.224077314138412476e-02
9.853408932685852051e-01
-9.173817634582519531e-01
9.418584108352661133e-01
7.559061050415039062e-01
9.402659535408020020e-01
-4.920026361942291260e-01
-6.453326344490051270e-01
8.284404277801513672e-01
-7.223116606473922729e-02
9.282576441764831543e-01
9.073199629783630371e-01
1.551828980445861816e-01
-6.995168924331665039e-01
9.413623809814453125e-01
-1.191421896219253540e-01
5.204416513442993164e-01
9.588506817817687988e-02
2.058328501880168915e-02
9.193665981292724609e-01
-4.024405181407928467e-01
