9.980528259277343750e+01
9.247742462158203125e+01
-1.000393104553222656e+01
-6.329343414306640625e+01
9.758985137939453125e+01
9.729936981201171875e+01
7.519900512695312500e+01
2.675450706481933594e+01
-6.828913879394531250e+01
1.308658409118652344e+01
-9.685117340087890625e+01
-9.461568450927734375e+01
2.615134429931640625e+01
-6.191604614257812500e+01
8.901096343994140625e+01
-5.729972362518310547e+00
-8.556296539306640625e+01
5.198759460449218750e+01
-8.046501922607421875e+01
9.245658874511718750e+01
4.806525039672851562e+01
-2.766204452514648438e+01
-4.116300106048583984e+00
7.555595397949218750e+01
-8.459552764892578125e+01
9.816195678710937500e+01
9.805806732177734375e+01
9.189038848876953125e+01
3.739134597778320312e+01
-9.262518882751464844e+00
-7.007409667968750000e+01
4.578570556640625000e+01
9.918892669677734375e+01
-5.163203430175781250e+01
7.558475494384765625e+01
2.838715934753417969e+01
-9.982845306396484375e+01
5.622863769531250000e+01
-9.247344970703125000e+01
-6.064122772216796875e+01
-4.101175689697265625e+01
9.912728881835937500e+01
4.230642795562744141e+00
-9.062085723876953125e+01
-1.666977310180664062e+01
4.447171688079833984e+00
-2.161244773864746094e+01
-7.682249450683593750e+01
9.866351318359375000e+01
9.545117950439453125e+01
4.217024230957031250e+01
-9.543585205078125000e+01
5.359050750732421875e+01
-6.332222461700439453e+00
-3.671877288818359375e+01
9.738774871826171875e+01
9.995682525634765625e+01
9.882982635498046875e+01
-3.533900451660156250e+01
-7.776474952697753906e+00
9.972696685791015625e+01
9.882279205322265625e+01
-8.577360534667968750e+01
8.477769470214843750e+01
8.288962554931640625e+01
-6.134450912475585938e+01
8.393348693847656250e+01
9.513924407958984375e+01
-6.399215316772460938e+01
-1.920687103271484375e+01
7.455747985839843750e+01
-6.470735168457031250e+01
4.517963790893554688e+01
-9.682460784912109375e+01
-7.780555725097656250e+01
-3.837883758544921875e+01
9.922317504882812500e+01
9.944522857666015625e+01
9.947811889648437500e+01
-3.233732223510742188e+01
7.361704254150390625e+01
-3.514004898071289062e+01
9.917238616943359375e+01
6.285583496093750000e+01
-6.646304321289062500e+01
9.903707885742187500e+01
-9.450305938720703125e+01
9.376078033447265625e+01
-6.970914459228515625e+01
9.756288146972656250e+01
6.935834503173828125e+01
-3.852505493164062500e+01
-8.281069946289062500e+01
9.852579498291015625e+01
9.776183319091796875e+01
-9.612461090087890625e+01
-5.964526176452636719e+00
2.836163997650146484e+00
-1.462519454956054688e+01
-3.250144577026367188e+01
9.652267456054687500e+01
9.134235382080078125e+01
-4.974664306640625000e+01
9.165328979492187500e+01
-6.512407684326171875e+01
9.654605102539062500e+01
7.889152526855468750e+01
6.649819183349609375e+01
5.010672760009765625e+01
6.739105987548828125e+01
-4.148735046386718750e+00
-9.767691802978515625e+01
8.031307220458984375e+01
-8.856150817871093750e+01
8.810780334472656250e+01
-7.813896179199218750e+01
-9.669697570800781250e+01
-2.236373138427734375e+01
3.109548759460449219e+01
-7.016361999511718750e+01
-6.980984497070312500e+01
4.029674148559570312e+01
9.693733978271484375e+01
-2.624215507507324219e+01
-5.136514282226562500e+01
-9.208383941650390625e+01
-9.771457672119140625e+01
-9.574104309082031250e+01
-7.731057739257812500e+01
-2.032568359375000000e+01
-9.905786132812500000e+01
-9.884059143066406250e+01
-6.364539337158203125e+01
2.166203498840332031e+00
7.702388763427734375e+01
-9.590932464599609375e+01
9.883421325683593750e+01
9.371162414550781250e+01
9.954819488525390625e+01
6.773933410644531250e+01
-3.186908149719238281e+01
9.933711242675781250e+01
9.994873046875000000e+01
9.970451354980468750e+01
4.582091903686523438e+01
9.975366210937500000e+01
8.571962738037109375e+01
8.084700775146484375e+01
-5.486444091796875000e+01
-4.234629058837890625e+01
9.840301513671875000e+01
9.657481384277343750e+01
-9.822961425781250000e+01
1.108644485473632812e+01
-6.555945587158203125e+01
-8.422256469726562500e+01
9.433126831054687500e+01
6.852703094482421875e+01
-9.625481414794921875e+01
-9.828384399414062500e+01
-5.207874298095703125e+01
-9.438388061523437500e+01
2.342564010620117188e+01
-6.803558349609375000e+01
-9.351475524902343750e+01
9.722231292724609375e+01
6.680320739746093750e+01
9.163928222656250000e+01
-9.567831039428710938e+00
9.125593566894531250e+01
-1.891452407836914062e+01
9.797112274169921875e+01
3.956877899169921875e+01
-4.359494781494140625e+01
2.513188362121582031e+01
7.261585998535156250e+01
-7.070935058593750000e+01
5.484658050537109375e+01
-2.094287490844726562e+01
2.403980255126953125e+01
6.489488220214843750e+01
-9.600573730468750000e+01
-8.647483825683593750e+01
9.977286529541015625e+01
-9.797917938232421875e+01
9.624433898925781250e+01
-3.774605560302734375e+01
9.111394500732421875e+01
9.348439788818359375e+01
-9.890063476562500000e+01
-9.560945892333984375e+01
4.800087356567382812e+01
-6.526733398437500000e+01
-6.450839233398437500e+01
9.976117706298828125e+01
9.810750579833984375e+01
6.209037780761718750e+01
-5.835562896728515625e+01
6.042523956298828125e+01
9.457968139648437500e+01
-6.195976638793945312e+01
-6.358757019042968750e+01
9.979235839843750000e+01
9.195103454589843750e+01
-9.920585632324218750e+01
3.461122512817382812e+01
-1.282493782043457031e+01
1.404535770416259766e+00
-2.093931770324707031e+01
7.641036224365234375e+01
-6.857267761230468750e+01
9.518937683105468750e+01
-9.737165069580078125e+01
-9.524676513671875000e+01
1.940784263610839844e+01
-4.677625656127929688e+01
8.260741424560546875e+01
9.781732940673828125e+01
2.121135520935058594e+01
2.914609336853027344e+01
-8.323147583007812500e+01
-3.648581314086914062e+01
8.590057373046875000e+01
9.073461914062500000e+01
-8.312364196777343750e+01
-8.708107757568359375e+01
-1.317609548568725586e+00
9.238375091552734375e+01
1.052266883850097656e+01
-9.947946929931640625e+01
-9.299667358398437500e+01
-1.429151725769042969e+01
9.840531158447265625e+01
9.938410186767578125e+01
6.414153289794921875e+01
-7.922579956054687500e+01
-3.690492248535156250e+01
9.985028076171875000e+01
4.750474548339843750e+01
9.952002716064453125e+01
6.317027664184570312e+01
8.894717407226562500e+01
-9.453292083740234375e+01
-1.589828109741210938e+01
6.524877166748046875e+01
-7.766819763183593750e+01
-8.862251281738281250e+00
-8.558917999267578125e+00
8.070584869384765625e+01
-6.607402038574218750e+01
1.341969203948974609e+01
9.144457244873046875e+01
-3.937871170043945312e+01
9.416934204101562500e+01
8.905992126464843750e+01
9.692182922363281250e+01
-8.636689758300781250e+01
-9.295162200927734375e+01
9.520384979248046875e+01
-1.802785491943359375e+01
-8.207386016845703125e+01
7.423950195312500000e+00
-9.865127563476562500e+01
7.918740272521972656e+00
1.559648227691650391e+01
-9.919183349609375000e+01
-3.810949325561523438e+00
9.536972045898437500e+01
9.691519927978515625e+01
-8.641302490234375000e+01
9.412954711914062500e+01
-1.504045104980468750e+01
-3.535165786743164062e+01
7.845027160644531250e+01
9.646678924560546875e+01
5.787818527221679688e+01
-7.330684661865234375e+01
4.388714981079101562e+01
4.418714141845703125e+01
-4.006979751586914062e+01
-8.949537658691406250e+01
5.155463409423828125e+01
9.190584564208984375e+01
5.321293640136718750e+01
-9.955445861816406250e+01
-8.144726562500000000e+01
-8.101254272460937500e+01
1.354261779785156250e+01
9.386186218261718750e+01
-9.924050903320312500e+01
-6.601680755615234375e+01
1.537508773803710938e+01
-3.826531600952148438e+01
9.535552215576171875e+01
-1.483588367700576782e-01
-9.817291259765625000e+01
9.827497863769531250e+01
-9.553202056884765625e+01
1.931980895996093750e+01
8.191361999511718750e+01
-1.994772720336914062e+01
6.929673767089843750e+01
-1.911166763305664062e+01
9.921134948730468750e+01
3.578548431396484375e+01
-9.505270385742187500e+01
9.121146392822265625e+01
9.885860443115234375e+01
8.213927459716796875e+01
8.471046447753906250e+01
-9.996244049072265625e+01
-9.582202148437500000e+01
2.293303108215332031e+01
-9.691876983642578125e+01
6.474900054931640625e+01
-2.881267929077148438e+01
-9.231294250488281250e+01
-9.918823242187500000e+01
2.582058906555175781e+01
7.194501495361328125e+01
-9.994136810302734375e+01
-8.240497589111328125e+01
-8.184517669677734375e+01
-2.531637573242187500e+01
-4.979959487915039062e+00
5.985971832275390625e+01
-4.410578155517578125e+01
-9.606826782226562500e+01
-9.998936462402343750e+01
-9.950392150878906250e+01
-8.054138946533203125e+01
3.825179290771484375e+01
-5.337849426269531250e+01
-4.484102630615234375e+01
8.739019775390625000e+01
9.488555145263671875e+01
9.848898315429687500e+01
9.431270599365234375e+01
9.417924499511718750e+01
8.362876892089843750e+01
6.811821746826171875e+01
7.836584472656250000e+01
7.826876068115234375e+01
6.287201690673828125e+01
5.639008712768554688e+01
-7.206565856933593750e+01
-4.133327484130859375e+01
2.115781021118164062e+01
8.187451171875000000e+01
-3.417955338954925537e-01
-9.941981506347656250e+01
-8.729755401611328125e+01
-7.463401794433593750e+01
9.996752929687500000e+01
-1.917440032958984375e+01
4.236088562011718750e+01
-6.793001556396484375e+01
7.720749664306640625e+01
-7.271376037597656250e+01
5.988782119750976562e+01
-2.524927330017089844e+01
6.311100006103515625e+01
-3.380801773071289062e+01
7.326750946044921875e+01
9.900203704833984375e+01
1.692967033386230469e+01
4.578781890869140625e+01
-9.976290130615234375e+01
-9.699070739746093750e+01
9.974682617187500000e+01
-2.098998451232910156e+01
9.929450988769531250e+01
4.216407394409179688e+01
-9.524076843261718750e+01
-9.877522277832031250e+01
-9.959244537353515625e+01
4.881055831909179688e+01
7.843809509277343750e+01
-1.649859809875488281e+01
-6.550740814208984375e+01
8.667562866210937500e+01
9.955284881591796875e+01
-9.305715942382812500e+01
-1.606682014465332031e+01
9.980104827880859375e+01
9.980175781250000000e+01
9.854183197021484375e+01
8.579295158386230469e+00
2.924719238281250000e+01
-6.020996093750000000e+01
-9.563246154785156250e+01
9.299495697021484375e+01
-8.075334167480468750e+01
2.160057640075683594e+01
-9.660337829589843750e+01
-9.610245513916015625e+01
9.894503784179687500e+01
-9.610895156860351562e+00
4.435003280639648438e+01
2.062275695800781250e+01
-9.169749450683593750e+01
-5.290057754516601562e+01
9.950720977783203125e+01
9.972634124755859375e+01
-7.313251495361328125e+01
-5.389373397827148438e+01
3.593029403686523438e+01
8.925183868408203125e+01
-4.013800430297851562e+01
7.124817657470703125e+01
-8.563506317138671875e+01
6.243289184570312500e+01
9.189871215820312500e+01
-3.819503021240234375e+01
-1.537073230743408203e+01
9.923444366455078125e+01
-8.711761474609375000e+01
9.994502258300781250e+01
9.737727355957031250e+01
6.832781314849853516e+00
1.732711982727050781e+01
-9.929188537597656250e+01
8.159764862060546875e+01
-8.882124328613281250e+01
8.766479492187500000e+01
-9.394021606445312500e+01
5.381109237670898438e+01
-9.973256683349609375e+01
-9.916260528564453125e+01
5.264441299438476562e+01
-9.248661041259765625e+01
8.142797946929931641e-01
-9.025667572021484375e+01
-1.755045700073242188e+01
9.952980041503906250e+01
1.161806392669677734e+01
-5.014097213745117188e+01
-3.724113464355468750e+01
1.233762168884277344e+01
5.555960464477539062e+01
-8.222254180908203125e+01
9.953855895996093750e+01
8.935717010498046875e+01
-7.779254150390625000e+01
-7.423227691650390625e+01
-4.342820739746093750e+01
9.939495086669921875e+01
9.931549835205078125e+01
9.704538726806640625e+01
9.511177062988281250e+01
7.448271942138671875e+01
8.816593933105468750e+01
-9.065248870849609375e+01
7.935507965087890625e+01
-1.305414104461669922e+01
8.825092315673828125e+01
-5.162066268920898438e+01
-7.297372436523437500e+01
8.155276489257812500e+01
-9.317594909667968750e+01
-9.920541381835937500e+01
-9.746018981933593750e+01
8.461083984375000000e+01
-5.351075363159179688e+01
4.178873443603515625e+01
8.463320922851562500e+01
-4.460733032226562500e+01
3.506606674194335938e+01
-8.497324371337890625e+01
3.487545776367187500e+01
9.903520202636718750e+01
-9.149963378906250000e+01
9.047564697265625000e+01
-3.447154617309570312e+01
-5.870634460449218750e+01
9.844810485839843750e+01
8.796320343017578125e+01
2.077513122558593750e+01
-9.535288238525390625e+01
-9.349608612060546875e+01
9.513712310791015625e+01
9.359197998046875000e+01
3.841439437866210938e+01
-9.842683410644531250e+01
-4.934228897094726562e+01
7.869695281982421875e+01
8.018112182617187500e+01
-7.176088714599609375e+01
3.556491851806640625e+01
-1.320382308959960938e+01
4.320888137817382812e+01
-9.521762847900390625e+01
1.609387588500976562e+01
-7.954805755615234375e+01
9.194651031494140625e+01
-9.776336669921875000e+01
-9.319023895263671875e+01
9.615437316894531250e+01
9.355939483642578125e+01
2.982226371765136719e+01
-7.114955902099609375e+01
-7.181989288330078125e+01
-3.830816268920898438e+00
5.072340393066406250e+01
7.773071289062500000e+01
-8.333090209960937500e+01
9.774457550048828125e+01
9.600540161132812500e+01
-4.213156890869140625e+01
5.924972915649414062e+01
-3.502103424072265625e+01
9.782604217529296875e+01
6.862646484375000000e+01
9.311350250244140625e+01
-9.315878295898437500e+01
-5.206427764892578125e+01
-1.743898582458496094e+01
8.976544952392578125e+01
9.471288299560546875e+01
-1.346729278564453125e+01
9.172019195556640625e+01
-9.385611724853515625e+01
-9.825156402587890625e+01
-7.700352478027343750e+01
-9.711888885498046875e+01
-8.675493621826171875e+01
-4.337360763549804688e+01
-5.796837234497070312e+01
-6.374990844726562500e+01
-9.374861145019531250e+01
-9.227639770507812500e+01
-6.034479904174804688e+01
-4.684052276611328125e+01
8.890382385253906250e+01
6.170372962951660156e+00
3.205135345458984375e+01
-8.002663421630859375e+01
9.377265930175781250e+01
9.641136169433593750e+01
9.241514587402343750e+01
9.518509674072265625e+01
9.787133026123046875e+01
9.660971069335937500e+01
9.964089202880859375e+01
6.730576324462890625e+01
-2.872161483764648438e+01
4.282249450683593750e+01
-4.853417968750000000e+01
9.353249359130859375e+01
-9.204124450683593750e+01
-6.271871185302734375e+01
9.984819030761718750e+01
2.992871665954589844e+01
-9.944869995117187500e+01
-9.644338989257812500e+01
1.864883995056152344e+01
-8.165343475341796875e+01
-5.614276123046875000e+01
-1.368337249755859375e+01
7.508213806152343750e+01
6.573152160644531250e+01
-5.471850204467773438e+01
8.455209350585937500e+01
4.406657791137695312e+01
9.295978546142578125e+01
-3.989108657836914062e+01
9.983802032470703125e+01
4.567380142211914062e+01
-6.445288848876953125e+01
7.745191192626953125e+01
-6.325992202758789062e+01
8.846575164794921875e+01
-8.062476348876953125e+01
9.590979003906250000e+01
9.702027130126953125e+01
-9.993288421630859375e+01
-9.961919403076171875e+01
-7.328742218017578125e+01
6.269227218627929688e+01
5.893944549560546875e+01
2.673018932342529297e+00
-9.165792083740234375e+01
-8.520845794677734375e+01
-7.617842864990234375e+01
-5.131131362915039062e+01
9.936620330810546875e+01
9.960587310791015625e+01
9.053195953369140625e+01
-9.576831817626953125e+01
-9.983329772949218750e+01
-2.790429830551147461e+00
9.981378936767578125e+01
9.757553100585937500e+01
9.935078430175781250e+01
9.439157867431640625e+01
9.579784393310546875e+01
8.382796478271484375e+01
5.109399032592773438e+01
-6.518505096435546875e+01
8.801915740966796875e+01
-7.766532897949218750e+01
-7.734248352050781250e+01
-9.660564422607421875e+01
7.322996520996093750e+01
-9.321464538574218750e+01
-7.532386016845703125e+01
-2.812682342529296875e+01
9.737087249755859375e+01
9.594248199462890625e+01
-4.876893234252929688e+01
-3.529137802124023438e+01
9.848846435546875000e+01
8.598677062988281250e+01
9.528243255615234375e+01
-8.348989105224609375e+01
8.581498718261718750e+01
9.321859741210937500e+01
-6.669634246826171875e+01
-6.628193855285644531e+00
9.904167175292968750e+01
9.507994842529296875e+01
-8.702412414550781250e+01
8.220134735107421875e+00
5.998781204223632812e+01
-9.627701568603515625e+01
8.821311187744140625e+01
6.116854095458984375e+01
-9.712413024902343750e+01
-9.754058837890625000e+01
9.922293090820312500e+01
-4.070870590209960938e+01
-5.923730087280273438e+01
1.769529533386230469e+01
-8.256512451171875000e+01
4.331683349609375000e+01
-1.562346267700195312e+01
-1.419443225860595703e+01
9.009746551513671875e+01
9.909232330322265625e+01
6.321043395996093750e+01
-9.942900848388671875e+01
-9.897938537597656250e+01
-3.643288803100585938e+01
9.001216125488281250e+01
9.874026489257812500e+01
8.368870544433593750e+01
-1.999859571456909180e+00
-5.826573181152343750e+01
9.885481262207031250e+01
9.330546569824218750e+01
8.158233642578125000e+01
9.626470947265625000e+01
4.616987228393554688e+01
7.725706481933593750e+01
-9.933737182617187500e+01
-9.492456817626953125e+01
8.885096740722656250e+01
-2.948631858825683594e+01
-9.422065734863281250e+01
-6.117489242553710938e+01
9.254519653320312500e+01
-3.343972015380859375e+01
-9.178678131103515625e+01
1.450941276550292969e+01
-4.905763244628906250e+01
-4.822476577758789062e+01
9.822489929199218750e+01
9.215982055664062500e+01
4.503104019165039062e+01
9.040377044677734375e+01
4.265596771240234375e+01
-9.928232574462890625e+01
-5.515263080596923828e+00
9.766019439697265625e+01
-9.168896484375000000e+01
9.857658386230468750e+01
5.220883941650390625e+01
-9.869158935546875000e+01
-4.996233749389648438e+01
-2.425634384155273438e+01
-1.908180713653564453e-01
9.999795532226562500e+01
9.925882720947265625e+01
6.773805999755859375e+01
-3.831206130981445312e+01
1.410096740722656250e+01
-7.071691894531250000e+01
3.063318061828613281e+01
-2.775040054321289062e+01
4.841712951660156250e+01
8.492010498046875000e+01
-2.875228309631347656e+01
-6.922319793701171875e+01
9.418049621582031250e+01
-7.881875991821289062e+00
4.988797760009765625e+01
-2.834285163879394531e+01
9.905582427978515625e+01
9.958862304687500000e+01
9.526132202148437500e+01
-8.353011322021484375e+01
9.873672485351562500e+01
1.356749057769775391e+01
-9.686812591552734375e+01
-3.591111755371093750e+01
8.918695068359375000e+01
-9.964043426513671875e+01
9.845745086669921875e+01
-5.278174972534179688e+01
-7.506977844238281250e+01
9.991405487060546875e+01
-2.870665550231933594e+01
2.024947738647460938e+01
-5.523563766479492188e+01
-7.346412658691406250e+00
9.935510253906250000e+01
9.911478424072265625e+01
-1.058443069458007812e+01
9.929516601562500000e+01
6.639273071289062500e+01
3.112650299072265625e+01
-6.524776458740234375e+01
9.938757324218750000e+01
7.314248657226562500e+01
-9.026206207275390625e+01
-9.785667419433593750e+01
-5.755688095092773438e+01
-9.956072235107421875e+01
-9.979371643066406250e+01
-9.701113128662109375e+01
-7.717041778564453125e+01
-7.650973510742187500e+01
2.301880645751953125e+01
-7.833776855468750000e+01
-9.058766937255859375e+01
9.302304077148437500e+01
9.965583801269531250e+01
9.979554748535156250e+01
9.736421966552734375e+01
9.999510955810546875e+01
9.966690826416015625e+01
9.969461822509765625e+01
9.626893615722656250e+01
9.997992706298828125e+01
9.976264190673828125e+01
9.922380065917968750e+01
-2.634473419189453125e+01
8.916271209716796875e+01
8.313889312744140625e+01
-6.683139801025390625e+01
-9.890801239013671875e+01
4.828178405761718750e+01
-9.627160644531250000e+01
8.565489959716796875e+01
-9.789182281494140625e+01
-9.029056549072265625e+01
-9.894142913818359375e+01
-6.619190216064453125e+01
-5.141760253906250000e+01
9.730780792236328125e+01
8.670514678955078125e+01
-4.469495010375976562e+01
6.251347732543945312e+01
7.921421051025390625e+01
8.492465209960937500e+01
-2.328364372253417969e+01
-7.126834106445312500e+01
9.978254699707031250e+01
9.632997894287109375e+01
6.639543151855468750e+01
-8.424844360351562500e+01
6.850025177001953125e+01
-9.535856628417968750e+01
7.942758560180664062e+00
-2.231470870971679688e+01
9.460278320312500000e+01
-5.394820022583007812e+01
3.581540679931640625e+01
-5.234854125976562500e+01
-7.991078186035156250e+01
6.946254730224609375e+01
8.558803558349609375e+01
-3.923843765258789062e+01
3.388882064819335938e+01
9.658135986328125000e+01
6.018640518188476562e+01
-9.628208160400390625e+01
-6.097929000854492188e+01
-2.366814041137695312e+01
7.580503940582275391e+00
6.229451370239257812e+01
-9.613836669921875000e+01
-9.636847686767578125e+01
-4.885849761962890625e+01
8.824047088623046875e+01
9.215538787841796875e+01
-5.986293029785156250e+01
9.986464691162109375e+01
8.600149536132812500e+01
8.127182006835937500e+01
-8.678946685791015625e+01
-3.575628662109375000e+01
6.082788085937500000e+01
9.814013671875000000e+01
2.949933624267578125e+01
-9.920456695556640625e+01
-9.905847167968750000e+01
2.607164382934570312e+01
-9.959534454345703125e+01
-5.748722457885742188e+01
9.837313079833984375e+01
9.895535278320312500e+01
4.149095535278320312e+01
-9.594730377197265625e+01
-8.345722198486328125e+01
9.522855377197265625e+01
6.212906265258789062e+01
4.818248748779296875e+01
-7.523852539062500000e+01
-1.002475452423095703e+01
1.152287673950195312e+01
-6.255614089965820312e+01
5.067276382446289062e+01
-9.432552337646484375e+01
-8.553731536865234375e+01
-7.433517456054687500e+01
9.980708312988281250e+01
9.878874206542968750e+01
6.836494445800781250e+01
-7.744521331787109375e+01
7.427192687988281250e+01
-2.021535301208496094e+01
8.850968170166015625e+01
9.682355499267578125e+01
8.990814971923828125e+01
-7.916018676757812500e+01
7.171951293945312500e+01
-5.586002349853515625e+01
-9.630442810058593750e+01
9.976632690429687500e+01
-8.971503448486328125e+01
9.070080566406250000e+01
-6.579169464111328125e+01
7.934339904785156250e+01
-8.787011718750000000e+01
-5.588225173950195312e+01
8.109260559082031250e+01
9.992966461181640625e+01
1.488994693756103516e+01
-6.080669784545898438e+01
-5.512717819213867188e+01
9.343431854248046875e+01
8.975569915771484375e+01
9.254271697998046875e+01
-4.588039016723632812e+01
9.524881744384765625e+01
-4.626747894287109375e+01
4.854828262329101562e+01
-7.748867797851562500e+01
-8.280081939697265625e+01
9.461312866210937500e+01
9.028983306884765625e+01
-2.310033798217773438e+01
-8.732219696044921875e+01
3.987358474731445312e+01
-3.361592102050781250e+01
9.635810089111328125e+01
5.575297546386718750e+01
7.508444213867187500e+01
-6.310237503051757812e+01
-8.359926605224609375e+01
9.456829071044921875e+01
7.733026123046875000e+01
-2.144136810302734375e+01
4.929194259643554688e+01
-8.877095794677734375e+01
3.762951278686523438e+01
-9.230613708496093750e+01
2.251419639587402344e+01
9.427275848388671875e+01
-9.527526855468750000e+01
-9.746649169921875000e+01
6.197895812988281250e+01
3.160445022583007812e+01
-7.975659942626953125e+01
5.570037460327148438e+01
-8.709765625000000000e+01
6.309124755859375000e+01
-4.029746627807617188e+01
8.169108581542968750e+01
-9.899347686767578125e+01
7.877460002899169922e+00
-8.484070587158203125e+01
-5.386952590942382812e+01
-4.939206695556640625e+01
9.997886657714843750e+01
8.908927917480468750e+01
5.036048126220703125e+01
-9.120652008056640625e+01
-3.084897613525390625e+01
9.762696838378906250e+01
6.292541503906250000e+01
9.475766754150390625e+01
4.233745193481445312e+01
8.491537475585937500e+01
-7.154575347900390625e+01
8.439746093750000000e+01
-1.036964988708496094e+01
-1.993244934082031250e+01
-4.473175811767578125e+01
-4.531342029571533203e+00
8.598022460937500000e+01
8.299378967285156250e+01
-6.115380477905273438e+01
-8.989498901367187500e+01
3.145400047302246094e+01
-3.151208686828613281e+01
9.990278625488281250e+01
9.907257843017578125e+01
1.803435516357421875e+01
1.331059741973876953e+01
-8.901522064208984375e+01
8.514253234863281250e+01
7.813367462158203125e+01
-9.982851409912109375e+01
-9.733985900878906250e+01
-8.198042297363281250e+01
-9.649042510986328125e+01
4.667557525634765625e+01
-9.904454803466796875e+01
-9.960004425048828125e+01
-8.803726196289062500e+01
-9.650238037109375000e+01
3.191668319702148438e+01
-4.420546722412109375e+01
9.322675323486328125e+01
2.438651275634765625e+01
9.908901214599609375e+01
9.693206787109375000e+01
8.003675079345703125e+01
9.505093383789062500e+01
8.764524841308593750e+01
9.658481597900390625e+01
9.670135498046875000e+01
9.317810821533203125e+01
-8.721965789794921875e+01
9.788541412353515625e+01
6.043365478515625000e+01
-9.790092468261718750e+01
3.033478164672851562e+01
-9.292996215820312500e+01
4.286354827880859375e+01
-9.997144317626953125e+01
-8.215039062500000000e+01
-8.414395141601562500e+01
9.227703857421875000e+01
5.860867309570312500e+01
-9.968576049804687500e+01
-9.106034851074218750e+01
-9.857108306884765625e+01
3.629905319213867188e+01
9.139909362792968750e+01
8.085117340087890625e+00
-9.807194519042968750e+01
-6.319107818603515625e+01
-2.442416763305664062e+01
5.775603103637695312e+01
9.971413421630859375e+01
9.636792755126953125e+01
-8.742515563964843750e+01
-5.734174728393554688e+01
9.583052062988281250e+01
9.560721588134765625e+01
4.991495132446289062e+01
-1.541704082489013672e+01
-3.510752105712890625e+01
9.859303283691406250e+01
9.997448730468750000e+01
8.794769287109375000e+01
8.921429443359375000e+01
-8.777883148193359375e+01
-9.114603424072265625e+01
6.075686454772949219e+00
9.916372680664062500e+01
-8.311734008789062500e+01
6.335698318481445312e+01
-9.606971740722656250e+01
6.733965301513671875e+01
-9.856694793701171875e+01
-9.750566101074218750e+01
5.551927566528320312e+01
7.215589141845703125e+01
-5.746735382080078125e+01
1.025875663757324219e+01
-9.944094848632812500e+01
-9.948880004882812500e+01
-8.596834182739257812e+00
7.901280212402343750e+01
2.015476608276367188e+01
9.070486450195312500e+01
-8.374597930908203125e+01
-9.749585723876953125e+01
4.136456680297851562e+01
7.505152130126953125e+01
-9.935987854003906250e+01
9.234576416015625000e+01
8.810348510742187500e+01
-6.928461456298828125e+01
9.647338104248046875e+01
-9.245748138427734375e+01
-6.243983078002929688e+01
4.164704513549804688e+01
9.877721405029296875e+01
9.014675140380859375e+01
-1.212502861022949219e+01
2.653968429565429688e+01
-8.490451049804687500e+01
-5.756520080566406250e+01
8.565179443359375000e+01
9.934359741210937500e+01
-2.276145935058593750e+01
9.473765563964843750e+01
9.073046112060546875e+01
-9.413545989990234375e+01
6.049654388427734375e+01
-9.356344604492187500e+01
1.334504485130310059e+00
-6.371557235717773438e+01
3.878840255737304688e+01
7.637705993652343750e+01
-3.472988510131835938e+01
-7.927796936035156250e+01
-8.911325073242187500e+01
-7.915086364746093750e+01
7.789076232910156250e+01
8.181964111328125000e+01
3.138709068298339844e+01
-9.934941864013671875e+01
-2.132550048828125000e+01
3.328480148315429688e+01
5.976759338378906250e+01
-1.613736534118652344e+01
2.104350471496582031e+01
7.268517303466796875e+01
-3.098324012756347656e+01
9.570275878906250000e+01
-9.414425659179687500e+01
-9.273551940917968750e+00
9.461877441406250000e+01
8.160315704345703125e+01
-7.154335021972656250e+01
-5.367206192016601562e+01
9.670581054687500000e+01
4.295969009399414062e+01
8.504882049560546875e+01
7.003742218017578125e+01
-8.680258941650390625e+01
2.820907211303710938e+01
-6.040619659423828125e+01
-2.252701950073242188e+01
9.944979095458984375e+01
9.216187477111816406e+00
-9.441355133056640625e+01
-3.121008872985839844e+01
4.418307113647460938e+01
-3.756638717651367188e+01
-2.751394271850585938e+01
9.643260955810546875e+01
9.524339294433593750e+01
9.187925720214843750e+01
-8.927972412109375000e+01
-7.685042572021484375e+01
9.590341186523437500e+01
-1.793646430969238281e+01
1.535276889801025391e+01
9.764730072021484375e+01
-9.008589172363281250e+01
-6.847556591033935547e+00
7.612928009033203125e+01
9.733941650390625000e+01
1.682095146179199219e+01
-8.765005493164062500e+01
-8.890014648437500000e+01
9.424533843994140625e+01
9.460031890869140625e+01
-2.468241310119628906e+01
6.659476470947265625e+01
-2.016271591186523438e+01
-4.348909854888916016e+00
-4.947666931152343750e+01
9.993451690673828125e+01
7.965963745117187500e+01
9.136181640625000000e+01
-4.948925399780273438e+01
8.357101440429687500e+01
2.821405029296875000e+01
-3.912029647827148438e+01
4.345108032226562500e+01
7.397441864013671875e+01
7.417675781250000000e+01
-9.820655822753906250e+01
-9.160346984863281250e+01
6.691058349609375000e+01
8.590911865234375000e+01
7.866458892822265625e-01
-9.263663482666015625e+01
-9.963648986816406250e+01
-4.172489547729492188e+01
-7.853756713867187500e+01
9.800367736816406250e+01
-8.596842956542968750e+01
9.809247589111328125e+01
-2.759477996826171875e+01
-9.282251739501953125e+01
5.317332839965820312e+01
-3.952313065528869629e-01
7.485980224609375000e+01
3.765835189819335938e+01
8.967601776123046875e+01
-7.859851074218750000e+01
8.960525512695312500e+01
3.357133102416992188e+01
-1.108534526824951172e+01
-2.250463485717773438e+01
-6.721660614013671875e+01
-4.841565322875976562e+01
-9.261663055419921875e+01
-3.804263305664062500e+01
-4.130005264282226562e+01
-9.412197875976562500e+01
-9.944478607177734375e+01
-8.942365264892578125e+01
-3.970596551895141602e+00
-9.616329956054687500e+01
-5.447581863403320312e+01
9.874384307861328125e+01
9.282550811767578125e+01
9.997755432128906250e+01
9.989764404296875000e+01
9.954600524902343750e+01
9.993960571289062500e+01
9.995265960693359375e+01
9.936269378662109375e+01
9.905747985839843750e+01
9.925514221191406250e+01
9.943267059326171875e+01
9.920341491699218750e+01
-4.839864349365234375e+01
9.977175903320312500e+01
-7.695785522460937500e+01
8.677163696289062500e+01
9.936079406738281250e+01
-6.284881210327148438e+01
-9.630047607421875000e+01
-5.219370269775390625e+01
7.983721923828125000e+01
7.328665161132812500e+01
-9.988646697998046875e+01
-8.534000396728515625e+01
6.321394348144531250e+01
-8.261106872558593750e+01
-9.222275543212890625e+01
4.094850540161132812e+01
9.891990661621093750e+01
-7.854412078857421875e+01
-8.524789428710937500e+01
6.387017440795898438e+01
9.623979187011718750e+01
-9.894821166992187500e+01
4.195372390747070312e+01
-6.908693695068359375e+01
9.185075378417968750e+01
8.540848541259765625e+01
-8.828993988037109375e+01
-6.869652557373046875e+01
8.021877288818359375e+01
-6.143025398254394531e+00
8.711271667480468750e+01
-7.144801330566406250e+01
5.416725921630859375e+01
9.563491821289062500e+01
-9.910121917724609375e+01
9.917114257812500000e+01
9.290222167968750000e+01
8.287995147705078125e+01
-9.766822814941406250e+01
2.967872047424316406e+01
7.580167388916015625e+01
-9.908128356933593750e+01
-2.589596557617187500e+01
-2.130043601989746094e+01
6.009658432006835938e+01
-8.539465332031250000e+01
1.176627922058105469e+01
-9.762874603271484375e+01
-9.433889770507812500e+01
7.211943817138671875e+01
-9.992942047119140625e+01
-8.628772735595703125e+01
7.310890960693359375e+01
6.879841613769531250e+01
-8.776935577392578125e+01
5.319664382934570312e+01
7.701918029785156250e+01
1.811062622070312500e+01
6.668860626220703125e+01
7.796166229248046875e+01
-3.086457824707031250e+01
7.752989196777343750e+01
1.828787624835968018e-01
7.726070880889892578e+00
-9.963554382324218750e+01
-9.996868133544921875e+01
-9.264462280273437500e+01
5.320535278320312500e+01
-3.198210334777832031e+01
4.094948196411132812e+01
-9.802531433105468750e+01
-9.953585052490234375e+01
-8.471583557128906250e+01
8.226679229736328125e+01
5.459887313842773438e+01
-2.911434745788574219e+01
-7.489775848388671875e+01
-3.747177505493164062e+01
9.947887420654296875e+01
9.846412658691406250e+01
5.889642333984375000e+01
8.271692276000976562e+00
-5.496622467041015625e+01
-1.526040458679199219e+01
9.728478240966796875e+01
9.327323913574218750e+01
9.997716522216796875e+01
5.277461242675781250e+01
-8.468446350097656250e+01
-9.664958953857421875e+01
9.963925933837890625e+01
9.119856262207031250e+01
9.162460327148437500e+01
-3.503963470458984375e+01
-9.628823089599609375e+01
-4.944747543334960938e+01
9.785971832275390625e+01
-2.092798423767089844e+01
9.843264770507812500e+01
9.951822280883789062e+00
-9.950045776367187500e+01
-9.070228576660156250e+01
9.991738891601562500e+01
3.170767784118652344e+01
-8.797651672363281250e+01
9.629050445556640625e+01
-7.640191650390625000e+01
9.800057220458984375e+01
6.550114440917968750e+01
-7.703262329101562500e+01
-7.280978393554687500e+01
7.062668609619140625e+01
7.977956390380859375e+01
8.109019470214843750e+01
-9.756055450439453125e+01
-9.649975585937500000e+01
9.638371276855468750e+01
4.099699401855468750e+01
-7.663220214843750000e+01
-9.688520050048828125e+01
-6.177462387084960938e+01
9.322541046142578125e+01
8.330867767333984375e+01
4.991736984252929688e+01
-9.998938751220703125e+01
-9.965567779541015625e+01
2.210429906845092773e+00
-5.121170806884765625e+01
8.122219085693359375e+01
-8.291562652587890625e+01
2.444475936889648438e+01
9.320208740234375000e+01
-9.216138458251953125e+01
7.987380981445312500e+01
-9.431305694580078125e+01
7.435257720947265625e+01
4.669284057617187500e+01
-9.852462005615234375e+01
-9.381646728515625000e+01
9.702239227294921875e+01
6.898282623291015625e+01
-9.956015014648437500e+01
5.334797668457031250e+01
-7.706420135498046875e+01
-8.417155456542968750e+01
9.729108428955078125e+01
6.444214630126953125e+01
-8.453775787353515625e+01
-8.771224975585937500e+01
-4.733985519409179688e+01
9.664251708984375000e+01
9.230038452148437500e+01
9.985015106201171875e+01
9.187751770019531250e+01
-9.725405883789062500e+01
-9.692002868652343750e+01
5.266633605957031250e+01
8.594509887695312500e+01
-7.940560150146484375e+01
9.892114257812500000e+01
7.718738555908203125e+01
4.385761642456054688e+01
-6.426692199707031250e+01
8.488629150390625000e+01
-9.627465057373046875e+01
8.529418945312500000e+01
-7.138101959228515625e+01
6.599890899658203125e+01
1.487240314483642578e+01
-9.969580078125000000e+01
-9.986990356445312500e+01
-8.512375640869140625e+01
-9.169045257568359375e+01
3.897986602783203125e+01
4.098482894897460938e+01
-4.503449630737304688e+01
7.765146636962890625e+01
-8.540563201904296875e+01
-5.742300033569335938e+01
-2.150043678283691406e+01
-9.134147644042968750e+01
-7.572302246093750000e+01
3.329381465911865234e+00
-9.973284912109375000e+01
-9.921077728271484375e+01
-3.251641464233398438e+01
9.979737091064453125e+01
7.709523010253906250e+01
-4.392091751098632812e+01
-2.548807525634765625e+01
9.588627624511718750e+01
9.914548492431640625e+01
9.991313171386718750e+01
9.998777008056640625e+01
9.998076629638671875e+01
9.994992065429687500e+01
9.962373352050781250e+01
9.996665954589843750e+01
9.974770355224609375e+01
9.409188079833984375e+01
9.398660278320312500e+01
-5.324489593505859375e+01
9.631836700439453125e+01
8.758204650878906250e+01
-1.692774963378906250e+01
-9.358932495117187500e+01
5.779998397827148438e+01
-6.296947097778320312e+01
-8.116650390625000000e+01
-9.463719177246093750e+01
-9.937460327148437500e+01
7.397214508056640625e+01
-9.926767730712890625e+01
-4.570122528076171875e+01
-1.968548965454101562e+01
8.983311462402343750e+01
9.977339935302734375e+01
7.901984405517578125e+01
-8.445739746093750000e+01
9.543990325927734375e+01
8.626783752441406250e+01
-6.182101440429687500e+01
9.702478027343750000e+01
6.831392669677734375e+01
9.912976837158203125e+01
-9.661471557617187500e+01
9.521780395507812500e+01
-5.591955184936523438e+01
-8.993234252929687500e+01
5.272564315795898438e+01
2.641938400268554688e+01
-7.863685607910156250e+01
-9.848706054687500000e+01
-9.778656768798828125e+01
9.022194671630859375e+01
-6.497397613525390625e+01
9.673635101318359375e+01
9.972454071044921875e+01
-4.272036743164062500e+01
-5.755435943603515625e+01
9.752474212646484375e+01
6.912238311767578125e+01
-2.790546798706054688e+01
9.287372589111328125e+01
-3.772877883911132812e+01
9.995926666259765625e+01
9.936590576171875000e+01
9.724533843994140625e+01
-9.119119262695312500e+01
9.919884490966796875e+01
9.301884460449218750e+01
2.257659721374511719e+01
-9.358636474609375000e+01
-6.229395294189453125e+01
-7.997836303710937500e+01
9.087039947509765625e+01
-9.652152252197265625e+01
3.556432342529296875e+01
-9.871139526367187500e+01
-8.420484924316406250e+01
4.168972778320312500e+01
7.547639465332031250e+01
-5.736002445220947266e+00
3.691872787475585938e+01
2.344388580322265625e+01
-9.043821716308593750e+01
-9.557362365722656250e+01
-1.095545101165771484e+01
5.627227020263671875e+01
9.734407806396484375e+01
5.986409759521484375e+01
-9.984633636474609375e+01
-9.628036499023437500e+01
-6.611732482910156250e+01
7.617693328857421875e+01
9.805706024169921875e+01
9.741045379638671875e+01
6.212805747985839844e+00
-4.330880355834960938e+01
4.018733978271484375e+00
-9.217092132568359375e+01
3.734954833984375000e+01
5.897396087646484375e+01
-7.033120727539062500e+01
-4.025806427001953125e+01
7.545263671875000000e+01
9.641558074951171875e+01
-9.215831756591796875e+01
-7.386900329589843750e+01
6.274088668823242188e+01
-3.189500236511230469e+01
5.625184631347656250e+01
2.101706504821777344e+01
-1.975720596313476562e+01
-9.461325073242187500e+01
1.932161903381347656e+01
-5.814118194580078125e+01
8.176202392578125000e+01
-8.490541839599609375e+01
9.778334045410156250e+01
9.667716979980468750e+01
-9.857040405273437500e+01
6.052302551269531250e+01
5.082933425903320312e+01
-7.842277526855468750e+01
7.937905120849609375e+01
2.337635993957519531e+01
-3.805234909057617188e+01
-7.432729339599609375e+01
7.133974456787109375e+01
4.537147521972656250e+01
-9.920977020263671875e+01
6.841778564453125000e+01
-6.516362762451171875e+01
3.814201354980468750e+01
-9.833735656738281250e+01
-9.707350158691406250e+01
5.409960937500000000e+01
8.062122344970703125e+01
-9.547431945800781250e+01
-9.505515289306640625e+01
-8.562356567382812500e+01
9.910742950439453125e+01
5.112398147583007812e+01
-1.546359634399414062e+01
9.719438171386718750e+01
9.503849029541015625e+01
-2.932754707336425781e+01
9.278361511230468750e+01
-9.393315887451171875e+01
9.914110565185546875e+01
9.974726867675781250e+01
3.145273447036743164e+00
5.793676376342773438e+01
-5.580795288085937500e+01
-7.119056701660156250e+01
-7.789090728759765625e+01
9.620568847656250000e+01
8.998045349121093750e+01
9.187722015380859375e+01
-9.923569488525390625e+01
-9.881540679931640625e+01
-9.939902496337890625e+01
7.322152709960937500e+01
8.347671508789062500e+01
-1.949030756950378418e+00
-4.774005508422851562e+01
-4.225216674804687500e+01
8.138753509521484375e+01
-5.542727947235107422e+00
6.083700561523437500e+01
2.832614707946777344e+01
-4.081529998779296875e+01
8.889555358886718750e+01
7.208123016357421875e+01
6.251238632202148438e+01
-6.721841430664062500e+01
6.731349182128906250e+01
2.163375663757324219e+01
-8.739310455322265625e+01
-7.925431823730468750e+01
5.476726913452148438e+01
4.498719406127929688e+01
-8.496530914306640625e+01
-8.035377502441406250e+01
-4.906577301025390625e+01
8.646250152587890625e+01
-4.226077651977539062e+01
9.125370788574218750e+01
-9.175401306152343750e+01
-8.816921997070312500e+01
6.476428985595703125e+01
6.978303527832031250e+01
-3.271687698364257812e+01
9.973928833007812500e+01
9.574360656738281250e+01
8.817851257324218750e+01
-8.484650421142578125e+01
-9.704318237304687500e+01
-7.706114959716796875e+01
-9.941734313964843750e+01
-5.818648910522460938e+01
-2.011097145080566406e+01
2.195875644683837891e+00
-4.490111541748046875e+01
-6.619293975830078125e+01
-9.684143829345703125e+01
7.540583801269531250e+01
9.832419586181640625e+01
8.939744567871093750e+01
7.769798278808593750e+01
7.445365905761718750e+01
9.213021850585937500e+01
9.550782012939453125e+01
8.861636352539062500e+01
2.596544265747070312e+01
-2.469401359558105469e+01
8.216488647460937500e+01
6.414391326904296875e+01
9.925524902343750000e+01
9.941573143005371094e+00
-9.957308959960937500e+01
-9.298974609375000000e+01
-5.566739273071289062e+01
-9.935197448730468750e+01
9.953853607177734375e+01
5.978952789306640625e+01
-6.934725952148437500e+01
-9.506098937988281250e+01
-1.227064323425292969e+01
2.759399652481079102e+00
8.925608062744140625e+01
6.832129669189453125e+01
6.268629455566406250e+01
-9.364573669433593750e+01
-8.233821868896484375e+01
9.838122558593750000e+01
-6.327767181396484375e+01
7.551637268066406250e+01
6.191207885742187500e+01
-9.944366455078125000e+01
-8.485865783691406250e+01
-9.695393371582031250e+01
9.875876617431640625e+01
4.854095077514648438e+01
8.912507629394531250e+01
-6.602746582031250000e+01
9.422138214111328125e+01
-2.673112106323242188e+01
9.000354766845703125e+01
7.527708435058593750e+01
7.042490386962890625e+01
-8.225952148437500000e+01
-6.691789245605468750e+01
8.135110855102539062e+00
-1.238845062255859375e+01
-2.584556579589843750e+01
8.875904083251953125e+01
-9.840456390380859375e+01
9.183188629150390625e+01
2.839885902404785156e+01
-9.419919586181640625e+01
9.358995819091796875e+01
3.026229095458984375e+01
-7.053800201416015625e+01
-1.420242786407470703e+01
5.968466567993164062e+01
-4.822087860107421875e+01
9.672052764892578125e+01
5.266728210449218750e+01
-9.961288452148437500e+01
-6.259117126464843750e+01
-7.015164184570312500e+01
9.985643005371093750e+01
9.965091705322265625e+01
-5.771784210205078125e+01
9.989366149902343750e+01
7.842667388916015625e+01
-8.796560668945312500e+01
8.421482086181640625e+01
-4.581909942626953125e+01
9.622978210449218750e+01
8.314289855957031250e+01
-9.382122039794921875e+01
-3.960549163818359375e+01
9.979660034179687500e+01
7.823219299316406250e+01
-5.518865585327148438e+01
9.958016204833984375e+01
3.001382064819335938e+01
8.091398620605468750e+01
-9.158557891845703125e+01
-8.108666992187500000e+01
8.407730102539062500e+01
-6.373218917846679688e+01
8.721933746337890625e+01
-8.074151611328125000e+01
-9.870291137695312500e+01
-9.803102874755859375e+01
9.335289001464843750e+01
9.405526733398437500e+01
8.460847473144531250e+01
-6.489490509033203125e+01
-9.278701782226562500e+01
2.686899423599243164e+00
9.444591522216796875e+01
-9.085746002197265625e+01
5.971227264404296875e+01
4.507560729980468750e+01
-9.522961425781250000e+01
7.030885314941406250e+01
-9.967125701904296875e+01
4.563270568847656250e+01
-8.103732299804687500e+01
3.823633956909179688e+01
-7.191591644287109375e+01
-3.007965087890625000e+01
-6.164132308959960938e+01
6.465406036376953125e+01
7.591409301757812500e+01
-7.684075164794921875e+01
-8.410811614990234375e+01
9.914453887939453125e+01
8.592189788818359375e+01
-8.980381011962890625e+00
9.939535522460937500e+01
5.929942321777343750e+01
9.949888610839843750e+01
9.688207244873046875e+01
7.968371582031250000e+01
6.881835937500000000e+01
-9.928061676025390625e+01
-9.713899230957031250e+01
9.025728607177734375e+01
-6.265852355957031250e+01
-9.341555786132812500e+01
-9.350365447998046875e+01
8.173133087158203125e+01
-9.874064636230468750e+01
-4.710130691528320312e+01
3.046324539184570312e+01
-7.580796051025390625e+01
9.293073272705078125e+01
-9.939417266845703125e+01
-6.806963348388671875e+01
9.307538604736328125e+01
7.334280395507812500e+01
7.426523590087890625e+01
-8.209032440185546875e+01
-3.728449249267578125e+01
9.771819305419921875e+01
9.709583282470703125e+01
9.271974182128906250e+01
5.151044082641601562e+01
-9.834351348876953125e+01
-7.065327453613281250e+01
5.126270675659179688e+01
3.850180053710937500e+01
-7.193444728851318359e+00
1.310857200622558594e+01
-9.729234313964843750e+01
5.017602920532226562e+01
-7.606283569335937500e+01
8.577261352539062500e+01
9.057417869567871094e+00
-9.229621887207031250e+01
-7.257874298095703125e+01
8.142118835449218750e+01
-7.271676635742187500e+01
6.431250762939453125e+01
-7.509399414062500000e+01
9.658954620361328125e+01
5.193865203857421875e+01
-8.901777648925781250e+01
5.387374114990234375e+01
-9.265039825439453125e+01
7.089289855957031250e+01
-9.541168975830078125e+01
-2.407874107360839844e+01
-8.491223907470703125e+01
9.911254882812500000e+01
-3.639662981033325195e+00
7.269380950927734375e+01
9.827285003662109375e+01
9.041185760498046875e+01
8.546498107910156250e+01
5.359766006469726562e+01
-5.434915542602539062e+01
-6.400505828857421875e+01
9.631868743896484375e+01
-3.313029861450195312e+01
9.561544036865234375e+01
-9.599037170410156250e+01
-7.801314544677734375e+01
8.704091644287109375e+01
-2.120837974548339844e+01
-3.610279464721679688e+01
-9.470427703857421875e+01
8.360673522949218750e+01
-9.745731353759765625e+01
-5.069257736206054688e+01
7.543170166015625000e+01
-9.913348388671875000e+01
-8.685666656494140625e+01
-7.596382141113281250e+01
-2.584180831909179688e+01
3.693789291381835938e+01
-7.259986114501953125e+01
6.422735595703125000e+01
9.420143890380859375e+01
4.299804687500000000e+01
9.968238830566406250e+01
9.982296752929687500e+01
9.001986694335937500e+01
-4.131267547607421875e+01
9.602960968017578125e+01
9.905193328857421875e+01
9.974041748046875000e+01
-3.742098999023437500e+01
9.666329193115234375e+01
8.214478302001953125e+01
5.053027343750000000e+01
5.474652481079101562e+01
4.052629089355468750e+01
-9.061850738525390625e+01
-9.779485321044921875e+01
1.074470329284667969e+01
-3.616273117065429688e+01
7.194699859619140625e+01
-9.527799224853515625e+01
-9.985176849365234375e+01
-9.994570159912109375e+01
4.193481826782226562e+01
-8.368389892578125000e+01
1.816981887817382812e+01
-9.912641906738281250e+01
-5.742345428466796875e+01
8.509648132324218750e+01
-9.933203125000000000e+01
7.752685546875000000e+01
6.818218231201171875e+01
-2.646557617187500000e+01
7.929096221923828125e+01
9.414311981201171875e+01
-9.401452636718750000e+01
-8.220988512039184570e-01
2.872892379760742188e+00
7.968511199951171875e+01
-6.540074920654296875e+01
-2.916871643066406250e+01
5.321393585205078125e+01
-8.205705261230468750e+01
8.546677398681640625e+01
8.482337951660156250e+00
9.798095703125000000e+01
9.854843902587890625e+01
9.078951263427734375e+01
-5.432483673095703125e+01
7.510420989990234375e+01
-7.633779907226562500e+01
-7.696331787109375000e+01
-4.027966976165771484e+00
9.325931549072265625e+01
-9.932340240478515625e+01
-9.578569030761718750e+01
7.435295867919921875e+01
-8.544674682617187500e+01
6.672954559326171875e+01
-4.083652114868164062e+01
9.165352630615234375e+01
8.660807800292968750e+01
9.850231170654296875e+01
-9.797317504882812500e+01
-8.246873474121093750e+01
9.901686859130859375e+01
-7.765722656250000000e+01
8.433367919921875000e+01
5.524599075317382812e+01
-8.975605010986328125e+01
8.936499023437500000e+01
7.509729003906250000e+01
-9.912864685058593750e+01
-6.221862030029296875e+01
9.690626525878906250e+01
9.723115539550781250e+01
-2.566338157653808594e+01
-6.925961303710937500e+01
6.418540191650390625e+01
-2.698838996887207031e+01
8.683920288085937500e+01
4.713008499145507812e+01
-1.526064872741699219e+01
9.362928771972656250e+01
5.130355453491210938e+01
-9.346506500244140625e+01
6.615839385986328125e+01
-9.974543762207031250e+01
-3.723604202270507812e+01
3.359103393554687500e+01
-5.235896587371826172e+00
9.819364929199218750e+01
-9.204763793945312500e+01
-5.877073287963867188e+01
-9.249497985839843750e+01
9.928386688232421875e+01
9.992939758300781250e+01
8.312086486816406250e+01
-1.432658863067626953e+01
-7.440120697021484375e+00
9.975189971923828125e+01
9.778149414062500000e+01
8.987462615966796875e+01
9.370326995849609375e+01
8.278338623046875000e+01
4.705084228515625000e+01
-8.364063262939453125e+01
9.311856842041015625e+01
-8.035133361816406250e+01
-9.032672882080078125e+01
9.005819702148437500e+01
-9.488319396972656250e+01
-8.681997680664062500e+01
-1.755484580993652344e+01
9.362257385253906250e+01
-4.082341003417968750e+01
-7.384170532226562500e+01
6.352572631835937500e+01
9.798934936523437500e+01
-1.417360115051269531e+01
-8.244500732421875000e+01
9.031416320800781250e+01
9.275599670410156250e+01
9.133792114257812500e+01
-9.841452026367187500e+01
9.925516510009765625e+01
7.226440429687500000e+01
-9.430235290527343750e+01
9.769957733154296875e+01
9.904737091064453125e+01
8.386086463928222656e+00
-9.197726440429687500e+01
-9.875943756103515625e+01
-9.875324249267578125e+01
8.891250610351562500e+01
-1.831308174133300781e+01
9.593964385986328125e+01
-2.142894935607910156e+01
1.152758789062500000e+01
-9.974541473388671875e+01
7.246321868896484375e+01
-6.633699035644531250e+01
-1.333070850372314453e+01
4.338054656982421875e+01
1.250292682647705078e+01
9.923809051513671875e+00
-9.253037261962890625e+01
-8.753115081787109375e+01
6.879653167724609375e+01
6.491025543212890625e+01
6.008013916015625000e+01
1.289818763732910156e+01
-3.657801055908203125e+01
-8.368170166015625000e+01
1.233214569091796875e+01
5.075185394287109375e+01
-8.312951660156250000e+01
-8.972120666503906250e+01
1.805070114135742188e+01
-8.149416351318359375e+01
-9.959404754638671875e+01
9.854064941406250000e+01
7.792156982421875000e+01
-9.610314941406250000e+01
4.889454650878906250e+01
-7.272763824462890625e+01
-6.032577133178710938e+01
-1.177211952209472656e+01
9.986759185791015625e+01
9.968946838378906250e+01
8.626161956787109375e+01
-9.250606536865234375e+01
-8.509441375732421875e+01
8.321559143066406250e+01
9.772514343261718750e+01
9.707217407226562500e+01
9.870353698730468750e+01
5.469209671020507812e+01
-5.271199798583984375e+01
-7.630628204345703125e+01
8.757503509521484375e+01
8.297864532470703125e+01
-8.259679412841796875e+01
-2.404353332519531250e+01
1.407498168945312500e+01
-6.401055145263671875e+01
6.134375381469726562e+01
-6.253500747680664062e+01
-5.489223480224609375e+01
-9.586007690429687500e+01
-6.039854812622070312e+01
-5.843573760986328125e+01
-8.236979675292968750e+01
-5.782741928100585938e+01
-3.470568847656250000e+01
-9.829397583007812500e+01
-8.769829559326171875e+01
6.916777801513671875e+01
5.407002639770507812e+01
9.838851928710937500e+01
6.813767242431640625e+01
4.578496932983398438e+01
5.061602020263671875e+01
-6.686647534370422363e-01
9.943339538574218750e+01
8.717753601074218750e+01
3.154987716674804688e+01
-6.685613250732421875e+01
9.247379302978515625e+01
7.411982727050781250e+01
9.404199981689453125e+01
4.116507339477539062e+01
-6.164443588256835938e+01
3.278410339355468750e+01
-9.940216064453125000e+01
-9.208900451660156250e+01
-9.744306182861328125e+01
1.536813640594482422e+01
-9.376777648925781250e+01
-2.240478324890136719e+01
8.017882537841796875e+01
4.425669097900390625e+01
-6.319331359863281250e+01
-5.019869232177734375e+01
-9.349558258056640625e+01
9.759067535400390625e+01
9.934420776367187500e+01
9.612624359130859375e+01
8.183230590820312500e+01
-9.356285095214843750e+01
-7.255810737609863281e+00
3.952217864990234375e+01
8.270964050292968750e+01
-8.737991333007812500e+01
9.834021759033203125e+01
3.614743041992187500e+01
2.229671287536621094e+01
-9.862651824951171875e+01
-9.004877471923828125e+01
-9.072648620605468750e+01
9.725592803955078125e+01
2.865666389465332031e+01
-4.037604331970214844e+00
-9.508459472656250000e+01
6.841349792480468750e+01
-5.940732955932617188e+01
9.861071777343750000e+01
9.515028381347656250e+01
6.681145477294921875e+01
4.642044544219970703e+00
-4.597344970703125000e+01
6.214834594726562500e+01
-9.531668853759765625e+01
4.500562286376953125e+01
-7.754994201660156250e+01
9.159072113037109375e+01
-9.732097625732421875e+01
-9.385202789306640625e+01
-9.918481445312500000e+01
-8.991779327392578125e+01
9.800476074218750000e+01
9.361178588867187500e+01
-1.393657493591308594e+01
-8.440854644775390625e+01
4.988717269897460938e+01
1.682811546325683594e+01
-1.421904087066650391e+00
9.651662445068359375e+01
-2.315381526947021484e+00
9.790727233886718750e+01
9.957843017578125000e+01
9.215977478027343750e+01
6.253214645385742188e+01
4.978816604614257812e+01
-9.848017120361328125e+01
9.809842681884765625e+01
4.448437881469726562e+01
-9.799894714355468750e+01
-9.191148376464843750e+01
-7.242867279052734375e+01
-9.255301666259765625e+01
2.522541284561157227e+00
1.705890274047851562e+01
-9.877979278564453125e+01
-9.986480712890625000e+01
4.562731170654296875e+01
-9.434738159179687500e+01
-3.439818572998046875e+01
8.579785156250000000e+01
8.583132934570312500e+01
-3.857406234741210938e+01
4.549659729003906250e+01
-5.163426971435546875e+01
-5.013202285766601562e+01
9.990636444091796875e+01
9.383740234375000000e+01
9.472503662109375000e+01
-7.784044647216796875e+01
5.644554901123046875e+01
-5.566629028320312500e+01
9.990281677246093750e+01
9.748330688476562500e+01
3.451730728149414062e+01
-7.278057098388671875e+01
-9.052243804931640625e+01
9.740264129638671875e+01
7.619984436035156250e+01
-8.719521331787109375e+01
-4.058197021484375000e+01
7.355693817138671875e+01
2.019852638244628906e+01
-5.816171646118164062e+01
