9.765342473983764648e-01
9.720168709754943848e-01
9.361308813095092773e-01
9.430083632469177246e-01
1.294463425874710083e-01
9.945942163467407227e-01
-6.314073801040649414e-01
5.234844684600830078e-01
-5.162375569343566895e-01
-7.177414894104003906e-01
-4.667110741138458252e-01
7.314021587371826172e-01
7.338309884071350098e-01
-1.704173237085342407e-01
-8.437992334365844727e-01
-6.353517770767211914e-01
5.687207579612731934e-01
-6.429822184145450592e-03
-8.787677884101867676e-01
-4.204254150390625000e-01
-8.790965080261230469e-01
2.578223347663879395e-01
9.251263141632080078e-01
1.697891503572463989e-01
9.995622634887695312e-01
9.984173774719238281e-01
9.981002211570739746e-01
9.999927878379821777e-01
9.994668960571289062e-01
9.942907094955444336e-01
9.990788102149963379e-01
9.763528704643249512e-01
6.242587044835090637e-02
6.918582320213317871e-01
-9.265000820159912109e-01
5.274550318717956543e-01
-9.960427880287170410e-01
-9.935898184776306152e-01
-9.728260040283203125e-01
8.833663910627365112e-02
-6.788048148155212402e-01
-3.933154046535491943e-01
9.818376302719116211e-01
3.527052998542785645e-01
7.023376226425170898e-01
-9.550628662109375000e-01
-3.041344285011291504e-01
9.883298277854919434e-01
3.267253339290618896e-01
9.295500516891479492e-01
-7.304465174674987793e-01
-8.766717314720153809e-01
3.613497614860534668e-01
8.684365749359130859e-01
-8.638027906417846680e-01
8.507595658302307129e-01
-4.855540990829467773e-01
5.041757225990295410e-01
9.430184364318847656e-01
-8.873813152313232422e-01
-2.389097064733505249e-01
-5.138299465179443359e-01
9.950599074363708496e-01
7.975129485130310059e-01
3.101774156093597412e-01
-8.203302621841430664e-01
-2.227916419506072998e-01
-7.634040117263793945e-01
9.768201112747192383e-01
-3.239776790142059326e-01
9.944276809692382812e-01
-2.767407000064849854e-01
7.235748767852783203e-01
1.178649589419364929e-01
-7.081674337387084961e-01
-8.200671672821044922e-01
5.854692459106445312e-01
-7.421653270721435547e-01
9.962437152862548828e-01
6.789144277572631836e-01
3.192861974239349365e-01
-4.735979437828063965e-01
-1.748215258121490479e-01
5.868740677833557129e-01
2.900803685188293457e-01
-7.509355545043945312e-01
-3.045796155929565430e-01
3.182783424854278564e-01
9.943206310272216797e-01
-6.386874318122863770e-01
-6.527249813079833984e-01
9.647044539451599121e-01
-8.043251633644104004e-01
9.983153939247131348e-01
9.593266248703002930e-01
-9.734584689140319824e-01
8.832067847251892090e-01
1.683642342686653137e-02
-8.721578121185302734e-01
6.703726649284362793e-01
5.528512597084045410e-01
-9.679281115531921387e-01
-5.992444753646850586e-01
8.462586402893066406e-01
7.276233434677124023e-01
-1.915204226970672607e-01
-1.987220495939254761e-01
5.201576948165893555e-01
-5.703950524330139160e-01
-7.255588173866271973e-01
9.828544259071350098e-01
1.678568273782730103e-01
8.934067487716674805e-01
-7.186658978462219238e-01
9.618259072303771973e-01
-4.691875874996185303e-01
-7.961778640747070312e-01
9.233807325363159180e-01
9.973151236772537231e-02
3.518667817115783691e-01
-9.831436872482299805e-01
8.631696701049804688e-01
4.882719218730926514e-01
-4.804355502128601074e-01
-1.431781053543090820e-01
5.113040804862976074e-01
-6.536086201667785645e-01
7.441813945770263672e-01
4.890530407428741455e-01
-9.817146658897399902e-01
-1.857507377862930298e-01
9.932196736335754395e-01
-8.618062138557434082e-01
9.406484365463256836e-01
-7.010059952735900879e-01
9.877526164054870605e-01
-8.429997414350509644e-02
5.468557476997375488e-01
1.808985173702239990e-01
-5.123350024223327637e-01
-7.653240561485290527e-01
9.388265013694763184e-01
-5.429670214653015137e-02
1.445217132568359375e-01
8.791761994361877441e-01
-7.300372719764709473e-01
-7.441080808639526367e-01
8.518990874290466309e-01
-3.468376994132995605e-01
9.928056597709655762e-01
-6.843301057815551758e-01
4.938057363033294678e-01
8.230595588684082031e-01
-9.945604801177978516e-01
-7.053762078285217285e-01
9.867413640022277832e-01
8.027192950248718262e-01
8.584584295749664307e-02
-9.395381808280944824e-01
3.324053883552551270e-01
2.227804064750671387e-01
-8.525632619857788086e-01
9.839436411857604980e-01
-4.423204660415649414e-01
9.031610488891601562e-01
-2.327809929847717285e-01
9.212707281112670898e-01
-8.587831258773803711e-01
-3.954058885574340820e-01
4.177474677562713623e-01
8.813347816467285156e-01
-8.859648108482360840e-01
-4.711575806140899658e-01
9.934735894203186035e-01
3.574213683605194092e-01
4.208965003490447998e-01
-6.848043203353881836e-01
3.187054693698883057e-01
8.978398442268371582e-01
-9.825547933578491211e-01
-9.835512042045593262e-01
9.596173763275146484e-01
8.312982916831970215e-01
-9.120444655418395996e-01
9.775308370590209961e-01
4.810903668403625488e-01
-9.942762851715087891e-01
-7.378167510032653809e-01
9.964042305946350098e-01
-2.353028655052185059e-01
8.992660641670227051e-01
-9.129574894905090332e-01
5.730199813842773438e-01
-5.107104033231735229e-02
-6.142323017120361328e-01
9.809345602989196777e-01
8.368420004844665527e-01
-9.087648391723632812e-01
9.687502980232238770e-01
-5.677843093872070312e-01
-3.586126267910003662e-01
7.561604976654052734e-01
-5.528801679611206055e-01
4.811525642871856689e-01
-6.214447319507598877e-02
2.425379604101181030e-01
5.045121312141418457e-01
-4.118628799915313721e-01
-4.043420255184173584e-01
-6.532064080238342285e-01
7.732841968536376953e-01
4.723092019557952881e-01
6.540790796279907227e-01
-8.727086186408996582e-01
6.945407986640930176e-01
-3.721998929977416992e-01
9.797362685203552246e-01
1.714034825563430786e-01
-8.481653928756713867e-01
4.472118020057678223e-01
-3.535806834697723389e-01
4.138227701187133789e-01
-5.628693103790283203e-01
9.657210707664489746e-01
-8.154040575027465820e-01
6.024746894836425781e-01
8.506823182106018066e-01
-9.979172348976135254e-01
2.389640659093856812e-01
-9.619161486625671387e-01
9.422211647033691406e-01
7.674697637557983398e-01
-8.272284865379333496e-01
9.036079645156860352e-01
-5.881626009941101074e-01
5.399293731898069382e-03
-2.991352677345275879e-01
9.976289868354797363e-01
2.953729331493377686e-01
8.392719030380249023e-01
-8.099433183670043945e-01
-9.622105956077575684e-01
7.957424521446228027e-01
6.505894660949707031e-01
-9.830324053764343262e-01
9.394259452819824219e-01
-9.673201441764831543e-01
-7.485325932502746582e-01
9.458917379379272461e-01
9.272394180297851562e-01
2.855514287948608398e-01
8.848782777786254883e-01
-9.763848781585693359e-01
-8.192939162254333496e-01
9.552043676376342773e-01
8.111518025398254395e-01
-5.873733162879943848e-01
-1.646003723144531250e-01
9.154935181140899658e-02
-5.611496567726135254e-01
2.371746748685836792e-01
8.816820383071899414e-01
-1.487866509705781937e-02
-5.903806686401367188e-01
6.227482557296752930e-01
6.018281579017639160e-01
-6.145696043968200684e-01
-8.927211165428161621e-01
9.218284487724304199e-01
1.542802155017852783e-01
-5.673761367797851562e-01
9.918006658554077148e-01
5.917164683341979980e-01
-6.357149481773376465e-01
8.644977807998657227e-01
-8.647356033325195312e-01
5.347401499748229980e-01
3.859350979328155518e-01
-9.930363297462463379e-01
7.385026216506958008e-01
-8.330194950103759766e-01
8.662247061729431152e-01
-7.462106347084045410e-01
9.452367424964904785e-01
-9.359281659126281738e-01
9.934406280517578125e-01
9.462932944297790527e-01
-9.414014816284179688e-01
7.803516983985900879e-01
-9.651210904121398926e-01
8.893511891365051270e-01
-4.576441049575805664e-01
9.523065090179443359e-01
-9.799733757972717285e-01
-3.225164115428924561e-01
9.983004331588745117e-01
7.643069624900817871e-01
-9.850571155548095703e-01
-1.790735274553298950e-01
7.861528992652893066e-01
-9.017926454544067383e-01
5.812682509422302246e-01
-7.507380843162536621e-01
9.808026552200317383e-01
9.058902263641357422e-01
-9.585304856300354004e-01
9.535179734230041504e-01
-8.238131403923034668e-01
8.834314942359924316e-01
-5.797220766544342041e-02
-9.741057753562927246e-01
7.096956372261047363e-01
-9.078572988510131836e-01
9.572482705116271973e-01
7.161479592323303223e-01
-8.949326872825622559e-01
7.660822868347167969e-01
-3.756816685199737549e-01
-1.813324540853500366e-01
9.942861795425415039e-01
-9.195185303688049316e-01
3.354668915271759033e-01
9.196476340293884277e-01
-7.771096229553222656e-01
9.514077901840209961e-01
-7.255715131759643555e-01
9.206124544143676758e-01
-5.351850986480712891e-01
-7.148565649986267090e-01
9.321643710136413574e-01
8.126643300056457520e-01
-9.069559574127197266e-01
7.592139840126037598e-01
-9.952858090400695801e-01
3.600624799728393555e-01
9.968209862709045410e-01
-6.538829207420349121e-01
-2.792813116684556007e-03
6.395984888076782227e-01
1.213670372962951660e-01
-9.884302020072937012e-01
7.857593297958374023e-01
-8.004729747772216797e-01
8.303241729736328125e-01
4.398630559444427490e-01
-8.084798455238342285e-01
9.456509947776794434e-01
-8.596765995025634766e-01
8.941890597343444824e-01
4.888098239898681641e-01
-8.314204812049865723e-01
3.352516889572143555e-01
9.328209161758422852e-01
-1.707221008837223053e-02
-9.364063739776611328e-01
-5.670818686485290527e-01
-4.720982611179351807e-01
9.103958606719970703e-01
9.264860153198242188e-01
3.672456145286560059e-01
-1.619426012039184570e-01
-8.620451688766479492e-01
8.023375272750854492e-01
4.708397090435028076e-01
-7.573852539062500000e-01
3.370586931705474854e-01
8.610635399818420410e-01
-9.935300946235656738e-01
-2.668119072914123535e-01
9.163139462471008301e-01
-7.327961921691894531e-01
5.161061286926269531e-01
9.550740718841552734e-01
-8.314076811075210571e-02
-9.244657754898071289e-01
7.536062002182006836e-01
-3.260514140129089355e-01
-4.815894365310668945e-01
8.466011881828308105e-01
3.031284548342227936e-02
-7.495342493057250977e-01
8.618655800819396973e-01
6.962614655494689941e-01
9.273515939712524414e-01
-9.944460391998291016e-01
-5.820659399032592773e-01
-8.058406114578247070e-01
9.878649711608886719e-01
1.035186201333999634e-01
-2.121025919914245605e-01
7.511101961135864258e-01
3.685688376426696777e-01
-7.479226589202880859e-01
3.511357307434082031e-01
-9.693081974983215332e-01
9.923219084739685059e-01
5.427637100219726562e-01
-7.106571197509765625e-01
2.684301137924194336e-01
-3.188108503818511963e-01
9.425628185272216797e-01
5.353801250457763672e-01
-9.395392537117004395e-01
-4.709672033786773682e-01
7.960806488990783691e-01
4.788800179958343506e-01
8.532875776290893555e-01
-9.808338880538940430e-01
-3.280630707740783691e-01
-8.709971308708190918e-01
9.295106530189514160e-01
5.681444406509399414e-01
-2.451244443655014038e-01
2.317662090063095093e-01
9.373526275157928467e-02
-8.379463553428649902e-01
9.946225285530090332e-01
8.150312304496765137e-01
1.202141270041465759e-01
-9.735043048858642578e-01
6.028982400894165039e-01
-6.650010943412780762e-01
9.303112030029296875e-01
6.495719552040100098e-01
-9.960094094276428223e-01
-4.361920058727264404e-01
5.074520111083984375e-01
-1.234669089317321777e-01
9.935993552207946777e-01
9.222216010093688965e-01
-9.528113007545471191e-01
-4.644218981266021729e-01
1.835497021675109863e-01
8.992863893508911133e-01
-9.356914758682250977e-01
-7.873953878879547119e-02
5.825678706169128418e-01
9.297047257423400879e-01
-9.939792752265930176e-01
-3.191970288753509521e-01
8.061985373497009277e-01
6.222121417522430420e-02
-7.786872386932373047e-01
4.590480625629425049e-01
9.861807227134704590e-01
-6.619030237197875977e-01
-5.807169079780578613e-01
9.773144721984863281e-01
-8.896070718765258789e-02
-2.412780746817588806e-02
1.261099278926849365e-01
4.275575876235961914e-01
-7.646346092224121094e-01
9.115653634071350098e-01
-2.500633597373962402e-01
6.939908266067504883e-01
-6.847812533378601074e-01
-3.996061682701110840e-01
9.881303310394287109e-01
9.729702472686767578e-01
-3.412001132965087891e-01
-5.867061614990234375e-01
-8.199968934059143066e-01
9.856331348419189453e-01
-8.997258543968200684e-01
8.742297887802124023e-01
8.351204991340637207e-01
-2.832845449447631836e-01
-6.738115549087524414e-01
9.250032901763916016e-01
-9.637208580970764160e-01
9.565088152885437012e-01
9.598519206047058105e-01
-9.627299904823303223e-01
-1.519118398427963257e-01
6.581422686576843262e-01
-7.797384262084960938e-01
9.985488057136535645e-01
-4.602235257625579834e-01
8.331958949565887451e-02
-7.890613377094268799e-02
9.526210427284240723e-01
-3.272011578083038330e-01
1.884972751140594482e-01
-2.461231350898742676e-01
-4.558431506156921387e-01
5.248143151402473450e-02
9.758781790733337402e-01
8.204316496849060059e-01
-9.376876950263977051e-01
-9.674271941184997559e-01
7.863636612892150879e-01
8.640214800834655762e-01
-6.176977157592773438e-01
-8.598197996616363525e-02
9.914276003837585449e-01
-3.705218732357025146e-01
-7.663857936859130859e-02
2.550736069679260254e-01
-8.434731960296630859e-01
9.948839545249938965e-01
-3.591217398643493652e-01
-2.116959914565086365e-02
9.218893051147460938e-01
1.659412682056427002e-01
-1.122196614742279053e-01
-3.325602710247039795e-01
2.313567101955413818e-01
-8.513588309288024902e-01
9.886798858642578125e-01
1.573787182569503784e-01
4.814152792096138000e-02
1.764356344938278198e-01
-6.070160269737243652e-01
-4.933516085147857666e-01
9.879332780838012695e-01
8.184146881103515625e-02
8.484269380569458008e-01
-6.198750734329223633e-01
-2.450527399778366089e-01
9.015080332756042480e-01
-3.148997426033020020e-01
9.547130204737186432e-03
6.731123328208923340e-01
-8.938091993331909180e-01
7.935947775840759277e-01
6.335966587066650391e-01
-9.828535318374633789e-01
-6.387289166450500488e-01
6.536454558372497559e-01
9.308207631111145020e-01
-2.799695432186126709e-01
-1.758590042591094971e-01
-1.732570827007293701e-01
-7.120455503463745117e-01
8.866279721260070801e-01
8.447203636169433594e-01
-3.882199227809906006e-01
6.908471584320068359e-01
-8.302145600318908691e-01
7.452005147933959961e-01
-7.416017055511474609e-01
-9.185418486595153809e-01
9.888127446174621582e-01
6.682057380676269531e-01
2.768335044384002686e-01
-8.132725358009338379e-01
8.049033284187316895e-01
-3.488515019416809082e-01
4.471704959869384766e-01
9.591517448425292969e-01
-9.943702816963195801e-01
9.988310337066650391e-01
-8.532821536064147949e-01
9.211185574531555176e-01
-9.727541208267211914e-01
3.285294473171234131e-01
-9.916001558303833008e-01
-1.332535147666931152e-01
9.693771004676818848e-01
9.312353730201721191e-01
-9.266218543052673340e-01
7.894410192966461182e-02
-3.458968400955200195e-01
9.873027801513671875e-01
7.362396717071533203e-01
-8.955344557762145996e-01
3.996757268905639648e-01
4.885051846504211426e-01
-8.526617288589477539e-01
4.347181320190429688e-01
-7.492281198501586914e-01
9.678276777267456055e-01
9.527963399887084961e-01
-9.114760160446166992e-01
5.803675651550292969e-01
-2.098343223333358765e-01
-8.970459103584289551e-01
9.548135995864868164e-01
8.297890424728393555e-01
-9.958391785621643066e-01
6.220488622784614563e-02
-5.518109798431396484e-01
9.445434212684631348e-01
8.630786538124084473e-01
-8.092069625854492188e-01
-7.306696772575378418e-01
9.806585311889648438e-01
5.302408337593078613e-01
9.274245500564575195e-01
-9.993562102317810059e-01
-9.963780641555786133e-02
-2.796173095703125000e-01
-8.558362126350402832e-01
9.929643273353576660e-01
9.526628255844116211e-01
6.654372811317443848e-01
-9.734840989112854004e-01
6.468481421470642090e-01
-9.275801181793212891e-01
-6.440803408622741699e-01
8.762243390083312988e-01
9.717901945114135742e-01
-4.806660581380128860e-03
-4.580070078372955322e-01
1.862608343362808228e-01
-7.618602514266967773e-01
8.915378451347351074e-01
5.943627953529357910e-01
-9.838614463806152344e-01
-7.750858068466186523e-01
9.952127933502197266e-01
9.169808626174926758e-01
-5.342749953269958496e-01
-3.609763085842132568e-02
9.993793964385986328e-01
-7.016410827636718750e-01
4.152492582798004150e-01
7.408746480941772461e-01
-9.470887184143066406e-01
-1.112578883767127991e-01
7.136800885200500488e-01
2.740070223808288574e-01
-5.883229374885559082e-01
-4.156990945339202881e-01
6.766472458839416504e-01
-1.423387229442596436e-01
5.139256119728088379e-01
2.162056565284729004e-01
7.869371771812438965e-01
-9.981853961944580078e-01
-5.937176942825317383e-01
6.963117122650146484e-01
4.248863458633422852e-01
-7.654098272323608398e-01
9.642734527587890625e-01
-8.306095004081726074e-01
7.189239859580993652e-01
-9.181171059608459473e-01
9.989055395126342773e-01
9.560527801513671875e-01
3.125398159027099609e-01
-9.950762391090393066e-01
-8.508759140968322754e-01
9.730793237686157227e-01
-3.338453173637390137e-01
-8.950227499008178711e-02
8.634904026985168457e-01
-6.123543977737426758e-01
9.406552314758300781e-01
-9.575888514518737793e-01
6.029218435287475586e-01
6.834918260574340820e-01
-9.943106174468994141e-01
-2.461782284080982208e-02
5.278519392013549805e-01
8.041559457778930664e-01
-6.807367801666259766e-01
6.499183177947998047e-01
-9.689379930496215820e-01
9.285268783569335938e-01
-6.315503120422363281e-01
9.586572051048278809e-01
-8.378897905349731445e-01
7.055304646492004395e-01
6.268364191055297852e-01
-2.274750620126724243e-01
-2.797079682350158691e-01
-9.290906190872192383e-01
9.968163967132568359e-01
2.442606538534164429e-01
9.910399913787841797e-01
-6.170754432678222656e-01
-7.136321663856506348e-01
9.744732379913330078e-01
7.765387892723083496e-01
-9.988445639610290527e-01
-8.472799658775329590e-01
6.892380714416503906e-01
4.646937549114227295e-01
-9.302722811698913574e-01
9.969727396965026855e-01
-1.593324542045593262e-01
-2.040326595306396484e-02
-7.893522977828979492e-01
9.914879202842712402e-01
3.719561100006103516e-01
9.042234420776367188e-01
-9.992390871047973633e-01
5.691094398498535156e-01
-5.572999715805053711e-01
3.842295110225677490e-01
9.723470807075500488e-01
-7.922849655151367188e-01
1.338699925690889359e-02
-7.153026461601257324e-01
2.757123410701751709e-01
4.049338400363922119e-01
8.764501810073852539e-01
-9.137652516365051270e-01
7.181650996208190918e-01
9.847890734672546387e-01
-8.696880936622619629e-01
-9.889559149742126465e-01
3.700682520866394043e-01
-2.533863484859466553e-01
9.931716322898864746e-01
9.142447710037231445e-01
-9.870545268058776855e-01
9.102303981781005859e-01
-9.607668519020080566e-01
9.322800636291503906e-01
-7.719760537147521973e-01
1.088071390986442566e-01
2.746665775775909424e-01
-8.836369514465332031e-01
9.823040962219238281e-01
9.614114165306091309e-01
-2.074613422155380249e-01
-8.163371682167053223e-01
9.910165667533874512e-01
-7.757258415222167969e-01
-1.833236217498779297e-01
7.797414064407348633e-01
2.284603863954544067e-01
-8.975419998168945312e-01
2.675003409385681152e-01
3.081462383270263672e-01
8.885111808776855469e-01
-3.925186693668365479e-01
-3.976539373397827148e-01
1.866164058446884155e-01
9.780223369598388672e-01
-9.768978357315063477e-01
5.599454045295715332e-01
9.751636981964111328e-01
-8.138839006423950195e-01
-1.738401502370834351e-01
1.936415284872055054e-01
-5.549060106277465820e-01
6.220771074295043945e-01
-8.617136478424072266e-01
9.674464464187622070e-01
-3.612163960933685303e-01
-2.787868678569793701e-01
9.752680063247680664e-01
8.376730084419250488e-01
-9.256924390792846680e-01
-9.322012066841125488e-01
9.968546628952026367e-01
9.507340192794799805e-01
8.155045509338378906e-01
-8.344390988349914551e-01
-9.441380500793457031e-01
2.931872010231018066e-01
2.301432192325592041e-01
6.228439211845397949e-01
8.164532184600830078e-01
-3.941577076911926270e-01
-9.965705275535583496e-01
7.774249315261840820e-01
-8.550072312355041504e-01
8.674288392066955566e-01
-7.475654482841491699e-01
-1.863486617803573608e-01
9.818353056907653809e-01
-1.035834699869155884e-01
8.678966164588928223e-01
-7.316526770591735840e-01
8.277573585510253906e-01
-9.882360100746154785e-01
9.526445865631103516e-01
-3.476385772228240967e-01
2.735058367252349854e-01
3.044004738330841064e-01
2.608405351638793945e-01
-8.685812354087829590e-01
7.856231331825256348e-01
-6.734040975570678711e-01
3.935724198818206787e-01
-2.795489430427551270e-01
5.311453342437744141e-01
-5.109732747077941895e-01
9.531114697456359863e-01
7.996689081192016602e-01
-9.443476200103759766e-01
5.366852879524230957e-01
-9.918383359909057617e-01
-9.960251301527023315e-02
4.851022660732269287e-01
8.971618413925170898e-01
-9.300023317337036133e-01
9.900088906288146973e-01
-7.681740522384643555e-01
9.569737315177917480e-01
-5.352508649230003357e-02
7.014804482460021973e-01
-9.797010421752929688e-01
-1.063754409551620483e-01
2.533037774264812469e-02
9.038910865783691406e-01
-9.733711481094360352e-01
9.527651667594909668e-01
-9.910567402839660645e-01
9.768087267875671387e-01
-4.157981574535369873e-01
8.911111950874328613e-01
-8.443455696105957031e-01
4.305403232574462891e-01
8.830972313880920410e-01
-8.555132746696472168e-01
-5.513119101524353027e-01
9.481564164161682129e-01
7.580889016389846802e-02
-4.410772323608398438e-01
9.160704612731933594e-01
6.866778731346130371e-01
-8.311957120895385742e-01
-8.195676207542419434e-01
9.873667359352111816e-01
1.575360298156738281e-01
-1.974191367626190186e-01
6.323961615562438965e-01
-8.295956254005432129e-01
-7.464766502380371094e-02
9.952408075332641602e-01
7.870315313339233398e-01
-9.421285390853881836e-01
6.477805376052856445e-01
-7.679892182350158691e-01
-7.469258308410644531e-01
7.505840808153152466e-02
9.987528324127197266e-01
-2.964129149913787842e-01
9.948662519454956055e-01
6.912598013877868652e-01
-9.230282902717590332e-01
-6.032270789146423340e-01
3.253524303436279297e-01
-2.086790353059768677e-01
7.130687236785888672e-01
9.047112427651882172e-03
8.769574165344238281e-01
-8.326920866966247559e-01
5.766962766647338867e-01
-2.927828729152679443e-01
-9.351978898048400879e-01
7.883508205413818359e-01
-2.804999649524688721e-01
9.847998619079589844e-01
-6.091693043708801270e-02
-7.221285700798034668e-01
3.221667706966400146e-01
-6.839131712913513184e-01
9.869088530540466309e-01
5.206393003463745117e-01
3.264202475547790527e-01
-7.917454242706298828e-01
7.889546751976013184e-01
9.917885661125183105e-01
-9.886882901191711426e-01
-6.141951084136962891e-01
9.391798377037048340e-01
-6.517278552055358887e-01
4.024765267968177795e-02
-1.393274664878845215e-01
9.379685521125793457e-01
-1.353880465030670166e-01
6.934234499931335449e-01
-9.674692153930664062e-01
7.772830724716186523e-01
-8.803186416625976562e-01
1.084536463022232056e-01
7.486659884452819824e-01
-1.825050860643386841e-01
3.321332335472106934e-01
3.536604046821594238e-01
-6.754862666130065918e-01
9.172725081443786621e-01
-5.878677368164062500e-01
-8.394238352775573730e-01
9.944027662277221680e-01
-1.655023694038391113e-01
9.845858216285705566e-01
-9.529276490211486816e-01
4.563610851764678955e-01
7.675139307975769043e-01
-6.026758551597595215e-01
6.398531794548034668e-01
-7.420268654823303223e-01
9.547910690307617188e-01
-9.558889269828796387e-01
1.440691798925399780e-01
7.464877367019653320e-01
-6.210386753082275391e-01
9.538083076477050781e-01
-8.065243959426879883e-01
3.973151743412017822e-01
6.323333978652954102e-01
-3.489165008068084717e-01
-5.919828414916992188e-01
8.414821028709411621e-01
-2.005736082792282104e-01
9.783694148063659668e-01
-3.879529833793640137e-01
-9.943794608116149902e-01
-1.240214332938194275e-01
9.322677254676818848e-01
9.153106808662414551e-01
3.318658769130706787e-01
-7.530778050422668457e-01
-6.142040491104125977e-01
8.639621138572692871e-01
8.945164084434509277e-01
-7.749474644660949707e-01
-4.286630153656005859e-01
9.135571122169494629e-01
-4.273948669433593750e-01
-9.278271794319152832e-01
9.659555554389953613e-01
-9.397259950637817383e-01
9.931150078773498535e-01
8.546411991119384766e-01
-2.353827655315399170e-01
-4.803973734378814697e-01
7.832514047622680664e-01
6.513628363609313965e-01
-9.885570406913757324e-01
1.318890750408172607e-01
1.284600142389535904e-02
-7.275894880294799805e-01
8.184290528297424316e-01
-4.580086469650268555e-01
9.634201526641845703e-01
-2.797112241387367249e-02
-5.870494842529296875e-01
7.848406434059143066e-01
6.861401796340942383e-01
-9.928297400474548340e-01
-7.768757939338684082e-01
9.468805789947509766e-01
-2.335585653781890869e-01
6.122997403144836426e-01
-8.804131150245666504e-01
9.910508990287780762e-01
2.680618464946746826e-01
-3.167792856693267822e-01
3.751768767833709717e-01
-4.085493087768554688e-01
6.375755667686462402e-01
2.441368401050567627e-01
1.352549493312835693e-01
5.331022143363952637e-01
-9.323483705520629883e-01
-6.064175367355346680e-01
2.082659751176834106e-01
4.796901047229766846e-01
8.645557761192321777e-01
-7.219763994216918945e-01
-6.182371973991394043e-01
9.701786041259765625e-01
1.626437008380889893e-01
-2.650633752346038818e-01
5.769641399383544922e-01
-3.056330382823944092e-01
3.232768177986145020e-01
3.304003179073333740e-01
-9.288581013679504395e-01
9.439968466758728027e-01
-9.256649613380432129e-01
8.746554851531982422e-01
9.063022136688232422e-01
-9.462872743606567383e-01
7.752466201782226562e-01
-4.105529487133026123e-01
-6.820242851972579956e-02
-3.565930426120758057e-01
9.071646332740783691e-01
-9.176061749458312988e-01
9.303514957427978516e-01
7.438579201698303223e-02
-8.200141191482543945e-01
-1.311502903699874878e-01
9.920281171798706055e-01
6.604709625244140625e-01
2.662752866744995117e-01
-9.623947739601135254e-01
6.755920648574829102e-01
-6.442781686782836914e-01
3.588119745254516602e-01
3.575859367847442627e-01
7.470202445983886719e-01
-8.077002167701721191e-01
-7.534782886505126953e-01
9.224101901054382324e-01
-2.275977283716201782e-01
9.442639350891113281e-01
-6.350932717323303223e-01
4.192530810832977295e-01
-5.161976218223571777e-01
3.795756995677947998e-01
6.499747037887573242e-01
-9.091805815696716309e-01
1.623601093888282776e-02
-2.859295010566711426e-01
9.898552298545837402e-01
9.242662787437438965e-01
-8.384726643562316895e-01
7.340315580368041992e-01
4.972112476825714111e-01
-8.327485322952270508e-01
-5.864716768264770508e-01
9.440846443176269531e-01
-8.021755218505859375e-01
6.817815303802490234e-01
-9.502816200256347656e-01
8.643744587898254395e-01
5.352612733840942383e-01
-9.275718331336975098e-01
-2.551347576081752777e-02
9.726741313934326172e-01
9.852464795112609863e-01
8.950807154178619385e-02
-9.980005025863647461e-01
3.453564345836639404e-01
-7.926725149154663086e-01
-7.227734923362731934e-01
9.996808171272277832e-01
9.092109799385070801e-01
1.131110489368438721e-01
5.431768894195556641e-01
-9.783344864845275879e-01
5.856834650039672852e-01
-7.168219685554504395e-01
9.525483250617980957e-01
7.447621226310729980e-01
-9.741548299789428711e-01
-6.026004552841186523e-01
8.188762068748474121e-01
-4.305987954139709473e-01
5.162916779518127441e-01
-7.028045654296875000e-01
9.873191714286804199e-01
-6.279420852661132812e-01
9.902535676956176758e-01
-7.063150405883789062e-02
-3.500588536262512207e-01
8.752488493919372559e-01
-9.272627830505371094e-01
8.876097202301025391e-01
-5.840545892715454102e-01
8.067121505737304688e-01
6.527771353721618652e-01
-9.789918065071105957e-01
-5.256062150001525879e-01
-1.208580285310745239e-02
8.036078810691833496e-01
3.459162116050720215e-01
-5.703229904174804688e-01
-6.058684587478637695e-01
9.914889335632324219e-01
7.103525400161743164e-01
-9.874573349952697754e-01
5.648013353347778320e-01
8.694007396697998047e-01
-8.553938865661621094e-01
-7.710397839546203613e-01
9.989377260208129883e-01
9.164595603942871094e-01
-8.036554455757141113e-01
-8.617754578590393066e-01
9.876900911331176758e-01
9.851148724555969238e-01
3.750053942203521729e-01
-9.153593182563781738e-01
8.750495910644531250e-01
-9.971103668212890625e-01
-7.421200871467590332e-01
7.437640428543090820e-01
2.864928245544433594e-01
3.710407763719558716e-02
6.613042205572128296e-02
9.703754782676696777e-01
-9.866022467613220215e-01
9.300516843795776367e-01
-7.491672635078430176e-01
-1.516143828630447388e-01
9.577116370201110840e-01
-4.102803468704223633e-01
6.391366124153137207e-01
-9.936210513114929199e-01
4.753326177597045898e-01
8.031237125396728516e-01
-4.781245887279510498e-01
-5.792328715324401855e-01
6.373506188392639160e-01
9.507130980491638184e-01
-8.064779043197631836e-01
-4.222450256347656250e-01
6.621697545051574707e-01
7.808403670787811279e-02
-2.523777261376380920e-02
-1.317738741636276245e-01
1.757611632347106934e-01
-2.059602141380310059e-01
5.245729684829711914e-01
9.918287992477416992e-01
-8.962495326995849609e-01
7.793916016817092896e-02
7.316853404045104980e-01
9.856841564178466797e-01
-9.949020147323608398e-01
-4.134520888328552246e-01
-3.559501469135284424e-01
8.798499703407287598e-01
-7.493931055068969727e-01
5.628156661987304688e-01
-4.364090785384178162e-02
7.047761082649230957e-01
-5.620244741439819336e-01
6.353574991226196289e-01
-6.023113131523132324e-01
9.545381069183349609e-01
-9.926236867904663086e-01
9.047839045524597168e-01
-8.427046537399291992e-01
-7.363405823707580566e-01
9.989168643951416016e-01
9.309048056602478027e-01
-5.151051878929138184e-01
8.808640241622924805e-01
-9.148998260498046875e-01
9.982662200927734375e-01
-2.803985774517059326e-01
-3.284994959831237793e-01
1.021314412355422974e-01
8.992930650711059570e-01
-9.541457295417785645e-01
1.194581203162670135e-02
9.825276136398315430e-01
-9.459707140922546387e-01
9.690049290657043457e-01
-5.778905749320983887e-01
6.697459816932678223e-01
-8.433640599250793457e-01
9.863126277923583984e-01
6.669620275497436523e-01
-5.068158507347106934e-01
-6.584917902946472168e-01
-8.323747515678405762e-01
9.808672070503234863e-01
8.575513362884521484e-01
-5.522809028625488281e-01
7.441042661666870117e-01
3.686239421367645264e-01
-9.993466734886169434e-01
4.826903343200683594e-01
1.539319306612014771e-01
-6.721784472465515137e-01
9.283812046051025391e-01
-9.600676894187927246e-01
-1.859007626771926880e-01
9.043758511543273926e-01
8.552469611167907715e-01
-9.601978659629821777e-01
5.931909084320068359e-01
-7.759722471237182617e-01
8.644222021102905273e-01
-1.538541465997695923e-01
6.135118603706359863e-01
-6.722271442413330078e-01
9.577839970588684082e-01
-5.687493085861206055e-01
-6.436622738838195801e-01
2.012229561805725098e-01
8.672827482223510742e-01
-6.150277853012084961e-01
9.975144863128662109e-01
6.611739993095397949e-01
-9.778526425361633301e-01
-8.292209506034851074e-01
9.566909670829772949e-01
5.222569704055786133e-01
-9.344253540039062500e-01
8.185500502586364746e-01
-3.710519075393676758e-01
7.995173931121826172e-01
-6.679700016975402832e-01
1.594147086143493652e-01
-1.612410396337509155e-01
8.841650485992431641e-01
8.699542284011840820e-01
-9.995102882385253906e-01
-8.308854699134826660e-01
9.994204640388488770e-01
-9.643443226814270020e-01
9.852065443992614746e-01
-6.065033674240112305e-01
2.638843655586242676e-01
6.629040837287902832e-01
-9.775912761688232422e-02
4.480323791503906250e-01
-6.217181086540222168e-01
9.197372198104858398e-01
2.516301572322845459e-01
-8.608430027961730957e-01
8.968008160591125488e-01
-3.927812576293945312e-01
-3.090422153472900391e-01
9.554527401924133301e-01
-9.646941423416137695e-01
-4.960571527481079102e-01
9.291973710060119629e-01
8.361923098564147949e-01
-9.715929031372070312e-01
9.214735031127929688e-01
9.182376265525817871e-01
-9.966653585433959961e-01
-4.863434433937072754e-01
-2.494485676288604736e-01
8.389114737510681152e-01
-9.660267233848571777e-01
8.651089668273925781e-01
8.021023273468017578e-01
-9.422168731689453125e-01
5.842445492744445801e-01
1.618839204311370850e-01
-9.391563534736633301e-01
9.802469611167907715e-01
-1.488092392683029175e-01
-6.832708120346069336e-01
9.878482818603515625e-01
7.870609164237976074e-01
-1.302461773157119751e-01
-7.370905876159667969e-01
6.452779769897460938e-01
-9.513944387435913086e-01
-1.090782731771469116e-01
2.878597080707550049e-01
9.335650801658630371e-01
7.867841720581054688e-01
-7.864897847175598145e-01
-4.525429308414459229e-01
9.336333274841308594e-01
-8.658449649810791016e-01
4.562002420425415039e-01
2.824929654598236084e-01
1.715350449085235596e-01
8.023899197578430176e-01
-9.881543517112731934e-01
-8.946928381919860840e-02
8.741261363029479980e-01
-7.621439099311828613e-01
9.870706796646118164e-01
3.319859504699707031e-01
-7.165178656578063965e-01
-6.578988432884216309e-01
9.866153001785278320e-01
-2.622104436159133911e-02
-3.538230955600738525e-01
9.907412528991699219e-01
-6.190296262502670288e-02
2.505806088447570801e-01
-7.691235542297363281e-01
9.904604554176330566e-01
-8.423416018486022949e-01
-1.262455480173230171e-03
6.952459216117858887e-01
-3.025218844413757324e-01
-7.961449772119522095e-02
8.929783105850219727e-01
-4.671628177165985107e-01
-1.295701563358306885e-01
8.897010087966918945e-01
-5.844051837921142578e-01
-7.629526257514953613e-01
7.472927570343017578e-01
6.082090139389038086e-01
2.937150895595550537e-01
-7.267801165580749512e-01
9.785004854202270508e-01
-9.674000740051269531e-01
5.550716519355773926e-01
8.134885430335998535e-01
-7.931333780288696289e-01
-3.562402427196502686e-01
9.497296810150146484e-01
6.544436812400817871e-01
-6.498711705207824707e-01
-4.539856612682342529e-01
7.538609504699707031e-01
-9.119203686714172363e-01
4.673520624637603760e-01
8.390372991561889648e-01
-2.723954021930694580e-01
4.003171026706695557e-01
-5.085175037384033203e-01
-9.734920859336853027e-01
9.989210963249206543e-01
9.310893416404724121e-01
-2.476000785827636719e-01
-9.777604341506958008e-01
9.157356023788452148e-01
1.271389573812484741e-01
6.104415655136108398e-01
-9.332613945007324219e-01
-7.528164386749267578e-01
9.466867446899414062e-01
-5.389374867081642151e-02
9.561557769775390625e-01
-3.769420981407165527e-01
-7.466981410980224609e-01
9.784672260284423828e-01
9.569423794746398926e-01
-9.922134876251220703e-01
2.112148255109786987e-01
4.906143844127655029e-01
-7.733237147331237793e-01
9.656715989112854004e-01
-1.431383192539215088e-01
-8.557697534561157227e-01
8.546821475028991699e-01
-2.402951717376708984e-01
7.045753002166748047e-01
-9.747985005378723145e-01
5.309016704559326172e-01
-1.213588267564773560e-01
-9.616751074790954590e-01
9.560897946357727051e-01
9.227671027183532715e-01
-1.300318986177444458e-01
7.878711819648742676e-01
-9.976773858070373535e-01
-5.126507282257080078e-01
3.945442140102386475e-01
1.506850123405456543e-01
9.420944452285766602e-01
-8.552443385124206543e-01
-6.587028503417968750e-01
8.652098774909973145e-01
9.595631957054138184e-01
-8.440893292427062988e-01
8.887354135513305664e-01
-8.403017520904541016e-01
3.683118522167205811e-01
6.485435962677001953e-01
-7.344890832901000977e-01
-6.336146593093872070e-02
9.814374446868896484e-01
-9.495140314102172852e-01
7.215936779975891113e-01
-5.114569067955017090e-01
4.795636236667633057e-01
-3.684361577033996582e-01
9.806885719299316406e-01
7.607773542404174805e-01
-4.874731302261352539e-01
-7.832247018814086914e-01
6.641554832458496094e-01
4.018709361553192139e-01
-7.908092141151428223e-01
-4.728907048702239990e-01
9.934154748916625977e-01
1.174490079283714294e-01
-8.708820939064025879e-01
-6.480183452367782593e-02
9.942192435264587402e-01
7.752179503440856934e-01
-6.310152411460876465e-01
9.280897378921508789e-01
7.533256411552429199e-01
-9.871888756752014160e-01
-9.760203957557678223e-01
6.533237695693969727e-01
1.925027929246425629e-02
-6.699401736259460449e-01
9.324860572814941406e-01
1.393103301525115967e-01
-9.546546936035156250e-01
2.149259150028228760e-01
9.892416596412658691e-01
-3.772323429584503174e-01
8.399104475975036621e-01
-9.776144027709960938e-01
8.485531806945800781e-01
-7.278614640235900879e-01
9.710364937782287598e-01
-9.656088948249816895e-01
9.981741309165954590e-01
2.487630099058151245e-01
5.470763444900512695e-01
-9.606212377548217773e-01
4.554033577442169189e-01
-1.187233626842498779e-01
8.814520239830017090e-01
-9.260001182556152344e-01
-7.127002477645874023e-01
8.145882487297058105e-01
6.426951289176940918e-01
6.678144335746765137e-01
-9.859986305236816406e-01
-7.052780985832214355e-01
8.398151993751525879e-01
9.507901668548583984e-01
-2.653838694095611572e-01
-9.075714349746704102e-01
9.490236639976501465e-01
-9.288409352302551270e-01
8.416665792465209961e-01
-2.372639067471027374e-02
-3.429430127143859863e-01
9.876402616500854492e-01
8.897583931684494019e-02
-9.466061592102050781e-01
-6.428765058517456055e-01
9.987087249755859375e-01
2.514307498931884766e-01
9.707735180854797363e-01
-3.407706022262573242e-01
4.895638674497604370e-02
4.627281129360198975e-01
-7.140554785728454590e-01
3.014821931719779968e-02
-5.226069092750549316e-01
8.992081284523010254e-01
7.766513228416442871e-01
-2.412646710872650146e-01
-6.987674832344055176e-01
-4.147615432739257812e-01
9.210796356201171875e-01
-4.499696195125579834e-01
8.875912427902221680e-01
-7.972574234008789062e-01
9.057192802429199219e-01
6.550483107566833496e-01
-8.696440458297729492e-01
9.621114730834960938e-01
2.197998315095901489e-01
-9.988777637481689453e-01
-7.750094532966613770e-01
9.697961807250976562e-01
-1.205257326364517212e-01
-6.110283136367797852e-01
3.893267214298248291e-01
3.899763524532318115e-01
7.474763393402099609e-01
6.706679463386535645e-01
-8.989484310150146484e-01
7.061720490455627441e-01
-9.886841773986816406e-01
-9.339058399200439453e-01
8.921480178833007812e-01
7.730650901794433594e-01
5.468326210975646973e-01
-3.879218697547912598e-01
-8.952705860137939453e-01
9.365444779396057129e-01
2.481222338974475861e-02
-7.747623324394226074e-01
9.974722862243652344e-01
2.978522516787052155e-02
1.376246064901351929e-01
-4.863535463809967041e-01
7.370409369468688965e-01
-7.969639897346496582e-01
-8.095256686210632324e-01
9.998831152915954590e-01
9.967404603958129883e-01
2.462885975837707520e-01
-6.674836277961730957e-01
7.636118680238723755e-02
9.940592646598815918e-01
-9.620699882507324219e-01
2.933761179447174072e-01
1.174958273768424988e-01
-1.407379209995269775e-01
9.483400583267211914e-01
-9.799673557281494141e-01
7.277894616127014160e-01
-8.490638732910156250e-01
8.838676214218139648e-01
6.941696405410766602e-01
2.951340973377227783e-01
-8.032336235046386719e-01
-4.925942718982696533e-01
8.029358983039855957e-01
5.608896017074584961e-01
-9.877446293830871582e-01
6.479349732398986816e-01
-2.000392675399780273e-01
-9.915343523025512695e-01
7.905265688896179199e-01
9.855333566665649414e-01
-7.547525763511657715e-01
6.452376246452331543e-01
1.911047399044036865e-01
-9.377110004425048828e-01
-6.702831983566284180e-01
9.982708692550659180e-01
9.330649971961975098e-01
5.702875554561614990e-02
-6.333547830581665039e-01
-2.389537990093231201e-01
9.950259923934936523e-01
-3.911915123462677002e-01
6.919634938240051270e-01
3.986779451370239258e-01
-9.560986161231994629e-01
2.283325493335723877e-01
7.325286269187927246e-01
2.612285614013671875e-01
-9.127678871154785156e-01
-5.200534462928771973e-01
-2.845370769500732422e-01
5.496029853820800781e-01
6.368182301521301270e-01
8.312699794769287109e-01
3.648442924022674561e-01
-9.312235713005065918e-01
8.473806381225585938e-01
-9.225581884384155273e-01
3.266012072563171387e-01
3.354395925998687744e-01
6.540010571479797363e-01
-8.142860531806945801e-01
1.095931977033615112e-01
-4.821745157241821289e-01
9.602817893028259277e-01
-5.853649973869323730e-01
-8.028944134712219238e-01
9.964659810066223145e-01
9.527854323387145996e-01
2.208914905786514282e-01
-8.315101265907287598e-01
8.641262054443359375e-01
-8.249610662460327148e-01
-4.060499072074890137e-01
9.427220821380615234e-01
-2.954054474830627441e-01
9.947498440742492676e-01
-8.332285881042480469e-01
1.485741138458251953e-01
9.032417535781860352e-01
-5.516553521156311035e-01
6.010012626647949219e-01
-8.792748451232910156e-01
2.940292954444885254e-01
9.596651792526245117e-01
-2.899112999439239502e-01
-9.143198728561401367e-01
6.558538973331451416e-02
8.583498597145080566e-01
8.565236330032348633e-01
-9.198895692825317383e-01
8.381624221801757812e-01
9.638719558715820312e-01
-9.453470706939697266e-01
-9.982232451438903809e-01
8.874866962432861328e-01
-9.337774515151977539e-01
8.721635341644287109e-01
-9.039939045906066895e-01
9.592201709747314453e-01
-8.968790769577026367e-01
9.957045316696166992e-01
4.442713856697082520e-01
2.345521897077560425e-01
-6.038661599159240723e-01
2.241367995738983154e-01
3.163400590419769287e-01
-8.158481717109680176e-01
7.807787060737609863e-01
9.845163822174072266e-01
-6.584385037422180176e-01
-7.386325001716613770e-01
9.519967436790466309e-01
9.364702552556991577e-02
4.419409036636352539e-01
-4.738523960113525391e-01
-6.357693076133728027e-01
9.812958836555480957e-01
-8.138169050216674805e-01
8.648582100868225098e-01
-1.624648272991180420e-01
9.020085334777832031e-01
-9.906460046768188477e-01
9.600673913955688477e-01
-9.193730354309082031e-01
-2.444063723087310791e-01
3.872665762901306152e-01
1.437601596117019653e-01
8.810036182403564453e-01
3.640931844711303711e-01
-4.453397691249847412e-01
7.106820344924926758e-01
-8.510355949401855469e-01
-9.374689459800720215e-01
9.617789387702941895e-01
4.728437960147857666e-01
-2.839135527610778809e-01
6.162465214729309082e-01
-7.179647088050842285e-01
-6.091101169586181641e-01
9.721196889877319336e-01
-2.895596623420715332e-01
9.836283326148986816e-01
-9.295827746391296387e-01
9.945976138114929199e-01
-3.723455071449279785e-01
8.303064107894897461e-01
5.384017825126647949e-01
-5.488150119781494141e-01
-9.445466399192810059e-01
8.421552777290344238e-01
6.296248435974121094e-01
-7.576897740364074707e-01
-9.138407111167907715e-01
9.337880015373229980e-01
9.465219080448150635e-02
-3.321357667446136475e-01
1.795659214258193970e-02
8.848006725311279297e-01
2.231258749961853027e-01
3.944745659828186035e-02
-6.756220459938049316e-01
4.783198237419128418e-01
-2.087591439485549927e-01
9.590082764625549316e-01
-4.754226505756378174e-01
7.313138842582702637e-01
8.161970973014831543e-01
-9.946450591087341309e-01
-9.911943674087524414e-01
2.334586083889007568e-01
-9.127752780914306641e-01
2.819460332393646240e-01
9.964717030525207520e-01
2.184551507234573364e-01
7.858639359474182129e-01
5.560148954391479492e-01
-8.008264303207397461e-01
-3.370304703712463379e-01
6.711422801017761230e-01
-9.724918007850646973e-01
8.136426806449890137e-01
-5.199968218803405762e-01
-8.897131681442260742e-01
9.909370541572570801e-01
9.745333194732666016e-01
7.595918774604797363e-01
-9.979523420333862305e-01
1.769239157438278198e-01
-5.751110315322875977e-01
8.027558326721191406e-01
-7.932994365692138672e-01
1.786017864942550659e-01
5.196961760520935059e-01
-8.903228640556335449e-01
9.852859377861022949e-01
6.361579895019531250e-01
-3.176507353782653809e-01
-5.936096310615539551e-01
9.911107420921325684e-01
4.959647357463836670e-02
4.813537001609802246e-01
-9.982318878173828125e-01
-6.266639828681945801e-01
9.244183897972106934e-01
-7.035122513771057129e-01
5.219730734825134277e-01
8.704498410224914551e-01
-1.001334264874458313e-01
-4.989184737205505371e-01
5.283907055854797363e-01
8.062480688095092773e-01
-9.009688496589660645e-01
-7.474662065505981445e-01
5.329323410987854004e-01
8.098290562629699707e-01
-8.732004165649414062e-01
8.551748991012573242e-01
-7.659569382667541504e-01
9.793205261230468750e-01
2.951542437076568604e-01
3.351685404777526855e-01
-8.258675932884216309e-01
-1.850796788930892944e-01
8.388619422912597656e-01
-4.988251924514770508e-01
2.666911780834197998e-01
1.442389003932476044e-02
9.630409479141235352e-01
-1.024006009101867676e-01
-6.702418923377990723e-01
-2.994426786899566650e-01
8.542606830596923828e-01
-3.664186298847198486e-01
-6.007640361785888672e-01
2.781499624252319336e-01
6.434172391891479492e-01
9.890217781066894531e-01
-9.989954829216003418e-01
5.907320976257324219e-01
-2.096481919288635254e-01
-4.774941205978393555e-01
9.446401000022888184e-01
-8.496125936508178711e-01
9.631306529045104980e-01
6.092785596847534180e-01
-3.861260414123535156e-01
-7.965132594108581543e-01
4.010567069053649902e-01
9.933932423591613770e-01
-8.796245455741882324e-01
2.079565078020095825e-01
8.053910732269287109e-01
-9.878455996513366699e-01
8.048377037048339844e-01
-4.716653823852539062e-01
-8.144335746765136719e-01
9.746924638748168945e-01
9.913725852966308594e-01
-4.312641322612762451e-01
-5.924632549285888672e-01
9.565535187721252441e-01
7.520186305046081543e-01
-9.865249395370483398e-01
-6.414849162101745605e-01
5.939173325896263123e-02
6.012568473815917969e-01
7.270986437797546387e-01
-9.414081573486328125e-01
7.846892476081848145e-01
-8.585390448570251465e-01
5.074855685234069824e-01
1.152127757668495178e-01
-4.263812303543090820e-02
8.581119775772094727e-01
-2.088226079940795898e-01
-8.553803563117980957e-01
9.983882904052734375e-01
1.969109922647476196e-01
-6.044654846191406250e-01
8.028350472450256348e-01
9.668707847595214844e-01
-9.854310154914855957e-01
-9.644765257835388184e-01
9.388744235038757324e-01
5.022780895233154297e-01
2.836935520172119141e-01
-8.259078264236450195e-01
8.280830085277557373e-02
3.983089625835418701e-01
2.039601504802703857e-01
4.629168510437011719e-01
-9.256786108016967773e-01
-6.216822192072868347e-02
5.542945265769958496e-01
7.067778706550598145e-01
-9.664308428764343262e-01
5.722525119781494141e-01
7.086105346679687500e-01
-9.691834449768066406e-01
5.049179792404174805e-01
6.831701993942260742e-01
-9.379794001579284668e-01
9.678258299827575684e-01
4.412894695997238159e-02
-8.453237414360046387e-01
9.504347443580627441e-01
-8.838878273963928223e-01
3.995496928691864014e-01
-9.912326335906982422e-01
9.208348393440246582e-01
9.402272105216979980e-01
-8.614026308059692383e-01
6.519510746002197266e-01
-3.046167790889739990e-01
4.518068730831146240e-01
9.453952908515930176e-01
-6.246499419212341309e-01
-9.503370523452758789e-01
9.588695168495178223e-01
-2.142509371042251587e-01
9.121437668800354004e-01
3.051024377346038818e-01
-9.151983857154846191e-01
-9.148317575454711914e-01
9.944388866424560547e-01
1.803432554006576538e-01
9.082579016685485840e-01
-4.834860563278198242e-01
-9.280922412872314453e-01
9.487951397895812988e-01
5.533589124679565430e-01
1.795551031827926636e-01
-9.380148053169250488e-01
8.354470133781433105e-01
8.624224662780761719e-01
-7.773986458778381348e-01
-9.703777432441711426e-01
7.241218090057373047e-01
4.882420971989631653e-02
8.747356534004211426e-01
-9.431049823760986328e-01
7.008562684059143066e-01
-4.585758447647094727e-01
9.284506440162658691e-01
-6.511754393577575684e-01
2.474118471145629883e-01
-5.063201785087585449e-01
9.463405013084411621e-01
-8.294698596000671387e-01
9.673152565956115723e-01
4.547103047370910645e-01
-9.563906788825988770e-01
6.716307401657104492e-01
-3.156968057155609131e-01
3.050339221954345703e-01
4.265532493591308594e-01
-5.575786232948303223e-01
-6.740400791168212891e-01
9.967146515846252441e-01
9.862132072448730469e-01
7.772997021675109863e-01
-9.993630051612854004e-01
-9.430724978446960449e-01
7.714087963104248047e-01
-7.454001903533935547e-01
4.538645744323730469e-01
8.870712518692016602e-01
-9.688939452171325684e-01
2.395349889993667603e-01
-6.519891619682312012e-01
7.560717463493347168e-01
1.011579185724258423e-01
9.988237619400024414e-01
-2.293136417865753174e-01
2.681369483470916748e-01
-9.844709038734436035e-01
8.658149838447570801e-01
-3.909426927566528320e-01
-2.286911308765411377e-01
9.220425486564636230e-01
-8.216552734375000000e-01
7.061406373977661133e-01
1.151689887046813965e-01
5.129590034484863281e-01
-9.601883590221405029e-02
-5.817359089851379395e-01
3.157604932785034180e-01
-2.176076173782348633e-01
-2.648500502109527588e-01
9.616484642028808594e-01
-6.201080679893493652e-01
4.798281788825988770e-01
-2.830072641372680664e-01
8.369237184524536133e-01
3.450571596622467041e-01
-7.837923765182495117e-01
-3.336787596344947815e-02
8.574620634317398071e-02
8.228186368942260742e-01
-3.433510363101959229e-01
6.779731512069702148e-01
-6.974317431449890137e-01
9.185974597930908203e-01
-5.973473191261291504e-01
3.618549704551696777e-01
-9.176199436187744141e-01
8.089231848716735840e-01
-9.601151347160339355e-01
9.709039330482482910e-01
-1.265424937009811401e-01
4.926204085350036621e-01
-7.805606126785278320e-01
9.423093199729919434e-01
-6.548638343811035156e-01
7.412401437759399414e-01
8.802179694175720215e-01
-9.529196023941040039e-01
6.479999423027038574e-02
-5.071588158607482910e-01
1.766505092382431030e-01
9.621891379356384277e-01
-4.641656875610351562e-01
9.662362933158874512e-01
-8.901094198226928711e-01
9.070143699645996094e-01
-4.486606419086456299e-01
9.518166780471801758e-01
-9.267794489860534668e-01
8.879451155662536621e-01
-8.042259216308593750e-01
-8.826549351215362549e-02
5.632439851760864258e-01
-2.432905137538909912e-01
2.397296130657196045e-01
-3.954825103282928467e-01
-9.156809449195861816e-01
9.913901686668395996e-01
9.831641316413879395e-01
9.930142760276794434e-01
-9.768183827400207520e-01
4.775095283985137939e-01
-9.756780862808227539e-01
-2.676940858364105225e-01
6.708190441131591797e-01
5.764963477849960327e-02
4.310049116611480713e-02
6.395683884620666504e-01
1.558864712715148926e-01
-2.699996531009674072e-01
-2.321762740612030029e-01
5.807344913482666016e-01
-9.839336276054382324e-01
9.067381620407104492e-01
-9.506273865699768066e-01
7.746203541755676270e-01
2.818597257137298584e-01
-9.619589447975158691e-01
9.187235832214355469e-01
8.468954563140869141e-01
4.065830409526824951e-01
-9.851156473159790039e-01
4.234218299388885498e-01
-7.718176245689392090e-01
5.400817990303039551e-01
-3.340601325035095215e-01
1.112925559282302856e-01
9.968622326850891113e-01
-7.072622179985046387e-01
4.822863042354583740e-01
-7.184700965881347656e-01
9.751741886138916016e-01
7.893536686897277832e-01
-9.777857065200805664e-01
-7.196961641311645508e-01
-1.561086177825927734e-01
9.981342554092407227e-01
5.574663281440734863e-01
4.565710425376892090e-01
-7.261613011360168457e-01
-7.242456078529357910e-01
9.156160354614257812e-01
9.716407656669616699e-01
-9.279007315635681152e-01
8.554229736328125000e-01
-5.595570206642150879e-01
3.631547093391418457e-01
-6.435940861701965332e-01
8.191736340522766113e-01
-1.154039427638053894e-01
9.153179526329040527e-01
-9.939968585968017578e-01
-9.798330664634704590e-01
9.935131072998046875e-01
3.526226580142974854e-01
1.946106702089309692e-01
-1.444671899080276489e-01
9.162468314170837402e-01
7.281833887100219727e-01
-9.990631341934204102e-01
-8.017544150352478027e-01
-5.532267969101667404e-03
-4.685321748256683350e-01
9.861549735069274902e-01
5.005803331732749939e-02
-4.706770181655883789e-01
8.046244978904724121e-01
8.406957387924194336e-01
-9.882822632789611816e-01
9.164285659790039062e-01
-6.606671214103698730e-01
-3.467874526977539062e-01
9.538410902023315430e-01
-9.289513230323791504e-01
7.309129238128662109e-01
6.765027046203613281e-01
-9.536656141281127930e-01
7.044386267662048340e-01
7.364060878753662109e-01
-8.746950030326843262e-01
-3.116777539253234863e-01
-2.948781847953796387e-01
9.940507411956787109e-01
3.222182765603065491e-02
2.444549649953842163e-01
-7.187120318412780762e-01
7.756862044334411621e-01
-7.537876367568969727e-01
9.780978560447692871e-01
7.312026023864746094e-01
-9.959697127342224121e-01
7.266088724136352539e-01
3.307935222983360291e-02
-5.478096604347229004e-01
-9.003611207008361816e-01
8.908756375312805176e-01
1.739562153816223145e-01
4.341410845518112183e-02
6.860623359680175781e-01
8.968614935874938965e-01
-8.415218591690063477e-01
-9.070869684219360352e-01
1.295081824064254761e-01
-7.879630662500858307e-03
1.402162760496139526e-01
-7.346730232238769531e-01
9.655563831329345703e-01
9.896171689033508301e-01
5.091776251792907715e-01
-3.926603496074676514e-01
-9.197797775268554688e-01
9.968500733375549316e-01
6.133955121040344238e-01
-7.365642189979553223e-01
6.650006175041198730e-01
-9.760134220123291016e-01
8.648321032524108887e-01
-9.333961606025695801e-01
7.698251605033874512e-01
1.354322135448455811e-01
-4.485085606575012207e-01
8.992474675178527832e-01
-7.627615332603454590e-01
-4.634400606155395508e-01
8.352223634719848633e-01
6.743465065956115723e-01
-4.617975652217864990e-01
-8.488252162933349609e-01
9.968832731246948242e-01
7.605379819869995117e-01
-8.830848336219787598e-01
9.235039949417114258e-01
-6.797585487365722656e-01
3.290356099605560303e-01
2.516208291053771973e-01
6.357513070106506348e-01
-9.507629871368408203e-01
-6.043725609779357910e-01
9.583575129508972168e-01
9.483714103698730469e-01
-5.532855987548828125e-01
-4.119438230991363525e-01
6.406617164611816406e-01
2.554799616336822510e-01
-5.513233691453933716e-02
