-4.125001728534698486e-01
-1.346956938505172729e-02
-8.319290280342102051e-01
2.013999670743942261e-01
-8.592752218246459961e-01
-4.563136398792266846e-01
1.028490588068962097e-01
4.042667895555496216e-02
-8.740595579147338867e-01
-8.292802572250366211e-01
6.700139045715332031e-01
-7.270462512969970703e-01
2.026824653148651123e-01
7.850206494331359863e-01
6.974706053733825684e-02
-8.271503448486328125e-01
8.831615000963211060e-02
-9.130935668945312500e-01
8.022134900093078613e-01
9.586021304130554199e-01
2.501258812844753265e-02
9.717022180557250977e-01
-7.525322437286376953e-01
-2.491896301507949829e-01
-9.111385941505432129e-01
1.997091434895992279e-02
-1.172326654195785522e-01
9.823480248451232910e-01
-8.478969335556030273e-01
8.870810866355895996e-01
9.482681751251220703e-02
8.807297348976135254e-01
-4.922969937324523926e-01
6.567411422729492188e-01
4.907415509223937988e-01
-3.974758088588714600e-01
5.120943784713745117e-01
5.939496159553527832e-01
-7.681419849395751953e-01
7.140468955039978027e-01
-4.166652560234069824e-01
8.111227154731750488e-01
8.583145141601562500e-01
-8.767579793930053711e-01
-2.695453763008117676e-01
-7.741360664367675781e-01
2.079688310623168945e-01
-7.228537797927856445e-01
9.145130515098571777e-01
-9.825094938278198242e-01
4.648638963699340820e-01
9.541874527931213379e-01
9.197776913642883301e-01
-1.629150286316871643e-02
-7.191104888916015625e-01
-5.881449580192565918e-01
-1.793889212422072887e-03
7.998278737068176270e-01
-8.867527246475219727e-01
5.435048341751098633e-01
-7.889864444732666016e-01
-8.598805069923400879e-01
-4.486968517303466797e-01
2.897042036056518555e-01
-8.401038050651550293e-01
9.227440506219863892e-02
3.461109399795532227e-01
-8.948056697845458984e-01
6.172943115234375000e-01
-9.456695318222045898e-01
5.765477418899536133e-01
4.879139661788940430e-01
-9.284657835960388184e-01
-9.688565135002136230e-01
-4.729133844375610352e-01
5.795210003852844238e-01
2.842273712158203125e-01
-8.002147078514099121e-01
-8.829250931739807129e-01
-6.591394543647766113e-01
4.185357391834259033e-01
-3.207966387271881104e-01
-9.373977780342102051e-01
-9.975443482398986816e-01
7.271813750267028809e-01
3.177539110183715820e-01
-7.853115797042846680e-01
-3.335248306393623352e-02
6.960325241088867188e-01
-7.169677019119262695e-01
-8.639840483665466309e-01
-5.761437863111495972e-02
1.468240171670913696e-01
4.377322793006896973e-01
-8.120713233947753906e-01
9.867052435874938965e-01
-4.723190963268280029e-01
1.781048178672790527e-01
-8.700607419013977051e-01
3.988574147224426270e-01
-7.275982499122619629e-01
-1.414371561259031296e-02
-3.115274310111999512e-01
9.701225757598876953e-01
-3.124328255653381348e-01
-5.165995955467224121e-01
2.691029608249664307e-01
-8.200619816780090332e-01
-2.244202494621276855e-01
7.254542112350463867e-01
-5.118166804313659668e-01
7.000078447163105011e-03
-4.536469578742980957e-01
-1.315854489803314209e-02
4.941050708293914795e-02
1.099853962659835815e-01
-5.474796295166015625e-01
-5.792943835258483887e-01
9.784055352210998535e-01
3.901128768920898438e-01
9.336104243993759155e-02
7.383660674095153809e-01
-1.568325161933898926e-01
2.826251089572906494e-01
-3.226253688335418701e-01
-3.609091043472290039e-01
3.289845883846282959e-01
3.946441709995269775e-01
-5.354697704315185547e-01
6.241803169250488281e-01
3.157451152801513672e-01
-3.301558494567871094e-01
2.055345326662063599e-01
9.784167408943176270e-01
1.920153200626373291e-01
-3.136772513389587402e-01
9.955749511718750000e-01
9.963285326957702637e-01
9.857085943222045898e-01
7.611280083656311035e-01
-1.229816526174545288e-01
2.082137465476989746e-01
9.156935662031173706e-02
3.383556306362152100e-01
4.156700074672698975e-01
-6.475161910057067871e-01
-6.955195665359497070e-01
6.470447778701782227e-01
-7.471594810485839844e-01
7.756283283233642578e-01
3.546179234981536865e-01
8.103474229574203491e-02
-9.600191712379455566e-01
4.026491045951843262e-01
-2.350933998823165894e-01
-3.469662368297576904e-01
-9.355614185333251953e-01
-2.434855103492736816e-01
-6.596012115478515625e-01
-8.334649801254272461e-01
-6.168593764305114746e-01
4.668561518192291260e-01
-9.027711153030395508e-01
-8.344717025756835938e-01
9.478726387023925781e-01
-1.573924124240875244e-01
5.822860598564147949e-01
-3.592009842395782471e-01
-7.640836834907531738e-01
-7.612562179565429688e-01
6.502061486244201660e-01
-8.862884640693664551e-01
-1.952534019947052002e-01
-2.245750427246093750e-01
-6.868653297424316406e-01
4.479096829891204834e-01
-5.107683539390563965e-01
-8.761321306228637695e-01
7.596609592437744141e-01
4.057127535343170166e-01
-5.341426730155944824e-01
6.851484179496765137e-01
8.862791061401367188e-01
4.947357177734375000e-01
8.309631943702697754e-01
1.010705083608627319e-01
-2.322621643543243408e-01
2.062725573778152466e-01
-7.061654329299926758e-01
-7.080098986625671387e-01
-2.561786770820617676e-01
7.619232535362243652e-01
3.096497058868408203e-01
5.735849738121032715e-01
7.395086884498596191e-01
9.266145825386047363e-01
-7.547288537025451660e-01
7.295098900794982910e-01
-9.518097043037414551e-01
-8.358421325683593750e-01
1.515969187021255493e-01
-5.141845941543579102e-01
-6.850492358207702637e-01
3.996989727020263672e-01
-3.678892552852630615e-01
1.411239244043827057e-02
6.173510551452636719e-01
-8.286578059196472168e-01
1.847598552703857422e-01
-9.339483976364135742e-01
8.207760751247406006e-02
-1.150513589382171631e-01
3.676353693008422852e-01
-5.801545977592468262e-01
-3.293851017951965332e-01
5.892108678817749023e-01
-1.078900545835494995e-01
2.838540971279144287e-01
6.412423253059387207e-01
-8.636091351509094238e-01
-4.785637855529785156e-01
-9.330369234085083008e-01
3.217438757419586182e-01
9.095785021781921387e-01
-4.954465031623840332e-01
5.816143751144409180e-01
-1.104888096451759338e-01
1.603974997997283936e-01
-9.786123633384704590e-01
4.908323585987091064e-01
1.172733306884765625e-01
-9.656786322593688965e-01
8.914839029312133789e-01
-6.846829652786254883e-01
-9.204572439193725586e-01
-2.282779216766357422e-01
7.848940491676330566e-01
-6.022574901580810547e-01
4.207910895347595215e-01
8.892976641654968262e-01
-9.552820324897766113e-01
-9.038831591606140137e-01
-2.112835347652435303e-01
-2.458054572343826294e-01
-4.015711843967437744e-01
-1.079187989234924316e-01
7.943930625915527344e-01
6.501027345657348633e-01
-6.391596794128417969e-01
-5.307721495628356934e-01
3.662446141242980957e-01
-7.908025979995727539e-01
-6.818181276321411133e-01
-9.208860397338867188e-01
-2.929467856884002686e-01
7.127001881599426270e-01
-8.549290299415588379e-01
6.238745898008346558e-02
-9.350182414054870605e-01
-3.356499373912811279e-01
8.701960444450378418e-01
-9.785841107368469238e-01
-1.927664130926132202e-01
3.549002110958099365e-01
-6.590244770050048828e-01
-7.807606458663940430e-01
8.842323422431945801e-01
-7.369092702865600586e-01
-3.955835103988647461e-01
-7.027315497398376465e-01
-5.055584907531738281e-01
-9.909328818321228027e-01
-9.287284612655639648e-01
-5.905502438545227051e-01
4.686545729637145996e-01
-9.058492183685302734e-01
4.416512548923492432e-01
5.885196328163146973e-01
1.349588334560394287e-01
4.216367304325103760e-01
7.546154856681823730e-01
-3.387754261493682861e-01
6.733772158622741699e-01
-1.481977701187133789e-01
4.513094425201416016e-01
-5.162836313247680664e-01
-5.819782018661499023e-01
4.603136181831359863e-01
-9.377726316452026367e-01
7.825472354888916016e-01
-6.209442019462585449e-01
2.917334735393524170e-01
-9.268970489501953125e-01
4.250131845474243164e-01
-9.071820974349975586e-01
-7.788102626800537109e-01
-2.008781023323535919e-02
-9.197313785552978516e-01
5.887029170989990234e-01
-9.335070848464965820e-01
3.711681663990020752e-01
-2.236610651016235352e-01
-6.968575716018676758e-01
7.196503877639770508e-01
2.970744967460632324e-01
2.420400828123092651e-01
2.629185914993286133e-01
-7.075107693672180176e-01
-7.802846431732177734e-01
4.281897544860839844e-01
-9.449242353439331055e-01
-9.581090807914733887e-01
4.888145327568054199e-01
-7.206960320472717285e-01
-4.953202605247497559e-01
1.282688081264495850e-01
-2.960272133350372314e-01
2.160554081201553345e-01
-4.681288301944732666e-01
-8.144355416297912598e-01
4.307272732257843018e-01
5.245222449302673340e-01
4.225070774555206299e-02
-5.529151558876037598e-01
-8.091515302658081055e-01
4.633455574512481689e-01
-8.987469077110290527e-01
9.446395039558410645e-01
-9.511632323265075684e-01
-9.510749578475952148e-01
-8.130517601966857910e-01
-5.912109017372131348e-01
-4.887548685073852539e-01
-2.183764576911926270e-01
-8.260885477066040039e-01
8.254397511482238770e-01
-6.826885342597961426e-01
-7.875778079032897949e-01
-8.835139870643615723e-01
-7.368840575218200684e-01
-9.365158081054687500e-01
-9.441629052162170410e-01
-1.821517795324325562e-01
7.110948562622070312e-01
-2.052056789398193359e-01
8.645720481872558594e-01
1.828067600727081299e-01
3.893807902932167053e-02
7.533724308013916016e-01
9.231908917427062988e-01
-9.637093544006347656e-01
2.070423066616058350e-01
-1.233478710055351257e-01
-1.100995838642120361e-01
-8.589134216308593750e-01
-6.010335087776184082e-01
-9.911565780639648438e-01
9.357129931449890137e-01
5.839604511857032776e-02
1.675063371658325195e-01
-4.608121886849403381e-02
-2.935989499092102051e-01
-4.595321714878082275e-01
8.011190891265869141e-01
-9.268661141395568848e-01
-8.941079378128051758e-01
-9.870838522911071777e-01
-2.705285847187042236e-01
4.445961117744445801e-01
8.554527908563613892e-02
7.682586312294006348e-01
9.703410267829895020e-01
-7.404326647520065308e-02
-2.722897529602050781e-01
-2.990849912166595459e-01
2.196574024856090546e-02
-6.827039122581481934e-01
-8.231484293937683105e-01
7.521302103996276855e-01
-5.263375043869018555e-01
8.007103204727172852e-01
-4.428869187831878662e-01
1.110328286886215210e-01
-7.479099631309509277e-01
-8.776377439498901367e-01
-2.391874492168426514e-01
-5.020055174827575684e-01
6.307625174522399902e-01
8.475469946861267090e-01
-9.830537438392639160e-01
9.292641282081604004e-01
-9.905325770378112793e-01
-4.772831499576568604e-01
1.340089440345764160e-01
2.089190930128097534e-01
6.663811206817626953e-01
-1.129781380295753479e-01
2.903110086917877197e-01
-6.543947011232376099e-02
5.873352885246276855e-01
-9.180310964584350586e-01
7.807379364967346191e-01
6.257394552230834961e-01
4.570911824703216553e-02
-6.874845027923583984e-01
3.568740487098693848e-01
2.204251848161220551e-02
9.386444091796875000e-01
9.750885963439941406e-01
-1.381179094314575195e-01
-5.356394685804843903e-03
-5.381515622138977051e-01
7.357302308082580566e-01
-5.426809787750244141e-01
-4.324679076671600342e-01
-5.277557969093322754e-01
8.868604302406311035e-01
-6.364579200744628906e-01
4.484194219112396240e-01
-3.596304357051849365e-01
9.270417094230651855e-01
-3.842606544494628906e-01
-1.579867005348205566e-01
2.292747497558593750e-01
-9.339126348495483398e-01
9.423296451568603516e-01
-1.052793562412261963e-01
8.770909905433654785e-01
3.459611833095550537e-01
-5.947566628456115723e-01
-5.160091519355773926e-01
-7.880132794380187988e-01
7.176650166511535645e-01
-4.499154984951019287e-01
-2.465061843395233154e-01
9.263629317283630371e-01
6.064075827598571777e-01
-8.623074293136596680e-01
-9.478422403335571289e-01
4.999738633632659912e-01
1.614627055823802948e-02
-8.190743327140808105e-01
8.999148011207580566e-01
9.419648051261901855e-01
9.659780859947204590e-01
-6.029504537582397461e-01
-3.027027249336242676e-01
-8.391535878181457520e-01
8.965604305267333984e-01
-8.247195482254028320e-01
-3.341574370861053467e-01
2.857742905616760254e-01
-9.924618601799011230e-01
-6.527316290885210037e-03
-8.426110744476318359e-01
-6.819941401481628418e-01
-8.371673822402954102e-01
-5.523215532302856445e-01
-8.824939131736755371e-01
-2.215210348367691040e-01
-6.750268936157226562e-01
3.156328499317169189e-01
9.105403423309326172e-01
-6.203574538230895996e-01
1.829073578119277954e-01
6.412793397903442383e-01
2.411636859178543091e-01
-9.068954586982727051e-01
9.663586318492889404e-02
-2.230304479598999023e-01
4.447304308414459229e-01
1.239105388522148132e-01
-4.882800281047821045e-01
5.090611577033996582e-01
-9.501956105232238770e-01
-3.692058920860290527e-01
4.410800039768218994e-01
-4.081040024757385254e-01
-8.978518843650817871e-01
-1.793650388717651367e-01
-7.806281447410583496e-01
-7.008245587348937988e-01
-8.183913230895996094e-01
-6.886798143386840820e-01
-1.038913875818252563e-01
-6.259616613388061523e-01
-3.780871629714965820e-01
-3.898055255413055420e-01
2.879020273685455322e-01
-8.371058702468872070e-01
-5.827355384826660156e-01
6.574245095252990723e-01
1.254567354917526245e-01
-1.995367407798767090e-01
-7.623907327651977539e-01
-8.774912953376770020e-01
-9.360426664352416992e-01
9.048399925231933594e-01
-3.584904670715332031e-01
9.159135818481445312e-01
4.080591201782226562e-01
-4.697777926921844482e-01
-8.677545934915542603e-02
-8.573652505874633789e-01
5.552181005477905273e-01
7.179539203643798828e-01
4.629386365413665771e-01
6.699379682540893555e-01
2.614170312881469727e-01
8.706673383712768555e-01
-9.642997980117797852e-01
1.632161736488342285e-01
-8.960460424423217773e-01
-9.290890395641326904e-02
-8.781139850616455078e-01
3.114687502384185791e-01
-9.774810671806335449e-01
4.626956582069396973e-01
8.820526599884033203e-01
-9.816248416900634766e-01
4.409439861774444580e-01
-3.679845333099365234e-01
4.173104763031005859e-01
9.866407513618469238e-01
-8.126847743988037109e-01
7.581008076667785645e-01
-8.827801942825317383e-01
-4.836367666721343994e-01
-5.450114607810974121e-01
-3.746223151683807373e-01
-9.133602976799011230e-01
-8.246514946222305298e-02
-8.664624691009521484e-01
-9.569500088691711426e-01
6.547678112983703613e-01
-9.618022441864013672e-01
2.674450278282165527e-01
7.341541647911071777e-01
-3.474121168255805969e-02
4.642021656036376953e-01
-8.954788446426391602e-01
5.769370794296264648e-01
-9.846321940422058105e-01
4.355134069919586182e-01
-7.679349184036254883e-01
9.813534617424011230e-01
-2.572861015796661377e-01
6.745391488075256348e-01
-2.725534737110137939e-01
-3.649752736091613770e-01
-5.931882858276367188e-01
-1.881239116191864014e-01
6.785827875137329102e-01
-5.262824296951293945e-01
7.255246639251708984e-01
1.780579984188079834e-01
-1.299884170293807983e-01
9.344583749771118164e-01
7.329870462417602539e-01
-9.603282213211059570e-01
-9.746764302253723145e-01
-8.888964653015136719e-01
-5.632987618446350098e-01
8.200389742851257324e-01
-3.523081541061401367e-01
5.060511231422424316e-01
-3.994957357645034790e-02
4.105740189552307129e-01
3.194094896316528320e-01
-3.373424410820007324e-01
-6.785095930099487305e-01
-1.191617250442504883e-01
2.154089957475662231e-01
9.018087983131408691e-01
7.646833658218383789e-01
-8.905303478240966797e-01
-4.200198650360107422e-01
-3.419598191976547241e-02
-9.374889731407165527e-01
-7.372483015060424805e-01
5.315779447555541992e-01
-3.437006846070289612e-02
-3.917345702648162842e-01
2.466906011104583740e-01
3.247382342815399170e-01
-9.251492023468017578e-01
2.916279137134552002e-01
2.775173820555210114e-02
6.600171923637390137e-01
-8.663130402565002441e-01
-9.145720601081848145e-01
-2.843999266624450684e-01
-4.160916805267333984e-01
6.165930032730102539e-01
-2.813474237918853760e-01
1.632611006498336792e-01
-7.354518771171569824e-01
-6.245765089988708496e-01
5.360026359558105469e-01
3.804889023303985596e-01
5.264980718493461609e-02
7.952183485031127930e-01
-6.186023354530334473e-02
-7.010328769683837891e-01
-1.727284044027328491e-01
-9.824796319007873535e-01
-5.522225499153137207e-01
1.972145587205886841e-01
-1.891174763441085815e-01
9.307454526424407959e-02
-5.918757319450378418e-01
-9.449051618576049805e-01
7.931268811225891113e-01
-1.644545048475265503e-02
-6.531521677970886230e-01
-7.624078392982482910e-01
-4.726415574550628662e-01
-9.864082336425781250e-01
-2.022813856601715088e-01
-9.170500636100769043e-01
-5.527374148368835449e-01
-9.845337867736816406e-01
-6.662237644195556641e-01
-7.112322449684143066e-01
9.074150919914245605e-01
-6.326968073844909668e-01
-6.926128864288330078e-01
-2.671419084072113037e-01
-9.582073092460632324e-01
-6.739209890365600586e-01
5.216412544250488281e-01
-9.302782416343688965e-01
8.959532380104064941e-01
4.395090341567993164e-01
8.727489709854125977e-01
-7.665856480598449707e-01
-5.284851193428039551e-01
6.999120116233825684e-01
-7.433167695999145508e-01
-9.459397196769714355e-01
9.227283000946044922e-01
-3.783589601516723633e-01
-9.644460678100585938e-01
8.630813956260681152e-01
-1.047938689589500427e-01
-8.733819127082824707e-01
-8.655449151992797852e-01
-8.523374795913696289e-01
-7.389355897903442383e-01
9.221002459526062012e-01
5.350766181945800781e-01
-2.536650896072387695e-01
-2.617834210395812988e-01
-5.630879998207092285e-01
9.704438447952270508e-01
4.009209573268890381e-01
-6.623693108558654785e-01
-1.175914146006107330e-02
-5.211302042007446289e-01
-9.812330007553100586e-01
1.756379157304763794e-01
-9.695298224687576294e-02
1.035107672214508057e-01
9.440345764160156250e-01
-4.234702587127685547e-01
5.178409218788146973e-01
-9.507058858871459961e-01
9.512366056442260742e-01
-8.081814050674438477e-01
5.796911120414733887e-01
-1.366394609212875366e-01
-4.379269182682037354e-01
-6.107994914054870605e-01
-1.176043078303337097e-01
3.168677091598510742e-01
-1.488979905843734741e-01
7.527068853378295898e-01
7.671473026275634766e-01
6.500190496444702148e-01
5.535982251167297363e-01
-1.105462387204170227e-01
8.194078207015991211e-01
-8.610718846321105957e-01
6.065604090690612793e-01
-9.988707304000854492e-01
4.644134044647216797e-01
-7.417560815811157227e-01
3.162203133106231689e-01
-4.662064611911773682e-01
2.622261643409729004e-01
7.197925448417663574e-01
1.943304538726806641e-01
-9.001896381378173828e-01
-8.034108323045074940e-04
3.461723625659942627e-01
1.367685496807098389e-01
6.859979629516601562e-01
-9.714430570602416992e-01
-7.847348451614379883e-01
-2.298117876052856445e-01
-9.468356370925903320e-01
-4.982232749462127686e-01
5.191553831100463867e-01
-4.164503812789916992e-01
9.348998069763183594e-01
9.857024550437927246e-01
8.881832361221313477e-01
-9.538256525993347168e-01
-7.703036069869995117e-01
-3.026220202445983887e-01
-1.713398396968841553e-01
7.500434517860412598e-01
9.730150923132896423e-03
9.667837023735046387e-01
-7.736684083938598633e-01
2.390829175710678101e-01
-9.289643168449401855e-01
-8.089064359664916992e-01
-9.252839088439941406e-01
4.635162353515625000e-01
-9.705623388290405273e-01
-8.684392571449279785e-01
-5.375109910964965820e-01
7.851063609123229980e-01
-6.087905764579772949e-01
-7.776181101799011230e-01
1.706422567367553711e-01
4.158402085304260254e-01
-8.215171098709106445e-01
-3.142120242118835449e-01
-8.773763775825500488e-01
-5.128949880599975586e-01
-7.591176629066467285e-01
2.878648228943347931e-02
-8.887922763824462891e-01
9.218635559082031250e-01
9.070532917976379395e-01
-6.251373291015625000e-01
9.267240762710571289e-02
8.921904563903808594e-01
-6.779183149337768555e-01
-4.023511111736297607e-01
-7.770908474922180176e-01
-3.114692866802215576e-01
-2.389310598373413086e-01
-6.264520883560180664e-01
8.550789356231689453e-01
3.468258976936340332e-01
-5.394477844238281250e-01
8.196970820426940918e-01
-8.734082579612731934e-01
-9.853909015655517578e-01
3.851487040519714355e-01
-8.834296464920043945e-01
-1.628939360380172729e-01
-4.538682699203491211e-01
9.809349775314331055e-01
7.090979814529418945e-02
-9.254637360572814941e-01
8.892012834548950195e-01
7.994163036346435547e-01
-4.401304721832275391e-01
9.856821298599243164e-01
-1.839318275451660156e-01
-7.836870551109313965e-01
-2.473990917205810547e-01
-7.089235782623291016e-01
-9.388064742088317871e-01
-2.672576308250427246e-01
9.622657895088195801e-01
-9.291535019874572754e-01
-9.881909489631652832e-01
8.554000258445739746e-01
5.864866971969604492e-01
-5.147715210914611816e-01
5.694627165794372559e-01
-6.302632689476013184e-01
3.710159063339233398e-01
6.911704540252685547e-01
6.697525382041931152e-01
8.420546650886535645e-01
9.122767448425292969e-01
-9.955661296844482422e-01
9.660403132438659668e-01
-3.248144686222076416e-01
5.247631669044494629e-01
-5.133774876594543457e-01
7.555163502693176270e-01
-7.881814837455749512e-01
-6.055480837821960449e-01
-4.579641819000244141e-01
-5.618219375610351562e-01
-5.466723442077636719e-01
-6.287568807601928711e-01
9.359086751937866211e-01
3.018727600574493408e-01
-4.456724226474761963e-01
1.621022373437881470e-01
-8.488214015960693359e-02
-3.251780271530151367e-01
3.216853737831115723e-01
7.608871906995773315e-02
3.341710865497589111e-01
7.567212581634521484e-01
-7.571209073066711426e-01
-5.362890958786010742e-01
-4.021914899349212646e-01
-7.862645983695983887e-01
5.866032242774963379e-01
-8.451723456382751465e-01
3.586272299289703369e-01
5.118743181228637695e-01
-2.785266004502773285e-02
3.431115150451660156e-01
-9.190937876701354980e-01
8.983324766159057617e-01
-8.649439811706542969e-01
4.185653626918792725e-01
-9.686533808708190918e-01
-1.908510029315948486e-01
8.029664158821105957e-01
-5.556964278221130371e-01
-7.440317869186401367e-01
3.579383492469787598e-01
2.824038565158843994e-01
-6.544089913368225098e-01
2.877617999911308289e-02
7.571260333061218262e-01
3.589256405830383301e-01
-8.011400103569030762e-01
8.636469841003417969e-01
-8.998022675514221191e-01
-4.073004424571990967e-01
-5.846603512763977051e-01
-8.970783352851867676e-01
-8.288656473159790039e-01
-3.183100819587707520e-01
-9.152287244796752930e-01
-8.835299313068389893e-02
-6.359780430793762207e-01
-6.687679886817932129e-01
-7.480452060699462891e-01
-5.253486633300781250e-01
-8.798105120658874512e-01
-7.125168442726135254e-01
-8.794515728950500488e-01
6.354317665100097656e-01
-2.805297672748565674e-01
-5.111108422279357910e-01
-9.118226915597915649e-02
-4.893065616488456726e-02
-7.950168102979660034e-03
-9.649810791015625000e-01
1.118418276309967041e-01
2.007232010364532471e-01
-6.943436861038208008e-01
-3.729748129844665527e-01
5.022041797637939453e-01
-8.923513293266296387e-01
-3.078278303146362305e-01
6.442126631736755371e-01
-9.339801073074340820e-01
-1.452776603400707245e-02
7.543376684188842773e-01
-1.696115732192993164e-01
-2.070955932140350342e-01
-9.996494650840759277e-02
-6.983457207679748535e-01
8.570130169391632080e-02
7.685531973838806152e-01
-9.869580864906311035e-01
-4.964852631092071533e-01
-6.764342784881591797e-01
-4.399273693561553955e-01
-5.357899665832519531e-01
-4.940702915191650391e-01
8.097987771034240723e-01
-8.537877798080444336e-01
-5.571476817131042480e-01
3.895576894283294678e-01
-9.444813132286071777e-01
-8.989158868789672852e-01
-6.522617340087890625e-01
-7.373830676078796387e-01
2.260113656520843506e-01
9.460607171058654785e-01
-1.454576849937438965e-01
2.998881042003631592e-01
8.146165609359741211e-01
-7.583681941032409668e-01
-7.250601649284362793e-01
-3.050775527954101562e-01
8.741274476051330566e-02
7.420998066663742065e-02
-9.131364822387695312e-01
-5.150946378707885742e-01
1.413047313690185547e-01
-3.942117094993591309e-01
5.981510877609252930e-01
-2.980339229106903076e-01
-8.166162371635437012e-01
-4.031232297420501709e-01
6.996933817863464355e-01
4.067885279655456543e-01
-2.372081875801086426e-01
-2.359678894281387329e-01
1.713758260011672974e-01
-9.811542630195617676e-01
-4.707494974136352539e-01
2.253248244524002075e-01
-8.287762403488159180e-01
-1.363071203231811523e-01
-5.900298953056335449e-01
1.699985116720199585e-01
-8.886704444885253906e-01
-4.346807301044464111e-01
8.367618918418884277e-01
-9.480263590812683105e-01
-9.429441690444946289e-01
-6.530500650405883789e-01
-7.133315801620483398e-01
-8.383615612983703613e-01
-7.910475730895996094e-01
6.987138986587524414e-01
1.190129444003105164e-01
7.035071253776550293e-01
9.348927736282348633e-01
-8.712596297264099121e-01
9.704217314720153809e-01
-6.414269208908081055e-01
-9.640299677848815918e-01
-7.761831879615783691e-01
-3.000002205371856689e-01
7.646721601486206055e-01
6.018476560711860657e-03
9.699906706809997559e-01
1.198243051767349243e-01
6.240994930267333984e-01
6.344624161720275879e-01
-9.608960151672363281e-01
6.428635120391845703e-01
-9.754426479339599609e-01
-2.318307161331176758e-01
-7.524707317352294922e-01
-3.206362947821617126e-02
-3.425319790840148926e-01
4.670493900775909424e-01
-5.048215985298156738e-01
1.894323080778121948e-01
-8.383111357688903809e-01
3.826402500271797180e-02
9.243425130844116211e-01
-6.488321423530578613e-01
3.932286798954010010e-01
-8.022786378860473633e-01
8.700352907180786133e-01
-3.638007044792175293e-01
9.378362894058227539e-01
-9.018480032682418823e-02
-7.949790358543395996e-01
3.666115701198577881e-01
-4.120902419090270996e-01
-8.122250437736511230e-01
-9.066097736358642578e-01
8.011172413825988770e-01
-9.852812886238098145e-01
3.610703349113464355e-01
6.842142343521118164e-01
2.378998547792434692e-01
-9.199166297912597656e-01
-2.974361479282379150e-01
-1.665566861629486084e-01
-4.098769426345825195e-01
-5.605775862932205200e-02
8.548896312713623047e-01
2.101157307624816895e-01
-9.441924691200256348e-01
-6.424281001091003418e-01
1.585138589143753052e-01
-2.770338356494903564e-01
-5.650531053543090820e-01
-7.718408107757568359e-01
9.120466113090515137e-01
-9.243459105491638184e-01
-5.837345719337463379e-01
5.959649085998535156e-01
-2.016275227069854736e-01
-6.702003479003906250e-01
-9.698982834815979004e-01
7.951723933219909668e-01
-2.260283827781677246e-01
-4.804501533508300781e-01
-5.130980014801025391e-01
6.170698404312133789e-01
-6.473991274833679199e-01
-2.174837142229080200e-01
7.999536395072937012e-01
2.894453704357147217e-01
1.859759986400604248e-01
5.709668397903442383e-01
-5.377794504165649414e-01
5.480548739433288574e-02
3.072752356529235840e-01
3.616960048675537109e-01
-8.767513036727905273e-01
-7.011246085166931152e-01
5.738900303840637207e-01
-8.035447001457214355e-01
5.551749467849731445e-01
-1.161483600735664368e-01
-9.688544869422912598e-01
3.831129288300871849e-03
-8.392469286918640137e-01
2.526159584522247314e-01
7.713055610656738281e-01
8.444650769233703613e-01
9.014960527420043945e-01
-5.260044336318969727e-01
-7.236357331275939941e-01
-2.672828435897827148e-01
-6.664941310882568359e-01
-4.484497010707855225e-01
1.888492107391357422e-01
-2.362397462129592896e-01
8.664776086807250977e-01
-2.071018517017364502e-01
-2.740665078163146973e-01
-6.149295568466186523e-01
-7.952296733856201172e-01
-8.459819555282592773e-01
9.391631484031677246e-01
1.105466261506080627e-01
-8.335556387901306152e-01
8.308827877044677734e-01
-3.615869581699371338e-01
-9.166917204856872559e-01
-3.027782738208770752e-01
-7.402688860893249512e-01
4.345349967479705811e-01
-7.119857072830200195e-01
2.151304781436920166e-01
-5.882337093353271484e-01
-8.874302506446838379e-01
-3.900632262229919434e-01
6.995877027511596680e-01
-7.366733551025390625e-01
-2.795748412609100342e-01
3.699985146522521973e-01
9.316981434822082520e-01
3.880339860916137695e-01
-9.272674322128295898e-01
9.507870674133300781e-02
3.183062970638275146e-01
2.917396724224090576e-01
-3.169286251068115234e-01
-9.221222400665283203e-01
-9.395763874053955078e-01
7.585049271583557129e-01
-7.296018004417419434e-01
-8.281742930412292480e-01
-4.757114350795745850e-01
3.358249068260192871e-01
-5.248287320137023926e-01
-5.846655368804931641e-01
-8.767225742340087891e-01
-6.459265351295471191e-01
-9.744774699211120605e-01
5.846928358078002930e-01
9.802870750427246094e-01
-7.105513811111450195e-01
3.378155231475830078e-01
8.378817439079284668e-01
7.300255894660949707e-01
2.171130180358886719e-01
-8.674484491348266602e-01
-1.901839971542358398e-01
-9.665078520774841309e-01
-7.154657840728759766e-01
5.183257460594177246e-01
-6.397494077682495117e-01
2.039060145616531372e-01
6.886378526687622070e-01
2.834073966369032860e-03
-6.257859468460083008e-01
2.121287733316421509e-01
-7.515964508056640625e-01
-5.418742895126342773e-01
7.305824160575866699e-01
3.263737857341766357e-01
4.971008300781250000e-01
-7.751116156578063965e-01
-3.027211129665374756e-01
-1.974109560251235962e-01
1.729007959365844727e-01
3.950934112071990967e-01
-7.810094952583312988e-01
7.042953968048095703e-01
1.348495483398437500e-01
-4.546230435371398926e-01
-6.378873586654663086e-01
4.837723076343536377e-01
-8.461140394210815430e-01
-2.297735959291458130e-01
5.980333089828491211e-01
-9.394489526748657227e-01
-5.477665662765502930e-01
-2.129068672657012939e-01
-7.999609708786010742e-01
-7.516463994979858398e-01
-5.541988611221313477e-01
-1.623927205801010132e-01
5.481889843940734863e-01
-8.591699600219726562e-01
2.451060116291046143e-01
-1.557013094425201416e-01
-6.576550602912902832e-01
-2.731548845767974854e-01
-9.619943499565124512e-01
-7.598314285278320312e-01
-5.713686347007751465e-01
-9.011270403861999512e-01
1.429686844348907471e-01
-6.962635517120361328e-01
-6.538414955139160156e-01
-9.414663910865783691e-01
6.441548466682434082e-01
-9.331833720207214355e-01
-6.703080534934997559e-01
-8.370891213417053223e-01
5.527118444442749023e-01
8.920779228210449219e-01
-8.960810899734497070e-01
8.308628201484680176e-01
8.847879767417907715e-01
-1.730502396821975708e-02
8.393787741661071777e-01
-7.661034464836120605e-01
9.017286300659179688e-01
-7.026274800300598145e-01
-2.901926934719085693e-01
-5.915670990943908691e-01
4.214382469654083252e-01
-4.097673594951629639e-01
-8.947919309139251709e-02
-4.481827318668365479e-01
-3.855709731578826904e-01
-3.938837051391601562e-01
-3.687801957130432129e-01
2.395901829004287720e-01
-9.078354239463806152e-01
3.477733731269836426e-01
-9.880205392837524414e-01
-8.634049892425537109e-01
-7.648962736129760742e-01
9.771249294281005859e-01
-7.461471110582351685e-02
-8.352509140968322754e-02
-4.366171061992645264e-01
-6.053160429000854492e-01
-1.882671266794204712e-01
9.625236988067626953e-01
-1.486824154853820801e-01
8.827526569366455078e-01
-8.215216994285583496e-01
5.291733741760253906e-01
1.914737932384014130e-02
3.094947934150695801e-01
-9.520411491394042969e-01
9.627128243446350098e-01
-1.289611756801605225e-01
-8.729351162910461426e-01
8.426188826560974121e-01
-8.149337172508239746e-01
3.586221486330032349e-02
3.112032078206539154e-02
-3.181282281875610352e-01
-9.826329946517944336e-01
2.119602560997009277e-01
-2.908337414264678955e-01
3.350577950477600098e-01
-9.603121876716613770e-01
-6.068908572196960449e-01
-4.417438209056854248e-01
-3.266426622867584229e-01
8.241890072822570801e-01
-2.526642382144927979e-02
-4.975128471851348877e-01
4.716039896011352539e-01
-4.576597213745117188e-01
-9.031255841255187988e-01
-5.207030773162841797e-01
-2.372779846191406250e-01
-1.106967963278293610e-02
-9.247967004776000977e-01
-6.442679166793823242e-01
-6.668657660484313965e-01
3.867701292037963867e-01
-3.744733631610870361e-01
6.233738660812377930e-01
-1.731872260570526123e-01
4.783513545989990234e-01
-8.395393192768096924e-02
1.727512627840042114e-01
-7.054655551910400391e-01
-3.621905446052551270e-01
-8.482543826103210449e-01
1.910586804151535034e-01
7.491462826728820801e-01
-4.172458350658416748e-01
-9.786249399185180664e-01
-1.791127920150756836e-01
-6.710586547851562500e-01
-9.786766767501831055e-01
-6.639388203620910645e-01
-7.521542906761169434e-01
-5.141931772232055664e-01
-7.314973473548889160e-01
6.529000401496887207e-02
7.573133111000061035e-01
-5.055540800094604492e-01
-2.165808528661727905e-01
8.278456330299377441e-01
-8.847277760505676270e-01
-9.095368385314941406e-01
-7.648353576660156250e-01
-1.448443531990051270e-01
-9.456909894943237305e-01
-7.950346469879150391e-01
4.550334215164184570e-01
-4.663080275058746338e-01
7.958230376243591309e-01
-6.517222523689270020e-01
-6.879596114158630371e-01
-9.678167700767517090e-01
-2.404958754777908325e-01
-3.689067065715789795e-01
-3.675562515854835510e-02
-2.466603219509124756e-01
-9.490171074867248535e-01
6.270281672477722168e-01
-4.950261861085891724e-02
-8.035852909088134766e-01
-4.767274260520935059e-01
5.777575969696044922e-01
2.074908018112182617e-01
-4.842109978199005127e-01
7.721837162971496582e-01
-6.775276064872741699e-01
3.999929130077362061e-02
7.077952027320861816e-01
-9.363493323326110840e-01
-5.293846130371093750e-01
8.132748007774353027e-01
-1.870256103575229645e-02
-5.538479089736938477e-01
-1.336196660995483398e-01
4.235575795173645020e-01
-2.382207363843917847e-01
-8.839743137359619141e-01
-2.255677729845046997e-01
-9.072154164314270020e-01
-3.637844324111938477e-01
7.895264029502868652e-01
-5.701331496238708496e-01
2.769700288772583008e-01
4.372096955776214600e-01
8.226411938667297363e-01
4.145650863647460938e-01
7.142683863639831543e-01
-9.969840049743652344e-01
-6.808658242225646973e-01
-6.301630139350891113e-01
8.792966604232788086e-01
-2.312718704342842102e-02
5.228953957557678223e-01
2.179976180195808411e-02
-3.135605752468109131e-01
2.833272218704223633e-01
-3.295324146747589111e-01
-6.663716435432434082e-01
-9.572267532348632812e-01
6.740453839302062988e-01
8.252907395362854004e-01
-8.454211354255676270e-01
9.177583456039428711e-01
8.427777886390686035e-01
-8.545968532562255859e-01
-7.860323190689086914e-01
3.758057057857513428e-01
-9.485661387443542480e-01
-3.226727247238159180e-01
-4.122936129570007324e-01
9.678723216056823730e-01
-6.183459162712097168e-01
8.341467380523681641e-01
-9.576139450073242188e-01
4.401125013828277588e-01
2.038282454013824463e-01
-3.533316403627395630e-02
-3.019075095653533936e-01
-5.800748467445373535e-01
9.202988147735595703e-01
3.555682897567749023e-01
7.282468676567077637e-01
-9.630208015441894531e-01
-2.350324839353561401e-01
-8.645036220550537109e-01
-3.139920830726623535e-01
-1.501327753067016602e-01
2.135512530803680420e-01
7.614757418632507324e-01
-9.150338172912597656e-01
-5.345001816749572754e-01
5.217257738113403320e-01
7.897095084190368652e-01
-1.477939635515213013e-01
4.180687069892883301e-01
-3.035424053668975830e-01
5.977301597595214844e-01
5.871777534484863281e-01
7.695065736770629883e-01
-9.517231583595275879e-01
-7.866404652595520020e-01
-9.677140712738037109e-01
-6.905398368835449219e-01
-9.763936996459960938e-01
9.249604940414428711e-01
-8.012510538101196289e-01
-1.660789102315902710e-01
-9.844513535499572754e-01
3.558359444141387939e-01
9.177846908569335938e-01
7.834092378616333008e-01
-9.851717352867126465e-01
-9.719066321849822998e-02
3.021624088287353516e-01
7.383574247360229492e-01
3.591406643390655518e-01
-7.716506123542785645e-01
-8.378182649612426758e-01
-8.704139590263366699e-01
-7.658846378326416016e-01
1.986406892538070679e-01
-8.580128550529479980e-01
-6.902446150779724121e-01
-6.714474558830261230e-01
5.692146420478820801e-01
8.925503492355346680e-01
8.112969994544982910e-01
-4.145140945911407471e-01
2.249798327684402466e-01
6.505939960479736328e-01
-9.649618268013000488e-01
-3.532610237598419189e-01
1.212570257484912872e-02
-6.992771029472351074e-01
-9.778576493263244629e-01
-7.697833180427551270e-01
8.179951906204223633e-01
4.261793792247772217e-01
-6.603467464447021484e-02
4.450832009315490723e-01
-3.442246019840240479e-01
5.327002331614494324e-02
-9.806671142578125000e-01
-8.672064542770385742e-01
6.850810050964355469e-01
9.381194710731506348e-01
1.078033894300460815e-01
-1.493874043226242065e-01
3.811180591583251953e-01
2.948710918426513672e-01
-8.220138549804687500e-01
7.230443954467773438e-01
-3.498932719230651855e-01
9.573669433593750000e-01
-3.978261649608612061e-01
5.117287635803222656e-01
3.329810202121734619e-01
2.519733905792236328e-01
-9.195296764373779297e-01
-1.853504031896591187e-01
8.303916454315185547e-02
5.431302785873413086e-01
-9.484205245971679688e-01
8.749549984931945801e-01
9.551341831684112549e-02
-9.196153283119201660e-01
8.751001358032226562e-01
-8.868067860603332520e-01
5.193036794662475586e-01
7.782825827598571777e-01
1.535392701625823975e-01
4.744517505168914795e-01
-6.074491143226623535e-01
-7.458910942077636719e-01
1.318904459476470947e-01
4.059520363807678223e-02
3.751797974109649658e-01
-5.964457988739013672e-01
4.959530532360076904e-01
-2.752253115177154541e-01
1.328370124101638794e-01
-4.421898424625396729e-01
9.709787964820861816e-01
-8.394514322280883789e-01
-4.850384593009948730e-01
3.803940415382385254e-01
-1.269459426403045654e-01
-3.938340544700622559e-01
-7.366718053817749023e-01
5.425158143043518066e-01
9.774316549301147461e-01
-2.430682182312011719e-01
8.948627710342407227e-01
-4.196743965148925781e-01
-9.939971566200256348e-01
1.742096245288848877e-01
-2.683613002300262451e-01
-9.023789167404174805e-01
6.381390094757080078e-01
-1.844338327646255493e-01
-4.535592198371887207e-01
-5.941797494888305664e-01
-5.148918032646179199e-01
-4.400949776172637939e-01
-8.142226338386535645e-01
-7.302166819572448730e-01
-9.657017588615417480e-01
-8.093028664588928223e-01
-6.575816869735717773e-01
5.757339000701904297e-01
7.774040102958679199e-01
-7.545373439788818359e-01
-3.269956409931182861e-01
-5.085929632186889648e-01
1.823889017105102539e-01
2.538190968334674835e-02
2.033860832452774048e-01
-2.301051020622253418e-01
-9.088995456695556641e-01
-1.070892214775085449e-01
1.089394837617874146e-01
-8.830186724662780762e-01
1.736130267381668091e-01
1.122474204748868942e-03
-3.527840077877044678e-01
7.839321494102478027e-01
9.192396402359008789e-01
1.717193424701690674e-01
-8.667261600494384766e-01
8.454260975122451782e-02
-9.285702705383300781e-01
-6.671910881996154785e-01
-3.295925855636596680e-01
-6.984096765518188477e-01
-8.560056686401367188e-01
-2.245954573154449463e-01
8.708708733320236206e-02
-6.433600187301635742e-01
5.036476850509643555e-01
-2.231220752000808716e-01
-9.700509905815124512e-01
-8.481397628784179688e-01
2.425887882709503174e-01
-7.568823695182800293e-01
-8.530635833740234375e-01
-9.581062793731689453e-01
-8.396707773208618164e-01
7.053177803754806519e-02
8.723115921020507812e-01
4.256528019905090332e-01
5.851920247077941895e-01
6.733237206935882568e-02
3.308448791503906250e-01
-6.511875987052917480e-01
7.550042271614074707e-01
-9.582280516624450684e-01
-6.023768782615661621e-01
5.821577906608581543e-01
6.225293278694152832e-01
-9.382551312446594238e-01
-2.897831499576568604e-01
8.004440069198608398e-01
-8.183245062828063965e-01
2.824156582355499268e-01
3.344855085015296936e-02
-4.138264954090118408e-01
-6.009745001792907715e-01
-9.216234087944030762e-01
7.896415591239929199e-01
-3.519541025161743164e-02
-1.571384668350219727e-01
3.931532502174377441e-01
-2.381493002176284790e-01
9.787778854370117188e-01
3.816451728343963623e-01
-9.575458168983459473e-01
-2.053525671362876892e-02
4.931460916996002197e-01
-6.626347452402114868e-02
6.872764229774475098e-01
8.132958412170410156e-01
9.232679009437561035e-01
-7.266184091567993164e-01
7.574489712715148926e-01
9.255546331405639648e-01
-4.675024747848510742e-01
6.418887972831726074e-01
-9.356639385223388672e-01
4.265672862529754639e-01
-9.093520641326904297e-01
-9.279878735542297363e-01
7.214925885200500488e-01
3.939049541950225830e-01
5.190184712409973145e-01
7.708148956298828125e-01
7.391802072525024414e-01
-8.872792124748229980e-01
6.932042241096496582e-01
3.081453442573547363e-01
-9.540367722511291504e-01
-8.551832288503646851e-02
8.661465048789978027e-01
-3.875609338283538818e-01
8.178477287292480469e-01
-3.738822638988494873e-01
-7.557491660118103027e-01
5.035157799720764160e-01
-5.200786590576171875e-01
-5.310226082801818848e-01
6.662151217460632324e-01
-7.723291516304016113e-01
3.904097899794578552e-02
7.268346846103668213e-02
-2.376180142164230347e-01
-3.154716491699218750e-01
-5.049430131912231445e-01
9.090586900711059570e-01
-9.557046294212341309e-01
4.005664288997650146e-01
5.729342624545097351e-02
-9.593044519424438477e-01
-1.124136969447135925e-01
-6.548715829849243164e-01
-9.967720508575439453e-01
-3.820808529853820801e-01
9.536502510309219360e-02
5.765078663825988770e-01
1.910241693258285522e-01
4.640398919582366943e-01
2.230772972106933594e-01
3.282752335071563721e-01
-9.057608246803283691e-01
5.282974243164062500e-01
-9.917004704475402832e-01
-9.956994652748107910e-01
3.993085771799087524e-02
6.887284517288208008e-01
-2.801213860511779785e-01
5.226944684982299805e-01
8.251238465309143066e-01
-4.871886074542999268e-01
9.708999842405319214e-02
7.009869813919067383e-02
-6.934281587600708008e-01
2.051342874765396118e-01
-7.448527216911315918e-01
-9.685976803302764893e-02
8.759916424751281738e-01
-1.725785881280899048e-01
9.699893593788146973e-01
7.543259114027023315e-02
7.151932120323181152e-01
-7.332587242126464844e-01
5.183100700378417969e-01
3.022512197494506836e-01
9.735229015350341797e-01
1.038395762443542480e-01
-4.235957749187946320e-03
-8.841753602027893066e-01
5.778708457946777344e-01
-7.782433032989501953e-01
9.544964432716369629e-01
-4.319787919521331787e-01
9.785163998603820801e-01
-9.448762536048889160e-01
1.973773837089538574e-01
-9.123800992965698242e-01
4.578031599521636963e-02
7.899327278137207031e-01
-6.541176140308380127e-02
6.906012296676635742e-01
-1.276329904794692993e-01
8.505779504776000977e-01
9.652686119079589844e-02
-6.782926917076110840e-01
-8.934995532035827637e-01
2.893813550472259521e-01
-3.486297726631164551e-01
4.721138477325439453e-01
3.766751885414123535e-01
8.036021590232849121e-01
-9.606710076332092285e-01
3.960999250411987305e-01
-1.000324636697769165e-01
9.405131340026855469e-01
-9.148975610733032227e-01
4.738295823335647583e-02
-9.941380620002746582e-01
-6.951447129249572754e-01
8.652174472808837891e-01
4.392900764942169189e-01
7.524276524782180786e-02
5.750367641448974609e-01
-2.968024909496307373e-01
6.713681221008300781e-01
-9.189189076423645020e-01
-1.682986766099929810e-01
-9.926307201385498047e-01
-5.757210850715637207e-01
-9.904036521911621094e-01
-5.564979910850524902e-01
-1.711538881063461304e-01
-1.524538844823837280e-01
-9.234138131141662598e-01
-7.967420816421508789e-01
3.603305816650390625e-01
7.092173099517822266e-01
9.879791736602783203e-01
-9.123810529708862305e-01
-9.282768964767456055e-01
1.348337978124618530e-01
-8.674339056015014648e-01
1.227737665176391602e-01
-5.010916590690612793e-01
-2.094413340091705322e-01
-8.267921209335327148e-01
3.332851529121398926e-01
-2.489733248949050903e-01
-2.524916827678680420e-01
-5.203112959861755371e-02
7.534781694412231445e-01
4.326604604721069336e-01
-4.592466950416564941e-01
6.390691399574279785e-01
3.656477481126785278e-02
-9.398905038833618164e-01
6.257815957069396973e-01
3.083002567291259766e-01
-6.439607143402099609e-01
4.564887583255767822e-01
-9.001190662384033203e-01
8.430721759796142578e-01
-6.135451197624206543e-01
-5.247924327850341797e-01
1.590236872434616089e-01
-7.982490062713623047e-01
3.897381126880645752e-01
1.513139158487319946e-01
-1.252228915691375732e-01
2.146871834993362427e-01
-3.026003837585449219e-01
-1.826224774122238159e-01
9.011610150337219238e-01
7.765318155288696289e-01
4.653991460800170898e-01
7.019939422607421875e-01
-9.647157788276672363e-01
-4.569451808929443359e-01
8.179576992988586426e-01
-7.296066880226135254e-01
-6.613948345184326172e-01
-7.906945347785949707e-01
9.457595348358154297e-01
-8.375896140933036804e-03
2.897263765335083008e-01
6.910818219184875488e-01
9.905065894126892090e-01
-3.699344396591186523e-01
5.425264835357666016e-01
8.286676406860351562e-01
-9.393728971481323242e-01
9.147402048110961914e-01
-9.860215187072753906e-01
-6.603847146034240723e-01
-7.570816278457641602e-01
9.096098691225051880e-02
-8.425953388214111328e-01
-1.590709239244461060e-01
-2.528133094310760498e-01
4.710552692413330078e-01
5.190525054931640625e-01
6.969198584556579590e-02
4.182743430137634277e-01
6.242280602455139160e-01
-7.233209013938903809e-01
-1.233758330345153809e-01
1.002202555537223816e-01
5.258969664573669434e-01
3.223307430744171143e-01
6.623347401618957520e-01
1.679197698831558228e-01
-8.527829647064208984e-01
2.874136567115783691e-01
-8.506125807762145996e-01
-1.081768143922090530e-02
-3.849711716175079346e-01
-8.319075107574462891e-01
8.216335177421569824e-01
-9.050419926643371582e-01
-5.345520749688148499e-02
7.250849604606628418e-01
-9.257730841636657715e-01
-1.709891706705093384e-01
6.738907098770141602e-01
-9.945880770683288574e-01
-2.357349842786788940e-01
-9.073493480682373047e-01
7.294713258743286133e-01
-1.340678036212921143e-01
4.119961857795715332e-01
-2.590196132659912109e-01
6.342764496803283691e-01
6.508191823959350586e-01
-5.058472752571105957e-01
3.853299915790557861e-01
-9.646650552749633789e-01
-9.235817193984985352e-01
-8.573751151561737061e-02
-5.814436078071594238e-01
-8.972875475883483887e-01
-4.362821578979492188e-01
-3.982498049736022949e-01
9.321236014366149902e-01
-8.658138513565063477e-01
-9.281290769577026367e-01
-1.388068795204162598e-01
-8.377231359481811523e-01
-7.670381069183349609e-01
-8.354052901268005371e-01
-2.742973566055297852e-01
2.804346680641174316e-01
8.544984459877014160e-01
9.265481829643249512e-01
6.502024531364440918e-01
-6.603583693504333496e-01
-6.990838646888732910e-01
3.728428184986114502e-01
2.967360615730285645e-01
2.460770308971405029e-01
7.676510810852050781e-01
-9.981105327606201172e-01
-8.417981266975402832e-01
-4.457936882972717285e-01
-2.946737110614776611e-01
-9.563361406326293945e-01
8.513785004615783691e-01
-6.304007768630981445e-01
9.005384445190429688e-01
-7.450540065765380859e-01
5.947893857955932617e-01
-7.264903187751770020e-01
7.758175134658813477e-01
-9.826444983482360840e-01
3.256569206714630127e-01
4.965401589870452881e-01
-1.681043952703475952e-01
-5.292583703994750977e-01
8.018926531076431274e-02
-3.504363298416137695e-01
3.694976270198822021e-01
9.406173825263977051e-01
-7.041476964950561523e-01
-7.553642243146896362e-02
5.232097506523132324e-01
-9.450548887252807617e-01
5.432713627815246582e-01
-4.810602068901062012e-01
-7.835083603858947754e-01
9.366722702980041504e-01
-8.708454668521881104e-02
-7.592688798904418945e-01
8.859524130821228027e-01
-8.137207031250000000e-01
5.221264362335205078e-01
-5.637932419776916504e-01
-9.569313526153564453e-01
6.227835416793823242e-01
7.667596936225891113e-01
-5.115935206413269043e-01
-4.899965524673461914e-01
4.720830321311950684e-01
-3.548733294010162354e-01
-9.515329599380493164e-01
3.598023056983947754e-01
-2.933292277157306671e-02
-7.564025521278381348e-01
3.287609517574310303e-01
-6.082440912723541260e-02
4.686300083994865417e-02
-3.596031665802001953e-01
2.779066003859043121e-02
-1.179190445691347122e-02
-9.096041321754455566e-01
-7.961915731430053711e-01
2.317805439233779907e-01
-8.916649818420410156e-01
9.061723351478576660e-01
-8.247107863426208496e-01
-7.749735116958618164e-01
-4.974760115146636963e-01
-1.666340976953506470e-02
-1.097524911165237427e-01
-7.260820269584655762e-02
-4.647677838802337646e-01
-2.487269192934036255e-01
7.965005040168762207e-01
-6.433364748954772949e-01
8.704937696456909180e-01
-1.640239804983139038e-01
5.638564005494117737e-02
2.078377157449722290e-01
5.290213227272033691e-01
6.277327537536621094e-01
-7.786150574684143066e-01
-1.544829457998275757e-01
2.151040732860565186e-01
-1.728155910968780518e-01
4.088597893714904785e-01
-8.302647471427917480e-01
1.485563255846500397e-02
-9.324324131011962891e-01
-9.420699477195739746e-01
9.712083935737609863e-01
6.292915940284729004e-01
-6.860992908477783203e-01
4.811259508132934570e-01
-9.719222187995910645e-01
7.466923594474792480e-01
-9.507961273193359375e-01
-4.787682294845581055e-01
-5.644429922103881836e-01
-4.244752526283264160e-01
-1.085461303591728210e-01
3.183770775794982910e-01
-7.684610486030578613e-01
7.819986939430236816e-01
-9.770326018333435059e-01
-4.890838861465454102e-01
2.297349870204925537e-01
-2.687025666236877441e-01
-3.673640191555023193e-01
9.857376217842102051e-01
-9.260278344154357910e-01
2.771607786417007446e-02
7.477202415466308594e-01
-4.734669029712677002e-01
-2.452699542045593262e-01
8.811279535293579102e-01
9.169249534606933594e-01
-2.121163010597229004e-01
-3.683899343013763428e-01
4.828715622425079346e-01
-9.273228049278259277e-01
6.617989540100097656e-01
5.814598798751831055e-01
-8.325697183609008789e-01
1.569125652313232422e-01
-5.047077536582946777e-01
-8.938261866569519043e-01
-9.809542298316955566e-01
-9.397752881050109863e-01
-9.889549016952514648e-01
1.130500584840774536e-01
1.413474678993225098e-01
-9.177200794219970703e-01
-7.263109683990478516e-01
3.769122436642646790e-02
-9.256135821342468262e-01
-1.470253020524978638e-01
-1.348643749952316284e-01
1.376873552799224854e-01
-2.845708429813385010e-01
-6.759253740310668945e-01
6.022803187370300293e-01
4.762467443943023682e-01
-6.767897009849548340e-01
-3.082033693790435791e-01
3.705587387084960938e-01
-9.102562665939331055e-01
-9.319007992744445801e-01
-8.816084861755371094e-01
-1.762288510799407959e-01
-8.265439867973327637e-01
-6.124047636985778809e-01
-5.788411498069763184e-01
-4.647043645381927490e-01
-7.566565275192260742e-01
-6.011357307434082031e-01
1.713097393512725830e-01
1.075265556573867798e-01
-9.464417695999145508e-01
-1.477461010217666626e-01
2.370646446943283081e-01
7.647368907928466797e-01
-7.287060022354125977e-01
5.028549432754516602e-01
1.666927635669708252e-01
2.361090481281280518e-01
5.951949954032897949e-01
-9.816709160804748535e-01
8.609041571617126465e-01
-3.804406523704528809e-01
5.456469058990478516e-01
1.753753572702407837e-01
-2.064709514379501343e-01
7.757107019424438477e-01
-8.708305954933166504e-01
-7.232881784439086914e-01
-8.832238912582397461e-01
-9.693403840065002441e-01
2.395756989717483521e-01
-2.379852384328842163e-01
4.917247593402862549e-01
-3.886380195617675781e-01
7.201202511787414551e-01
-7.997494339942932129e-01
-8.067085742950439453e-01
5.240197777748107910e-01
-1.266185641288757324e-01
5.675258636474609375e-01
3.854350149631500244e-01
8.537001907825469971e-02
-6.473609209060668945e-01
2.607767581939697266e-01
-1.100132148712873459e-02
8.598332405090332031e-01
-9.158387780189514160e-01
9.674026370048522949e-01
2.528046071529388428e-01
-3.800377845764160156e-01
-8.978978991508483887e-01
-8.084316849708557129e-01
1.527295708656311035e-01
-8.842286467552185059e-01
5.452643036842346191e-01
-6.874877214431762695e-01
7.664792537689208984e-01
9.312601089477539062e-01
-5.491392016410827637e-01
1.110859680920839310e-02
7.649843096733093262e-01
-8.021115660667419434e-01
6.060607433319091797e-01
8.339681625366210938e-01
-5.403827428817749023e-01
-7.756603956222534180e-01
-2.205948084592819214e-01
-7.959005236625671387e-01
-5.101023316383361816e-01
9.441128969192504883e-01
-8.176110386848449707e-01
-4.445808008313179016e-02
-5.099313259124755859e-01
-6.976282596588134766e-01
-7.656963467597961426e-01
-6.217187047004699707e-01
-9.466766715049743652e-01
4.970740377902984619e-01
6.022310256958007812e-01
8.741046488285064697e-02
4.533146321773529053e-01
4.476325586438179016e-02
-6.232232600450515747e-02
4.185222983360290527e-01
-6.785359382629394531e-01
-2.417277991771697998e-01
8.868725895881652832e-01
9.406807422637939453e-01
-7.769061923027038574e-01
6.575046181678771973e-01
4.969426095485687256e-01
7.260361909866333008e-01
-8.129174113273620605e-01
3.038543462753295898e-01
7.817456722259521484e-01
-4.737734496593475342e-01
5.678579211235046387e-01
2.747128009796142578e-01
-9.212822914123535156e-01
3.759805262088775635e-01
-2.205044217407703400e-02
9.383283853530883789e-01
-8.335084319114685059e-01
-1.575570106506347656e-01
-9.626569151878356934e-01
1.417237985879182816e-02
6.557850837707519531e-01
6.711984276771545410e-01
-6.940607726573944092e-02
1.232061982154846191e-01
-1.962989270687103271e-01
3.786164522171020508e-01
9.346745014190673828e-01
-9.785770177841186523e-01
8.709377050399780273e-01
-9.582531452178955078e-01
-5.833390355110168457e-01
-4.110277295112609863e-01
-7.672843933105468750e-01
6.015763282775878906e-01
1.720510274171829224e-01
-9.247066974639892578e-01
-2.672047615051269531e-01
-3.884589970111846924e-01
-9.334105849266052246e-01
-5.536819696426391602e-01
-8.907270431518554688e-01
8.259022831916809082e-01
-6.394854784011840820e-01
7.414419054985046387e-01
-3.915101662278175354e-02
-8.816580176353454590e-01
9.527952969074249268e-02
-9.223719239234924316e-01
-5.939015001058578491e-02
9.724168181419372559e-01
9.126146435737609863e-01
-5.420382022857666016e-01
-7.326673865318298340e-01
-3.585958778858184814e-01
-9.545268416404724121e-01
-9.453262686729431152e-01
-9.405258893966674805e-01
-4.584220349788665771e-01
-9.976783394813537598e-01
-9.093612432479858398e-01
-5.131008476018905640e-02
1.163881719112396240e-01
2.759214043617248535e-01
8.283137083053588867e-01
2.261227071285247803e-01
4.275297224521636963e-01
-1.465321928262710571e-01
-4.645705223083496094e-01
-4.902349114418029785e-01
-9.039795994758605957e-01
