4.892864823341369629e-01
-4.072754383087158203e-01
-4.713577926158905029e-01
5.014133453369140625e-01
9.953770041465759277e-01
7.890519499778747559e-01
9.024987816810607910e-01
8.531352281570434570e-01
-6.148401498794555664e-01
6.428384780883789062e-01
-3.688050806522369385e-02
4.318196475505828857e-01
5.306881666183471680e-01
4.594188034534454346e-01
9.594280123710632324e-01
6.272095441818237305e-01
-3.088882267475128174e-01
-9.774789214134216309e-01
9.911224842071533203e-01
5.753450989723205566e-01
8.387049436569213867e-01
-6.414623465389013290e-03
-7.900833487510681152e-01
-6.316314339637756348e-01
-3.899759352207183838e-01
9.727596640586853027e-01
2.427677363157272339e-01
9.305644035339355469e-01
7.323215007781982422e-01
2.290485054254531860e-01
-2.686089277267456055e-01
5.704603791236877441e-01
9.795166850090026855e-01
1.991321891546249390e-01
9.020754694938659668e-01
-7.998126745223999023e-01
2.685500085353851318e-01
-8.147200345993041992e-01
9.916329979896545410e-01
9.457026720046997070e-01
-6.999034881591796875e-01
9.844052791595458984e-01
9.784397482872009277e-01
3.217253088951110840e-01
-2.844633162021636963e-01
-6.969726085662841797e-01
-1.394375115633010864e-01
8.938129544258117676e-01
4.889036715030670166e-01
7.357220649719238281e-01
7.458750009536743164e-01
5.064014792442321777e-01
9.542219340801239014e-02
-9.637082219123840332e-01
-2.849319875240325928e-01
9.395259022712707520e-01
9.537572860717773438e-01
-7.200416326522827148e-01
1.835682392120361328e-01
-2.759059369564056396e-01
8.761722445487976074e-01
9.991608858108520508e-01
9.940452128648757935e-02
8.267582654953002930e-01
3.068702220916748047e-01
5.562568902969360352e-01
-9.403426647186279297e-01
9.248056411743164062e-01
8.473892211914062500e-01
-4.382398426532745361e-01
8.322725892066955566e-01
-8.881455063819885254e-01
7.869334816932678223e-01
9.413695931434631348e-01
-5.165177583694458008e-01
-4.253489896655082703e-02
9.541428089141845703e-01
3.209370076656341553e-01
6.727686524391174316e-02
-6.314448714256286621e-01
9.746290445327758789e-01
1.435063481330871582e-01
-5.216004252433776855e-01
9.332757592201232910e-01
4.220194518566131592e-01
8.945827484130859375e-01
-4.988834559917449951e-01
4.838081598281860352e-01
8.576709628105163574e-01
7.331907153129577637e-01
-1.519995927810668945e-01
7.292799353599548340e-01
-3.824206292629241943e-01
9.948669075965881348e-01
1.498420163989067078e-02
1.822832524776458740e-01
-9.410089850425720215e-01
6.285927891731262207e-01
1.768718063831329346e-01
3.384170830249786377e-01
7.159516811370849609e-01
7.580683827400207520e-01
8.805879354476928711e-01
-9.028425216674804688e-01
-8.682872056961059570e-01
9.182732105255126953e-01
9.988269209861755371e-01
8.940157294273376465e-01
-5.333502292633056641e-01
4.953743144869804382e-02
-8.271880149841308594e-01
9.941038489341735840e-01
-6.129460334777832031e-01
-9.032029509544372559e-01
9.994308352470397949e-01
9.961713552474975586e-01
6.860852837562561035e-01
6.753122806549072266e-01
8.713675737380981445e-01
-6.002424359321594238e-01
-2.347203195095062256e-01
9.646413326263427734e-01
8.929197788238525391e-01
2.828094959259033203e-01
7.572343200445175171e-02
-4.362579584121704102e-01
7.557724714279174805e-01
9.165664911270141602e-01
-1.743511408567428589e-01
8.080761432647705078e-01
5.494597554206848145e-01
3.143391609191894531e-01
-5.352017879486083984e-01
8.627719879150390625e-01
-4.426422119140625000e-01
7.118494510650634766e-01
4.320221021771430969e-02
3.581139445304870605e-01
-9.744446277618408203e-01
9.792997241020202637e-01
8.154330253601074219e-01
-4.587720707058906555e-02
9.535123109817504883e-01
-9.769583940505981445e-01
4.679907858371734619e-01
9.103140830993652344e-01
7.048271894454956055e-01
-9.082889556884765625e-01
6.072007417678833008e-01
9.736977815628051758e-01
-5.586905479431152344e-01
8.705477714538574219e-01
-9.851498603820800781e-01
4.545821845531463623e-01
-1.712988913059234619e-01
7.953225374221801758e-01
9.849485754966735840e-01
-5.723645091056823730e-01
-4.747498333454132080e-01
9.768828153610229492e-01
8.866040706634521484e-01
6.273320317268371582e-01
2.412831783294677734e-01
9.524971246719360352e-01
8.569535017013549805e-01
-6.383647918701171875e-01
8.380461335182189941e-01
-1.833880245685577393e-01
-9.205897450447082520e-01
-1.313030570745468140e-01
8.820462226867675781e-01
9.430417418479919434e-01
5.817784070968627930e-01
1.853652000427246094e-01
6.062914133071899414e-01
-7.399230599403381348e-01
6.323877573013305664e-01
2.478481382131576538e-01
8.510414361953735352e-01
8.091026544570922852e-01
-7.337640523910522461e-01
4.307550191879272461e-01
5.633295774459838867e-01
8.983039855957031250e-01
-9.765633344650268555e-01
-8.211605548858642578e-01
-2.686993479728698730e-01
9.032220840454101562e-01
-9.456256031990051270e-01
-9.948923587799072266e-01
-9.503310322761535645e-01
-9.397645592689514160e-01
9.510895609855651855e-01
9.805965423583984375e-01
6.378883123397827148e-01
9.563773274421691895e-01
6.600626111030578613e-01
8.669860959053039551e-01
9.869780540466308594e-01
9.660112261772155762e-01
9.583966732025146484e-01
8.499069511890411377e-02
-3.873461782932281494e-01
2.920060753822326660e-01
-8.526165485382080078e-01
-6.535685062408447266e-01
8.985149264335632324e-01
9.932889938354492188e-01
-7.652446031570434570e-01
9.773583412170410156e-01
7.524980902671813965e-01
-2.732756733894348145e-01
-4.482874572277069092e-01
-2.410183474421501160e-02
-2.010203152894973755e-01
9.567093253135681152e-01
8.959347009658813477e-01
6.724513173103332520e-01
7.772778868675231934e-01
-8.821119070053100586e-01
8.381346464157104492e-01
9.239837527275085449e-01
7.550056576728820801e-01
5.693119764328002930e-01
-3.979609906673431396e-01
-4.464852809906005859e-01
9.372524619102478027e-01
3.789581954479217529e-01
-6.985280513763427734e-01
8.967580795288085938e-01
-9.130095243453979492e-01
9.397853016853332520e-01
8.104205131530761719e-01
3.548873364925384521e-01
-2.902472019195556641e-01
9.238320589065551758e-01
6.684899926185607910e-01
8.633020520210266113e-01
6.764414906501770020e-01
-9.890615940093994141e-01
5.837692618370056152e-01
8.111126422882080078e-01
-8.955566585063934326e-02
-9.657412171363830566e-01
-8.504353761672973633e-01
2.012241333723068237e-01
1.290685534477233887e-01
-5.430831313133239746e-01
9.843682646751403809e-01
9.951550364494323730e-01
4.796664714813232422e-01
4.746453166007995605e-01
8.601588010787963867e-01
9.365918040275573730e-01
9.287379980087280273e-01
8.163881897926330566e-01
-8.414980769157409668e-01
9.759626388549804688e-01
-2.152320742607116699e-01
3.494376242160797119e-01
-1.812435388565063477e-01
-1.067443415522575378e-01
4.050590395927429199e-01
8.469197750091552734e-01
4.871380329132080078e-01
7.531630396842956543e-01
-1.388594359159469604e-01
-3.514215350151062012e-01
-5.159825086593627930e-01
5.989693999290466309e-01
9.818437695503234863e-01
2.865352332592010498e-01
-8.345748782157897949e-01
5.562183260917663574e-01
2.795417904853820801e-01
9.354882836341857910e-01
8.740116953849792480e-01
-1.450897306203842163e-01
-6.178212165832519531e-01
-4.753613378852605820e-03
7.047062516212463379e-01
1.290239542722702026e-01
-1.170584708452224731e-01
9.254944324493408203e-01
4.095948636531829834e-01
-8.949951529502868652e-01
6.273615956306457520e-01
9.182721376419067383e-01
7.633813470602035522e-02
9.076067805290222168e-01
-2.587516009807586670e-01
-5.126980543136596680e-01
6.934183835983276367e-01
9.954369664192199707e-01
2.629603631794452667e-02
5.783356428146362305e-01
7.001093626022338867e-01
9.180373549461364746e-01
-6.954308152198791504e-01
4.708004593849182129e-01
9.878871440887451172e-01
2.585924565792083740e-01
-9.397240877151489258e-01
7.819240093231201172e-01
8.418530225753784180e-01
1.568767428398132324e-01
-8.531816601753234863e-01
-4.599855840206146240e-01
9.611642360687255859e-01
9.849231243133544922e-01
2.519934475421905518e-01
3.346287906169891357e-01
9.191870689392089844e-01
-7.276422381401062012e-01
-3.436732590198516846e-01
8.327594995498657227e-01
9.627125263214111328e-01
-4.788679182529449463e-01
-5.571221113204956055e-01
8.327501416206359863e-01
4.741142988204956055e-01
-2.041310817003250122e-01
-6.535149216651916504e-01
3.033982813358306885e-01
9.534764885902404785e-01
9.096809625625610352e-01
8.322524428367614746e-01
-7.723615765571594238e-01
8.206297159194946289e-01
9.330338835716247559e-01
8.914927244186401367e-01
-7.158680558204650879e-01
9.610267877578735352e-01
3.491887748241424561e-01
-2.194483876228332520e-01
1.068823412060737610e-01
-3.993062674999237061e-02
9.728581309318542480e-01
-3.523072302341461182e-01
9.717566370964050293e-01
-9.764275550842285156e-01
9.668286889791488647e-02
8.824835419654846191e-01
-7.653033733367919922e-01
9.472917914390563965e-01
9.153973460197448730e-01
3.819641768932342529e-01
8.246827721595764160e-01
-6.732054948806762695e-01
-1.297297328710556030e-01
9.628808498382568359e-01
3.975788652896881104e-01
-1.261940449476242065e-01
-1.897803097963333130e-01
1.215716078877449036e-01
-7.443135976791381836e-01
9.923847317695617676e-01
9.949856996536254883e-01
9.374263286590576172e-01
1.314627975225448608e-01
6.597458124160766602e-01
1.936820596456527710e-01
8.057804107666015625e-01
4.578782618045806885e-01
7.477848529815673828e-01
-9.885548949241638184e-01
-9.860817193984985352e-01
6.218834519386291504e-01
-5.597332119941711426e-01
9.466725587844848633e-01
9.635861515998840332e-01
-9.830281734466552734e-01
1.061554625630378723e-02
3.750566542148590088e-01
8.184692263603210449e-01
-2.232097089290618896e-01
5.912735462188720703e-01
9.230787158012390137e-01
3.444496095180511475e-01
7.489118576049804688e-01
7.612463086843490601e-02
7.348071932792663574e-01
3.202193379402160645e-01
-4.356593489646911621e-01
9.396963715553283691e-01
8.565567135810852051e-01
-6.489954590797424316e-01
2.528004646301269531e-01
9.860094785690307617e-01
5.597012490034103394e-02
-1.973318010568618774e-01
-8.442165851593017578e-01
-6.492781043052673340e-01
9.298122525215148926e-01
6.280190348625183105e-01
9.917986989021301270e-01
1.357138250023126602e-02
-5.237527489662170410e-01
-4.179611802101135254e-01
8.686096668243408203e-01
9.342874288558959961e-01
9.849790930747985840e-01
-1.648962646722793579e-01
-7.343386411666870117e-01
9.102327823638916016e-01
8.136542439460754395e-01
1.028040647506713867e-01
6.127815842628479004e-01
-8.579404354095458984e-01
8.820002079010009766e-01
9.880084395408630371e-01
-4.226194620132446289e-01
-5.426291823387145996e-01
8.851827383041381836e-01
9.831441044807434082e-01
-4.085125327110290527e-01
2.723788917064666748e-01
4.414555728435516357e-01
2.590013444423675537e-01
9.121974110603332520e-01
-2.932395040988922119e-01
-8.466249108314514160e-01
8.396029472351074219e-02
9.327762722969055176e-01
9.929053187370300293e-01
5.111765861511230469e-01
5.638049840927124023e-01
-8.979108929634094238e-01
7.599551081657409668e-01
-4.475872814655303955e-01
9.478666782379150391e-01
1.324519217014312744e-01
8.038014173507690430e-01
3.370288014411926270e-01
4.834375381469726562e-01
-8.607042431831359863e-01
7.728466391563415527e-01
3.876699805259704590e-01
-9.352244734764099121e-01
1.468922197818756104e-01
8.688493371009826660e-01
9.552294611930847168e-01
-6.970406174659729004e-01
9.239075183868408203e-01
9.282944798469543457e-01
-7.270509600639343262e-01
-9.967877864837646484e-01
9.925641417503356934e-01
9.699064493179321289e-01
7.766836881637573242e-01
9.862706065177917480e-01
-7.991383671760559082e-01
-5.977971553802490234e-01
6.351479887962341309e-01
4.622654616832733154e-01
7.903251051902770996e-01
7.713662385940551758e-01
8.016820996999740601e-02
-8.813666105270385742e-01
8.016498088836669922e-01
9.546511769294738770e-01
9.983856081962585449e-01
8.738315701484680176e-01
-9.650187492370605469e-01
9.194026589393615723e-01
-5.433331727981567383e-01
4.126757085323333740e-01
-6.657804846763610840e-01
7.305504381656646729e-02
9.751710891723632812e-01
-3.491105139255523682e-02
-7.966784238815307617e-01
9.397929310798645020e-01
-8.522480130195617676e-01
-1.529684662818908691e-01
6.449965238571166992e-01
9.098954200744628906e-01
1.750886440277099609e-01
2.464992702007293701e-01
9.636675119400024414e-01
9.947969317436218262e-01
-9.653219580650329590e-01
9.601575136184692383e-01
9.186437726020812988e-01
4.765456318855285645e-01
-4.253111779689788818e-01
6.200479865074157715e-01
-8.903864026069641113e-02
9.545951485633850098e-01
7.732665538787841797e-01
4.283077642321586609e-02
9.209543466567993164e-01
8.039987087249755859e-01
-3.041581511497497559e-01
8.933952450752258301e-01
-9.805768132209777832e-01
-8.850210905075073242e-02
5.007652565836906433e-02
-7.922507524490356445e-01
-9.613838791847229004e-01
9.311124086380004883e-01
9.912780523300170898e-01
7.544745802879333496e-01
2.096836119890213013e-01
-1.529096066951751709e-02
-7.495299726724624634e-02
9.891179800033569336e-01
-1.969783008098602295e-01
9.986572861671447754e-01
9.902815818786621094e-01
7.268895506858825684e-01
-3.513310253620147705e-01
-4.762033224105834961e-01
9.296292662620544434e-01
5.031948089599609375e-01
-9.459511376917362213e-03
-6.829544901847839355e-01
8.901158571243286133e-01
-7.856619358062744141e-01
9.685363769531250000e-01
8.530120253562927246e-01
5.702340602874755859e-01
7.135276794433593750e-01
-2.794481813907623291e-01
-9.087393879890441895e-01
-4.938568770885467529e-01
4.161488115787506104e-01
9.993548989295959473e-01
8.688340783119201660e-01
7.613596916198730469e-01
-7.529689669609069824e-01
7.781614065170288086e-01
5.610079765319824219e-01
2.637583613395690918e-01
1.533650327473878860e-02
1.051689535379409790e-01
9.811554551124572754e-01
-3.996200859546661377e-01
9.429723024368286133e-01
8.087882995605468750e-01
1.188103184103965759e-01
-7.805536389350891113e-01
2.852710187435150146e-01
3.692090511322021484e-01
5.909668207168579102e-01
1.911338269710540771e-01
4.165035784244537354e-01
-8.507581949234008789e-01
7.410526275634765625e-01
-9.671044945716857910e-01
9.972961544990539551e-01
-3.397486805915832520e-01
5.007266402244567871e-01
9.820874333381652832e-01
8.158150911331176758e-01
9.613733887672424316e-01
9.473131895065307617e-01
-2.418947219848632812e-01
-7.511719465255737305e-01
2.354524135589599609e-01
9.823806285858154297e-01
6.739375591278076172e-01
3.850043714046478271e-01
5.746555328369140625e-01
-9.839301109313964844e-01
8.571183085441589355e-01
-1.434855312108993530e-01
8.484723567962646484e-01
-9.705184698104858398e-01
4.686502814292907715e-01
-4.696079194545745850e-01
8.115144968032836914e-01
3.256553113460540771e-01
1.773026287555694580e-01
3.217653632164001465e-01
-2.798120677471160889e-01
3.932149410247802734e-01
8.754606842994689941e-01
9.335030317306518555e-01
7.952663302421569824e-01
7.086555361747741699e-01
9.678918719291687012e-01
-4.956904649734497070e-01
-7.698941826820373535e-01
-5.066307783126831055e-01
9.931303858757019043e-01
8.092532157897949219e-01
8.443771600723266602e-01
2.978775501251220703e-01
-3.868107795715332031e-01
-8.784348368644714355e-01
-9.860655665397644043e-01
-6.026230454444885254e-01
8.577191829681396484e-01
9.905694127082824707e-01
9.760341644287109375e-01
-1.733410209417343140e-01
8.729778528213500977e-01
4.491773545742034912e-01
5.262413024902343750e-01
9.623588323593139648e-01
2.046118527650833130e-01
-3.872025609016418457e-01
9.087005853652954102e-01
2.574701905250549316e-01
4.811954796314239502e-01
-4.997984468936920166e-01
8.388051986694335938e-01
1.893188506364822388e-01
6.689922809600830078e-01
-5.807467103004455566e-01
8.856591582298278809e-02
-5.767325162887573242e-01
6.754592657089233398e-01
9.992758035659790039e-01
-5.186251997947692871e-01
5.515969395637512207e-01
9.486046433448791504e-01
-6.904533505439758301e-01
7.488245964050292969e-01
-2.429200708866119385e-01
9.923201203346252441e-01
-8.685768246650695801e-01
6.992525458335876465e-01
8.488032817840576172e-01
9.015217423439025879e-01
5.465648174285888672e-01
9.256756305694580078e-01
1.728836260735988617e-02
-1.843532025814056396e-01
-4.515309333801269531e-01
5.462508201599121094e-01
8.306950330734252930e-02
7.484444975852966309e-02
6.412057280540466309e-01
-2.339502125978469849e-01
1.929009407758712769e-01
4.436055421829223633e-01
3.764035403728485107e-01
6.743158698081970215e-01
5.668380111455917358e-02
-6.925600171089172363e-01
-2.327424883842468262e-01
9.988316893577575684e-01
9.344105720520019531e-01
3.440999388694763184e-01
-7.655900120735168457e-01
8.409916162490844727e-01
5.591863393783569336e-01
-5.263034105300903320e-01
9.392367005348205566e-01
9.882128238677978516e-01
2.153499573469161987e-01
-6.895689964294433594e-01
9.306921958923339844e-01
4.235008060932159424e-01
-8.449504971504211426e-01
-8.455839157104492188e-01
8.590295314788818359e-01
9.931029081344604492e-01
4.753962159156799316e-01
9.890042543411254883e-01
-1.416756957769393921e-01
2.070846259593963623e-01
-3.080475926399230957e-01
8.856603503227233887e-01
3.530505299568176270e-01
9.689939618110656738e-01
3.989322781562805176e-01
-5.027123689651489258e-01
-9.078490138053894043e-01
-1.847112774848937988e-01
9.885384440422058105e-01
8.958730101585388184e-01
3.733569979667663574e-01
-7.365025281906127930e-01
-2.623789608478546143e-01
9.115371108055114746e-01
9.998509883880615234e-01
9.654303789138793945e-01
-1.266958713531494141e-01
9.457711577415466309e-01
1.897307038307189941e-01
-4.388823211193084717e-01
-2.299176752567291260e-01
4.432184696197509766e-01
-9.680792689323425293e-01
9.863373637199401855e-01
9.972335100173950195e-01
9.653564095497131348e-01
1.343580037355422974e-01
-9.887223839759826660e-01
-7.958116531372070312e-01
9.641374349594116211e-01
9.146083593368530273e-01
9.382094144821166992e-01
9.165917038917541504e-01
-2.196416109800338745e-01
-2.422579526901245117e-01
7.364531159400939941e-01
6.739223599433898926e-01
7.722249031066894531e-01
9.501143544912338257e-02
-3.189741969108581543e-01
-5.284416675567626953e-01
-8.970339298248291016e-01
7.878920435905456543e-01
9.654133319854736328e-01
-3.941164314746856689e-01
5.443385839462280273e-01
-2.046975791454315186e-01
8.153954148292541504e-01
-1.828301548957824707e-01
8.612080812454223633e-01
9.796411991119384766e-01
9.511131644248962402e-01
-7.796528339385986328e-01
5.757349729537963867e-01
2.517472207546234131e-01
-3.897218406200408936e-01
9.364836812019348145e-01
-1.183952093124389648e-01
-4.142882525920867920e-01
7.691116333007812500e-01
-7.959272265434265137e-01
9.409271478652954102e-01
5.617035031318664551e-01
5.972677096724510193e-02
5.784319043159484863e-01
9.698975682258605957e-01
5.524622797966003418e-01
-8.800346255302429199e-01
4.032235741615295410e-01
9.788931012153625488e-01
-6.651260852813720703e-01
6.938714385032653809e-01
7.153108716011047363e-01
-2.819679677486419678e-03
-4.635629355907440186e-01
4.836857616901397705e-01
8.439421057701110840e-01
-7.961314320564270020e-01
5.135833024978637695e-01
9.487779140472412109e-01
-4.760502576828002930e-01
-5.125889778137207031e-01
9.839429259300231934e-01
9.683037996292114258e-01
-1.436551511287689209e-01
-2.415854483842849731e-02
7.375322580337524414e-01
8.816164135932922363e-01
1.372793503105640411e-02
9.750468134880065918e-01
-1.311897039413452148e-01
-4.100897014141082764e-01
9.909598231315612793e-01
3.392448723316192627e-01
8.315739631652832031e-01
-4.252918362617492676e-01
5.888283252716064453e-01
-9.767590761184692383e-01
1.369166672229766846e-01
9.900581836700439453e-01
7.134568095207214355e-01
-6.359628438949584961e-01
1.196628138422966003e-01
-9.210371375083923340e-01
6.258044838905334473e-01
2.214504629373550415e-01
9.304375052452087402e-01
8.498060703277587891e-01
3.646354377269744873e-01
-4.789248108863830566e-01
8.807856440544128418e-01
9.079587459564208984e-01
1.942931264638900757e-01
7.751199007034301758e-01
7.286249399185180664e-01
-4.686512947082519531e-01
-6.976807862520217896e-02
-3.824793100357055664e-01
9.961981773376464844e-01
9.626979827880859375e-01
-7.304298877716064453e-01
-6.287057399749755859e-01
-1.129411980509757996e-01
4.248397648334503174e-01
9.319913983345031738e-01
5.834616422653198242e-01
6.280956268310546875e-01
3.346808254718780518e-01
9.420793056488037109e-01
7.399148941040039062e-01
8.425900936126708984e-01
-8.032760024070739746e-01
-9.280962944030761719e-01
-8.593487143516540527e-01
9.957996606826782227e-01
9.397509098052978516e-01
8.045788407325744629e-01
-2.771172821521759033e-01
-3.724568188190460205e-01
7.433148026466369629e-01
-9.900364279747009277e-01
8.347444534301757812e-01
9.419814348220825195e-01
4.703063666820526123e-01
2.534574270248413086e-01
3.583185374736785889e-01
2.741447985172271729e-01
-2.079388946294784546e-01
9.171814322471618652e-01
9.916135072708129883e-01
9.776782393455505371e-01
-8.824908733367919922e-01
8.723178505897521973e-01
-6.929976344108581543e-01
-6.354584097862243652e-01
9.551313519477844238e-01
6.201499700546264648e-01
-1.960154175758361816e-01
2.350246161222457886e-02
9.921495318412780762e-01
-9.099225401878356934e-01
9.886630177497863770e-01
-1.460332572460174561e-01
5.578566193580627441e-01
2.910123169422149658e-01
9.519571065902709961e-01
4.537309408187866211e-01
5.206106901168823242e-01
6.673592925071716309e-01
-8.936724662780761719e-01
-7.517272233963012695e-01
9.993762373924255371e-01
5.301926136016845703e-01
9.442677497863769531e-01
-6.145070791244506836e-01
9.827861189842224121e-01
9.707641601562500000e-01
-9.978474974632263184e-01
9.954617023468017578e-01
8.488934636116027832e-01
-7.966117858886718750e-01
6.275758147239685059e-01
-7.278693914413452148e-01
7.813330888748168945e-01
3.842030167579650879e-01
9.476379752159118652e-01
-1.175618022680282593e-01
-7.621589303016662598e-01
-7.403806447982788086e-01
8.931403756141662598e-01
9.976577162742614746e-01
5.622681975364685059e-01
-6.702124476432800293e-01
9.837417602539062500e-01
6.091331839561462402e-01
4.636150300502777100e-01
8.588600158691406250e-01
-1.236434802412986755e-01
-7.642486095428466797e-01
3.821549564599990845e-02
5.829587578773498535e-01
9.953994750976562500e-01
9.044540524482727051e-01
-7.221897840499877930e-01
-5.508852005004882812e-01
9.513961076736450195e-01
9.845538735389709473e-01
9.826871156692504883e-01
1.843136399984359741e-01
5.793985724449157715e-01
-6.652511358261108398e-01
-4.039178192615509033e-01
7.687022686004638672e-01
-2.464545369148254395e-01
9.042491912841796875e-01
8.241947889328002930e-01
5.245633721351623535e-01
-8.822645545005798340e-01
7.549439072608947754e-01
-7.872116565704345703e-01
-6.009730696678161621e-02
-2.222851291298866272e-02
9.034200310707092285e-01
9.430453181266784668e-01
-8.675040006637573242e-01
1.019755154848098755e-01
9.915045499801635742e-01
-6.792816519737243652e-01
-3.403327465057373047e-01
9.562911391258239746e-01
6.258618235588073730e-01
9.157787561416625977e-01
9.118945598602294922e-01
-7.008619308471679688e-01
9.351503849029541016e-01
-4.892934560775756836e-01
9.889509677886962891e-01
-5.059695839881896973e-01
9.889824390411376953e-01
-1.029353961348533630e-01
2.001056373119354248e-01
8.475524783134460449e-01
9.853561520576477051e-01
9.713176488876342773e-01
-6.810392141342163086e-01
2.325363606214523315e-01
1.045661419630050659e-01
9.242243766784667969e-01
7.065727114677429199e-01
8.891404271125793457e-01
2.915793955326080322e-01
-9.795880317687988281e-01
5.232284218072891235e-02
6.196566224098205566e-01
-7.374399900436401367e-01
5.463450402021408081e-02
-6.571015119552612305e-01
5.595490932464599609e-01
9.063899517059326172e-01
-9.650220870971679688e-01
-5.945328474044799805e-01
9.133191704750061035e-01
9.856477379798889160e-01
7.658773064613342285e-01
9.735382199287414551e-01
8.904328942298889160e-01
-2.800605595111846924e-01
-8.666290640830993652e-01
4.814345240592956543e-01
9.911686778068542480e-01
-1.836109757423400879e-01
4.376477003097534180e-01
4.444924294948577881e-01
9.969942569732666016e-01
-2.983677685260772705e-01
-3.357185721397399902e-01
8.451131582260131836e-01
-4.729593396186828613e-01
9.558913707733154297e-01
-4.819673299789428711e-02
9.618727564811706543e-01
2.006260305643081665e-01
6.754887700080871582e-01
-7.829849720001220703e-01
9.331210702657699585e-02
-1.974242776632308960e-01
9.898605346679687500e-01
-1.007578596472740173e-01
9.809824228286743164e-01
2.439118623733520508e-01
-7.471292018890380859e-01
9.396387338638305664e-01
8.945366740226745605e-01
-4.071903601288795471e-02
2.284904867410659790e-01
2.390012890100479126e-02
9.693533182144165039e-01
-9.173780679702758789e-02
-1.571808755397796631e-01
8.815564513206481934e-01
7.277163267135620117e-01
4.801055788993835449e-01
-4.491321742534637451e-01
9.895970225334167480e-01
5.343081355094909668e-01
-8.061918616294860840e-01
-1.631280183792114258e-01
1.284831017255783081e-01
3.197573721408843994e-01
9.694491624832153320e-01
7.891671657562255859e-01
2.346107661724090576e-01
-7.065058946609497070e-01
-7.115042805671691895e-01
9.434803128242492676e-01
8.861907124519348145e-01
-4.376288950443267822e-01
5.592618584632873535e-01
9.717431664466857910e-01
-7.363746315240859985e-02
1.778244525194168091e-01
-6.657733917236328125e-01
-6.142501235008239746e-01
9.976562261581420898e-01
2.386861592531204224e-01
9.303156733512878418e-01
8.028130531311035156e-01
2.191504687070846558e-01
-6.507228016853332520e-01
9.899315237998962402e-01
9.262189269065856934e-01
9.871915578842163086e-01
9.496099352836608887e-01
1.115051731467247009e-01
7.256894707679748535e-01
2.201902419328689575e-01
-9.766520857810974121e-01
-7.210789918899536133e-01
2.104080766439437866e-01
1.286779493093490601e-01
6.522629261016845703e-01
-5.143136382102966309e-01
8.794945478439331055e-01
2.768423557281494141e-01
-4.142315089702606201e-01
-3.044159151613712311e-02
8.315750956535339355e-01
8.523753881454467773e-01
9.404410123825073242e-01
1.129169240593910217e-01
-8.339224457740783691e-01
-8.168634176254272461e-01
7.331891059875488281e-01
8.420779705047607422e-01
9.406213164329528809e-01
6.826380491256713867e-01
9.523331522941589355e-01
-9.564175009727478027e-01
1.533131301403045654e-01
9.824324250221252441e-01
5.812683105468750000e-01
8.516544699668884277e-01
5.907007455825805664e-01
-1.699040532112121582e-01
-9.496201872825622559e-01
9.695303440093994141e-01
-1.169686540961265564e-01
1.812225729227066040e-01
5.501568913459777832e-01
-8.357068896293640137e-01
-6.899107098579406738e-01
5.457773208618164062e-01
9.594463109970092773e-01
-7.003260254859924316e-01
8.600781559944152832e-01
8.885712623596191406e-01
9.923987984657287598e-01
4.616028666496276855e-01
-8.666635155677795410e-01
9.679706096649169922e-01
9.410938248038291931e-03
5.420737266540527344e-01
9.603346586227416992e-01
-5.829384326934814453e-01
7.656967043876647949e-01
-9.331363439559936523e-01
8.260713815689086914e-01
5.602073073387145996e-01
7.700462937355041504e-01
7.936085462570190430e-01
1.373805403709411621e-01
-4.428929090499877930e-01
9.835802912712097168e-01
-2.458884567022323608e-01
1.000642627477645874e-01
-1.579152494668960571e-01
9.773866534233093262e-01
2.574920058250427246e-01
8.381952345371246338e-02
-7.115259021520614624e-02
-3.466081246733665466e-02
-6.472707986831665039e-01
1.004043817520141602e-01
9.970069527626037598e-01
9.529920220375061035e-01
3.604064583778381348e-01
6.717957854270935059e-01
2.027192711830139160e-01
-8.014323115348815918e-01
-2.533139884471893311e-01
7.684605717658996582e-01
9.921392798423767090e-01
9.440965652465820312e-01
-3.104637861251831055e-01
-9.641789197921752930e-01
8.909451961517333984e-01
9.925635457038879395e-01
-2.479704320430755615e-01
-4.681043624877929688e-01
9.649958014488220215e-01
9.769224524497985840e-01
-6.804586201906204224e-02
9.846584796905517578e-01
5.847817659378051758e-02
-9.662424325942993164e-01
3.451056182384490967e-01
9.930117726325988770e-01
1.733131110668182373e-01
-9.629892557859420776e-02
-8.283752202987670898e-01
9.318704605102539062e-01
7.848166227340698242e-01
9.517336487770080566e-01
7.893694043159484863e-01
-3.059953451156616211e-01
-4.289318248629570007e-02
9.523634910583496094e-01
-8.960791826248168945e-01
3.729339241981506348e-01
1.840772777795791626e-01
8.015856146812438965e-02
1.942682713270187378e-01
3.619251549243927002e-01
8.672431111335754395e-01
5.201610922813415527e-01
9.414646625518798828e-01
-8.799156546592712402e-01
7.198414802551269531e-01
8.549726009368896484e-01
-7.530195713043212891e-01
4.252265989780426025e-01
9.086951613426208496e-01
-3.668418526649475098e-01
6.944414377212524414e-01
2.076402455568313599e-01
-1.273544877767562866e-01
8.694917708635330200e-02
1.067295223474502563e-01
-4.711983352899551392e-02
-8.875097036361694336e-01
4.336607754230499268e-01
2.210916429758071899e-01
9.445129036903381348e-01
8.793469667434692383e-01
6.981835365295410156e-01
8.803657889366149902e-01
5.772527456283569336e-01
-8.443390130996704102e-01
4.941838681697845459e-01
6.569643616676330566e-01
5.066967010498046875e-01
-3.810960650444030762e-01
-9.532012343406677246e-01
9.334361553192138672e-01
9.971893429756164551e-01
3.864747881889343262e-01
-6.039555668830871582e-01
8.755500316619873047e-01
7.654216885566711426e-01
9.530553817749023438e-01
-4.700986742973327637e-01
2.953309714794158936e-01
-9.241723418235778809e-01
8.137892484664916992e-01
9.221022129058837891e-01
-9.315259456634521484e-01
8.406012654304504395e-01
-6.940439939498901367e-01
8.739348649978637695e-01
-8.893284797668457031e-01
8.460408449172973633e-01
9.953531622886657715e-01
1.427308320999145508e-01
4.530431032180786133e-01
9.521468281745910645e-01
7.422484159469604492e-01
7.531367540359497070e-01
-1.291387677192687988e-01
-9.161508679389953613e-01
-2.978438138961791992e-01
8.363187313079833984e-01
7.929823994636535645e-01
9.454734921455383301e-01
-5.710646510124206543e-01
7.140246629714965820e-01
-9.560663104057312012e-01
9.957181811332702637e-01
-1.434996537864208221e-02
2.784896828234195709e-02
9.353886246681213379e-01
8.515744805335998535e-01
-6.478670835494995117e-01
9.561665058135986328e-01
3.088499009609222412e-01
-2.008349895477294922e-01
7.500013709068298340e-01
1.850102096796035767e-01
-8.050470352172851562e-01
8.159948587417602539e-01
-8.967413306236267090e-01
5.452051758766174316e-01
-8.385819382965564728e-03
8.406323790550231934e-01
4.206819459795951843e-02
8.064626455307006836e-01
-2.918895184993743896e-01
7.235068082809448242e-01
7.702865004539489746e-01
3.455190360546112061e-01
6.696308255195617676e-01
-3.602749705314636230e-01
6.277761459350585938e-01
7.195577025413513184e-01
1.407034397125244141e-01
-6.212083697319030762e-01
8.759235143661499023e-01
9.459197521209716797e-01
1.348976641893386841e-01
8.144529461860656738e-01
7.078695297241210938e-01
-9.847896695137023926e-01
-6.862645745277404785e-01
3.504379093647003174e-01
7.328379154205322266e-01
7.863087058067321777e-01
9.474473595619201660e-01
5.728357434272766113e-01
-9.616327881813049316e-01
-9.922689199447631836e-01
-1.492549777030944824e-01
7.483437061309814453e-01
8.290829062461853027e-01
-4.332877695560455322e-01
9.980397820472717285e-01
7.993198633193969727e-01
4.426239430904388428e-01
-3.164667487144470215e-01
6.231440901756286621e-01
4.300298988819122314e-01
-5.434710979461669922e-01
7.539408802986145020e-01
-4.460990130901336670e-01
8.445157408714294434e-01
9.142037630081176758e-01
-7.890098690986633301e-01
6.593550443649291992e-01
7.687402963638305664e-01
8.477785587310791016e-01
9.608221650123596191e-01
-4.327598214149475098e-01
7.645891904830932617e-01
-6.543307304382324219e-01
7.272250652313232422e-01
8.724758625030517578e-01
4.454470872879028320e-01
-9.159498214721679688e-01
-1.740554571151733398e-01
-3.461260795593261719e-01
-6.410011649131774902e-02
8.277696967124938965e-01
6.800702810287475586e-01
-9.928017258644104004e-01
9.549466967582702637e-01
-8.689594864845275879e-01
9.699977636337280273e-01
9.287266731262207031e-01
8.753816485404968262e-01
4.671506881713867188e-01
-3.802919089794158936e-01
9.907276034355163574e-01
9.790647625923156738e-01
-5.301945656538009644e-02
-2.013154923915863037e-01
-7.216730713844299316e-02
-7.547504901885986328e-01
9.976195096969604492e-01
8.866036534309387207e-01
6.039603054523468018e-02
5.793227553367614746e-01
3.893084824085235596e-01
2.543507218360900879e-01
-5.830137729644775391e-01
2.698813378810882568e-01
6.337939500808715820e-01
-9.126570224761962891e-01
9.263755679130554199e-01
7.883082032203674316e-01
2.940942645072937012e-01
4.276925921440124512e-01
1.752331554889678955e-01
8.126798868179321289e-01
-1.187982261180877686e-01
2.762917876243591309e-01
2.663489580154418945e-01
1.720385253429412842e-01
9.553700089454650879e-01
9.025552868843078613e-01
-7.258364558219909668e-01
-3.505053222179412842e-01
8.459427356719970703e-01
9.532393813133239746e-01
2.448610067367553711e-01
-5.801753327250480652e-02
5.642969608306884766e-01
-1.424824893474578857e-01
-9.083730578422546387e-01
5.387622117996215820e-01
4.833830893039703369e-01
6.774773001670837402e-01
-7.140595316886901855e-01
-7.522079944610595703e-01
-7.055274844169616699e-01
9.842018485069274902e-01
1.557745635509490967e-01
9.967347979545593262e-01
9.463561773300170898e-01
9.911072850227355957e-01
-6.142002530395984650e-03
9.908599257469177246e-01
9.320762157440185547e-01
6.958685517311096191e-01
-2.941726148128509521e-01
4.391995370388031006e-01
-8.293530344963073730e-01
2.158544957637786865e-01
9.563552141189575195e-01
6.902294158935546875e-01
-9.054176211357116699e-01
9.796452522277832031e-01
-8.522813916206359863e-01
9.666826128959655762e-01
-1.740150004625320435e-01
9.137491583824157715e-01
5.358948707580566406e-01
-8.870261907577514648e-01
9.031155109405517578e-01
-8.900661468505859375e-01
9.949471950531005859e-01
9.008559584617614746e-01
-3.781697154045104980e-01
9.586915969848632812e-01
2.804366648197174072e-01
9.280835390090942383e-01
-5.196230411529541016e-01
-2.126801609992980957e-01
-3.196577131748199463e-01
8.758793473243713379e-01
9.341720938682556152e-01
9.794127941131591797e-01
-9.065654873847961426e-01
9.458062052726745605e-01
7.542041689157485962e-02
-2.098149210214614868e-01
8.581642508506774902e-01
8.905510306358337402e-01
-9.727323055267333984e-01
-2.079370617866516113e-01
8.309181928634643555e-01
6.754347681999206543e-01
-7.554696202278137207e-01
9.714109301567077637e-01
-5.804113149642944336e-01
-7.120279073715209961e-01
9.956875443458557129e-01
5.879690647125244141e-01
8.405185937881469727e-01
5.440524816513061523e-01
2.610275447368621826e-01
-3.353988826274871826e-01
9.221606850624084473e-01
7.107489109039306641e-01
8.952810764312744141e-01
8.888590931892395020e-01
-1.179958432912826538e-01
8.826048970222473145e-01
-9.376514554023742676e-01
3.906252384185791016e-01
-9.720997214317321777e-01
-8.455440998077392578e-01
9.851846098899841309e-01
9.812318682670593262e-01
-3.038577735424041748e-01
-6.321560144424438477e-01
5.692382454872131348e-01
-4.386307299137115479e-01
8.710392713546752930e-01
9.830859303474426270e-01
9.473232030868530273e-01
6.352965235710144043e-01
9.950192570686340332e-01
7.263157367706298828e-01
1.485543549060821533e-01
3.184291720390319824e-01
-9.258376955986022949e-01
-5.411727428436279297e-01
8.777903914451599121e-01
7.806080579757690430e-01
5.928856134414672852e-01
7.542525529861450195e-01
-7.553272843360900879e-01
-7.084751725196838379e-01
-3.701236546039581299e-01
8.864685297012329102e-01
3.756610155105590820e-01
9.805713891983032227e-01
7.965667247772216797e-01
-4.857907295227050781e-01
-8.015959858894348145e-01
6.373233199119567871e-01
9.907457828521728516e-01
-8.144140243530273438e-01
9.631345868110656738e-01
9.971535801887512207e-01
9.554107189178466797e-01
8.385710418224334717e-02
-3.503973484039306641e-01
3.848918676376342773e-01
1.828138902783393860e-02
-2.624061107635498047e-01
9.730132222175598145e-01
-6.155324578285217285e-01
9.956530332565307617e-01
8.709725141525268555e-01
2.257267832756042480e-01
2.674676775932312012e-01
-8.650251626968383789e-01
9.481647014617919922e-01
9.549385309219360352e-01
-9.297441244125366211e-01
-1.641135066747665405e-01
1.889164745807647705e-01
7.528194785118103027e-01
9.769383668899536133e-01
8.786343932151794434e-01
2.482244670391082764e-01
6.863802075386047363e-01
3.625827431678771973e-01
6.970292925834655762e-01
-5.804639458656311035e-01
-8.048396110534667969e-01
6.711195707321166992e-01
1.299590319395065308e-01
5.508630275726318359e-01
1.494118273258209229e-01
5.632911920547485352e-01
-2.003447413444519043e-01
-3.580713272094726562e-01
-9.859232306480407715e-01
1.118970662355422974e-01
9.073126912117004395e-01
9.636088609695434570e-01
9.239746332168579102e-01
-6.808485388755798340e-01
5.926555395126342773e-01
7.607939243316650391e-01
-9.492200016975402832e-01
9.845771193504333496e-01
8.478577733039855957e-01
9.689223170280456543e-01
4.095253646373748779e-01
1.284027248620986938e-01
7.120981216430664062e-01
-8.353202342987060547e-01
9.041362404823303223e-01
1.728178858757019043e-01
4.033305216580629349e-03
-8.503492921590805054e-02
4.379226863384246826e-01
-2.487159669399261475e-01
1.999395787715911865e-01
9.707742333412170410e-01
9.274338483810424805e-01
9.829885959625244141e-01
-9.641870856285095215e-01
5.501337647438049316e-01
9.357836246490478516e-01
-5.037480592727661133e-01
-2.785327732563018799e-01
6.798127293586730957e-01
-3.811227977275848389e-01
9.500073790550231934e-01
-8.154230713844299316e-01
8.417597413063049316e-01
-2.125231623649597168e-01
4.352390170097351074e-01
-4.190046489238739014e-01
9.600179195404052734e-01
9.715076684951782227e-01
9.701800346374511719e-01
5.938501358032226562e-01
6.064116358757019043e-01
7.204328179359436035e-01
-1.648812592029571533e-01
-3.929264843463897705e-01
-8.893048763275146484e-01
-3.198333680629730225e-01
7.478891611099243164e-01
9.101957082748413086e-01
-6.669242382049560547e-01
7.029514312744140625e-01
-5.073676109313964844e-01
7.558290958404541016e-01
5.451795458793640137e-01
8.761132359504699707e-01
-9.882978200912475586e-01
4.314190447330474854e-01
9.781667590141296387e-01
8.978117108345031738e-01
4.767841994762420654e-01
4.272295907139778137e-02
5.996569395065307617e-01
6.731711030006408691e-01
4.501986503601074219e-01
8.856763243675231934e-01
1.450979262590408325e-01
-7.278708368539810181e-02
-7.475895285606384277e-01
9.531071186065673828e-01
-6.568535566329956055e-01
-4.582260549068450928e-02
6.867901682853698730e-01
6.470456719398498535e-01
-7.030059695243835449e-01
-1.916203796863555908e-01
-6.106753647327423096e-02
8.385789394378662109e-01
-7.070614099502563477e-01
9.992291927337646484e-01
9.964502453804016113e-01
5.950736403465270996e-01
2.689814269542694092e-01
9.938445091247558594e-01
7.733659744262695312e-01
4.272205531597137451e-01
8.239587545394897461e-01
-7.002998590469360352e-01
3.746435344219207764e-01
1.722450107336044312e-01
-8.131932020187377930e-01
-4.104974269866943359e-01
6.234179139137268066e-01
3.326426446437835693e-01
-1.529978066682815552e-01
2.127879559993743896e-01
9.317745566368103027e-01
4.706452190876007080e-01
6.645739674568176270e-01
9.847651124000549316e-01
7.122183442115783691e-01
-7.726703286170959473e-01
7.713157534599304199e-01
8.385013788938522339e-02
3.238184750080108643e-01
1.852518171072006226e-01
-5.258699059486389160e-01
-9.657055139541625977e-01
9.927451014518737793e-01
9.970960021018981934e-01
-3.182009980082511902e-02
6.460712552070617676e-01
5.765598416328430176e-01
7.643430233001708984e-01
-2.063522189855575562e-01
-5.978747010231018066e-01
8.752003312110900879e-01
6.404581665992736816e-01
-1.760031729936599731e-01
9.036411046981811523e-01
-3.569931089878082275e-01
-2.563000321388244629e-01
7.580718994140625000e-01
8.918252587318420410e-01
4.102343022823333740e-01
-7.176339626312255859e-01
9.702846407890319824e-01
-9.406462311744689941e-01
-8.093349337577819824e-01
9.887585043907165527e-01
7.161203622817993164e-01
9.743363261222839355e-01
3.284563422203063965e-01
3.565039858222007751e-02
9.718291163444519043e-01
-8.445652127265930176e-01
7.162811160087585449e-01
-1.795219033956527710e-01
9.976007342338562012e-01
3.015373945236206055e-01
3.357068002223968506e-01
8.341424465179443359e-01
9.644354581832885742e-01
-1.235327869653701782e-01
-3.466007113456726074e-01
4.755892455577850342e-01
9.787750244140625000e-01
6.939674615859985352e-01
9.632658362388610840e-01
-9.846914410591125488e-01
-9.045345187187194824e-01
3.938147127628326416e-01
7.649807929992675781e-01
-3.815738856792449951e-01
-2.479432523250579834e-01
-2.491657584905624390e-01
7.266898751258850098e-01
7.901543378829956055e-01
-7.178171724081039429e-02
9.305679202079772949e-01
-6.965045928955078125e-01
4.683318436145782471e-01
9.084112048149108887e-01
9.830773472785949707e-01
-9.679261445999145508e-01
1.320566833019256592e-01
5.851404070854187012e-01
9.200058579444885254e-01
9.766731262207031250e-01
-7.129455804824829102e-01
-7.221088409423828125e-01
-2.998073697090148926e-01
9.659366011619567871e-01
8.052258491516113281e-01
2.621757090091705322e-01
1.121871694922447205e-01
9.668087959289550781e-01
4.498052299022674561e-01
9.956611394882202148e-01
5.100156664848327637e-01
-9.758617877960205078e-01
3.713300824165344238e-01
1.159287095069885254e-01
3.211671710014343262e-01
9.375987052917480469e-01
8.174023032188415527e-01
-7.204439043998718262e-01
2.427326738834381104e-01
8.942779153585433960e-02
-6.866738796234130859e-01
7.990611195564270020e-01
9.084679484367370605e-01
9.097023606300354004e-01
5.338267087936401367e-01
-9.043592214584350586e-01
3.667497932910919189e-01
1.467013955116271973e-01
8.245526552200317383e-01
2.156651616096496582e-01
-9.184912443161010742e-01
-1.078613027930259705e-01
9.962502717971801758e-01
9.901692867279052734e-01
-2.183538526296615601e-01
5.548311471939086914e-01
8.591377735137939453e-01
5.469226837158203125e-01
-3.776467442512512207e-01
9.697578549385070801e-01
-9.780217409133911133e-01
6.376075744628906250e-01
-9.734534621238708496e-01
9.651396274566650391e-01
1.579025536775588989e-01
9.641887545585632324e-01
7.544623017311096191e-01
7.327411770820617676e-01
8.348351716995239258e-01
-9.765715003013610840e-01
9.773682355880737305e-01
-1.250063627958297729e-01
9.448421597480773926e-01
-4.537097215652465820e-01
8.381411433219909668e-01
2.126860916614532471e-01
1.828405857086181641e-01
-5.545455813407897949e-01
6.393479704856872559e-01
9.234631061553955078e-01
1.242636889219284058e-01
-4.707298576831817627e-01
-7.162650227546691895e-01
-6.984379291534423828e-01
8.591288924217224121e-01
9.785814881324768066e-01
2.720110714435577393e-01
8.762942552566528320e-01
9.307224154472351074e-01
4.424611032009124756e-01
-9.653550982475280762e-01
-6.707665920257568359e-01
9.565179347991943359e-01
9.755175709724426270e-01
9.904756546020507812e-01
4.559245407581329346e-01
-9.267875552177429199e-01
8.458721637725830078e-01
6.632964015007019043e-01
7.736155986785888672e-01
-8.959231972694396973e-01
-8.168724179267883301e-01
8.740919828414916992e-01
7.318176627159118652e-01
9.275582432746887207e-01
-1.403719931840896606e-01
9.537570476531982422e-01
9.182394146919250488e-01
-7.564731836318969727e-01
8.160224556922912598e-01
5.154544711112976074e-01
8.155885934829711914e-01
-7.493376731872558594e-02
-5.047950148582458496e-01
7.339317202568054199e-01
-9.409579038619995117e-01
-9.623078107833862305e-01
9.350091814994812012e-01
9.919897913932800293e-01
9.615349173545837402e-01
-6.671017408370971680e-01
7.567057609558105469e-01
-9.222607016563415527e-01
3.976391255855560303e-01
9.918795228004455566e-01
5.805035829544067383e-01
7.488851547241210938e-01
9.289180636405944824e-01
-7.172647714614868164e-01
9.555312991142272949e-01
8.360470086336135864e-02
-4.985266625881195068e-01
-8.930874615907669067e-02
7.259269952774047852e-01
4.615114331245422363e-01
7.995746731758117676e-01
5.786873698234558105e-01
-1.148298606276512146e-01
7.815214991569519043e-01
-8.310582041740417480e-01
9.066911935806274414e-01
9.837962985038757324e-01
-9.136648178100585938e-01
2.083025872707366943e-01
9.197252988815307617e-01
-9.986936300992965698e-02
-9.780216217041015625e-01
1.606954485177993774e-01
8.432644009590148926e-01
8.150526285171508789e-01
5.396468043327331543e-01
3.517528176307678223e-01
-5.884703993797302246e-01
9.024438858032226562e-01
-8.864823579788208008e-01
9.876685738563537598e-01
9.717057347297668457e-01
-9.743367433547973633e-01
8.023955821990966797e-01
7.521973252296447754e-01
7.787860035896301270e-01
4.150054156780242920e-01
9.635538458824157715e-01
1.082647219300270081e-01
-9.888470172882080078e-01
9.855845570564270020e-01
8.093965798616409302e-02
9.803050160408020020e-01
-9.677649140357971191e-01
2.162799984216690063e-01
9.371806383132934570e-01
-9.979931712150573730e-01
-3.977832198143005371e-01
9.458009600639343262e-01
9.699013829231262207e-01
2.030336260795593262e-01
5.183797478675842285e-01
-8.150686621665954590e-01
8.318018913269042969e-01
9.050971269607543945e-02
-6.005775928497314453e-01
9.691841006278991699e-01
9.977865219116210938e-01
5.012353062629699707e-01
-3.290627002716064453e-01
7.962322235107421875e-01
9.293732643127441406e-01
-2.583666145801544189e-01
6.210557222366333008e-01
7.292612791061401367e-01
-3.070720136165618896e-01
9.864537417888641357e-02
1.413750350475311279e-01
2.660331726074218750e-01
9.658770561218261719e-01
6.597297191619873047e-01
-8.559837937355041504e-01
8.936522603034973145e-01
-9.945803284645080566e-01
9.468989968299865723e-01
6.476997733116149902e-01
7.788543701171875000e-01
-3.467663526535034180e-01
-8.672671318054199219e-01
9.906961321830749512e-01
7.797241806983947754e-01
-1.448332965373992920e-01
1.724516749382019043e-01
4.901275038719177246e-03
4.544087499380111694e-02
9.227759242057800293e-01
7.180782556533813477e-01
-8.807150721549987793e-01
1.700553596019744873e-01
1.893833279609680176e-01
9.517935514450073242e-01
9.378308653831481934e-01
-1.010069921612739563e-01
1.903835535049438477e-01
-9.409657716751098633e-01
9.745910167694091797e-01
-8.486663103103637695e-01
9.935479760169982910e-01
9.996852874755859375e-01
-7.236506938934326172e-01
8.606775403022766113e-01
9.343749284744262695e-01
9.088535308837890625e-01
-1.069430783390998840e-01
-8.225260972976684570e-01
7.267075777053833008e-01
9.701319336891174316e-01
9.365085363388061523e-01
8.613806962966918945e-01
-7.448712587356567383e-01
-9.882364273071289062e-01
7.453311681747436523e-01
4.629397094249725342e-01
8.868922591209411621e-01
9.498659372329711914e-01
6.072042584419250488e-01
9.746661186218261719e-01
-9.656140208244323730e-01
-7.885224223136901855e-01
9.926185011863708496e-01
4.620421528816223145e-01
-9.830874204635620117e-01
9.697252511978149414e-01
3.877702057361602783e-01
-9.798886179924011230e-01
-1.409425139427185059e-01
-5.387942194938659668e-01
-1.040008068084716797e-01
9.854822158813476562e-01
9.940395355224609375e-01
8.954879641532897949e-01
-7.786383628845214844e-01
-1.630263924598693848e-01
9.995656013488769531e-01
8.579676151275634766e-01
9.380769133567810059e-01
7.392351627349853516e-01
9.862120747566223145e-01
-1.280523389577865601e-01
-9.696319699287414551e-02
9.548050165176391602e-01
3.861175179481506348e-01
-5.963777303695678711e-01
-4.072356224060058594e-01
9.658474326133728027e-01
7.972645163536071777e-01
-6.432993710041046143e-02
-9.928139448165893555e-01
-1.777178794145584106e-01
3.462130725383758545e-01
4.170041680335998535e-01
9.843350648880004883e-01
-9.250079989433288574e-01
9.948760271072387695e-01
9.591637849807739258e-01
9.803580045700073242e-01
9.438249468803405762e-01
4.471366405487060547e-01
4.250604510307312012e-01
-6.584020853042602539e-01
-9.482569694519042969e-01
-1.771884709596633911e-01
9.395364522933959961e-01
9.722087979316711426e-01
-9.929885864257812500e-01
5.157560110092163086e-01
4.283955693244934082e-01
-4.243382811546325684e-01
9.932638406753540039e-01
-8.763386867940425873e-03
9.891687631607055664e-01
8.488256335258483887e-01
9.884441494941711426e-01
6.665046811103820801e-01
-4.865917265415191650e-01
3.980131149291992188e-01
-9.138137102127075195e-01
-9.262446165084838867e-01
8.812212347984313965e-01
9.397879838943481445e-01
-5.816100835800170898e-01
9.943552613258361816e-01
-9.054028391838073730e-01
9.626381397247314453e-01
9.725067615509033203e-01
8.907941579818725586e-01
-7.764283418655395508e-01
3.229273259639739990e-01
8.411272764205932617e-01
-6.133629083633422852e-01
8.449358940124511719e-01
7.738731503486633301e-01
-3.491042852401733398e-01
8.570293784141540527e-01
-3.250203132629394531e-01
8.666172027587890625e-01
-5.957610011100769043e-01
6.672024130821228027e-01
8.906751871109008789e-01
-2.658770382404327393e-01
9.935583472251892090e-01
-9.493861198425292969e-01
6.618418693542480469e-01
2.137207388877868652e-01
6.629826426506042480e-01
-1.472015120089054108e-02
-6.491672992706298828e-01
2.073047757148742676e-01
8.126402497291564941e-01
2.803795039653778076e-03
4.729539155960083008e-01
8.964914828538894653e-02
4.175819456577301025e-01
9.966847896575927734e-01
-3.376871645450592041e-01
7.978383898735046387e-01
9.803020954132080078e-01
-8.317618370056152344e-01
5.323873758316040039e-01
5.500066876411437988e-01
9.937397241592407227e-01
9.177197813987731934e-01
-6.419727206230163574e-01
9.430062770843505859e-02
5.688632726669311523e-01
-6.512336730957031250e-01
1.247423142194747925e-01
6.880238652229309082e-01
8.147926330566406250e-01
-8.075532317161560059e-01
4.043222367763519287e-01
9.480896592140197754e-01
4.962399303913116455e-01
-4.697832465171813965e-01
7.603430151939392090e-01
-8.107973337173461914e-01
9.549242258071899414e-01
-6.690105795860290527e-01
9.618108868598937988e-01
3.737235367298126221e-01
4.359598159790039062e-01
9.853723645210266113e-01
5.824978351593017578e-01
-7.340672612190246582e-01
4.289840459823608398e-01
9.237324595451354980e-01
1.616830378770828247e-01
4.458723962306976318e-01
-9.955736398696899414e-01
-6.594838500022888184e-01
9.680369496345520020e-01
9.586811661720275879e-01
9.508294463157653809e-01
-9.996194243431091309e-01
-8.922511339187622070e-01
6.215530037879943848e-01
9.692675471305847168e-01
9.996283650398254395e-01
3.343763351440429688e-01
-4.045640826225280762e-01
4.405749440193176270e-01
9.680872559547424316e-01
-9.180608987808227539e-01
9.915079474449157715e-01
-2.822676301002502441e-01
9.536231160163879395e-01
3.735923171043395996e-01
8.474923968315124512e-01
-9.967558383941650391e-01
9.947080612182617188e-01
-3.146384954452514648e-01
-2.361629009246826172e-01
3.772795200347900391e-01
9.959598779678344727e-01
-5.533361434936523438e-01
9.154765009880065918e-01
1.782511919736862183e-01
9.726244807243347168e-01
-2.561330795288085938e-02
-6.587553024291992188e-01
-1.184616163372993469e-01
9.536047577857971191e-01
4.837765693664550781e-01
1.498496979475021362e-01
3.833952248096466064e-01
5.057808756828308105e-01
8.086395859718322754e-01
-9.844647049903869629e-01
9.905322194099426270e-01
9.372962713241577148e-01
8.790965676307678223e-01
-9.638739228248596191e-01
-3.316922187805175781e-01
6.414686441421508789e-01
9.901269674301147461e-01
1.797784715890884399e-01
-3.794075250625610352e-01
2.522007524967193604e-01
-8.001438975334167480e-01
9.970533847808837891e-01
7.972182631492614746e-01
4.810165166854858398e-01
7.685706615447998047e-01
-1.885804235935211182e-01
9.377853274345397949e-01
-8.016027808189392090e-01
9.115126132965087891e-01
9.755806326866149902e-01
-6.808444261550903320e-01
1.786166429519653320e-01
-5.089364200830459595e-02
-9.258980154991149902e-01
9.109392762184143066e-01
-4.754636883735656738e-01
7.819533348083496094e-01
5.842934846878051758e-01
5.177290439605712891e-01
8.351220488548278809e-01
7.240906357765197754e-01
-8.292226195335388184e-01
-6.214235424995422363e-01
9.907846450805664062e-01
6.855962276458740234e-01
9.584047198295593262e-01
8.427314162254333496e-01
-7.556061744689941406e-01
6.440538763999938965e-01
-9.014979600906372070e-01
-4.169478118419647217e-01
6.230669617652893066e-01
9.704382419586181641e-01
7.891101837158203125e-01
5.118540525436401367e-01
6.291349530220031738e-01
-7.250421047210693359e-01
-6.289855390787124634e-02
5.619430541992187500e-01
-3.829005658626556396e-01
2.190597802400588989e-01
8.198601603507995605e-01
8.382447957992553711e-01
9.609274268150329590e-01
