1.086979731917381287e-01
3.152194321155548096e-01
-4.215713739395141602e-01
-4.437311887741088867e-01
-9.447699785232543945e-01
-9.643190503120422363e-01
-5.774032473564147949e-01
-8.429147601127624512e-01
-6.880506873130798340e-01
-7.796947360038757324e-01
-7.874115705490112305e-01
-1.668673604726791382e-01
-9.525004625320434570e-01
-8.665126562118530273e-01
5.728495121002197266e-01
4.849148392677307129e-01
4.780072271823883057e-01
5.975329875946044922e-01
9.797670245170593262e-01
9.649078249931335449e-01
9.965779781341552734e-01
9.976895451545715332e-01
9.994807243347167969e-01
9.971932768821716309e-01
9.976432323455810547e-01
9.966036081314086914e-01
7.536974549293518066e-01
2.606760859489440918e-01
-4.519624114036560059e-01
-4.902822971343994141e-01
-9.880166053771972656e-01
-9.518786668777465820e-01
-5.476174950599670410e-01
-1.648985892534255981e-01
-4.762625396251678467e-01
-3.766160309314727783e-01
-9.825298190116882324e-01
-6.354776024818420410e-01
9.961589574813842773e-01
-3.663458824157714844e-01
4.013453722000122070e-01
3.167785406112670898e-01
4.185329675674438477e-01
1.766378134489059448e-01
-6.360993385314941406e-01
2.323049902915954590e-01
6.836722493171691895e-01
-9.552474617958068848e-01
-7.724148631095886230e-01
7.078717947006225586e-01
-3.847648203372955322e-01
-8.821862936019897461e-01
7.492330670356750488e-01
-2.403043657541275024e-01
6.339002847671508789e-01
-3.098443448543548584e-01
4.340574741363525391e-01
-9.286136031150817871e-01
-4.138479232788085938e-01
3.300403952598571777e-01
6.964212656021118164e-01
-8.065538406372070312e-01
2.528639733791351318e-01
-7.881078124046325684e-01
-7.214226722717285156e-01
3.980374336242675781e-01
-5.178712606430053711e-01
-8.988028168678283691e-01
5.341357588768005371e-01
8.938176035881042480e-01
9.696388244628906250e-01
1.484882533550262451e-01
-9.063651561737060547e-01
-8.936181068420410156e-01
6.513332724571228027e-01
5.879886746406555176e-01
-8.835309147834777832e-01
-8.242169022560119629e-01
-2.925555706024169922e-01
-8.551732897758483887e-01
1.610876470804214478e-01
9.714087843894958496e-01
8.340045213699340820e-01
-9.606257677078247070e-01
2.573481388390064240e-02
4.435418248176574707e-01
-6.014705300331115723e-01
-4.687348008155822754e-01
7.937607169151306152e-01
-3.178813457489013672e-01
-3.488127589225769043e-01
-9.713650941848754883e-01
-2.343664765357971191e-01
8.178231716156005859e-01
2.473482340574264526e-01
-5.441642999649047852e-01
-3.757328093051910400e-01
-3.599974513053894043e-01
-4.315698146820068359e-02
8.183399438858032227e-01
8.847104907035827637e-01
-7.895698547363281250e-01
2.476926147937774658e-01
-7.259166240692138672e-01
-9.012047648429870605e-01
-2.639112472534179688e-01
3.948492705821990967e-01
-4.651472270488739014e-01
-5.575144886970520020e-01
9.236242175102233887e-01
8.605405092239379883e-01
-8.886334896087646484e-01
-9.690712094306945801e-01
-9.046529531478881836e-01
9.199306964874267578e-01
3.013093173503875732e-01
6.537868380546569824e-01
-7.393635809421539307e-02
-8.873201012611389160e-01
-2.461718469858169556e-01
7.266011238098144531e-01
-8.893022537231445312e-01
-3.317681252956390381e-01
2.568768858909606934e-01
5.963691473007202148e-01
-9.054363965988159180e-01
-5.241740345954895020e-01
9.615491032600402832e-01
2.904281914234161377e-01
-5.100874900817871094e-01
-7.096477150917053223e-01
-8.971444368362426758e-01
7.029893994331359863e-01
6.442906260490417480e-01
-4.192919731140136719e-01
-7.725155353546142578e-01
3.611556291580200195e-01
3.219241797924041748e-01
-5.880067870020866394e-02
-4.876756072044372559e-01
-8.012350797653198242e-01
-7.502030730247497559e-01
9.351350069046020508e-01
9.678869247436523438e-01
-8.515728712081909180e-01
6.511418223381042480e-01
-8.141847252845764160e-01
1.221787929534912109e-01
-8.865462541580200195e-01
-4.323792755603790283e-01
6.143103241920471191e-01
5.113655328750610352e-02
-2.203639298677444458e-01
4.484708309173583984e-01
-3.898931443691253662e-01
7.537232339382171631e-02
-4.609409272670745850e-01
-8.490940332412719727e-01
8.793225884437561035e-02
-3.130899667739868164e-01
7.000100016593933105e-01
8.236279487609863281e-01
-2.993105053901672363e-01
-4.935291707515716553e-01
7.273039221763610840e-01
-9.876081347465515137e-01
-9.649141430854797363e-01
-8.460765480995178223e-01
8.285459876060485840e-01
8.358824849128723145e-01
-7.716687321662902832e-01
5.111831426620483398e-01
-7.381854057312011719e-01
6.088978052139282227e-01
-5.869151949882507324e-01
6.735249757766723633e-01
-5.312147140502929688e-01
-7.376754283905029297e-01
-8.338415026664733887e-01
9.550791978836059570e-01
5.764586329460144043e-01
-9.559876322746276855e-01
-6.765852570533752441e-01
3.403127193450927734e-04
3.391469120979309082e-01
-8.576762080192565918e-01
6.554011106491088867e-01
-1.763250492513179779e-02
5.757355093955993652e-01
7.185059189796447754e-01
-9.865653514862060547e-01
-8.656201958656311035e-01
-2.625394165515899658e-01
5.055592060089111328e-01
-7.792411446571350098e-01
3.614672124385833740e-01
8.895844221115112305e-01
-3.402515947818756104e-01
-5.840921401977539062e-01
-9.604119062423706055e-01
8.915317058563232422e-01
1.651761829853057861e-01
3.257920145988464355e-01
-9.144234061241149902e-01
-5.541863851249217987e-03
-2.499606609344482422e-01
3.551748991012573242e-01
6.858873963356018066e-01
-8.826539516448974609e-01
-3.104182481765747070e-01
-9.087573885917663574e-01
2.512266635894775391e-01
-9.217283129692077637e-01
7.467126250267028809e-01
9.846252202987670898e-01
-6.163786649703979492e-01
3.170711696147918701e-01
-9.757891893386840820e-01
5.811734795570373535e-01
-7.346937656402587891e-01
6.259228587150573730e-01
-4.328128695487976074e-01
9.606105834245681763e-02
-7.397665977478027344e-01
3.343630135059356689e-01
1.452921926975250244e-01
2.087393552064895630e-01
-7.079875469207763672e-01
-6.855809092521667480e-01
-3.460598886013031006e-01
9.874539375305175781e-01
2.855827808380126953e-01
-9.160528182983398438e-01
6.109596490859985352e-01
-9.076120853424072266e-01
-3.649408221244812012e-01
-4.267649352550506592e-01
3.892104327678680420e-01
6.145616173744201660e-01
-1.678315401077270508e-01
-5.729333162307739258e-01
5.959050059318542480e-01
-8.474684953689575195e-01
-8.325205184519290924e-03
4.767474830150604248e-01
-1.556604541838169098e-02
-5.241217464208602905e-02
4.743378609418869019e-02
-9.433043599128723145e-01
8.397080898284912109e-01
-3.912441432476043701e-02
-9.915053248405456543e-01
-1.284248232841491699e-01
-5.110105276107788086e-01
6.319965720176696777e-01
1.249752566218376160e-01
-7.255427241325378418e-01
6.516636013984680176e-01
-8.942864537239074707e-01
-6.335796117782592773e-01
-6.581951975822448730e-01
9.983876347541809082e-01
7.474979013204574585e-02
6.882975101470947266e-01
-6.366311311721801758e-01
-6.186344027519226074e-01
-5.392831563949584961e-01
6.839988231658935547e-01
-2.016071975231170654e-01
1.221603006124496460e-01
-1.968205422163009644e-01
5.874354839324951172e-01
-7.233906388282775879e-01
8.019496202468872070e-01
-5.741518139839172363e-01
-8.981571793556213379e-01
-8.404586315155029297e-01
9.247244000434875488e-01
7.063716053962707520e-01
-5.439855456352233887e-01
-8.100200295448303223e-01
9.532482028007507324e-01
-9.602383971214294434e-01
8.453220725059509277e-01
-4.629107117652893066e-01
-9.737087488174438477e-01
1.875638812780380249e-01
-5.032030344009399414e-01
5.340075492858886719e-01
-8.310521245002746582e-01
-1.391052901744842529e-01
3.018245100975036621e-01
4.570581912994384766e-01
-4.145382940769195557e-01
1.716957986354827881e-01
-5.501949787139892578e-01
8.953573703765869141e-01
4.091832935810089111e-01
-9.921931028366088867e-01
-6.981611251831054688e-01
1.322086621075868607e-02
-4.725304543972015381e-01
9.252476692199707031e-01
2.022866010665893555e-01
-4.065677523612976074e-01
-2.018116116523742676e-01
-5.587769746780395508e-01
-1.769676059484481812e-01
-8.042788505554199219e-01
7.365016341209411621e-01
7.140282988548278809e-01
-8.995252251625061035e-01
9.914680570363998413e-02
-1.553748250007629395e-01
-8.049750924110412598e-01
-7.149087786674499512e-01
9.714271426200866699e-01
3.287350535392761230e-01
7.999324053525924683e-02
-9.379053711891174316e-01
8.291654586791992188e-01
-5.590835809707641602e-01
4.551682770252227783e-01
-5.794511437416076660e-01
8.457853794097900391e-01
-5.935835242271423340e-01
-9.896679520606994629e-01
-2.243456095457077026e-01
-1.671267896890640259e-01
9.398227930068969727e-01
-8.530206084251403809e-01
-4.568978250026702881e-01
5.398668050765991211e-01
-1.371384710073471069e-01
1.685270071029663086e-01
9.109023213386535645e-01
-8.180230259895324707e-01
4.877294600009918213e-02
-4.963918626308441162e-01
-4.357898533344268799e-01
-8.013186454772949219e-01
-7.151107192039489746e-01
2.450250536203384399e-01
9.683834910392761230e-01
-9.675661474466323853e-02
4.487535953521728516e-01
-6.777073740959167480e-01
1.890817731618881226e-01
-1.744808256626129150e-01
5.604467988014221191e-01
-7.604995965957641602e-01
-9.081400632858276367e-01
4.844454526901245117e-01
-3.043553233146667480e-01
-4.137890040874481201e-01
-3.460702598094940186e-01
9.348120689392089844e-01
7.359151840209960938e-01
-1.982704102993011475e-01
-3.253815174102783203e-01
-2.737946510314941406e-01
-5.553629398345947266e-01
-4.426915049552917480e-01
-4.838654100894927979e-01
7.312319874763488770e-01
2.312375903129577637e-01
-8.210564851760864258e-01
1.358611881732940674e-01
-7.430210709571838379e-01
5.218555927276611328e-01
7.295419573783874512e-01
1.018596664071083069e-01
-6.897041797637939453e-01
2.167811095714569092e-01
-9.851508736610412598e-01
-8.813683390617370605e-01
4.931985735893249512e-01
-7.435978055000305176e-01
9.642812609672546387e-01
4.892587661743164062e-01
-9.715831875801086426e-01
2.691569924354553223e-01
5.712829232215881348e-01
-5.416494011878967285e-01
1.839928627014160156e-01
-8.177601695060729980e-01
1.968418955802917480e-01
-9.784955382347106934e-01
1.736158281564712524e-01
2.902227640151977539e-01
8.105447888374328613e-01
4.444345831871032715e-02
-9.129455089569091797e-01
-8.753542304039001465e-01
8.645524978637695312e-01
-4.705251157283782959e-01
5.951032042503356934e-01
6.835323572158813477e-02
-9.418154954910278320e-01
2.885890193283557892e-02
5.495201945304870605e-01
-8.127998113632202148e-01
-9.552348256111145020e-01
6.937639713287353516e-01
-9.581689722836017609e-03
-3.352213203907012939e-01
8.431539535522460938e-01
-4.444942474365234375e-01
5.854566693305969238e-01
-5.477647781372070312e-01
-7.880550026893615723e-01
9.424358010292053223e-01
2.548256814479827881e-01
-7.833188772201538086e-01
-2.239822447299957275e-01
-9.586490392684936523e-01
-7.554232478141784668e-01
9.844603538513183594e-01
2.178866565227508545e-01
-8.351317048072814941e-02
6.572623252868652344e-01
-6.009968519210815430e-01
1.049307174980640411e-02
6.742147207260131836e-01
-9.838083982467651367e-01
-9.202323555946350098e-01
5.033643245697021484e-01
3.095574080944061279e-01
-7.373650670051574707e-01
7.080252170562744141e-01
-8.679873943328857422e-01
1.688854247331619263e-01
-9.235109090805053711e-01
-3.964243829250335693e-02
-3.634203374385833740e-01
6.300618052482604980e-01
9.867214560508728027e-01
-1.953175365924835205e-01
-7.484094500541687012e-01
-6.720602512359619141e-01
-6.302663683891296387e-02
5.377596020698547363e-01
1.377403084188699722e-02
8.728826045989990234e-01
-9.398846626281738281e-01
3.575458824634552002e-01
-9.985818266868591309e-01
1.018576920032501221e-01
-7.478657960891723633e-01
8.243927955627441406e-01
-4.547383785247802734e-01
-4.432081878185272217e-01
-2.425310164690017700e-01
8.334246277809143066e-01
-3.412953913211822510e-01
-3.207401335239410400e-01
-6.670421361923217773e-01
8.184006810188293457e-01
3.793655335903167725e-01
-3.495877236127853394e-02
-8.762808442115783691e-01
4.823762774467468262e-01
-7.497638463973999023e-01
-4.170578122138977051e-01
-7.544256448745727539e-01
9.607577323913574219e-01
-5.856982469558715820e-01
7.821746468544006348e-01
8.479668498039245605e-01
-8.855185508728027344e-01
7.747684419155120850e-02
-6.856887936592102051e-01
-2.964122891426086426e-01
6.788059473037719727e-01
-5.763146281242370605e-01
2.730073332786560059e-01
1.658329665660858154e-01
-9.336863756179809570e-01
8.949566483497619629e-01
-9.898313283920288086e-01
-6.629856824874877930e-01
-5.785160660743713379e-01
3.842398524284362793e-01
4.331870973110198975e-01
-5.812955498695373535e-01
9.715684056282043457e-01
8.914510011672973633e-01
-3.544815778732299805e-01
-7.821522355079650879e-01
-9.685852527618408203e-01
7.560069859027862549e-02
-4.290049076080322266e-01
-1.398120671510696411e-01
-7.412061691284179688e-01
4.934066832065582275e-01
8.644628524780273438e-01
8.336004614830017090e-01
-4.587329924106597900e-01
1.991490423679351807e-01
-4.256988167762756348e-01
-5.760276317596435547e-01
-5.430576801300048828e-01
-9.641984701156616211e-01
2.873069643974304199e-01
7.794803380966186523e-01
-8.366110175848007202e-02
-3.646076917648315430e-01
7.113587856292724609e-01
-9.384980797767639160e-01
8.940888643264770508e-01
-7.529389858245849609e-01
-4.384711980819702148e-01
6.858781576156616211e-01
-3.841498494148254395e-01
-9.402974247932434082e-01
-2.104411423206329346e-01
9.597073197364807129e-01
3.570661544799804688e-01
1.277967095375061035e-01
-9.763563871383666992e-01
8.483498692512512207e-01
-5.168184638023376465e-01
-3.853894770145416260e-01
-4.742760360240936279e-01
2.687029242515563965e-01
-4.907901585102081299e-01
3.949376940727233887e-01
2.965115010738372803e-01
-6.607007384300231934e-01
-5.863696336746215820e-01
-7.093802094459533691e-03
-6.350706815719604492e-01
9.000003933906555176e-01
1.461415737867355347e-01
4.145004451274871826e-01
-6.419069170951843262e-01
3.536004424095153809e-01
1.445454806089401245e-01
-2.496787756681442261e-01
-8.269019722938537598e-01
-6.534260511398315430e-01
6.443711519241333008e-01
-7.822241783142089844e-01
1.134804859757423401e-01
6.292079687118530273e-01
-7.647174000740051270e-01
-3.338471651077270508e-01
9.111113548278808594e-01
8.972677588462829590e-01
-8.341839909553527832e-01
-5.784376859664916992e-01
-9.250718951225280762e-01
5.601600930094718933e-02
2.623585462570190430e-01
4.831259548664093018e-01
-3.088844716548919678e-01
-7.151220440864562988e-01
3.350165784358978271e-01
-4.062998592853546143e-01
8.981767296791076660e-01
1.809509694576263428e-01
-8.722715973854064941e-01
1.708216667175292969e-01
-4.223154783248901367e-01
5.048632025718688965e-01
-5.521350502967834473e-01
-7.870435118675231934e-01
-5.055624842643737793e-01
4.438488483428955078e-01
8.872724175453186035e-01
3.182705640792846680e-01
-9.363806247711181641e-01
9.579637646675109863e-01
-9.154763221740722656e-01
-5.593488812446594238e-01
-7.919795811176300049e-02
7.205153703689575195e-01
-9.857559800148010254e-01
2.219113558530807495e-01
4.899375438690185547e-01
-4.976747930049896240e-01
-8.954247832298278809e-01
1.108687371015548706e-01
7.397910356521606445e-01
3.465225994586944580e-01
-9.814574718475341797e-01
9.427320957183837891e-01
-1.238797530531883240e-01
-1.940168738365173340e-01
-9.866862297058105469e-01
3.378078937530517578e-01
-8.523669838905334473e-01
2.525960206985473633e-01
2.981318347156047821e-02
-2.128064781427383423e-01
-6.226171851158142090e-01
6.933323144912719727e-01
8.694162964820861816e-01
-6.828046441078186035e-01
-6.573512405157089233e-02
2.631420493125915527e-01
-7.495799064636230469e-01
4.626248478889465332e-01
-7.176685929298400879e-01
1.106174066662788391e-01
-5.179420709609985352e-01
7.575454115867614746e-01
1.002727448940277100e-01
1.622770279645919800e-01
-4.877470135688781738e-01
-5.730508565902709961e-01
-3.838208615779876709e-01
-8.343210220336914062e-01
9.151356220245361328e-01
-4.943329989910125732e-01
9.811136722564697266e-01
7.809372544288635254e-01
-2.374068796634674072e-01
-8.370577692985534668e-01
-5.922213196754455566e-01
-6.953039169311523438e-01
8.367426991462707520e-01
-3.123482875525951385e-02
-9.443119764328002930e-01
5.993764996528625488e-01
-8.349219560623168945e-01
8.367990255355834961e-01
7.321503162384033203e-01
-1.951502412557601929e-01
-5.379306077957153320e-01
-9.249594211578369141e-01
8.227599859237670898e-01
-6.009600758552551270e-01
-9.243166446685791016e-01
9.916267395019531250e-01
5.198600292205810547e-01
-9.385838508605957031e-01
-3.805878162384033203e-01
-5.353955626487731934e-01
9.922028183937072754e-01
1.227535679936408997e-01
8.691514283418655396e-02
1.904484629631042480e-01
4.864458143711090088e-01
-9.484210014343261719e-01
-6.852517724037170410e-01
2.884823977947235107e-01
5.061880946159362793e-01
-9.920271039009094238e-01
-4.465031623840332031e-01
-2.150150537490844727e-01
-3.826231062412261963e-01
9.077003002166748047e-01
8.793690204620361328e-01
-8.424799442291259766e-01
-1.751161217689514160e-01
-8.019343614578247070e-01
9.321492910385131836e-01
-1.842118650674819946e-01
-4.988878667354583740e-01
-4.118320643901824951e-01
2.214016616344451904e-01
3.053221106529235840e-01
-6.789973378181457520e-02
4.150365889072418213e-01
-3.574415445327758789e-01
-5.285574197769165039e-01
9.931150078773498535e-01
-8.820312619209289551e-01
8.024218678474426270e-01
-7.819620966911315918e-01
-8.045924305915832520e-01
7.101043462753295898e-01
-6.564617156982421875e-01
-8.419033885002136230e-01
8.814224600791931152e-01
5.222386121749877930e-01
-7.289010882377624512e-01
5.722284317016601562e-01
-2.782044000923633575e-02
-5.583271980285644531e-01
-2.146787345409393311e-01
-7.040432691574096680e-01
1.008019596338272095e-01
1.306611485779285431e-02
-2.127462476491928101e-01
8.741278648376464844e-01
8.541871905326843262e-01
-9.296741485595703125e-01
-6.676685214042663574e-01
-6.207471489906311035e-01
4.554826617240905762e-01
7.573807835578918457e-01
-7.924245297908782959e-02
1.421873569488525391e-01
-5.836925655603408813e-02
-9.920994043350219727e-01
2.244163155555725098e-01
-1.470381915569305420e-01
-7.305361628532409668e-01
8.007276058197021484e-01
-7.484627962112426758e-01
7.156280279159545898e-01
-8.793566823005676270e-01
-3.346783220767974854e-01
-4.566392302513122559e-01
9.926500320434570312e-01
8.768952488899230957e-01
-5.058320164680480957e-01
-2.522984743118286133e-01
-9.249724745750427246e-01
5.603897571563720703e-01
-4.243018478155136108e-02
8.194030523300170898e-01
6.214116215705871582e-01
-9.954316616058349609e-01
-3.267566263675689697e-01
-9.820892810821533203e-01
-1.167897880077362061e-01
9.603525996208190918e-01
-9.153259396553039551e-01
7.579165697097778320e-01
-9.856939911842346191e-01
-1.386439353227615356e-01
9.636383652687072754e-01
8.976687788963317871e-01
-9.105315208435058594e-01
-9.176129102706909180e-01
-4.861203730106353760e-01
7.587740421295166016e-01
-5.670844111591577530e-03
-3.340605199337005615e-01
-8.096023201942443848e-01
9.617229700088500977e-01
3.837739825248718262e-01
-2.658552229404449463e-01
-7.853907346725463867e-01
9.917145967483520508e-01
-8.592365384101867676e-01
-5.924515128135681152e-01
8.938536643981933594e-01
-6.653174161911010742e-01
-5.746239423751831055e-01
-2.525854408740997314e-01
9.217048883438110352e-01
9.339917302131652832e-01
-4.980945587158203125e-01
9.547538310289382935e-02
-9.974524974822998047e-01
-8.486894518136978149e-02
4.657229185104370117e-01
-9.786526560783386230e-01
-4.873892962932586670e-01
3.442042768001556396e-01
1.937345266342163086e-01
2.183093279600143433e-01
6.495711803436279297e-01
-7.547672390937805176e-01
8.018699288368225098e-01
-1.814877390861511230e-01
-9.967017173767089844e-01
-5.456707477569580078e-01
2.540147304534912109e-01
9.607139229774475098e-02
-5.878975987434387207e-01
9.671616554260253906e-01
-8.611344695091247559e-01
6.925166249275207520e-01
-9.574637413024902344e-01
-7.689363509416580200e-02
2.134895622730255127e-01
4.992459714412689209e-01
-2.396578192710876465e-01
-2.737632691860198975e-01
-2.899248898029327393e-01
-2.231975346803665161e-01
9.619167447090148926e-01
-6.441532969474792480e-01
-5.384663939476013184e-01
3.722563385963439941e-01
5.822096467018127441e-01
-8.414103984832763672e-01
7.659966945648193359e-01
-7.258555889129638672e-01
-8.100361227989196777e-01
6.982725858688354492e-01
-6.259521245956420898e-01
-7.731017470359802246e-01
6.779215335845947266e-01
7.133206725120544434e-01
-8.784013390541076660e-01
7.486203908920288086e-01
4.475629627704620361e-01
-9.364928007125854492e-01
1.783596575260162354e-01
-6.369047164916992188e-01
7.152041792869567871e-02
-5.757918357849121094e-01
-6.303294897079467773e-01
9.241150319576263428e-02
6.998730897903442383e-01
9.611707925796508789e-01
7.792142033576965332e-01
-8.887355327606201172e-01
-9.622178077697753906e-01
-9.181748628616333008e-01
-6.713211536407470703e-01
7.477458119392395020e-01
8.055543899536132812e-01
-4.106347560882568359e-01
-3.215226531028747559e-01
-7.450054287910461426e-01
9.610952138900756836e-01
3.049074411392211914e-01
-9.537146240472793579e-02
-8.918848037719726562e-01
8.295517563819885254e-01
-8.499282598495483398e-01
3.793662190437316895e-01
-7.208638191223144531e-01
-4.705373346805572510e-01
3.154439032077789307e-01
-3.437963426113128662e-01
4.609884917736053467e-01
8.406673073768615723e-01
-4.271438717842102051e-01
5.739890933036804199e-01
-8.586484193801879883e-01
-9.536915421485900879e-01
3.304462730884552002e-01
2.744389772415161133e-01
5.047137737274169922e-01
-4.917805790901184082e-01
-7.307925820350646973e-01
-4.329616427421569824e-01
-8.153096437454223633e-01
9.424471259117126465e-01
9.421231746673583984e-01
3.893971145153045654e-01
-4.895222187042236328e-01
3.251298964023590088e-01
-7.487877011299133301e-01
-3.111053109169006348e-01
-2.704974114894866943e-01
-4.535735249519348145e-01
4.886654615402221680e-01
-2.925968468189239502e-01
-4.695007205009460449e-01
4.893721938133239746e-01
-3.595804572105407715e-01
-9.097071886062622070e-01
9.731116890907287598e-01
9.907571077346801758e-01
7.201443314552307129e-01
-7.053217887878417969e-01
-9.072195887565612793e-01
-4.671227335929870605e-01
-7.586581707000732422e-01
-2.103381454944610596e-01
9.545706510543823242e-01
9.705461561679840088e-02
6.734849214553833008e-01
-7.947028875350952148e-01
5.612776279449462891e-01
-8.390935659408569336e-01
-6.941319108009338379e-01
-7.046415805816650391e-01
9.697124361991882324e-01
8.827353715896606445e-01
5.321627259254455566e-01
-9.756810069084167480e-01
-3.251628577709197998e-01
-8.648799061775207520e-01
-3.100802302360534668e-01
5.674309730529785156e-01
-1.496030986309051514e-01
6.776987314224243164e-01
-8.744361400604248047e-01
4.719212949275970459e-01
2.212339192628860474e-01
5.227944254875183105e-01
-9.538199305534362793e-01
-5.278255343437194824e-01
9.045999497175216675e-02
9.467388391494750977e-01
-8.123862147331237793e-01
-7.921646833419799805e-01
7.424796372652053833e-02
9.563864469528198242e-01
-5.380939245223999023e-01
4.806661978363990784e-02
-8.888338804244995117e-01
9.433425068855285645e-01
4.067626595497131348e-01
-7.680131793022155762e-01
-3.788657486438751221e-01
8.981834650039672852e-01
-3.860175609588623047e-01
-8.817195892333984375e-01
6.928126215934753418e-01
-9.147738218307495117e-01
9.571514129638671875e-01
-4.854625463485717773e-02
-4.465208351612091064e-01
-3.481577634811401367e-01
-4.870517551898956299e-01
9.568821787834167480e-01
4.110753238201141357e-01
-3.965726494789123535e-01
-9.753633737564086914e-01
-1.716479957103729248e-01
9.132819771766662598e-01
9.061273932456970215e-01
-9.642642736434936523e-01
-7.231101989746093750e-01
-7.431131005287170410e-01
7.679617404937744141e-01
4.651187062263488770e-01
-8.669467568397521973e-01
-4.720477759838104248e-01
5.623724460601806641e-01
8.997572660446166992e-01
-7.734289169311523438e-01
-4.190017934888601303e-03
1.243363097310066223e-01
-7.800868153572082520e-01
9.843827486038208008e-01
-7.303856015205383301e-01
1.125152707099914551e-01
3.622999787330627441e-01
-6.397200822830200195e-01
-6.147820353507995605e-01
1.677764505147933960e-01
9.178293347358703613e-01
-4.382089078426361084e-01
5.879753828048706055e-01
-6.776002049446105957e-01
-1.958393007516860962e-01
-6.844862103462219238e-01
5.481994748115539551e-01
-9.895184636116027832e-01
8.254232406616210938e-01
-8.325790166854858398e-01
-2.628580033779144287e-01
9.075637459754943848e-01
-7.429125308990478516e-01
7.927725911140441895e-01
9.689205884933471680e-01
-9.836930036544799805e-01
-8.024715781211853027e-01
-4.780314266681671143e-01
9.720912575721740723e-01
2.875385880470275879e-01
-8.571144938468933105e-01
7.728111743927001953e-01
-8.830989003181457520e-01
-6.929042339324951172e-01
7.823606729507446289e-01
-5.645157694816589355e-01
-8.965300321578979492e-01
9.379454255104064941e-01
9.835010170936584473e-01
-3.367813527584075928e-01
5.548086166381835938e-01
-9.188064336776733398e-01
-8.387487530708312988e-01
6.632513999938964844e-01
2.041130661964416504e-01
-6.976102590560913086e-01
3.864194750785827637e-01
4.635485708713531494e-01
-9.891197681427001953e-01
-2.356268763542175293e-01
-7.929390072822570801e-01
9.566049575805664062e-01
-8.038235306739807129e-01
-2.884916495531797409e-03
-5.858228802680969238e-01
9.468826055526733398e-01
9.396256804466247559e-01
9.083631038665771484e-01
-9.827718138694763184e-01
-9.818722605705261230e-01
-5.438922047615051270e-01
4.585551321506500244e-01
-8.975352048873901367e-01
7.064046859741210938e-01
5.673470497131347656e-01
1.270115524530410767e-01
-8.885591626167297363e-01
-5.101109743118286133e-01
-3.905193209648132324e-01
9.044648408889770508e-01
-1.123862713575363159e-01
-6.365138888359069824e-01
7.697760462760925293e-01
-8.965737223625183105e-01
2.199986726045608521e-01
-3.446087241172790527e-01
8.181142807006835938e-01
4.774094820022583008e-01
-9.957076907157897949e-01
-1.509361118078231812e-01
9.001017212867736816e-01
-8.750344514846801758e-01
1.664884239435195923e-01
-4.924204051494598389e-01
-7.062674164772033691e-01
-2.175387181341648102e-02
6.630268692970275879e-01
-2.076982706785202026e-01
6.523456890136003494e-03
7.458139955997467041e-02
9.703109264373779297e-01
-9.541693329811096191e-01
-7.584764957427978516e-01
9.797672629356384277e-01
-3.891809880733489990e-01
-7.403294444084167480e-01
5.387567281723022461e-01
1.264352053403854370e-01
-2.313077151775360107e-01
-5.653195977210998535e-01
3.177335858345031738e-01
2.838518917560577393e-01
-9.289593100547790527e-01
5.858653783798217773e-01
5.373063683509826660e-01
-4.653194844722747803e-01
-2.571846842765808105e-01
7.567691206932067871e-01
-5.531361103057861328e-01
-8.847961425781250000e-01
-6.465715169906616211e-01
-6.143411248922348022e-02
9.926068186759948730e-01
-7.972044348716735840e-01
5.674954652786254883e-01
-5.857446193695068359e-01
7.696669101715087891e-01
1.767444610595703125e-01
7.590993046760559082e-01
-7.389270663261413574e-01
-9.264938235282897949e-01
-8.329376578330993652e-01
9.356651902198791504e-01
-7.636305689811706543e-01
-7.472092509269714355e-01
6.305345296859741211e-01
6.734231114387512207e-01
-4.577084183692932129e-01
2.329843193292617798e-01
9.539909958839416504e-01
-9.679040908813476562e-01
7.246173620223999023e-01
-9.842528104782104492e-01
-5.232193470001220703e-01
6.420183181762695312e-02
1.406804472208023071e-01
7.674341648817062378e-02
-1.833135634660720825e-01
2.500035166740417480e-01
-2.085342407226562500e-01
7.308567166328430176e-01
-1.203647404909133911e-01
-6.797294616699218750e-01
-4.251186549663543701e-01
9.359045624732971191e-01
-8.901343345642089844e-01
2.012081444263458252e-01
-9.568757414817810059e-01
8.616722375154495239e-02
8.823544979095458984e-01
4.976776987314224243e-02
-6.039657592773437500e-01
-9.427605271339416504e-01
4.435267150402069092e-01
8.780167698860168457e-01
5.115982890129089355e-01
3.276386559009552002e-01
-9.641845226287841797e-01
-9.403805732727050781e-01
-1.427332311868667603e-01
-2.068081498146057129e-01
-7.230008244514465332e-01
9.680731892585754395e-01
3.922618180513381958e-02
8.869333267211914062e-01
-7.810201048851013184e-01
-9.284946918487548828e-01
9.488103389739990234e-01
7.017878293991088867e-01
-8.694868683815002441e-01
-7.720508575439453125e-01
9.710927009582519531e-01
7.809569239616394043e-01
3.537782132625579834e-01
-9.613803029060363770e-01
-9.751557707786560059e-01
-3.013906478881835938e-01
-3.084106557071208954e-02
-3.601067066192626953e-01
2.993913553655147552e-02
9.617293477058410645e-01
-8.285281658172607422e-01
5.265374779701232910e-01
-7.990001440048217773e-01
9.440305829048156738e-01
3.910982012748718262e-01
-8.576241135597229004e-01
-9.337139129638671875e-01
3.376291990280151367e-01
-7.679346203804016113e-01
4.763048887252807617e-01
3.748219609260559082e-01
6.774448752403259277e-01
-6.815230250358581543e-01
-6.975997686386108398e-01
7.419511079788208008e-01
6.150567531585693359e-01
-1.600243598222732544e-01
-9.846964478492736816e-01
-4.658536016941070557e-01
-5.045638680458068848e-01
7.671321630477905273e-01
7.466591000556945801e-01
-9.401992559432983398e-01
-4.665747284889221191e-02
9.679117053747177124e-02
-7.831059098243713379e-01
7.254424691200256348e-01
8.888334035873413086e-01
-4.154495596885681152e-01
-9.576350450515747070e-01
-5.436974763870239258e-01
3.208993375301361084e-01
4.191843420267105103e-02
9.340592026710510254e-01
-4.779437184333801270e-01
4.771379232406616211e-01
3.053138852119445801e-01
-9.429409503936767578e-01
-9.052017331123352051e-01
-3.030068278312683105e-01
9.730125665664672852e-01
-2.145760506391525269e-01
-7.838156819343566895e-01
2.670139446854591370e-02
2.510996162891387939e-01
9.584537148475646973e-01
-3.934257030487060547e-01
2.726376354694366455e-01
7.829958796501159668e-01
-9.956766963005065918e-01
-1.936920732259750366e-01
-9.255744814872741699e-01
-9.532648921012878418e-01
6.400495767593383789e-01
-5.349578708410263062e-02
-6.269252300262451172e-01
7.531962394714355469e-01
7.569535970687866211e-01
5.808025598526000977e-01
-9.609923362731933594e-01
-6.590287685394287109e-01
3.103319704532623291e-01
9.316960722208023071e-02
-5.092669725418090820e-01
2.033313214778900146e-01
1.138752624392509460e-01
-9.634363055229187012e-01
2.607114315032958984e-01
9.153893589973449707e-01
2.247048467397689819e-01
-7.027427554130554199e-01
1.798473447561264038e-01
-7.497882246971130371e-01
2.247312068939208984e-01
-4.140294492244720459e-01
2.668691873550415039e-01
-9.005455672740936279e-02
5.242145061492919922e-01
-8.426971435546875000e-01
6.277292370796203613e-01
6.572629809379577637e-01
-2.685789167881011963e-01
-2.503835260868072510e-01
4.035652056336402893e-02
-8.062670230865478516e-01
-9.256737232208251953e-01
-3.060203194618225098e-01
1.977662555873394012e-02
8.657348155975341797e-01
-2.563409507274627686e-02
7.957931160926818848e-01
3.944328427314758301e-01
-6.201187372207641602e-01
-9.906158447265625000e-01
2.428853660821914673e-01
-8.892259597778320312e-01
9.578332304954528809e-01
-4.503368139266967773e-01
-6.288901567459106445e-01
7.759788036346435547e-01
-9.431635737419128418e-01
-4.144451916217803955e-01
9.817722439765930176e-01
9.403964877128601074e-01
-7.493445873260498047e-01
8.686757683753967285e-01
-9.023105502128601074e-01
-8.149141669273376465e-01
5.806213021278381348e-01
3.586238622665405273e-01
4.966514557600021362e-02
-6.227492690086364746e-01
-6.249498128890991211e-01
-5.587016940116882324e-01
9.234221577644348145e-01
1.131521612405776978e-01
8.345681428909301758e-01
-9.528268575668334961e-01
-1.519171595573425293e-01
-4.377973675727844238e-01
-8.072993159294128418e-01
9.540734291076660156e-01
4.567161574959754944e-02
-6.719409823417663574e-01
7.616389989852905273e-01
6.723055839538574219e-01
-6.551167964935302734e-01
-7.593923211097717285e-01
4.385595619678497314e-01
-6.701733469963073730e-01
4.939829707145690918e-01
1.508379429578781128e-01
-9.454623460769653320e-01
5.374391674995422363e-01
-6.253483891487121582e-01
8.811739087104797363e-01
9.082570672035217285e-02
5.549403429031372070e-01
-9.838593602180480957e-01
5.280053615570068359e-01
-3.245394825935363770e-01
-9.739596247673034668e-01
-6.921818256378173828e-01
6.967357397079467773e-01
-6.347317695617675781e-01
6.428890228271484375e-01
-6.912286281585693359e-01
9.304739832878112793e-01
-4.192664921283721924e-01
-1.534335464239120483e-01
-3.210630416870117188e-01
9.147384166717529297e-01
-7.060540914535522461e-01
-3.000610768795013428e-01
2.652322053909301758e-01
1.075479164719581604e-01
7.134547829627990723e-01
5.047899484634399414e-01
-9.696126580238342285e-01
-6.924454569816589355e-01
-9.384576082229614258e-01
8.394133448600769043e-01
-6.567921489477157593e-02
-5.435705780982971191e-01
-3.330186009407043457e-01
1.829551309347152710e-01
6.801903843879699707e-01
2.619252502918243408e-01
-7.707690596580505371e-01
8.841348290443420410e-01
-2.170644886791706085e-02
-9.542369246482849121e-01
5.641288757324218750e-01
-8.991413116455078125e-01
-6.198370456695556641e-01
9.666152000427246094e-01
-7.651298642158508301e-01
-8.229508996009826660e-01
9.961690902709960938e-01
6.675601005554199219e-01
-6.914727389812469482e-02
9.270909428596496582e-01
-9.951133131980895996e-01
-7.230315208435058594e-01
-4.901629090309143066e-01
-6.956006884574890137e-01
1.255368143320083618e-01
9.074473381042480469e-01
1.953865885734558105e-01
4.027965664863586426e-01
8.774775862693786621e-01
-9.457607269287109375e-01
-7.063226699829101562e-01
-7.140679359436035156e-01
-5.250034928321838379e-01
2.647498846054077148e-01
9.206925034523010254e-01
-9.280087947845458984e-01
-8.018200397491455078e-01
5.205415487289428711e-01
-9.941349178552627563e-02
7.038391232490539551e-01
-5.824822187423706055e-01
4.921522438526153564e-01
9.644221067428588867e-01
2.282837033271789551e-01
-8.532438278198242188e-01
-6.700442433357238770e-01
-9.953309297561645508e-01
4.111011922359466553e-01
-6.743612289428710938e-01
-4.644658416509628296e-03
-3.230092227458953857e-01
9.364897012710571289e-01
5.168391466140747070e-01
-3.394753038883209229e-01
1.700841486454010010e-01
7.270119190216064453e-01
-9.729806780815124512e-01
-9.728687405586242676e-01
7.445099204778671265e-02
9.888989925384521484e-01
-5.693395137786865234e-01
-1.616855263710021973e-01
1.604998707771301270e-01
-8.715711236000061035e-01
4.575664103031158447e-01
2.522785365581512451e-01
-8.766334056854248047e-01
1.781196594238281250e-01
9.599166512489318848e-01
-1.096863299608230591e-01
-9.233753681182861328e-01
-5.744180083274841309e-01
4.114443361759185791e-01
9.451274871826171875e-01
9.076880812644958496e-01
-8.447693586349487305e-01
-3.080350160598754883e-01
-5.878133177757263184e-01
1.681312359869480133e-02
-6.512419581413269043e-01
4.579666256904602051e-01
-9.293166995048522949e-01
8.415944576263427734e-01
3.653410375118255615e-01
3.595026731491088867e-01
-9.957217574119567871e-01
-1.978458911180496216e-01
-7.113833427429199219e-01
9.042226672172546387e-01
6.489048004150390625e-01
-9.261899590492248535e-01
-8.247943520545959473e-01
4.562409818172454834e-01
6.931473016738891602e-01
-2.414645105600357056e-01
-9.546658396720886230e-01
2.785775065422058105e-01
-1.148738488554954529e-01
5.097389817237854004e-01
2.145032882690429688e-01
-7.209668755531311035e-01
7.706176042556762695e-01
2.273895442485809326e-01
-9.708051085472106934e-01
-1.814849674701690674e-01
9.290586113929748535e-01
-9.753596186637878418e-01
-2.638923525810241699e-01
-4.439766407012939453e-01
-1.660090088844299316e-01
9.355858564376831055e-01
9.326750040054321289e-01
-1.776603609323501587e-02
-9.290936589241027832e-01
-9.502805471420288086e-01
-3.141053020954132080e-01
9.597647190093994141e-01
-4.878831803798675537e-01
3.041657209396362305e-01
-8.015018105506896973e-01
8.249059915542602539e-01
3.449761569499969482e-01
-7.066314220428466797e-01
8.841132521629333496e-01
-9.500112533569335938e-01
4.384011030197143555e-01
-2.261402085423469543e-02
-7.231584787368774414e-01
-3.300952957943081856e-03
-6.334729790687561035e-01
-4.610247313976287842e-01
9.830822348594665527e-01
6.631632447242736816e-01
-2.561748325824737549e-01
-9.632726311683654785e-01
-1.373063474893569946e-01
-3.336138427257537842e-01
9.402358531951904297e-01
2.912319004535675049e-01
-4.758921861648559570e-01
3.344937264919281006e-01
-9.491690397262573242e-01
-4.816767275333404541e-01
7.447382211685180664e-01
-4.922536015510559082e-01
4.613060355186462402e-01
1.813599467277526855e-01
-8.510136008262634277e-01
4.189530313014984131e-01
7.728538513183593750e-01
-8.562682271003723145e-01
-5.782612562179565430e-01
5.891156792640686035e-01
-7.240773737430572510e-02
-4.163122475147247314e-01
-6.472938656806945801e-01
8.795783519744873047e-01
-7.831667363643646240e-02
-7.874907851219177246e-01
8.933550119400024414e-01
-8.504102230072021484e-01
6.247036457061767578e-01
-2.470231354236602783e-01
8.395423293113708496e-01
-9.658273458480834961e-01
1.452448964118957520e-01
-1.699640005826950073e-01
-7.045805454254150391e-01
-1.131696701049804688e-01
3.359023332595825195e-01
-4.034798145294189453e-01
6.143100261688232422e-01
5.158358812332153320e-01
4.252108931541442871e-01
-2.044683992862701416e-01
-9.618088006973266602e-01
-9.029487371444702148e-01
-6.372881531715393066e-01
4.278990924358367920e-01
4.024563729763031006e-01
-9.288449883460998535e-01
8.082476854324340820e-01
4.900641739368438721e-01
5.229341983795166016e-01
-6.669106483459472656e-01
-5.255495309829711914e-01
-4.122228026390075684e-01
8.508813977241516113e-01
-2.008799016475677490e-01
-8.854097723960876465e-01
6.546358466148376465e-01
6.582642793655395508e-01
-8.356355428695678711e-01
-8.357862830162048340e-01
5.979036688804626465e-01
4.248639643192291260e-01
-7.528999447822570801e-01
-2.311159819364547729e-01
2.676890492439270020e-01
2.647170722484588623e-01
-4.596106410026550293e-01
6.367468833923339844e-01
-8.159469366073608398e-01
8.683298230171203613e-01
2.201282978057861328e-01
-7.066751122474670410e-01
-5.456130504608154297e-01
-8.693894147872924805e-01
8.971524983644485474e-02
6.791747212409973145e-01
-3.561993837356567383e-01
8.795020729303359985e-02
3.894161283969879150e-01
5.081219077110290527e-01
-4.541330933570861816e-01
-2.499078512191772461e-01
-5.863161087036132812e-01
6.511273384094238281e-01
-6.617608666419982910e-01
7.249566316604614258e-01
-1.401624083518981934e-01
-7.063716650009155273e-01
3.925864994525909424e-01
8.223471641540527344e-01
-9.757202863693237305e-01
4.513669908046722412e-01
-5.167793035507202148e-01
-9.320033192634582520e-01
-3.833579719066619873e-01
7.812557220458984375e-01
6.444534659385681152e-01
-9.287761449813842773e-01
2.875345647335052490e-01
6.419389247894287109e-01
-7.854626178741455078e-01
1.675646454095840454e-01
-5.390673875808715820e-01
9.579014182090759277e-01
-5.731463432312011719e-02
-8.341443538665771484e-01
5.068058967590332031e-01
-9.170802831649780273e-01
-8.399243354797363281e-01
8.506021499633789062e-01
8.860891312360763550e-02
-1.782986223697662354e-01
-5.937367677688598633e-01
-1.600905209779739380e-01
9.667323827743530273e-01
8.119554519653320312e-01
-8.733421564102172852e-01
-9.191790819168090820e-01
6.925737261772155762e-01
-3.532597720623016357e-01
8.090599775314331055e-01
-8.368426561355590820e-01
-2.714382410049438477e-01
6.159000992774963379e-01
-2.086202614009380341e-02
-9.754967689514160156e-01
4.699309766292572021e-01
9.099581837654113770e-01
-7.162935137748718262e-01
-8.640010356903076172e-01
7.829529047012329102e-01
2.405117601156234741e-01
-3.341079056262969971e-01
-3.096207976341247559e-01
-4.399226605892181396e-01
4.809811711311340332e-01
7.113611102104187012e-01
-9.849321246147155762e-01
7.262023091316223145e-01
-3.442035987973213196e-02
-7.783150076866149902e-01
-8.140994906425476074e-01
-5.042377710342407227e-01
8.291921019554138184e-01
-1.603187471628189087e-01
3.944346010684967041e-01
3.503113687038421631e-01
-9.371461272239685059e-01
3.136450052261352539e-01
-5.805436968803405762e-01
7.471244335174560547e-01
9.362259507179260254e-01
-9.747098088264465332e-01
-8.746204376220703125e-01
4.685128480195999146e-02
-5.573950707912445068e-02
6.771612167358398438e-01
6.735510826110839844e-01
-9.652720689773559570e-01
-1.360874921083450317e-01
-2.023087590932846069e-01
5.306519269943237305e-01
-8.912926316261291504e-01
6.571853756904602051e-01
-7.433031499385833740e-02
-5.327567458152770996e-01
1.825882047414779663e-01
-7.099013328552246094e-01
7.347290515899658203e-01
2.271653711795806885e-01
1.621404141187667847e-01
-8.938185572624206543e-01
-8.914975523948669434e-01
5.169534087181091309e-01
3.718513250350952148e-01
-7.360570430755615234e-01
-2.005899697542190552e-01
1.004691887646913528e-02
7.283099889755249023e-01
9.274971485137939453e-01
-9.629784822463989258e-01
-7.896190285682678223e-01
2.348353713750839233e-01
-2.882913947105407715e-01
6.075742244720458984e-01
8.872155547142028809e-01
-9.776050448417663574e-01
-8.545736074447631836e-01
-8.021206855773925781e-01
5.981761813163757324e-01
9.768479466438293457e-01
-2.235461175441741943e-01
-8.486170768737792969e-01
4.363189637660980225e-01
8.534287810325622559e-01
-7.279787212610244751e-02
-9.322832226753234863e-01
8.298976421356201172e-01
-8.802779912948608398e-01
-6.426871418952941895e-01
8.743532896041870117e-01
-3.150765299797058105e-01
-8.292307853698730469e-01
1.501338928937911987e-01
8.847559094429016113e-01
-9.567543268203735352e-01
-2.501136064529418945e-01
9.254736900329589844e-01
4.432345032691955566e-01
6.852877140045166016e-01
-8.107844591140747070e-01
-9.275872707366943359e-01
-8.732525110244750977e-01
-5.676456689834594727e-01
1.281894892454147339e-01
-1.583944447338581085e-02
9.275646209716796875e-01
-7.434657216072082520e-01
8.303332924842834473e-01
1.194390952587127686e-01
-5.386971235275268555e-01
9.808016419410705566e-01
-2.105115726590156555e-02
-1.056460961699485779e-01
-9.157229661941528320e-01
1.503576189279556274e-01
-7.109336853027343750e-01
-2.198257595300674438e-01
-6.947627663612365723e-01
2.212931960821151733e-02
9.583300352096557617e-01
1.582431048154830933e-01
2.560103833675384521e-01
-9.928625226020812988e-01
7.235043216496706009e-03
4.938596785068511963e-01
-8.881447911262512207e-01
7.450516819953918457e-01
7.934648394584655762e-01
4.832920134067535400e-01
-8.881215453147888184e-01
-9.024544954299926758e-01
8.744564056396484375e-01
-9.869529604911804199e-01
-2.369651347398757935e-01
-3.721309304237365723e-01
-4.658252596855163574e-01
6.701142787933349609e-01
-7.719888091087341309e-01
7.166926264762878418e-01
1.672506332397460938e-04
6.029835343360900879e-01
5.826494693756103516e-01
-9.630056619644165039e-01
-5.794396400451660156e-01
2.990593910217285156e-01
-1.799726784229278564e-01
8.735562562942504883e-01
-9.736562967300415039e-01
-6.485600471496582031e-01
5.607482790946960449e-01
-7.810062170028686523e-01
8.731476068496704102e-01
-8.428937792778015137e-01
4.406378269195556641e-01
-4.202507436275482178e-02
2.664623856544494629e-01
-4.045872092247009277e-01
-9.025099277496337891e-01
9.830677509307861328e-01
2.177646607160568237e-01
6.132130622863769531e-01
-4.841891229152679443e-01
-8.202489018440246582e-01
1.246638894081115723e-01
5.336152911186218262e-01
-5.557399392127990723e-01
-9.288620352745056152e-01
-6.692849993705749512e-01
9.736142158508300781e-01
1.275486350059509277e-01
-2.049254477024078369e-01
-2.930704057216644287e-01
6.463763713836669922e-01
6.364811658859252930e-01
3.075419366359710693e-01
-9.903427958488464355e-01
4.794833064079284668e-01
6.979944705963134766e-01
-8.990362882614135742e-01
-9.900516867637634277e-01
-8.852511048316955566e-01
-2.934834659099578857e-01
9.384195208549499512e-01
7.630032300949096680e-01
-8.440357446670532227e-01
-8.509839773178100586e-01
9.523538351058959961e-01
2.782919108867645264e-01
-3.209463059902191162e-01
-1.034304150380194187e-03
7.486247420310974121e-01
-9.386896491050720215e-01
9.436082243919372559e-01
-5.190023779869079590e-01
1.005490571260452271e-01
-8.324766159057617188e-01
3.707486391067504883e-01
2.416984438896179199e-01
6.485125422477722168e-01
-6.835429668426513672e-01
-8.965311646461486816e-01
8.315431475639343262e-01
-8.164397478103637695e-01
-6.288400292396545410e-01
8.171075582504272461e-01
-6.343200802803039551e-01
-5.079934000968933105e-01
-2.518252432346343994e-01
1.155780479311943054e-01
9.946455359458923340e-01
2.406502962112426758e-01
-2.282972633838653564e-01
-1.908277720212936401e-01
9.347405433654785156e-01
-3.433748781681060791e-01
-8.518280982971191406e-01
-6.229886412620544434e-01
1.259473860263824463e-01
5.230921506881713867e-01
4.015364944934844971e-01
-4.228223264217376709e-01
-9.389067292213439941e-01
-5.806221961975097656e-01
-1.631066948175430298e-01
8.950309157371520996e-01
7.989656925201416016e-01
4.842295646667480469e-01
-9.733470082283020020e-01
-6.225678920745849609e-01
-3.669753968715667725e-01
9.786547422409057617e-01
-2.752898335456848145e-01
-3.824660480022430420e-01
-1.128853410482406616e-01
-1.114567592740058899e-01
8.974585533142089844e-01
1.271744668483734131e-01
-9.537729620933532715e-01
-5.000858306884765625e-01
5.833892822265625000e-01
8.701268434524536133e-01
-8.025421500205993652e-01
3.236289694905281067e-02
-6.297186613082885742e-01
-8.548879623413085938e-01
9.790011644363403320e-01
2.942660748958587646e-01
7.726681232452392578e-01
-9.755216240882873535e-01
3.363639414310455322e-01
-9.710587263107299805e-01
4.738698601722717285e-01
-1.382745616137981415e-02
-7.371561527252197266e-01
9.241704940795898438e-01
-6.038705110549926758e-01
-8.279615640640258789e-01
9.722459912300109863e-01
-6.384193897247314453e-01
-8.148308396339416504e-01
-2.082040905952453613e-02
7.127261161804199219e-01
5.312636494636535645e-01
8.297858238220214844e-01
-7.393122315406799316e-01
-9.817085862159729004e-01
6.694738864898681641e-01
-8.074403554201126099e-02
-3.867296278476715088e-01
4.506360888481140137e-01
-9.354776740074157715e-01
8.756781220436096191e-01
-5.868713855743408203e-01
-2.452248334884643555e-01
7.682172209024429321e-02
-3.276683390140533447e-01
7.448923587799072266e-01
7.884227037429809570e-01
-9.867961406707763672e-01
-8.128082156181335449e-01
7.749533057212829590e-01
-3.765319287776947021e-01
8.333669900894165039e-01
-7.397300004959106445e-01
3.226422071456909180e-01
-9.694454669952392578e-01
-7.613435387611389160e-01
7.855401039123535156e-01
-9.569988846778869629e-01
-5.477930307388305664e-01
8.773443102836608887e-01
7.285243272781372070e-01
6.775330901145935059e-01
-7.050254344940185547e-01
5.628326535224914551e-01
-2.121074944734573364e-01
-8.478133678436279297e-01
-9.309159517288208008e-01
-1.437294930219650269e-01
9.518916606903076172e-01
-9.251239299774169922e-01
8.443526029586791992e-01
7.055368423461914062e-01
-8.249179720878601074e-01
-9.757384657859802246e-01
9.331271052360534668e-01
4.960332214832305908e-01
5.685871839523315430e-02
-8.628762960433959961e-01
-3.889800310134887695e-01
-4.053512513637542725e-01
-5.181037783622741699e-01
8.391065001487731934e-01
7.076818346977233887e-01
6.172717213630676270e-01
-9.769166707992553711e-01
-4.571384191513061523e-01
7.650403976440429688e-01
-9.000089168548583984e-01
-4.487758278846740723e-01
-7.024279832839965820e-01
4.427721798419952393e-01
4.528520703315734863e-01
-7.407513260841369629e-01
6.007274389266967773e-01
-3.515671193599700928e-01
6.307631731033325195e-01
-6.372270584106445312e-01
9.968551993370056152e-01
-8.928212523460388184e-02
-6.146057844161987305e-01
-4.957682192325592041e-01
5.544587373733520508e-01
-6.399248242378234863e-01
-8.237634897232055664e-01
9.816564321517944336e-01
9.253340363502502441e-01
5.768672227859497070e-01
-8.855421543121337891e-01
-5.800306797027587891e-01
-9.124377369880676270e-01
6.376651525497436523e-01
-9.792754054069519043e-01
-5.063931345939636230e-01
8.407704830169677734e-01
-3.661292493343353271e-01
-4.970607459545135498e-01
6.640506982803344727e-01
-4.230696335434913635e-02
3.168875873088836670e-01
6.069942712783813477e-01
-8.254762738943099976e-02
-8.719308972358703613e-01
-3.828882053494453430e-02
7.449766993522644043e-01
-9.867090582847595215e-01
-9.071320891380310059e-01
-1.141084060072898865e-01
8.576519489288330078e-01
-7.175021618604660034e-02
2.448627948760986328e-01
4.219689220190048218e-02
3.830252885818481445e-01
6.968501210212707520e-01
-2.333677709102630615e-01
-9.955455064773559570e-01
-8.747297525405883789e-01
2.430417239665985107e-01
-8.396790623664855957e-01
-9.889931976795196533e-02
5.998731777071952820e-02
9.534468650817871094e-01
6.745293736457824707e-01
-9.699041247367858887e-01
2.013325393199920654e-01
7.847585082054138184e-01
-9.807182550430297852e-01
-7.852921485900878906e-01
3.093854784965515137e-01
5.775704383850097656e-01
5.339941382408142090e-01
-5.287295579910278320e-01
-7.823941707611083984e-01
3.891781270503997803e-01
-8.565133810043334961e-01
8.311597108840942383e-01
-9.055773615837097168e-01
-6.698523163795471191e-01
1.384223997592926025e-01
2.234396338462829590e-01
9.421008229255676270e-01
7.076702117919921875e-01
-8.442242741584777832e-01
-6.962642073631286621e-01
-7.646853923797607422e-01
7.406304478645324707e-01
9.640644788742065430e-01
-5.940570235252380371e-01
2.542138099670410156e-04
4.214656949043273926e-01
-8.495900779962539673e-02
-9.706940054893493652e-01
-3.151134252548217773e-01
2.378029376268386841e-01
-1.505688279867172241e-01
8.096330761909484863e-01
-9.136068820953369141e-01
1.547729521989822388e-01
2.703623473644256592e-01
-7.909105420112609863e-01
7.981857657432556152e-01
-8.351323008537292480e-01
5.464975908398628235e-02
-6.450251340866088867e-01
5.659656524658203125e-01
3.512696921825408936e-01
7.275311946868896484e-01
1.971907168626785278e-02
-8.888081312179565430e-01
4.709082841873168945e-01
-4.894510805606842041e-01
-7.005636692047119141e-01
-8.808798342943191528e-02
3.190463781356811523e-02
-3.756868243217468262e-01
-1.598071753978729248e-01
2.142163813114166260e-01
1.571354717016220093e-01
6.407074332237243652e-01
-7.550488114356994629e-01
-4.776304960250854492e-01
9.313555359840393066e-01
7.266820669174194336e-01
-3.535200059413909912e-01
-3.482950329780578613e-01
-9.710343480110168457e-01
-8.223353624343872070e-01
8.364934325218200684e-01
6.805067062377929688e-01
3.439654111862182617e-01
-9.965491294860839844e-01
-8.791221380233764648e-01
2.707237005233764648e-02
9.865973591804504395e-01
2.912280857563018799e-01
-4.220472872257232666e-01
-6.107746958732604980e-01
5.751598477363586426e-01
7.179605215787887573e-02
-7.992444038391113281e-01
-6.451883316040039062e-01
2.435759603977203369e-01
8.760709762573242188e-01
7.962003350257873535e-01
-7.421656847000122070e-01
-6.627300977706909180e-01
3.407012224197387695e-01
2.921305894851684570e-01
-4.491273164749145508e-01
-3.859102434944361448e-04
-4.215244054794311523e-01
6.003711223602294922e-01
-9.857314825057983398e-01
-4.587277770042419434e-01
-3.681056499481201172e-01
9.944101572036743164e-01
-5.877503752708435059e-01
8.502719998359680176e-01
7.360870838165283203e-01
-7.194198966026306152e-01
3.077706992626190186e-01
-6.549024581909179688e-01
1.914642155170440674e-01
-3.636142611503601074e-01
-1.152619719505310059e-01
1.918298602104187012e-01
-4.493540525436401367e-01
-9.426745772361755371e-01
4.132550060749053955e-01
8.868396282196044922e-01
2.060121893882751465e-01
-8.498146533966064453e-01
3.737720251083374023e-01
-3.770068585872650146e-01
-9.235427975654602051e-01
-4.449603259563446045e-01
9.544389843940734863e-01
5.478022098541259766e-01
-5.989197492599487305e-01
7.482993602752685547e-01
-8.073515892028808594e-01
-1.846802234649658203e-01
8.326607346534729004e-01
-8.915303945541381836e-01
6.964085102081298828e-01
2.699541151523590088e-01
-8.179435133934020996e-01
-6.864335536956787109e-01
-3.597601354122161865e-01
-7.231287360191345215e-01
1.737289279699325562e-01
8.505792021751403809e-01
9.371482133865356445e-01
-1.245165765285491943e-01
-4.337746500968933105e-01
9.065347313880920410e-01
-9.550032019615173340e-01
-3.166775107383728027e-01
-2.604260742664337158e-01
-9.735240340232849121e-01
3.358679711818695068e-01
4.469248652458190918e-01
-3.646716773509979248e-01
-6.318548917770385742e-01
3.445855081081390381e-01
-7.664119005203247070e-01
7.484092116355895996e-01
6.693959832191467285e-01
-4.047293663024902344e-01
6.773074269294738770e-01
5.636541843414306641e-01
-7.932215929031372070e-01
-2.013405412435531616e-01
-1.566197276115417480e-01
-8.707888126373291016e-01
-1.714446768164634705e-02
-2.646393179893493652e-01
8.864700198173522949e-01
-5.602825284004211426e-01
-4.588608741760253906e-01
3.468035757541656494e-01
4.689477682113647461e-01
-6.087318062782287598e-01
4.279670715332031250e-01
5.183145403861999512e-01
-9.553877115249633789e-01
-4.203001558780670166e-01
