-6.750532984733581543e-01
2.053965777158737183e-01
-6.428559422492980957e-01
7.519329190254211426e-01
-6.684137582778930664e-01
7.576758265495300293e-01
-4.510148465633392334e-01
-5.602861046791076660e-01
-2.766069471836090088e-01
3.424408733844757080e-01
1.703184396028518677e-01
3.776943311095237732e-02
-2.724968595430254936e-03
-2.012616693973541260e-01
-6.480469107627868652e-01
-8.293006420135498047e-01
1.547817438840866089e-01
4.642887115478515625e-01
-1.813178658485412598e-01
-3.640126883983612061e-01
4.473149776458740234e-01
3.848806321620941162e-01
-1.851545721292495728e-01
-7.248815298080444336e-01
-9.351346492767333984e-01
9.574843570590019226e-03
9.207820892333984375e-01
-7.287805676460266113e-01
4.185784757137298584e-01
-6.861729025840759277e-01
-1.779003143310546875e-01
4.241307973861694336e-01
-3.033593595027923584e-01
3.374502956867218018e-01
-1.859833598136901855e-01
-4.482578039169311523e-01
-3.018781840801239014e-01
-4.078190028667449951e-01
-2.451872229576110840e-01
6.089472174644470215e-01
-7.599961161613464355e-01
-2.532198429107666016e-01
-1.806046962738037109e-01
8.506413698196411133e-01
-5.789125803858041763e-03
3.967325985431671143e-01
4.529335200786590576e-01
-6.048332899808883667e-02
-9.564082622528076172e-01
5.366761088371276855e-01
-9.280443191528320312e-01
-5.273370146751403809e-01
-4.021245539188385010e-01
-2.930435352027416229e-03
-3.291221261024475098e-01
-2.667071521282196045e-01
2.169753760099411011e-01
8.506972342729568481e-02
-1.294616162776947021e-01
1.774678528308868408e-01
4.830902218818664551e-01
-3.566068112850189209e-01
-5.295934677124023438e-01
-8.410066962242126465e-01
8.597335219383239746e-01
1.176691893488168716e-02
-2.310508936643600464e-01
-1.657861769199371338e-01
-8.978390693664550781e-02
-2.431209832429885864e-01
-7.119432091712951660e-02
-2.350157201290130615e-01
-7.316054701805114746e-01
3.271930217742919922e-01
2.490878850221633911e-01
-6.416626572608947754e-01
-2.745331525802612305e-01
8.715705871582031250e-01
1.267931908369064331e-01
-9.993994235992431641e-02
-8.842617273330688477e-01
-9.401555657386779785e-01
-4.460867345333099365e-01
5.449470281600952148e-01
6.494692564010620117e-01
-7.830650210380554199e-01
8.749598860740661621e-01
-8.183771371841430664e-01
-8.977115154266357422e-01
2.630464136600494385e-01
-4.684560298919677734e-01
8.707697987556457520e-01
4.955435097217559814e-01
8.523487299680709839e-02
-9.124013781547546387e-01
-8.377757668495178223e-01
-4.173047468066215515e-02
-1.168794408440589905e-01
-7.032404541969299316e-01
5.328917503356933594e-01
-7.711140513420104980e-01
3.859332203865051270e-01
-3.215220868587493896e-01
-2.171113044023513794e-01
6.131758093833923340e-01
-8.601472973823547363e-01
3.514356315135955811e-01
-7.127100825309753418e-01
6.463919281959533691e-01
-6.412531137466430664e-01
3.020415902137756348e-01
-2.844411134719848633e-01
-6.721818447113037109e-01
-6.140006780624389648e-01
-1.381990611553192139e-01
6.656131148338317871e-01
-4.277647137641906738e-01
1.518149524927139282e-01
-4.729215800762176514e-01
6.789345145225524902e-01
-5.549529194831848145e-01
2.757499814033508301e-01
-4.276504516601562500e-01
1.785191744565963745e-01
7.794161885976791382e-02
-1.858009248971939087e-01
-5.771242380142211914e-01
-7.829107642173767090e-01
1.197450682520866394e-01
3.758161664009094238e-01
-9.676219820976257324e-01
-8.560636639595031738e-01
6.089006662368774414e-01
-6.104996800422668457e-01
-2.039037048816680908e-01
4.228560030460357666e-01
2.535320818424224854e-01
7.039530873298645020e-01
-8.898569345474243164e-01
-3.981595039367675781e-01
-2.002120316028594971e-01
-6.776202917098999023e-01
6.013542413711547852e-01
-7.363882064819335938e-01
-4.117065966129302979e-01
2.948663011193275452e-02
-1.676370501518249512e-01
2.519006142392754555e-03
-3.827680945396423340e-01
1.171567961573600769e-01
1.739043556153774261e-02
5.547091364860534668e-01
-7.893503308296203613e-01
-8.014353513717651367e-01
3.976837396621704102e-01
-5.820177197456359863e-01
1.014755666255950928e-01
1.884122192859649658e-01
-4.322207272052764893e-01
-2.095891386270523071e-01
-2.355528995394706726e-02
-2.418830096721649170e-01
-5.745304226875305176e-01
3.750402629375457764e-01
-6.570849418640136719e-01
-4.105964899063110352e-01
4.549327492713928223e-01
7.181207835674285889e-02
-1.812979020178318024e-02
8.788970112800598145e-02
-6.499428749084472656e-01
-2.440476864576339722e-01
-6.412659883499145508e-01
-9.194819927215576172e-01
7.937662005424499512e-01
1.359751373529434204e-01
4.270536601543426514e-01
1.456905305385589600e-01
-4.782613217830657959e-01
-3.873388469219207764e-01
-5.466100573539733887e-01
-2.876826524734497070e-01
6.257829070091247559e-01
-6.689264178276062012e-01
-7.822916507720947266e-01
2.421071827411651611e-01
-6.400437951087951660e-01
5.179240107536315918e-01
1.783735901117324829e-01
-6.465157270431518555e-01
-3.241968154907226562e-01
5.703800916671752930e-01
-3.468885123729705811e-01
-8.238251805305480957e-01
2.693248093128204346e-01
-1.677859425544738770e-01
-1.629116535186767578e-01
2.445290563628077507e-03
-5.807567238807678223e-01
-6.627290248870849609e-01
-3.967979922890663147e-02
7.856525182723999023e-01
-6.457375884056091309e-01
-4.385791420936584473e-01
-5.840446949005126953e-01
6.712003946304321289e-01
-5.578017830848693848e-01
5.737402439117431641e-01
-4.087668061256408691e-01
1.023657270707190037e-03
-6.376062631607055664e-01
-7.587532997131347656e-01
7.504619359970092773e-01
-3.835383951663970947e-01
-4.487343728542327881e-01
-3.571871519088745117e-01
-1.175122987478971481e-02
2.911083996295928955e-01
3.407738208770751953e-01
-8.846001029014587402e-01
-2.168136835098266602e-01
-3.079413473606109619e-01
-3.055591583251953125e-01
-4.009498357772827148e-01
-4.203683882951736450e-02
-1.688388548791408539e-02
-4.547674208879470825e-02
-6.485120058059692383e-01
4.188649356365203857e-01
-6.571892499923706055e-01
-1.086019054055213928e-01
-7.888607382774353027e-01
7.419779300689697266e-01
-4.786029458045959473e-01
6.304051280021667480e-01
-3.424117267131805420e-01
-7.881909012794494629e-01
-2.276484370231628418e-01
-7.975368946790695190e-02
5.115889310836791992e-01
-4.330714643001556396e-01
-4.115082323551177979e-01
-8.484858274459838867e-01
-6.881127953529357910e-01
-2.787538766860961914e-01
8.961419463157653809e-01
-5.096279382705688477e-01
4.115901514887809753e-02
-1.888076812028884888e-01
-6.385261416435241699e-01
3.889845609664916992e-01
-1.491849720478057861e-01
-6.273857355117797852e-01
4.610453546047210693e-01
-8.589459061622619629e-01
9.470477700233459473e-02
8.873687386512756348e-01
-8.583031892776489258e-01
1.765041053295135498e-01
-6.734471321105957031e-01
-7.644692063331604004e-01
-4.373606741428375244e-01
2.523022890090942383e-01
4.978955686092376709e-01
-7.622885107994079590e-01
-2.269644439220428467e-01
-7.074701786041259766e-01
4.350960552692413330e-01
-3.243734836578369141e-01
5.436303019523620605e-01
-1.152951717376708984e-01
-5.795039534568786621e-01
-1.206664815545082092e-01
-3.510240316390991211e-01
-9.535115957260131836e-01
7.983699440956115723e-01
-9.207445979118347168e-01
-2.865102291107177734e-01
-1.400899738073348999e-01
2.930767536163330078e-01
5.055539011955261230e-01
-5.791637301445007324e-01
-8.151122331619262695e-01
2.589351832866668701e-01
1.288124322891235352e-01
4.789146035909652710e-02
-6.096971631050109863e-01
1.644162088632583618e-02
-8.059030771255493164e-01
-4.379478991031646729e-01
3.074434995651245117e-01
-1.039405688643455505e-01
6.808090209960937500e-01
-6.414488554000854492e-01
2.810799181461334229e-01
-7.122998833656311035e-01
-2.495132386684417725e-01
-9.909162670373916626e-02
-3.701964020729064941e-01
-7.134897112846374512e-01
1.264324635267257690e-01
2.703858315944671631e-01
-2.292526364326477051e-01
-4.604330956935882568e-01
-3.083691895008087158e-01
1.382650583982467651e-01
6.088026165962219238e-01
-7.815436124801635742e-01
-7.336531281471252441e-01
4.628206193447113037e-01
-3.805561065673828125e-01
-2.375463396310806274e-01
4.665558636188507080e-01
-8.654742836952209473e-01
-2.058462947607040405e-01
9.941586852073669434e-02
-6.417309641838073730e-01
1.227771118283271790e-01
-2.224238365888595581e-01
-7.739877700805664062e-02
-3.544885814189910889e-01
1.225824654102325439e-01
2.095227539539337158e-01
-5.414316058158874512e-01
-8.337014913558959961e-01
6.032654047012329102e-01
-7.948404550552368164e-01
2.435506135225296021e-01
-5.212959051132202148e-01
5.873875692486763000e-02
-2.045095860958099365e-01
-5.134212970733642578e-01
3.836058080196380615e-01
-6.746874451637268066e-01
-7.278622388839721680e-01
6.878639459609985352e-01
-3.529603183269500732e-01
-8.331032991409301758e-01
-8.346995711326599121e-02
3.120804429054260254e-01
3.963945806026458740e-01
-7.522211670875549316e-01
-9.384512901306152344e-01
7.250817418098449707e-01
-4.390321671962738037e-01
-4.378568530082702637e-01
6.602762639522552490e-02
-6.696771979331970215e-01
2.086152434349060059e-01
-4.781103730201721191e-01
-4.553574025630950928e-01
7.733260989189147949e-01
-3.108960688114166260e-01
-5.051360726356506348e-01
-6.808128952980041504e-01
-3.645716607570648193e-01
4.124152660369873047e-01
6.319304704666137695e-01
1.830735653638839722e-01
-7.672150135040283203e-01
-6.681131720542907715e-01
-3.902256190776824951e-01
-3.662844598293304443e-01
-6.104231476783752441e-01
7.031363248825073242e-01
9.863690286874771118e-02
-1.011711955070495605e-01
8.469603210687637329e-02
-7.250012755393981934e-01
4.907893761992454529e-02
-5.203040838241577148e-01
-4.613366127014160156e-01
1.230206787586212158e-01
-3.911105692386627197e-01
6.411726772785186768e-02
2.003244906663894653e-01
-6.532640457153320312e-01
-5.055940151214599609e-01
-5.153192281723022461e-01
-5.436224341392517090e-01
5.475544333457946777e-01
4.192081689834594727e-01
-5.052977204322814941e-01
-1.705348044633865356e-01
-4.936286807060241699e-01
-2.847067713737487793e-01
-5.529951453208923340e-01
3.294413387775421143e-01
7.112414240837097168e-01
-7.655422687530517578e-01
6.469218730926513672e-01
-6.921795606613159180e-01
-8.922607898712158203e-01
-6.516613364219665527e-01
-3.698771297931671143e-01
7.235802412033081055e-01
-9.029405117034912109e-01
1.745901815593242645e-02
3.506482541561126709e-01
-1.284223347902297974e-01
-4.522850513458251953e-01
6.896373033523559570e-01
-9.629638791084289551e-01
-1.175996363162994385e-01
-3.728812336921691895e-01
2.729096114635467529e-01
-6.124268174171447754e-01
-6.833201050758361816e-01
-3.096021115779876709e-01
1.169286221265792847e-01
2.698706984519958496e-01
-4.656125903129577637e-01
-5.784985423088073730e-01
-1.075709611177444458e-02
-2.418775260448455811e-01
-2.965379655361175537e-01
8.510159701108932495e-02
-1.905285865068435669e-01
-4.168044775724411011e-02
-2.790529727935791016e-01
-3.300316631793975830e-01
-5.854549407958984375e-01
-7.550827264785766602e-01
2.776005864143371582e-01
8.920717835426330566e-01
9.279780387878417969e-01
9.512423276901245117e-01
9.363018870353698730e-01
-2.110530883073806763e-01
-9.086300730705261230e-01
-5.549838542938232422e-01
-9.631344079971313477e-01
-1.441350728273391724e-01
-7.656672596931457520e-01
-4.574067592620849609e-01
-7.214317917823791504e-01
-8.594377040863037109e-01
-7.179597616195678711e-01
-6.128332018852233887e-01
6.646743416786193848e-01
-5.079334378242492676e-01
8.474087342619895935e-03
-6.961206197738647461e-01
-6.736925840377807617e-01
-7.159448862075805664e-01
-5.278253555297851562e-01
9.483114480972290039e-01
-7.551231384277343750e-01
4.835714995861053467e-01
-5.022476315498352051e-01
-8.439871668815612793e-02
-5.623997449874877930e-01
-7.073958218097686768e-02
-7.114040106534957886e-02
2.870972752571105957e-01
-6.066688299179077148e-01
-3.697434067726135254e-01
2.242303341627120972e-01
5.706122145056724548e-02
3.981192409992218018e-01
-9.440628290176391602e-01
-8.856250643730163574e-01
-5.015267729759216309e-01
7.149122357368469238e-01
-2.419565916061401367e-01
8.695564270019531250e-01
-7.049677371978759766e-01
-4.211575686931610107e-01
3.716479837894439697e-01
2.169849574565887451e-01
-4.153136610984802246e-01
1.069585159420967102e-01
3.568451702594757080e-01
-7.568933367729187012e-01
-3.193961083889007568e-01
-4.213710129261016846e-01
3.236415386199951172e-01
2.684383094310760498e-01
-4.351501464843750000e-01
2.006579041481018066e-01
-5.467408299446105957e-01
1.742822527885437012e-01
-2.373752593994140625e-01
8.058873414993286133e-01
-5.167411565780639648e-01
-7.516393661499023438e-01
-4.229036569595336914e-01
6.108308434486389160e-01
-5.849158167839050293e-01
2.589413225650787354e-01
-3.678899407386779785e-01
1.892126165330410004e-02
-3.763230144977569580e-01
-7.227305173873901367e-01
6.775062680244445801e-01
2.322618067264556885e-01
-4.011582136154174805e-01
2.603978216648101807e-01
3.070619404315948486e-01
-2.310931980609893799e-01
-3.149975538253784180e-01
-2.743008434772491455e-01
-6.610265970230102539e-01
-4.945597946643829346e-01
-4.684706330299377441e-01
6.387953758239746094e-01
-1.998884081840515137e-01
8.494018912315368652e-01
-8.503968119621276855e-01
6.634965538978576660e-01
2.795373089611530304e-02
-2.404518127441406250e-01
