-4.561724364757537842e-01
1.315485686063766479e-01
-4.198957383632659912e-01
1.934044659137725830e-01
-7.913735508918762207e-01
-8.209165930747985840e-02
-7.406131029129028320e-01
9.214706420898437500e-01
-6.470386981964111328e-01
5.232131481170654297e-01
-3.535026609897613525e-01
7.503446936607360840e-02
-2.399019896984100342e-02
2.593903839588165283e-01
-6.117212176322937012e-01
-9.330007433891296387e-01
6.191144585609436035e-01
-8.155485391616821289e-01
-5.440382361412048340e-01
-8.528394699096679688e-01
-9.675908684730529785e-01
6.404581665992736816e-01
-9.657770395278930664e-01
7.875434756278991699e-01
-9.610508680343627930e-01
-4.052099958062171936e-02
8.669664263725280762e-01
1.195913404226303101e-01
4.940854609012603760e-01
-9.441546797752380371e-01
-5.980323553085327148e-01
7.893853187561035156e-01
-8.163349330425262451e-02
7.349650263786315918e-01
3.521539568901062012e-01
6.840872764587402344e-01
5.397121310234069824e-01
7.197539806365966797e-01
8.493254184722900391e-01
6.573203951120376587e-02
7.594349384307861328e-01
-8.340670466423034668e-01
-3.514273464679718018e-01
-5.600659251213073730e-01
2.931339740753173828e-01
3.986378610134124756e-01
-7.584523558616638184e-01
8.727256655693054199e-01
-8.012974858283996582e-01
1.503762155771255493e-01
-9.744329452514648438e-01
-9.132691621780395508e-01
5.220191478729248047e-01
-5.002330541610717773e-01
5.507625341415405273e-01
5.729367211461067200e-02
1.329809278249740601e-01
8.478454351425170898e-01
-1.662695705890655518e-01
5.938920378684997559e-01
6.579301357269287109e-01
-5.017182230949401855e-01
9.743027687072753906e-01
4.371118843555450439e-01
-1.831214278936386108e-01
-2.127889841794967651e-01
-3.304829001426696777e-01
-4.794075191020965576e-01
-8.493874073028564453e-01
-9.258466362953186035e-01
8.694469332695007324e-01
-6.819186806678771973e-01
9.571155309677124023e-01
-3.085040152072906494e-01
1.476541012525558472e-01
-6.347307562828063965e-01
-4.648229181766510010e-01
-7.192154526710510254e-01
-9.618014693260192871e-01
1.017165780067443848e-01
3.807278573513031006e-01
-6.009302735328674316e-01
2.713615894317626953e-01
8.573786616325378418e-01
-3.954522609710693359e-01
5.433893296867609024e-03
-3.561130464076995850e-01
-6.507673859596252441e-01
-5.979117155075073242e-01
2.892072498798370361e-01
8.710760474205017090e-01
9.059029221534729004e-01
-1.151728406548500061e-01
8.113656044006347656e-01
6.336683630943298340e-01
-2.539736032485961914e-01
9.924544394016265869e-02
9.556806087493896484e-01
-6.720579862594604492e-01
4.560221731662750244e-01
-2.353734150528907776e-02
1.332916319370269775e-02
4.211941063404083252e-01
4.299253225326538086e-01
-2.140771895647048950e-01
5.873524546623229980e-01
8.188096284866333008e-01
-6.816900968551635742e-01
-6.663489341735839844e-01
-8.040887713432312012e-01
2.015988677740097046e-01
8.195081949234008789e-01
-7.499160170555114746e-01
1.929575502872467041e-01
-5.130818113684654236e-02
-7.204442024230957031e-01
7.301933765411376953e-01
4.166691601276397705e-01
-2.888934612274169922e-01
9.578940868377685547e-01
-9.201655387878417969e-01
3.939760923385620117e-01
8.362677693367004395e-01
-6.994723081588745117e-01
9.469078183174133301e-01
-9.740961194038391113e-01
3.057125508785247803e-01
1.940112560987472534e-01
5.738319754600524902e-01
4.332745075225830078e-01
-5.080757737159729004e-01
-4.024945497512817383e-01
-3.818235695362091064e-01
5.598645210266113281e-01
4.204896390438079834e-01
7.885676622390747070e-01
9.673198461532592773e-01
9.191973805427551270e-01
-9.452214241027832031e-01
-6.829415559768676758e-01
-2.843349426984786987e-02
8.590484857559204102e-01
-7.751955986022949219e-01
2.950183153152465820e-01
-3.563700318336486816e-01
5.875771641731262207e-01
9.632043838500976562e-01
7.009837031364440918e-01
-3.739174306392669678e-01
-1.015000119805335999e-01
-1.413485556840896606e-01
3.971633613109588623e-01
8.467970490455627441e-01
5.050480365753173828e-01
-2.072499543428421021e-01
4.933623373508453369e-01
-9.166142344474792480e-01
-7.837929725646972656e-01
-7.857908010482788086e-01
8.417197465896606445e-01
9.043382108211517334e-02
-6.585157513618469238e-01
-7.231593132019042969e-01
2.991334907710552216e-02
-2.929027676582336426e-01
-1.904626488685607910e-01
8.630036711692810059e-01
6.700863838195800781e-01
-9.213164448738098145e-01
-8.640810847282409668e-01
-9.505418539047241211e-01
-4.674787819385528564e-01
2.422743141651153564e-01
8.049464821815490723e-01
4.657346308231353760e-01
-2.367863953113555908e-01
6.164882779121398926e-01
5.317564010620117188e-01
-9.867694973945617676e-01
7.048602104187011719e-01
-5.976793169975280762e-01
5.322151184082031250e-01
-8.080486655235290527e-01
-5.563197731971740723e-01
6.324943900108337402e-01
2.536562979221343994e-01
4.519946277141571045e-01
8.252395391464233398e-01
4.870231822133064270e-02
6.880767345428466797e-01
-4.926266670227050781e-01
9.283006191253662109e-01
5.407747626304626465e-01
-9.037525653839111328e-01
3.749004900455474854e-01
9.743390679359436035e-01
6.217432618141174316e-01
-7.016120553016662598e-01
1.457703411579132080e-01
-8.080264329910278320e-01
6.307151317596435547e-01
6.643334031105041504e-01
-1.495183557271957397e-01
3.971743583679199219e-01
7.310483455657958984e-01
6.679109334945678711e-01
7.836197614669799805e-01
4.234162271022796631e-01
-1.222624033689498901e-01
6.651586890220642090e-01
4.679702222347259521e-01
-8.321163803339004517e-02
-9.942947626113891602e-01
7.403266429901123047e-01
-1.353783160448074341e-02
3.674536943435668945e-01
-1.701114932075142860e-03
7.917664647102355957e-01
7.089051604270935059e-01
-2.748646214604377747e-02
-9.737139940261840820e-01
9.937600493431091309e-01
-3.222725689411163330e-01
4.617802500724792480e-01
5.043565034866333008e-01
1.998001933097839355e-01
6.252819299697875977e-01
-3.449668884277343750e-01
-6.483085751533508301e-01
-2.293759584426879883e-02
-1.273637712001800537e-01
-8.679572343826293945e-01
-8.772923946380615234e-01
6.600867509841918945e-01
-9.782923460006713867e-01
-9.133753776550292969e-01
7.748598456382751465e-01
-4.518474042415618896e-01
-8.547131419181823730e-01
-3.987940251827239990e-01
-5.568208098411560059e-01
4.871810674667358398e-01
-4.397451281547546387e-01
5.140967965126037598e-01
2.916733622550964355e-01
7.457793951034545898e-01
2.110774964094161987e-01
-5.341271162033081055e-01
-3.798341751098632812e-01
-1.793864220380783081e-01
4.363592341542243958e-02
1.111676096916198730e-01
-5.913991332054138184e-01
6.652596592903137207e-01
9.462423920631408691e-01
8.481104373931884766e-01
2.779047191143035889e-01
8.624206185340881348e-01
-3.285334408283233643e-01
7.256534099578857422e-01
5.954174399375915527e-01
-7.697549462318420410e-01
2.597567141056060791e-01
1.155943498015403748e-01
1.067404374480247498e-01
7.566956877708435059e-01
6.971362829208374023e-01
8.451673388481140137e-01
8.784162402153015137e-01
-7.099680304527282715e-01
-8.289180397987365723e-01
-1.298934519290924072e-01
8.667095899581909180e-01
-2.884084582328796387e-01
1.357678323984146118e-01
8.820673227310180664e-01
-5.359888672828674316e-01
-5.891909003257751465e-01
9.922389388084411621e-01
2.185209542512893677e-01
9.858411550521850586e-01
-2.990317046642303467e-01
-4.784699976444244385e-01
5.680256485939025879e-01
5.020526647567749023e-01
-4.397756755352020264e-01
-3.194773495197296143e-01
-8.341900706291198730e-01
1.718282848596572876e-01
-3.104177862405776978e-02
-6.291667222976684570e-01
-6.797987818717956543e-01
3.427362143993377686e-01
6.432359814643859863e-01
3.704849481582641602e-01
-5.189309716224670410e-01
6.338175535202026367e-01
-2.721256613731384277e-01
-1.694677323102951050e-01
9.619272947311401367e-01
-1.995168775320053101e-01
-2.968707978725433350e-01
4.685190320014953613e-02
9.808359146118164062e-01
3.032917976379394531e-01
-7.235636115074157715e-01
5.353464484214782715e-01
8.564922213554382324e-01
-3.006819486618041992e-01
-2.537601292133331299e-01
-4.490648210048675537e-01
-5.138796567916870117e-01
2.730939984321594238e-01
-7.926164269447326660e-01
-1.184746101498603821e-01
8.586508631706237793e-01
-5.405137687921524048e-02
7.759435772895812988e-01
-8.936040997505187988e-01
1.492035295814275742e-02
9.916816353797912598e-01
7.661269903182983398e-01
-1.514186561107635498e-01
-3.515543043613433838e-01
8.573681116104125977e-02
-5.774679183959960938e-01
1.803459972143173218e-01
3.562163710594177246e-01
7.767547369003295898e-01
8.856341242790222168e-01
-8.978304862976074219e-01
6.563300490379333496e-01
7.894415855407714844e-01
3.479743003845214844e-01
-9.788593053817749023e-01
-3.290433436632156372e-02
8.166798353195190430e-01
4.962549209594726562e-01
7.038198709487915039e-01
9.182342886924743652e-01
-6.680343747138977051e-01
4.336328804492950439e-01
8.182959556579589844e-01
-6.995408535003662109e-01
-8.480464220046997070e-01
9.861018061637878418e-01
7.606723308563232422e-01
-7.602980732917785645e-01
-9.673197865486145020e-01
6.436489820480346680e-01
-2.406938821077346802e-01
-1.272868961095809937e-01
-4.643945991992950439e-01
9.650495052337646484e-01
1.126993224024772644e-01
-1.185019463300704956e-01
-7.025617361068725586e-01
-3.105422556400299072e-01
-7.533175945281982422e-01
-5.319536924362182617e-01
-9.881429076194763184e-01
-8.038069009780883789e-01
9.360933303833007812e-01
-4.930625483393669128e-02
-7.637991309165954590e-01
7.083888053894042969e-01
-5.151256918907165527e-01
3.584129512310028076e-01
8.409929275512695312e-01
-6.188998818397521973e-01
7.328163981437683105e-01
-1.781085729598999023e-01
-7.508019804954528809e-01
3.642764091491699219e-01
9.855295419692993164e-01
5.499214529991149902e-01
-6.562271714210510254e-01
-1.133913472294807434e-01
9.524163007736206055e-01
-8.645379543304443359e-01
2.740138769149780273e-01
-5.493817329406738281e-01
-3.632174432277679443e-01
-9.872085452079772949e-01
-2.513894736766815186e-01
6.962196230888366699e-01
-9.124413132667541504e-03
8.702243566513061523e-01
6.920431256294250488e-01
9.592018127441406250e-01
-9.532317519187927246e-01
-7.470439076423645020e-01
-9.225603938102722168e-01
-5.359061360359191895e-01
-5.230102688074111938e-02
-9.820492267608642578e-01
2.451784014701843262e-01
-6.038804650306701660e-01
-1.890297047793865204e-02
-9.381592869758605957e-01
6.930214166641235352e-01
-9.910721778869628906e-01
3.963963389396667480e-01
1.583769768476486206e-01
1.656492948532104492e-01
8.968591690063476562e-01
7.295793294906616211e-01
3.739892542362213135e-01
4.025889337062835693e-01
-6.055911779403686523e-01
-6.475641727447509766e-01
5.081656575202941895e-01
3.372664451599121094e-01
1.302565336227416992e-01
6.897761672735214233e-02
7.310420870780944824e-01
7.353251576423645020e-01
-4.865749478340148926e-01
3.279318809509277344e-01
-8.485962152481079102e-01
-3.670695722103118896e-01
2.288424782454967499e-02
9.539242982864379883e-01
-8.144671320915222168e-01
-4.413077831268310547e-01
2.921153046190738678e-02
9.287529587745666504e-01
7.904979586601257324e-01
3.259681165218353271e-01
-1.490573282353579998e-03
-9.975843429565429688e-01
-3.734423220157623291e-01
-8.600478172302246094e-01
-8.407718539237976074e-01
4.485405981540679932e-01
-6.327517330646514893e-02
5.670354962348937988e-01
-8.184638619422912598e-01
-4.665184915065765381e-01
3.778528273105621338e-01
-2.347227372229099274e-02
-6.830461621284484863e-01
2.708217501640319824e-01
1.669188588857650757e-01
-4.052157402038574219e-01
-4.321858659386634827e-02
-9.659116864204406738e-01
5.062353610992431641e-01
1.714562922716140747e-01
4.535236656665802002e-01
9.517925381660461426e-01
7.808564901351928711e-01
-2.904368937015533447e-01
-4.922105669975280762e-01
-5.325261950492858887e-01
6.698608398437500000e-01
7.504775524139404297e-01
5.980383157730102539e-01
8.101679682731628418e-01
-3.464587032794952393e-01
2.932438552379608154e-01
5.643283724784851074e-01
-3.736581504344940186e-01
8.557093143463134766e-01
-4.543196558952331543e-01
-9.641714096069335938e-01
2.090714424848556519e-01
3.218573927879333496e-01
-5.234507918357849121e-01
-6.525017023086547852e-01
9.798956513404846191e-01
9.647626876831054688e-01
-8.183363676071166992e-01
-3.128329217433929443e-01
6.338890790939331055e-01
-9.190556406974792480e-01
9.902625530958175659e-02
6.695814132690429688e-01
7.601172327995300293e-01
-3.466825559735298157e-02
-8.350699543952941895e-01
-1.224473342299461365e-01
6.690248250961303711e-01
-8.396996259689331055e-01
4.680099785327911377e-01
-8.682535886764526367e-01
-3.821918368339538574e-02
7.446262240409851074e-01
6.453244686126708984e-01
-8.905524611473083496e-01
-1.817384064197540283e-01
2.502157539129257202e-02
2.482947111129760742e-01
1.304916013032197952e-02
5.092294812202453613e-01
7.589552402496337891e-01
8.473153114318847656e-01
6.458001732826232910e-01
-9.336853027343750000e-01
-8.399491310119628906e-01
6.030463427305221558e-02
4.481064081192016602e-01
1.676795780658721924e-01
9.151301532983779907e-02
5.154938623309135437e-02
-2.432217448949813843e-02
8.998418599367141724e-02
7.881835103034973145e-02
9.157947897911071777e-01
-7.507287263870239258e-01
3.038567900657653809e-01
6.838701963424682617e-01
