5.124660873413085938e+01
9.780710601806640625e+01
5.705305862426757812e+01
1.238335514068603516e+01
7.884510803222656250e+01
-6.423134613037109375e+01
1.819967269897460938e+01
1.967196083068847656e+01
8.436768341064453125e+01
5.580405235290527344e+00
-4.307209396362304688e+01
5.109921264648437500e+01
-9.289608764648437500e+01
-5.142417144775390625e+01
6.903998565673828125e+01
-2.574502563476562500e+01
1.281648540496826172e+01
2.997027015686035156e+01
7.453650665283203125e+01
8.619514465332031250e+01
-2.735962867736816406e+01
3.323552322387695312e+01
8.779479217529296875e+01
2.032532882690429688e+01
-4.920423507690429688e+01
-9.133974456787109375e+01
-7.132318878173828125e+01
-2.258340644836425781e+01
-4.946154403686523438e+01
-6.386527252197265625e+01
7.113533782958984375e+01
5.798565673828125000e+01
6.381213760375976562e+01
5.658888339996337891e+00
-7.671733093261718750e+01
9.319760894775390625e+01
-7.357187652587890625e+01
2.483363342285156250e+01
-4.276333236694335938e+01
8.638282775878906250e+01
1.771051764488220215e+00
6.236622238159179688e+01
8.316375732421875000e+01
9.006832885742187500e+01
3.872138595581054688e+01
9.804194641113281250e+01
-8.305706787109375000e+01
-5.885774612426757812e+01
-2.337725639343261719e+01
-2.447608947753906250e+01
-9.251155853271484375e+01
7.189538955688476562e+00
4.500350189208984375e+01
-4.787761688232421875e+01
-9.112975311279296875e+01
-7.639360809326171875e+01
1.743362808227539062e+01
-9.690165710449218750e+01
-6.551771545410156250e+01
4.145205688476562500e+01
-6.644892883300781250e+01
1.068786621093750000e+01
-7.686157989501953125e+01
-4.972404098510742188e+01
2.978079986572265625e+01
7.673619079589843750e+01
-5.327761077880859375e+01
3.726382446289062500e+01
-4.035480880737304688e+01
-8.434170532226562500e+01
-7.315724182128906250e+01
-7.965037536621093750e+01
-4.478253173828125000e+01
-4.499346160888671875e+01
-8.218610382080078125e+01
4.018299102783203125e+01
7.223419189453125000e+01
8.793350219726562500e+01
-8.696483612060546875e+01
8.184230804443359375e+01
-3.519094467163085938e+01
-7.434943389892578125e+01
3.847070312500000000e+01
-4.848113250732421875e+01
-7.653259277343750000e+01
9.611561584472656250e+01
3.080184745788574219e+01
6.718784332275390625e+01
-9.867333984375000000e+01
-3.323911666870117188e+01
-9.382406616210937500e+01
-4.568948364257812500e+01
-5.800036239624023438e+01
-1.116473960876464844e+01
1.029856777191162109e+01
7.963869476318359375e+01
-7.117933654785156250e+01
7.337585449218750000e+01
3.160372161865234375e+01
5.546828079223632812e+01
-1.196071720123291016e+01
6.173632812500000000e+01
3.488011169433593750e+01
-3.778530502319335938e+01
-9.154920959472656250e+01
7.478911590576171875e+01
4.746926498413085938e+01
-4.455989456176757812e+01
7.898660182952880859e+00
7.064545440673828125e+01
-6.651820373535156250e+01
-2.904940605163574219e+01
9.809353637695312500e+01
-5.471328353881835938e+01
-7.338854217529296875e+01
-8.481749534606933594e+00
8.270899963378906250e+01
-2.024205207824707031e+01
7.838322448730468750e+01
2.835771751403808594e+01
-4.517440795898437500e+00
1.735364723205566406e+01
-6.558471679687500000e+01
-5.055066299438476562e+01
-1.716353988647460938e+01
3.204520797729492188e+01
9.607509613037109375e+00
5.905135726928710938e+01
-3.458047485351562500e+01
-6.379652023315429688e+01
7.310400390625000000e+01
-4.357771396636962891e+00
-3.070091056823730469e+01
-8.405447387695312500e+01
-6.412637329101562500e+01
5.568400192260742188e+01
8.767082977294921875e+01
-3.150076150894165039e+00
3.138886070251464844e+01
-4.041907501220703125e+01
-6.987012481689453125e+01
-8.919961547851562500e+01
-2.622365951538085938e+01
2.361839485168457031e+01
9.170178985595703125e+01
-5.265886688232421875e+01
-6.520359039306640625e+01
-4.701473236083984375e+01
-6.641086578369140625e+01
1.538570761680603027e+00
7.122969818115234375e+01
1.117979335784912109e+01
-9.021858215332031250e+01
6.135380935668945312e+01
-2.470312309265136719e+01
-1.146538066864013672e+01
7.213195037841796875e+01
-8.714901733398437500e+01
4.166559696197509766e+00
1.960392832756042480e+00
6.201154708862304688e+01
9.038890838623046875e+01
-4.279164886474609375e+01
-4.325981903076171875e+01
9.149865722656250000e+01
5.504727935791015625e+01
8.957114410400390625e+01
-4.059292984008789062e+01
6.670116424560546875e+01
-6.476490783691406250e+01
6.035665893554687500e+01
-9.082628631591796875e+01
4.192192459106445312e+01
9.931739807128906250e+01
-9.099373626708984375e+01
9.069536590576171875e+01
7.917353630065917969e+00
8.844798278808593750e+01
1.939761352539062500e+01
2.763121414184570312e+01
-6.258765411376953125e+01
5.004861450195312500e+01
-7.970848846435546875e+01
9.556919097900390625e+01
4.518545150756835938e+01
-7.268434143066406250e+01
8.632342529296875000e+01
-3.906957626342773438e+01
-9.712422943115234375e+01
6.496415710449218750e+01
9.728520202636718750e+01
6.547204589843750000e+01
9.974761962890625000e+01
3.305555343627929688e+01
-4.809569358825683594e+00
-9.546481323242187500e+01
8.747331237792968750e+01
3.290459060668945312e+01
-7.979958343505859375e+01
5.449727249145507812e+01
6.741993713378906250e+01
5.970476150512695312e+01
3.222319793701171875e+01
1.480284810066223145e+00
8.760095214843750000e+01
-7.621174621582031250e+01
-8.172751617431640625e+01
9.698948860168457031e+00
-8.149172973632812500e+01
6.960534667968750000e+01
-7.872296905517578125e+01
8.506362152099609375e+01
9.792827606201171875e+01
-6.039034271240234375e+01
-1.570827960968017578e+01
8.255848693847656250e+01
2.152561759948730469e+01
-5.963045883178710938e+01
-9.134018707275390625e+01
5.729877471923828125e+01
-3.387511444091796875e+01
1.666438674926757812e+01
6.056450653076171875e+01
-4.012443161010742188e+01
7.235884857177734375e+01
4.324250030517578125e+01
-7.123381042480468750e+01
1.124791622161865234e+01
-9.039599609375000000e+01
6.010166931152343750e+01
7.025523376464843750e+01
-3.503533554077148438e+01
-6.851123809814453125e+01
5.667553710937500000e+01
7.706787109375000000e+01
-8.549808502197265625e+01
3.086234664916992188e+01
4.239479446411132812e+01
8.757559967041015625e+01
4.602347183227539062e+01
7.473416900634765625e+01
-4.394805145263671875e+01
7.518228912353515625e+01
-9.882611083984375000e+01
4.245102405548095703e+00
-1.089445495605468750e+01
-2.647474098205566406e+01
6.199256134033203125e+01
7.073318481445312500e+01
4.719293594360351562e+01
1.354033470153808594e+01
3.203491973876953125e+01
-8.413365173339843750e+01
-6.309155273437500000e+01
-5.570624542236328125e+01
-8.483496856689453125e+01
6.313819122314453125e+01
2.732753372192382812e+01
-1.859757804870605469e+01
1.757793617248535156e+01
9.956657409667968750e+01
-3.407238769531250000e+01
7.954644775390625000e+01
5.489866256713867188e+01
-5.598831176757812500e+01
1.215094661712646484e+01
3.113212966918945312e+01
8.079473876953125000e+01
-3.362678527832031250e+01
-8.199227142333984375e+01
7.757656860351562500e+01
-8.580382537841796875e+01
-4.080086135864257812e+01
-8.143783569335937500e+01
-5.472790145874023438e+01
6.510102844238281250e+01
-2.884901428222656250e+01
-3.585372161865234375e+01
9.215917968750000000e+01
7.685421752929687500e+01
5.463228988647460938e+01
3.156690597534179688e+01
4.434859085083007812e+01
9.165338134765625000e+01
1.362643718719482422e+01
-7.317951965332031250e+01
-7.241653442382812500e+01
-5.858678054809570312e+01
-9.565808296203613281e+00
-2.498798370361328125e+00
-8.912905120849609375e+01
-1.699141693115234375e+01
-8.444702148437500000e+01
-5.968373870849609375e+01
-1.454224777221679688e+01
6.372377395629882812e+01
-8.470831298828125000e+01
9.397183990478515625e+01
-1.602188682556152344e+01
-3.269103240966796875e+01
1.858720397949218750e+01
-5.035789108276367188e+01
7.330332946777343750e+01
-6.926077270507812500e+01
-2.475102424621582031e+01
-6.355657577514648438e+01
1.291105461120605469e+01
5.866725444793701172e+00
6.304283905029296875e+01
2.611097145080566406e+01
-3.437531471252441406e+00
-3.294268417358398438e+01
7.857643127441406250e+01
-2.628969192504882812e+01
-9.671819305419921875e+01
-3.440605401992797852e+00
8.046957397460937500e+01
-2.355194854736328125e+01
3.624112701416015625e+01
-3.672859907150268555e+00
9.966859436035156250e+01
5.815415191650390625e+01
-5.881134796142578125e+01
6.202481460571289062e+01
6.460784912109375000e+00
-9.338491439819335938e+00
9.527998352050781250e+01
1.429837799072265625e+01
2.422741508483886719e+01
4.548762130737304688e+01
-8.103298950195312500e+01
-9.377703094482421875e+01
-2.830366134643554688e+00
8.136309051513671875e+01
8.324250793457031250e+01
-9.260527801513671875e+01
-2.972230911254882812e+00
9.055083465576171875e+01
7.220874786376953125e+01
8.990918731689453125e+01
7.462993621826171875e+01
2.122698783874511719e+01
2.348433303833007812e+01
6.169440841674804688e+01
-6.486570739746093750e+01
2.145301246643066406e+01
9.453519821166992188e+00
-9.839182281494140625e+01
-9.697509765625000000e+01
2.819638252258300781e+01
3.853627014160156250e+01
-2.436341285705566406e+01
-3.219806671142578125e+01
9.288660430908203125e+01
7.581974029541015625e+01
-9.739347839355468750e+01
-4.275147628784179688e+01
-6.925172424316406250e+01
3.415414810180664062e+01
-8.710832977294921875e+01
-4.349443817138671875e+01
3.840559005737304688e+01
-1.628688240051269531e+01
2.041930961608886719e+01
4.749335479736328125e+01
-7.717472076416015625e+01
2.844832611083984375e+01
9.789751052856445312e+00
1.533139348030090332e+00
-2.801689147949218750e+01
-9.052931976318359375e+01
-2.938826370239257812e+01
-1.363401985168457031e+01
8.218029785156250000e+01
9.875429534912109375e+01
1.286453914642333984e+01
-4.287949752807617188e+01
1.501823520660400391e+01
-9.915759277343750000e+01
-7.514431762695312500e+01
-8.482769012451171875e+01
-9.914411163330078125e+01
-7.600995635986328125e+01
-4.238681316375732422e+00
8.232052612304687500e+01
-4.142884063720703125e+01
-5.241534709930419922e+00
-1.618379974365234375e+01
1.851221656799316406e+01
2.524551773071289062e+01
9.308905792236328125e+01
9.951660919189453125e+01
-6.073754882812500000e+01
7.488744354248046875e+01
-4.294176101684570312e+01
-4.871885681152343750e+01
-1.656557655334472656e+01
8.510688781738281250e+01
-2.781343460083007812e+01
-4.086799621582031250e+01
-4.847942352294921875e+01
5.397420501708984375e+01
-1.406264114379882812e+01
6.526979064941406250e+01
6.397907257080078125e+00
4.550305175781250000e+01
-7.670305633544921875e+01
8.118578338623046875e+01
-9.140285491943359375e+01
5.358414459228515625e+01
-2.095254898071289062e+01
8.146009826660156250e+01
-4.130862045288085938e+01
-9.642990112304687500e+01
5.091158676147460938e+01
-5.704915618896484375e+01
-2.666961479187011719e+01
3.961773681640625000e+01
2.583633422851562500e+01
4.100548171997070312e+01
-8.015565490722656250e+01
9.258762359619140625e+01
8.719233703613281250e+01
7.621108245849609375e+01
8.303781127929687500e+01
1.480315971374511719e+01
-8.818571472167968750e+01
-4.113869476318359375e+01
-4.419040298461914062e+01
-5.867410278320312500e+01
-5.051534652709960938e+01
8.797987365722656250e+01
5.088000869750976562e+01
5.317934799194335938e+01
1.459715366363525391e+00
9.208731842041015625e+01
-9.562982940673828125e+01
4.305272293090820312e+01
-6.451279449462890625e+01
5.701318359375000000e+01
-7.936383819580078125e+01
-1.564182376861572266e+01
-7.748905181884765625e+01
3.606235504150390625e+01
9.229676818847656250e+01
-7.798583984375000000e+01
-1.046746158599853516e+01
6.156874465942382812e+01
2.140775108337402344e+01
3.402217483520507812e+01
-2.165470886230468750e+01
-1.548231363296508789e+00
-8.816619873046875000e+01
-9.636862945556640625e+01
-5.297576904296875000e+00
-1.209780406951904297e+01
6.833440399169921875e+01
-7.465067291259765625e+01
5.153592300415039062e+01
-8.053852081298828125e+01
2.889286041259765625e+01
9.675563049316406250e+01
-6.496479797363281250e+01
-5.417402267456054688e+01
8.561041259765625000e+01
9.539684295654296875e+01
8.516506958007812500e+01
1.348863983154296875e+01
-5.912355804443359375e+01
9.326001739501953125e+01
-7.017485046386718750e+01
3.968141174316406250e+01
-2.239983558654785156e+01
-7.462926483154296875e+01
-8.765269470214843750e+01
-5.730916213989257812e+01
2.269204902648925781e+01
9.671278381347656250e+01
6.501409149169921875e+01
-8.709228515625000000e+01
6.890687561035156250e+01
-6.892196655273437500e+01
-7.269610595703125000e+01
-7.013571166992187500e+01
8.116450500488281250e+01
8.982070159912109375e+01
8.567102813720703125e+01
6.666053771972656250e+01
8.403273010253906250e+01
8.314212036132812500e+01
8.911103820800781250e+01
-4.619419479370117188e+01
7.962692260742187500e+01
-9.062631225585937500e+01
-8.922995567321777344e+00
-5.958871364593505859e+00
8.551308441162109375e+01
6.600502967834472656e+00
-3.641623306274414062e+01
-9.110126495361328125e+01
-4.230772018432617188e+01
-6.942455291748046875e+01
1.572822380065917969e+01
5.515215301513671875e+01
3.412298202514648438e+01
7.755352020263671875e+01
1.418680667877197266e+01
5.017298507690429688e+01
1.228953170776367188e+01
6.161969900131225586e-01
9.774860382080078125e+01
9.690156936645507812e+00
-2.991550254821777344e+01
8.483361816406250000e+01
5.228457641601562500e+01
-1.914313125610351562e+01
-8.925780487060546875e+01
7.726920318603515625e+01
-9.528958129882812500e+01
-7.362394714355468750e+01
2.439303398132324219e+00
6.632912445068359375e+01
-5.982803726196289062e+01
9.252147674560546875e+00
-1.927839279174804688e+01
9.305197906494140625e+01
-6.359648895263671875e+01
-7.466306304931640625e+01
-8.258930206298828125e+01
9.055821990966796875e+01
-7.538889312744140625e+01
8.685437011718750000e+01
8.926314544677734375e+01
8.331679534912109375e+01
-4.979618453979492188e+01
-8.500765228271484375e+01
-9.569978332519531250e+01
1.646620559692382812e+01
4.657498168945312500e+01
9.702174377441406250e+01
-9.572134399414062500e+01
-5.703678131103515625e+01
-5.800028991699218750e+01
-7.108393096923828125e+01
-7.810280609130859375e+01
2.857868385314941406e+01
4.198836517333984375e+01
7.831008148193359375e+01
3.891705703735351562e+01
-2.640183830261230469e+01
-8.839582824707031250e+01
4.646259689331054688e+01
-5.952087783813476562e+01
5.156707000732421875e+01
8.648023223876953125e+01
2.964027643203735352e+00
5.957236862182617188e+01
-8.274617004394531250e+01
8.473066711425781250e+01
4.525384902954101562e+01
6.713601112365722656e+00
-5.214215087890625000e+01
-3.361526870727539062e+01
2.897526979446411133e+00
5.202178001403808594e+00
-5.489852428436279297e+00
-7.512695312500000000e+01
4.670682144165039062e+01
9.598496246337890625e+01
7.084071350097656250e+01
-3.331308364868164062e+01
2.901772880554199219e+01
8.069336700439453125e+01
2.880023956298828125e+01
2.328128242492675781e+01
8.212831115722656250e+01
-3.775362777709960938e+01
1.955656886100769043e+00
8.774756622314453125e+01
-8.404650115966796875e+01
-2.046109771728515625e+01
1.901578521728515625e+01
-2.835153579711914062e+01
-2.121064949035644531e+01
-8.315083312988281250e+01
1.328754997253417969e+01
-2.956607437133789062e+01
4.621829986572265625e+00
2.809332656860351562e+01
8.621299743652343750e+01
-6.969873046875000000e+01
-6.348912048339843750e+01
-1.733368873596191406e+01
-5.415995788574218750e+01
-6.974298095703125000e+01
2.369693183898925781e+01
-8.927665710449218750e+01
-4.370193481445312500e+00
9.732005310058593750e+01
9.508112335205078125e+01
-6.038072204589843750e+01
2.092542457580566406e+01
-3.299242019653320312e+01
-8.900687408447265625e+01
8.347427368164062500e+01
3.318483352661132812e+01
-5.217590332031250000e+01
-7.668255615234375000e+01
8.535681152343750000e+01
6.801157379150390625e+01
3.033384132385253906e+01
8.245493316650390625e+01
3.004541969299316406e+01
1.806761503219604492e+00
-4.614887619018554688e+01
2.116426467895507812e+01
1.448272609710693359e+01
9.310803222656250000e+01
3.143929481506347656e+01
4.042692565917968750e+01
-3.637826156616210938e+01
-1.733113288879394531e+01
-9.228215789794921875e+01
-5.869607162475585938e+01
-9.498285675048828125e+01
-9.700379180908203125e+01
-3.246227264404296875e+01
-3.712052536010742188e+01
-9.368383789062500000e+01
6.891678333282470703e+00
-6.195992279052734375e+01
1.633549690246582031e+01
7.805722045898437500e+01
6.280163574218750000e+01
7.544683837890625000e+01
-8.582132720947265625e+01
6.209593963623046875e+01
3.181642913818359375e+01
5.838253402709960938e+01
5.629306030273437500e+01
1.019948768615722656e+01
-5.977021408081054688e+01
6.468376922607421875e+01
-7.236283111572265625e+01
-5.035792541503906250e+01
-6.705583953857421875e+01
9.318020629882812500e+01
6.046070861816406250e+01
-4.148205280303955078e+00
9.207720184326171875e+01
-8.604570770263671875e+01
9.520380401611328125e+01
3.163762474060058594e+01
-5.658683013916015625e+01
-9.075395202636718750e+01
7.372320556640625000e+01
6.434997558593750000e+01
-9.727098846435546875e+01
1.861696839332580566e+00
-4.956722640991210938e+01
4.040867805480957031e+00
3.328092575073242188e+01
-1.462785148620605469e+01
-2.624719810485839844e+01
-1.482538318634033203e+01
8.601459503173828125e+01
-8.159678649902343750e+01
-7.900759124755859375e+01
-8.240671539306640625e+01
7.343021392822265625e+01
5.509545135498046875e+01
9.071825408935546875e+01
-7.084159851074218750e+01
3.756003570556640625e+01
-7.136267089843750000e+01
3.577882766723632812e+01
-8.659448242187500000e+01
5.378671264648437500e+01
-3.456504821777343750e+01
3.174762725830078125e+01
7.838425445556640625e+01
6.216763305664062500e+01
-3.048152542114257812e+01
-7.074642944335937500e+01
-3.568166732788085938e+01
9.605038452148437500e+01
-6.404061889648437500e+01
-8.324825286865234375e+01
2.538748359680175781e+01
4.086908340454101562e+01
2.496180534362792969e+01
4.500210571289062500e+01
5.432552719116210938e+01
-7.517881393432617188e-01
-9.141790771484375000e+01
-8.537519454956054688e+00
-6.171069717407226562e+01
-8.811553001403808594e+00
5.532220458984375000e+01
2.969229888916015625e+01
-7.868846893310546875e+01
9.360427856445312500e+01
-8.117861938476562500e+01
-2.373770332336425781e+01
7.605987548828125000e+00
9.871408081054687500e+01
6.459044647216796875e+01
-3.262269592285156250e+01
4.717041778564453125e+01
9.485550689697265625e+01
6.399115371704101562e+01
7.149909973144531250e+01
-4.526496124267578125e+01
-6.601480865478515625e+01
8.947837066650390625e+01
9.166490173339843750e+01
6.867893218994140625e+01
-7.313372802734375000e+01
6.658729553222656250e+01
-5.836771774291992188e+01
-5.242149829864501953e+00
-8.101263427734375000e+01
4.909646606445312500e+01
-2.953636169433593750e+00
-7.618344116210937500e+01
-5.214657592773437500e+01
-9.232576751708984375e+01
2.340051651000976562e+01
-5.417722320556640625e+01
4.771614074707031250e+01
4.792413711547851562e+01
-4.273045349121093750e+01
6.056912994384765625e+01
-2.048845863342285156e+01
-3.052409553527832031e+01
7.033224487304687500e+01
-4.860470199584960938e+01
8.059676361083984375e+01
4.524887847900390625e+01
9.814331054687500000e+01
7.691154479980468750e+01
-9.240994262695312500e+01
-6.836769104003906250e+01
-4.336396026611328125e+01
-4.835948944091796875e+00
6.444895935058593750e+01
-8.042756652832031250e+01
-9.644065856933593750e+01
6.278686523437500000e+01
-9.374781036376953125e+01
1.275461292266845703e+01
-6.337366104125976562e+01
6.908401012420654297e+00
-5.099085998535156250e+01
-7.830145263671875000e+01
2.666617012023925781e+01
8.367517089843750000e+01
9.113326263427734375e+01
7.782175445556640625e+01
6.901134490966796875e+01
-9.672229766845703125e+01
-8.511997985839843750e+01
-8.313931274414062500e+01
9.552457427978515625e+01
-8.199740600585937500e+01
-4.119366645812988281e+00
8.923970794677734375e+01
-5.460136032104492188e+01
2.709666252136230469e+01
-6.751980590820312500e+01
-3.161074256896972656e+01
8.922560119628906250e+01
9.334397888183593750e+01
8.796438598632812500e+01
-4.390501022338867188e+01
-4.628482055664062500e+01
-2.562279129028320312e+01
-6.851130485534667969e+00
-8.667871856689453125e+01
-7.579196929931640625e+00
-1.226492786407470703e+01
6.006124496459960938e+01
8.863299560546875000e+01
-1.216335105895996094e+01
3.037604141235351562e+01
-9.821893310546875000e+01
-2.103346443176269531e+01
7.731928253173828125e+01
3.806274414062500000e+00
-9.451496887207031250e+01
2.028128051757812500e+01
3.321422576904296875e+01
-1.931837654113769531e+01
8.434025573730468750e+01
2.274273872375488281e+01
5.711445617675781250e+01
-8.127208709716796875e+01
4.347105789184570312e+01
-6.115481185913085938e+01
-3.887239074707031250e+01
8.601831817626953125e+01
-1.674507713317871094e+01
4.354232406616210938e+01
-9.933620452880859375e+01
-7.151825714111328125e+01
8.322454833984375000e+01
7.351568603515625000e+01
-9.054333496093750000e+01
9.618902587890625000e+01
8.214844512939453125e+01
-6.286391067504882812e+01
4.310656356811523438e+01
8.263497924804687500e+01
2.938315582275390625e+01
7.778959655761718750e+01
8.035462188720703125e+01
9.630790710449218750e+01
6.641513061523437500e+01
-4.825887298583984375e+01
-5.146154785156250000e+01
6.641128540039062500e+01
4.243427658081054688e+01
9.608158874511718750e+01
5.922497558593750000e+01
9.487150573730468750e+01
7.683071136474609375e+01
-8.811019897460937500e+01
-8.353218078613281250e+01
3.405558776855468750e+01
4.443453979492187500e+01
-7.485836982727050781e+00
5.429884338378906250e+01
-7.413547515869140625e+01
8.013507843017578125e+01
-4.567039108276367188e+01
1.719153404235839844e+01
-1.738760375976562500e+01
7.440998840332031250e+01
-1.913376235961914062e+01
2.133261442184448242e+00
8.413602447509765625e+01
4.122497558593750000e+01
-5.038764953613281250e+01
-4.877247619628906250e+01
-7.901108551025390625e+01
-9.775798797607421875e+01
-7.227004241943359375e+01
-3.851310729980468750e+01
9.414140701293945312e+00
4.823972320556640625e+01
8.625176239013671875e+01
-1.023675251007080078e+01
-8.160369110107421875e+01
8.166130828857421875e+01
2.044838333129882812e+01
4.252809143066406250e+01
8.599411010742187500e+01
1.923744010925292969e+01
-8.453610229492187500e+01
1.958177566528320312e+01
-4.629987335205078125e+01
-5.116915130615234375e+01
-5.577290725708007812e+01
5.162321472167968750e+01
-4.453349685668945312e+01
9.150007629394531250e+01
8.820954132080078125e+01
-8.172074890136718750e+01
-9.282644653320312500e+01
7.837924194335937500e+01
-9.774040222167968750e+01
-8.073307037353515625e+01
-5.223734283447265625e+01
4.903694152832031250e+01
-4.163605499267578125e+01
-9.964636230468750000e+01
4.219401931762695312e+01
-3.720318222045898438e+01
-8.451682281494140625e+01
6.005256271362304688e+01
-6.131975555419921875e+01
-2.431502532958984375e+01
3.937411499023437500e+01
3.698214721679687500e+01
2.677399444580078125e+01
2.380117416381835938e+01
-5.762840270996093750e+00
-3.915726470947265625e+01
-6.427973175048828125e+01
-9.082445526123046875e+01
-5.366550827026367188e+01
-1.546794795989990234e+01
2.120410346984863281e+01
1.141700458526611328e+01
-8.000511932373046875e+01
-6.532769012451171875e+01
6.850460815429687500e+01
-6.729314422607421875e+01
5.035614776611328125e+01
6.355052185058593750e+01
8.244786071777343750e+01
-5.814202499389648438e+01
2.512386703491210938e+01
-9.959271430969238281e+00
5.655506896972656250e+01
5.762562561035156250e+01
9.200231170654296875e+01
-2.343449211120605469e+01
-7.292284393310546875e+01
8.661698913574218750e+01
1.834889602661132812e+01
4.102797698974609375e+01
-1.128212547302246094e+01
-6.099674606323242188e+01
2.808655738830566406e+01
2.835012054443359375e+01
2.787454795837402344e+01
3.881020736694335938e+01
4.358992767333984375e+01
-3.509756469726562500e+01
-4.275211334228515625e+01
2.330834579467773438e+01
3.928524780273437500e+01
2.383783531188964844e+01
8.021446228027343750e+01
-6.454989624023437500e+01
9.645651245117187500e+01
4.180973052978515625e+01
-9.326135253906250000e+01
6.441294097900390625e+01
8.707440948486328125e+01
-4.056308746337890625e+01
-4.631713867187500000e+01
5.348272800445556641e+00
-7.844285583496093750e+01
-6.649681091308593750e+01
-9.692513275146484375e+01
-9.826396942138671875e+01
4.476635932922363281e+00
-8.365931701660156250e+01
9.298137664794921875e+01
7.493546295166015625e+01
-4.622584152221679688e+01
-3.169194412231445312e+01
9.515309906005859375e+01
-4.714323043823242188e+01
-8.974956512451171875e+01
-3.202166366577148438e+01
-9.208328247070312500e+01
-7.561472320556640625e+01
7.323247528076171875e+01
-9.113550567626953125e+01
7.177893829345703125e+01
-8.159297180175781250e+01
2.521463584899902344e+01
6.672277069091796875e+01
6.240200424194335938e+01
1.516104602813720703e+01
6.324843215942382812e+01
-3.971141099929809570e+00
2.172280311584472656e+01
8.526811218261718750e+01
2.098568153381347656e+01
-6.762742614746093750e+01
-8.802807617187500000e+01
-8.527117919921875000e+01
3.614318847656250000e+01
-8.779916381835937500e+01
-8.061608123779296875e+01
-9.267465209960937500e+01
-9.233676910400390625e+01
6.827880859375000000e+01
7.580848693847656250e+01
-7.841007995605468750e+01
-7.625197601318359375e+01
-8.559395599365234375e+01
-3.500752258300781250e+01
2.966421508789062500e+01
-8.492938995361328125e+01
5.204310607910156250e+01
-9.904500579833984375e+01
3.723437500000000000e+01
9.723284149169921875e+01
2.962364578247070312e+01
-9.832040405273437500e+01
8.032395172119140625e+01
-3.806395339965820312e+01
-7.797059631347656250e+01
-1.554249286651611328e+00
-5.624565505981445312e+01
-5.429069900512695312e+01
6.473179626464843750e+01
5.080416870117187500e+01
9.466485595703125000e+01
4.640694427490234375e+01
3.048639869689941406e+01
1.822141265869140625e+01
9.247917938232421875e+01
-7.470216369628906250e+01
2.247129249572753906e+01
-3.758427047729492188e+01
9.153139495849609375e+01
6.469030761718750000e+01
9.014039611816406250e+01
9.423482513427734375e+01
-8.272131347656250000e+01
8.587133026123046875e+01
8.297545623779296875e+01
5.867462921142578125e+01
3.025013160705566406e+01
-5.420455932617187500e+01
8.815679931640625000e+01
8.183123779296875000e+01
-5.698565673828125000e+01
-9.456980895996093750e+01
3.636606597900390625e+01
-9.645858764648437500e+01
-3.256134796142578125e+01
-9.171451568603515625e+00
-5.344096374511718750e+01
5.944822311401367188e+01
-8.758892059326171875e+01
6.592108154296875000e+01
-1.519426441192626953e+01
-1.670336914062500000e+01
-9.762255096435546875e+01
-4.481828689575195312e+01
-7.280839443206787109e+00
-6.801707458496093750e+01
-1.276015186309814453e+01
-9.782098388671875000e+01
1.261306953430175781e+01
-7.130979537963867188e+00
-9.924043273925781250e+01
-2.535270690917968750e+01
9.040112304687500000e+01
2.837628364562988281e+01
-2.006049537658691406e+01
2.992895889282226562e+01
-8.397970581054687500e+01
1.248687076568603516e+01
3.157284164428710938e+01
-3.107903861999511719e+01
-9.165838623046875000e+01
7.393925786018371582e-01
-4.554267501831054688e+01
-7.409194946289062500e+01
-3.806835889816284180e+00
-8.487237548828125000e+01
3.818154144287109375e+01
8.162781524658203125e+01
-9.924619293212890625e+01
-4.480636596679687500e+01
-6.389185333251953125e+01
-8.781864929199218750e+01
4.990867996215820312e+01
-8.102235412597656250e+01
-7.866632080078125000e+01
-8.983214569091796875e+01
5.082146072387695312e+01
5.578014850616455078e+00
-8.296945953369140625e+01
-7.196117401123046875e+01
-6.148208236694335938e+01
-2.667385101318359375e+01
-9.228913307189941406e+00
-9.900631713867187500e+01
-5.202206420898437500e+01
7.121520996093750000e+01
7.039243316650390625e+01
3.477548599243164062e+01
3.998580169677734375e+01
8.625370025634765625e+01
9.727755737304687500e+01
-3.912046813964843750e+01
8.811299133300781250e+01
4.611226272583007812e+01
9.198326110839843750e+01
8.753218078613281250e+01
-1.688313102722167969e+01
-8.642614746093750000e+01
-4.683224487304687500e+01
9.952281188964843750e+01
9.900043487548828125e+01
3.500160980224609375e+01
8.579156494140625000e+01
9.157725524902343750e+01
7.883120727539062500e+01
8.221547698974609375e+01
6.816188812255859375e+01
8.034522247314453125e+01
7.213014984130859375e+01
6.003277206420898438e+01
7.012931060791015625e+01
-4.057827758789062500e+01
9.841921997070312500e+01
3.969745254516601562e+01
-4.168292617797851562e+01
-8.850428009033203125e+01
-7.303443908691406250e+01
3.646283864974975586e+00
-7.613967132568359375e+01
-5.821174240112304688e+01
4.732126617431640625e+01
-8.293810272216796875e+01
5.905223083496093750e+01
-7.125856018066406250e+01
8.223434448242187500e+00
9.990898132324218750e+01
-6.442759990692138672e+00
-3.979369354248046875e+01
-3.583851623535156250e+01
8.563706970214843750e+01
-9.396525573730468750e+01
2.856671524047851562e+01
6.935471343994140625e+01
1.115043735504150391e+01
-7.909291076660156250e+01
-9.524411010742187500e+01
-3.411150741577148438e+01
6.077194976806640625e+01
5.245745849609375000e+01
-4.755139160156250000e+01
5.328608322143554688e+01
-8.453078460693359375e+01
-6.719485473632812500e+01
-2.861252784729003906e+01
-2.766987562179565430e+00
7.340300750732421875e+01
2.509528160095214844e+01
1.916107368469238281e+01
7.067911529541015625e+01
-4.413851165771484375e+01
-1.750107192993164062e+01
-7.492052459716796875e+01
-9.633950805664062500e+01
1.039883041381835938e+01
-9.039638519287109375e+01
-8.286736297607421875e+01
-8.787275695800781250e+01
9.018672180175781250e+01
-9.549851989746093750e+01
-8.819135284423828125e+01
8.827455902099609375e+01
-2.778533935546875000e+01
-7.960824584960937500e+01
-8.541511535644531250e+01
-9.632093048095703125e+01
1.725521659851074219e+01
-8.015608215332031250e+01
-6.388873291015625000e+01
-6.291970062255859375e+01
7.372225952148437500e+01
1.796051025390625000e+01
-9.366680145263671875e+01
-1.099927520751953125e+01
-8.359628295898437500e+01
-1.466188192367553711e+00
7.667087554931640625e+01
4.430497646331787109e+00
1.313444328308105469e+01
6.847295379638671875e+01
-9.698713302612304688e+00
-3.183825874328613281e+01
-1.502752780914306641e+01
-7.086068725585937500e+01
8.303616333007812500e+01
7.458137512207031250e+01
2.091848373413085938e+01
3.232110214233398438e+01
8.488958740234375000e+01
3.030986404418945312e+01
6.162685775756835938e+01
4.069133758544921875e+01
-3.213140106201171875e+01
6.573833465576171875e+01
-8.629624176025390625e+01
-6.467612457275390625e+01
8.572502899169921875e+01
8.266976928710937500e+01
6.355720901489257812e+01
9.501979064941406250e+01
6.478314208984375000e+01
-1.136213397979736328e+01
7.694084930419921875e+01
-5.092695999145507812e+01
6.453253173828125000e+01
-9.069031524658203125e+01
-6.866888427734375000e+01
3.967813110351562500e+01
-4.484336090087890625e+01
-6.746747589111328125e+01
1.225921249389648438e+01
-2.267016983032226562e+01
-8.474887084960937500e+01
-4.891014099121093750e+01
2.056486129760742188e+01
7.281007385253906250e+01
9.814929199218750000e+01
1.896915435791015625e-01
5.344815063476562500e+01
-3.496527481079101562e+01
7.127722167968750000e+01
-5.807082748413085938e+01
-4.870961761474609375e+01
-3.849737167358398438e+01
-2.447069644927978516e+00
-8.143109893798828125e+01
-8.599736022949218750e+01
-8.439256286621093750e+01
-3.422523117065429688e+01
2.421132659912109375e+01
8.338183593750000000e+01
9.849279785156250000e+01
-4.306156921386718750e+01
-9.677490234375000000e+01
-7.104602813720703125e+01
-1.495195007324218750e+01
3.491870880126953125e+01
1.934134483337402344e+01
-7.021232604980468750e+01
-3.679276275634765625e+01
2.790796661376953125e+01
4.316080093383789062e+01
5.903421783447265625e+01
-8.998104095458984375e+01
-1.029030036926269531e+01
-2.181342887878417969e+01
-3.204343795776367188e+01
7.434111022949218750e+01
1.753866004943847656e+01
-8.018195343017578125e+01
-1.080677986145019531e+01
-6.268622970581054688e+01
-7.938477325439453125e+01
-2.174674797058105469e+01
-2.457412147521972656e+01
-7.674018859863281250e+01
3.643080520629882812e+01
-2.647612380981445312e+01
-6.396422958374023438e+01
-8.008907318115234375e+00
7.202093505859375000e+01
3.255607604980468750e+01
4.847100830078125000e+01
-3.202616500854492188e+01
3.711991786956787109e+00
-5.039517211914062500e+01
-7.002618312835693359e+00
4.093929672241210938e+01
7.006841182708740234e+00
9.357699584960937500e+01
7.417630004882812500e+01
6.678503417968750000e+01
-1.766333007812500000e+01
-7.755635070800781250e+01
-7.983309936523437500e+01
-7.223767089843750000e+01
6.097433471679687500e+01
2.240429878234863281e+01
2.271975517272949219e+01
-1.318807029724121094e+01
3.633369064331054688e+01
-7.908090972900390625e+01
-9.622485351562500000e+01
-7.713902282714843750e+01
3.138825607299804688e+01
8.644516754150390625e+01
-1.349478530883789062e+01
1.054340553283691406e+01
1.957700347900390625e+01
-2.889944076538085938e+01
5.711979293823242188e+01
-8.395828247070312500e+01
8.737641143798828125e+01
9.717803955078125000e+01
5.586466217041015625e+01
-2.601380348205566406e+01
-2.996794319152832031e+01
6.458657836914062500e+01
6.071990585327148438e+01
8.933074188232421875e+01
7.976230621337890625e+01
9.713130950927734375e+01
-9.592970275878906250e+01
-8.519198608398437500e+01
-6.525978088378906250e+01
-1.303517341613769531e+01
-8.923550415039062500e+01
-7.811141204833984375e+01
6.386414718627929688e+01
-4.837361526489257812e+01
3.240402221679687500e+01
5.875703811645507812e+01
-3.130646896362304688e+01
-3.804380416870117188e+01
-8.901747131347656250e+01
4.279695129394531250e+01
8.999703216552734375e+01
8.595610046386718750e+01
4.538747024536132812e+01
9.076909637451171875e+01
-3.672646045684814453e+00
-1.641849517822265625e+01
2.823516082763671875e+01
7.307305145263671875e+01
9.702657318115234375e+01
4.947711563110351562e+01
3.793441390991210938e+01
2.904389572143554688e+01
9.659842491149902344e+00
7.301731872558593750e+01
-2.515543174743652344e+01
2.901224136352539062e+01
8.480496978759765625e+01
-2.011247062683105469e+01
8.263632774353027344e+00
8.428833770751953125e+01
-4.637615585327148438e+01
8.233197021484375000e+01
4.299341964721679688e+01
7.226267242431640625e+01
5.897898101806640625e+01
2.347180175781250000e+01
2.408802413940429688e+01
4.977111816406250000e+01
-3.793840789794921875e+01
6.290813064575195312e+01
-2.535126113891601562e+01
2.619465637207031250e+01
5.745586013793945312e+01
2.374773788452148438e+01
2.038211059570312500e+01
5.405516815185546875e+01
8.551757812500000000e+01
-7.860881805419921875e+01
-5.506801605224609375e+01
-6.917864227294921875e+01
-8.188172912597656250e+01
-4.781501007080078125e+01
-1.453351974487304688e+01
9.504888534545898438e+00
1.089061546325683594e+01
6.560614585876464844e+00
9.103081512451171875e+01
6.370560455322265625e+01
9.778655242919921875e+01
6.535887908935546875e+01
1.105586338043212891e+01
4.505926895141601562e+01
-3.876455307006835938e+01
3.297633743286132812e+01
9.899828338623046875e+01
-7.637183380126953125e+01
4.270635986328125000e+01
3.994885253906250000e+01
8.176840972900390625e+01
-8.331224060058593750e+01
-7.931400299072265625e+01
-7.786524200439453125e+01
-7.330616760253906250e+01
7.951031684875488281e+00
-4.479506683349609375e+01
6.776982879638671875e+01
-1.112134838104248047e+01
1.588954180479049683e-01
-5.588306045532226562e+01
-5.546759796142578125e+01
-9.575788879394531250e+01
5.929016876220703125e+01
-1.221616148948669434e+00
-4.093210220336914062e+01
6.918106079101562500e+01
5.432571792602539062e+01
5.787112045288085938e+01
-8.495107269287109375e+01
-2.658529281616210938e+01
-6.759235382080078125e+01
3.015599632263183594e+01
-7.003488159179687500e+01
7.596247100830078125e+01
-3.946337890625000000e+01
8.006759643554687500e+01
-7.499996185302734375e+01
5.328470230102539062e+00
-5.040590667724609375e+01
-9.345780944824218750e+01
-3.594293594360351562e+01
-9.470481109619140625e+01
-5.448666381835937500e+01
-7.255023956298828125e+01
6.991493988037109375e+01
8.643441009521484375e+01
9.635340881347656250e+01
2.382575988769531250e+01
-8.586512756347656250e+01
1.573896121978759766e+01
1.192016506195068359e+01
9.528853416442871094e+00
2.681207084655761719e+01
7.531225585937500000e+01
-2.135278129577636719e+01
-8.405619049072265625e+01
-2.142352676391601562e+01
8.530677032470703125e+01
-6.877652740478515625e+01
-5.753159332275390625e+01
-6.926665496826171875e+01
8.462925720214843750e+01
-7.537767791748046875e+01
-9.277764129638671875e+01
8.466525077819824219e-01
-9.569540405273437500e+01
7.781068801879882812e+00
3.880451583862304688e+01
-8.864067840576171875e+01
7.724017333984375000e+01
9.015286254882812500e+01
-8.143037796020507812e+00
-9.540446472167968750e+01
-8.207182312011718750e+01
2.641390228271484375e+01
-7.043016815185546875e+01
9.582675933837890625e+01
6.313437271118164062e+01
-9.697986602783203125e+01
-9.805070495605468750e+01
9.405796813964843750e+01
-1.327845859527587891e+01
8.419398498535156250e+01
-5.286725616455078125e+01
5.484235763549804688e+01
6.063912582397460938e+01
6.730331420898437500e+01
7.124438476562500000e+01
-7.331586456298828125e+01
-5.493001461029052734e+00
-1.076977348327636719e+01
1.127625083923339844e+01
9.075550079345703125e+01
9.897996520996093750e+01
9.607675933837890625e+01
-8.747306060791015625e+01
-6.081180572509765625e+01
-4.096039581298828125e+01
-9.121228027343750000e+01
-5.283572769165039062e+01
1.883301162719726562e+01
-8.928033447265625000e+01
-6.799623107910156250e+01
6.686083221435546875e+01
-6.026169204711914062e+01
-2.812519454956054688e+01
8.104849815368652344e+00
-8.876745605468750000e+01
8.059128570556640625e+01
-6.066493511199951172e+00
-2.871690750122070312e+00
5.347018814086914062e+01
1.530569362640380859e+01
5.576898574829101562e+01
6.086352539062500000e+01
-3.287449264526367188e+01
6.465559387207031250e+01
3.868452835083007812e+01
-4.839859008789062500e+01
9.395497131347656250e+01
5.505309295654296875e+01
9.576212310791015625e+01
-3.386584091186523438e+01
-9.162863731384277344e+00
8.913024139404296875e+01
4.979719543457031250e+01
-6.005078506469726562e+01
1.986351776123046875e+01
9.558334350585937500e+01
3.766773986816406250e+01
6.062570190429687500e+01
7.452065277099609375e+01
2.746084594726562500e+01
-3.541255950927734375e+01
8.950998687744140625e+01
2.400427627563476562e+01
5.809081649780273438e+01
-2.705573081970214844e+01
2.529801750183105469e+01
-1.667421913146972656e+01
-9.337277221679687500e+01
-1.729045677185058594e+01
8.625534057617187500e+00
7.695568847656250000e+01
-3.002755737304687500e+01
9.320619964599609375e+01
-9.686062622070312500e+01
-9.184835052490234375e+01
9.361867523193359375e+01
1.210906887054443359e+01
4.506068801879882812e+01
-4.529712295532226562e+01
9.781021881103515625e+01
5.871511077880859375e+01
-5.632153701782226562e+01
-7.449871826171875000e+01
-8.936714172363281250e+01
8.433863830566406250e+01
4.025004959106445312e+01
5.138087844848632812e+01
9.358052062988281250e+01
3.639398097991943359e+00
-8.633072662353515625e+01
-3.654510116577148438e+01
-1.886752319335937500e+01
8.338839721679687500e+01
-1.887014579772949219e+01
-7.920635986328125000e+01
9.310285949707031250e+01
5.496908569335937500e+01
-8.817568969726562500e+01
5.359986877441406250e+01
5.471085739135742188e+01
4.057306289672851562e+01
5.980927276611328125e+01
-7.694090270996093750e+01
8.390203094482421875e+01
8.207011413574218750e+01
-6.129639053344726562e+01
7.517006683349609375e+01
3.938077163696289062e+01
9.759197998046875000e+01
7.742832946777343750e+01
5.777740478515625000e+01
9.772306060791015625e+01
8.270748138427734375e+01
-6.144942092895507812e+01
8.405693054199218750e+01
8.046131134033203125e+01
5.898525238037109375e+01
4.743711471557617188e+01
-3.546893692016601562e+01
-3.992482376098632812e+01
-7.349800872802734375e+01
-7.077581024169921875e+01
8.163508605957031250e+01
-8.819338226318359375e+01
-8.317198181152343750e+01
-4.045802307128906250e+01
9.511502838134765625e+01
3.388977813720703125e+01
3.217613220214843750e+01
3.775594711303710938e+01
6.179280853271484375e+01
-7.905473327636718750e+01
-6.032052516937255859e+00
7.731498718261718750e+01
-5.137455368041992188e+01
7.647277069091796875e+01
9.113813018798828125e+01
-7.496960449218750000e+01
-6.627982330322265625e+01
-1.652993011474609375e+01
7.009426116943359375e+01
-3.905034255981445312e+01
-3.250453567504882812e+01
-2.562607765197753906e+01
-2.432925987243652344e+01
5.714560317993164062e+01
-1.751900100708007812e+01
1.791247558593750000e+01
5.680376434326171875e+01
2.763200378417968750e+01
6.012362289428710938e+01
-7.219285583496093750e+01
-8.119282531738281250e+01
-1.707914733886718750e+01
-6.191703796386718750e+01
4.131574630737304688e+01
-3.017784881591796875e+01
4.682151794433593750e+00
-9.461867523193359375e+01
-9.344402313232421875e+01
-9.362570953369140625e+01
6.018176651000976562e+01
-8.568641662597656250e+01
3.702905654907226562e+01
3.076972007751464844e+01
9.659467315673828125e+01
-3.772522735595703125e+01
2.806974887847900391e+00
3.925950241088867188e+01
4.428134155273437500e+01
2.257669830322265625e+01
-3.390497589111328125e+01
-4.875097656250000000e+01
-3.812712860107421875e+01
-7.058368682861328125e+00
4.678931427001953125e+01
8.793968200683593750e+01
4.357488632202148438e+00
-7.860122680664062500e+01
-9.336946868896484375e+01
-2.540811347961425781e+01
5.848861312866210938e+01
-2.318244743347167969e+01
3.663346481323242188e+01
9.698754882812500000e+01
5.647540664672851562e+01
-8.005509948730468750e+01
-7.383505249023437500e+01
-9.213672637939453125e+01
4.551511001586914062e+01
-7.775852966308593750e+01
-8.802568054199218750e+01
8.664105987548828125e+01
8.005651855468750000e+01
4.893758773803710938e+01
-5.738737487792968750e+01
5.084421157836914062e+01
7.513309478759765625e+01
1.984788703918457031e+01
-1.373706150054931641e+01
-1.267205238342285156e+00
-9.898043060302734375e+01
7.325477600097656250e+01
-1.778025245666503906e+01
5.531538772583007812e+01
-7.335993957519531250e+01
2.456305122375488281e+01
-2.691532707214355469e+01
2.595589447021484375e+01
3.202002048492431641e+00
-4.948957824707031250e+01
-6.747578144073486328e+00
-3.477837562561035156e+00
9.204757690429687500e+01
6.087129211425781250e+01
6.367673110961914062e+01
-9.020629119873046875e+01
9.089860534667968750e+01
1.163153171539306641e+01
8.321016693115234375e+01
-4.866295242309570312e+01
2.838071823120117188e+01
-8.164966583251953125e+01
9.412120819091796875e+01
-7.049605560302734375e+01
-3.181163406372070312e+01
7.102957153320312500e+01
8.554655456542968750e+01
5.344039154052734375e+01
-5.225414657592773438e+01
-7.793228912353515625e+01
7.614273071289062500e+01
-4.833499526977539062e+01
3.697541427612304688e+01
9.167889595031738281e+00
9.316390228271484375e+01
7.542561340332031250e+01
9.384870147705078125e+01
1.406048679351806641e+01
7.931983184814453125e+01
1.141457843780517578e+01
8.061690521240234375e+01
6.337099838256835938e+01
1.487932968139648438e+01
7.357669830322265625e+01
9.157478332519531250e+01
-4.239778518676757812e+01
3.587088012695312500e+01
-4.053099441528320312e+01
8.634912109375000000e+01
-2.794455909729003906e+01
-4.468933105468750000e+01
6.077152633666992188e+01
1.771496009826660156e+01
-4.974203109741210938e+01
4.675007629394531250e+01
-1.804674911499023438e+01
9.745462799072265625e+01
-8.348653411865234375e+01
8.387133789062500000e+01
3.823564529418945312e+01
-7.837588310241699219e+00
2.953149604797363281e+01
-2.290260124206542969e+01
2.480262041091918945e+00
6.026227569580078125e+01
-7.981220245361328125e+01
7.309127807617187500e+01
-2.780557250976562500e+01
-4.469562911987304688e+01
2.151582908630371094e+01
-8.960616302490234375e+01
1.105701828002929688e+01
7.839119720458984375e+01
2.030060768127441406e+00
4.588792800903320312e+01
5.478076171875000000e+01
6.970172119140625000e+01
4.848962402343750000e+01
6.062392044067382812e+01
4.108937072753906250e+01
6.960616302490234375e+01
-3.426485061645507812e+01
8.205834960937500000e+01
-8.184077453613281250e+01
8.040119934082031250e+01
6.509183502197265625e+01
-9.495828247070312500e+01
9.657005310058593750e+01
5.145392608642578125e+01
9.833439636230468750e+01
7.637344360351562500e+01
-9.228569793701171875e+01
7.697377014160156250e+01
-6.687996673583984375e+01
4.072490310668945312e+01
-9.599110603332519531e+00
2.401309776306152344e+01
9.910146331787109375e+01
6.378861236572265625e+01
-7.423712921142578125e+01
-7.600259399414062500e+01
-1.415528774261474609e+01
-9.385641479492187500e+01
-9.268530273437500000e+01
-5.796614646911621094e+00
-5.525404357910156250e+01
-7.122062683105468750e+01
-5.193135833740234375e+01
6.041632461547851562e+01
-5.530744934082031250e+01
-6.267371749877929688e+01
-8.722459411621093750e+01
6.398044967651367188e+01
-4.961364746093750000e+01
5.229657363891601562e+01
6.962465667724609375e+01
8.801470184326171875e+01
-2.555037498474121094e+01
-8.688280487060546875e+01
-2.589183425903320312e+01
-8.861363983154296875e+01
-9.026657104492187500e+01
-5.659937286376953125e+01
-7.070156097412109375e+01
-5.818799591064453125e+01
9.165528106689453125e+01
8.553025817871093750e+01
1.858335304260253906e+01
-7.486629486083984375e+01
-2.305026817321777344e+01
-5.821506881713867188e+01
2.042852401733398438e+01
-2.800311470031738281e+01
-8.870139312744140625e+01
-3.693907928466796875e+01
6.584525299072265625e+01
-7.936428070068359375e+01
-7.747875213623046875e+01
-9.499348449707031250e+01
-5.396379852294921875e+01
-3.762869262695312500e+01
8.454792022705078125e+01
8.077172279357910156e+00
-9.647562408447265625e+01
-1.849402999877929688e+01
-1.187364101409912109e+01
-9.617380523681640625e+01
-7.380638122558593750e+01
-5.682079696655273438e+01
-1.101072025299072266e+01
-5.127294540405273438e+01
-9.288746643066406250e+01
-8.091009521484375000e+01
1.637854814529418945e+00
-8.187240600585937500e+01
-1.816397476196289062e+01
-8.059040069580078125e+01
5.618630218505859375e+01
-1.945012092590332031e+01
5.035466670989990234e+00
7.011378479003906250e+01
-5.897096252441406250e+01
6.851523590087890625e+01
-1.641563415527343750e+01
-2.059215736389160156e+01
6.271405792236328125e+01
-8.174259185791015625e+01
-8.280307006835937500e+01
-3.561122894287109375e+01
-4.852675914764404297e+00
-7.839492034912109375e+01
9.769779205322265625e+01
3.890958726406097412e-01
-5.921545791625976562e+01
6.486917114257812500e+01
8.322042846679687500e+01
-7.367152404785156250e+01
9.037246704101562500e+01
-5.409419631958007812e+01
1.860208892822265625e+01
-6.056333065032958984e+00
4.359383773803710938e+01
-6.664146423339843750e+01
-3.656197357177734375e+01
-9.638035583496093750e+01
-9.568200683593750000e+01
2.918698883056640625e+01
-7.828898620605468750e+01
-4.133489990234375000e+01
6.597073364257812500e+01
4.265566253662109375e+01
3.191638946533203125e+01
5.152375030517578125e+01
6.281010437011718750e+01
-6.241768646240234375e+01
-9.646211242675781250e+01
-9.656978607177734375e+01
-1.473539924621582031e+01
-7.923046112060546875e+01
-9.372412872314453125e+01
-2.070100975036621094e+01
9.591656494140625000e+01
2.188478279113769531e+01
-5.726000595092773438e+01
2.144403266906738281e+01
6.270753097534179688e+01
5.053908157348632812e+01
8.907685852050781250e+01
-2.638087654113769531e+01
-9.290974426269531250e+01
-8.046393585205078125e+01
-6.487676239013671875e+01
5.058311080932617188e+01
-6.373634338378906250e+01
7.535634613037109375e+01
5.641620254516601562e+01
-6.308711624145507812e+01
7.618563842773437500e+01
-2.675148010253906250e+01
-4.099050521850585938e+01
7.749729156494140625e+01
3.863945388793945312e+01
6.713487148284912109e+00
-2.666223335266113281e+01
9.009515380859375000e+01
3.898400497436523438e+01
2.186827278137207031e+01
-8.630754852294921875e+01
-1.673163604736328125e+01
-4.908586883544921875e+01
4.081883621215820312e+01
8.766630554199218750e+01
-7.874683380126953125e+01
3.591169834136962891e+00
6.026447296142578125e+01
-9.782376861572265625e+01
8.340561676025390625e+01
-4.706715774536132812e+01
8.351445007324218750e+01
3.223899841308593750e+01
2.226654815673828125e+01
8.146543884277343750e+01
1.823961257934570312e+01
2.017873764038085938e+01
-3.504507064819335938e+01
-6.880425262451171875e+01
-7.152734375000000000e+01
-6.515102386474609375e+01
9.103871154785156250e+01
3.560755014419555664e+00
2.648164558410644531e+01
-5.617362976074218750e+01
-6.854734802246093750e+01
7.640303802490234375e+01
-9.343928527832031250e+01
3.786841392517089844e+00
8.368408203125000000e+01
-9.401017761230468750e+01
5.305233001708984375e-01
9.402982330322265625e+01
5.985339736938476562e+01
9.903543853759765625e+01
8.520027160644531250e+01
1.488216972351074219e+01
-2.651016044616699219e+01
-1.377513694763183594e+01
8.584812927246093750e+01
-8.594405364990234375e+01
-5.142394256591796875e+01
1.489373397827148438e+01
-3.356045913696289062e+01
7.360252380371093750e+01
8.754785919189453125e+01
-3.534268856048583984e+00
9.264857482910156250e+01
-1.979997825622558594e+01
8.166025543212890625e+01
-9.234932708740234375e+01
8.064703369140625000e+01
8.915094757080078125e+01
-7.975324249267578125e+01
9.909452056884765625e+01
9.366706848144531250e+01
9.694619750976562500e+01
7.587322235107421875e+01
5.377690124511718750e+01
5.367646789550781250e+01
-3.350076913833618164e+00
4.733446121215820312e+01
8.991834259033203125e+01
5.018873214721679688e+01
7.051741027832031250e+01
-3.252188491821289062e+01
-7.966950225830078125e+01
8.398258972167968750e+01
7.749034881591796875e+01
-4.355167007446289062e+01
-3.558654022216796875e+01
7.781204223632812500e+01
8.891761016845703125e+01
3.674800491333007812e+01
-2.826024055480957031e+01
-8.327445983886718750e+01
-2.360514450073242188e+01
9.832411193847656250e+01
-8.197796630859375000e+01
9.008726501464843750e+01
9.310349273681640625e+01
3.135282897949218750e+01
-8.499176025390625000e+00
2.846997642517089844e+01
2.993168449401855469e+01
6.946369934082031250e+01
-9.529878234863281250e+01
2.593030929565429688e+01
-9.216159820556640625e+01
3.195568847656250000e+01
2.610288810729980469e+01
7.289040374755859375e+01
9.791481018066406250e+01
-7.253037929534912109e+00
7.880534362792968750e+01
-7.025621032714843750e+01
-9.614493560791015625e+01
-6.641148376464843750e+01
8.938793945312500000e+01
-6.362166404724121094e+00
9.320202636718750000e+01
4.506598281860351562e+01
6.156576919555664062e+01
-8.830443572998046875e+01
-6.990537261962890625e+01
-3.514762878417968750e+01
-6.985806274414062500e+01
-2.413208007812500000e+00
4.261972808837890625e+01
-2.180216217041015625e+01
-6.352513885498046875e+01
7.696368694305419922e+00
2.029386901855468750e+01
9.215649604797363281e+00
9.547015380859375000e+01
-2.635896873474121094e+01
3.793102645874023438e+01
-7.553702545166015625e+01
-1.046435642242431641e+01
4.769073104858398438e+01
-5.288211059570312500e+01
-8.058848571777343750e+01
-9.700305175781250000e+01
-6.308755111694335938e+01
2.391686058044433594e+01
5.803778839111328125e+01
9.635259246826171875e+01
-7.797579193115234375e+01
2.559055137634277344e+01
-3.902222824096679688e+01
2.607880020141601562e+01
-8.342656707763671875e+01
-4.376280784606933594e+00
-9.173549652099609375e+01
-9.518973350524902344e+00
-9.466547393798828125e+01
2.104682350158691406e+01
8.184011840820312500e+01
-2.804547882080078125e+01
4.690541076660156250e+01
4.789319992065429688e+01
4.979897689819335938e+01
4.686301422119140625e+01
-3.686492443084716797e+00
9.449019622802734375e+01
-9.340372467041015625e+01
-7.234276580810546875e+01
-3.029047775268554688e+01
6.625254058837890625e+01
3.232913970947265625e+01
-8.806945800781250000e+00
-6.557730102539062500e+01
-8.284533691406250000e+01
6.805204772949218750e+01
-5.088926696777343750e+01
-7.752884674072265625e+01
-8.146486663818359375e+01
-2.116347885131835938e+01
1.764269828796386719e+01
9.376486206054687500e+01
-1.712382316589355469e+01
-3.901373291015625000e+01
7.881946563720703125e+01
-3.050613021850585938e+01
7.393452453613281250e+01
-4.153975677490234375e+01
-9.309735107421875000e+01
1.967275238037109375e+01
-9.492881011962890625e+01
1.656577301025390625e+01
4.890728378295898438e+01
-9.486370086669921875e+01
-7.576067352294921875e+01
6.522772979736328125e+01
2.095093154907226562e+01
1.417104721069335938e+01
6.721489715576171875e+01
8.076308441162109375e+01
-9.261817932128906250e+01
-2.601572799682617188e+01
-2.211929321289062500e+01
-7.721847534179687500e+01
6.444164276123046875e+01
-6.751727294921875000e+01
5.942778778076171875e+01
2.859292602539062500e+01
-9.090523529052734375e+01
4.305417633056640625e+01
-8.022469329833984375e+01
-4.865136337280273438e+01
-2.758660697937011719e+01
-7.578845977783203125e+01
-4.470148468017578125e+01
3.389056396484375000e+01
2.880516624450683594e+01
6.999761962890625000e+01
-2.364932823181152344e+01
-9.015205383300781250e+01
-9.466112518310546875e+01
-5.723545074462890625e+01
