2.027491182088851929e-01
2.657683491706848145e-01
1.338758617639541626e-01
3.256345093250274658e-01
1.063241809606552124e-01
2.822604179382324219e-01
1.580309867858886719e-01
2.898547649383544922e-01
1.795147359371185303e-01
2.855526804924011230e-01
1.498284935951232910e-01
2.438401430845260620e-01
1.545300781726837158e-01
2.598043978214263916e-01
2.138587832450866699e-01
2.345136255025863647e-01
1.858469396829605103e-01
2.537797391414642334e-01
1.586437821388244629e-01
2.524725794792175293e-01
2.030270844697952271e-01
2.519789934158325195e-01
2.119658142328262329e-01
2.079206109046936035e-01
2.209746986627578735e-01
1.985397934913635254e-01
2.668538391590118408e-01
1.366208195686340332e-01
2.895487546920776367e-01
1.638158857822418213e-01
2.768831551074981689e-01
2.012486904859542847e-01
1.699974834918975830e-01
2.475214302539825439e-01
2.421572357416152954e-01
1.972928941249847412e-01
2.564505040645599365e-01
1.893843710422515869e-01
2.237485051155090332e-01
1.825131773948669434e-01
2.156334817409515381e-01
1.763542443513870239e-01
2.650623917579650879e-01
2.055641114711761475e-01
2.405925095081329346e-01
1.948892772197723389e-01
2.273039966821670532e-01
2.100943177938461304e-01
2.067487686872482300e-01
2.435079962015151978e-01
1.827081888914108276e-01
2.238445281982421875e-01
2.392561286687850952e-01
2.178717255592346191e-01
2.068798691034317017e-01
2.493081688880920410e-01
1.669224947690963745e-01
2.952757477760314941e-01
1.392873972654342651e-01
2.664112150669097900e-01
2.023691684007644653e-01
2.725150585174560547e-01
1.559666097164154053e-01
2.536308467388153076e-01
1.110254675149917603e-01
2.560802102088928223e-01
2.269199788570404053e-01
1.956669986248016357e-01
2.940557301044464111e-01
1.734711378812789917e-01
2.564027905464172363e-01
2.132763415575027466e-01
2.549758255481719971e-01
1.776546090841293335e-01
2.651026546955108643e-01
1.174445524811744690e-01
2.860217690467834473e-01
1.172570884227752686e-01
2.803415656089782715e-01
1.604629456996917725e-01
2.501814365386962891e-01
2.218608558177947998e-01
2.174234092235565186e-01
2.365909069776535034e-01
2.445516884326934814e-01
2.267970889806747437e-01
2.260944992303848267e-01
1.963767111301422119e-01
2.499667555093765259e-01
1.592627912759780884e-01
2.440393716096878052e-01
2.202905565500259399e-01
1.827094554901123047e-01
2.354289144277572632e-01
2.332576960325241089e-01
1.843136698007583618e-01
2.294835150241851807e-01
2.096730470657348633e-01
2.641105651855468750e-01
1.329088956117630005e-01
3.175044059753417969e-01
1.505529284477233887e-01
2.258731871843338013e-01
2.414663285017013550e-01
2.258527427911758423e-01
1.135597378015518188e-01
2.343606650829315186e-01
2.560160458087921143e-01
2.155592292547225952e-01
2.417008876800537109e-01
2.270167320966720581e-01
2.339548319578170776e-01
1.854621917009353638e-01
2.462799698114395142e-01
1.744536161422729492e-01
2.121384888887405396e-01
2.563043534755706787e-01
2.296091169118881226e-01
1.928285956382751465e-01
2.594710588455200195e-01
1.576990336179733276e-01
2.351659387350082397e-01
2.375077903270721436e-01
2.102051228284835815e-01
2.454611212015151978e-01
1.657418757677078247e-01
2.579100728034973145e-01
1.469149440526962280e-01
2.326252460479736328e-01
2.304960489273071289e-01
2.487646937370300293e-01
1.780378818511962891e-01
1.951359063386917114e-01
2.317462265491485596e-01
2.038206309080123901e-01
2.509328126907348633e-01
2.336515933275222778e-01
2.413887977600097656e-01
1.102600693702697754e-01
2.761817574501037598e-01
2.163324207067489624e-01
2.786200046539306641e-01
1.781452298164367676e-01
2.480985373258590698e-01
1.180154159665107727e-01
2.874667346477508545e-01
1.939329653978347778e-01
2.546289563179016113e-01
1.734974980354309082e-01
2.657308876514434814e-01
2.076010257005691528e-01
2.102064341306686401e-01
2.358126193284988403e-01
2.065766751766204834e-01
1.810075193643569946e-01
2.346419692039489746e-01
2.365306913852691650e-01
2.013727128505706787e-01
1.878082603216171265e-01
2.067170590162277222e-01
2.697414159774780273e-01
1.365202218294143677e-01
2.241996973752975464e-01
2.510518431663513184e-01
2.544055581092834473e-01
1.607847362756729126e-01
2.565499544143676758e-01
2.115362733602523804e-01
2.201644033193588257e-01
2.384241670370101929e-01
2.033049166202545166e-01
2.254497408866882324e-01
2.371395528316497803e-01
1.648303866386413574e-01
2.778956294059753418e-01
1.641832292079925537e-01
2.341250330209732056e-01
2.467238008975982666e-01
1.850192099809646606e-01
1.943648904561996460e-01
2.101366519927978516e-01
2.663047313690185547e-01
1.774105131626129150e-01
2.595512270927429199e-01
1.782592087984085083e-01
2.308692932128906250e-01
1.904076635837554932e-01
2.677503526210784912e-01
1.711487025022506714e-01
2.389637082815170288e-01
1.828182935714721680e-01
2.808008790016174316e-01
1.938509941101074219e-01
2.586672604084014893e-01
1.566970646381378174e-01
2.600207328796386719e-01
1.756830215454101562e-01
2.325399667024612427e-01
1.564722955226898193e-01
2.376299202442169189e-01
2.454943358898162842e-01
2.295581847429275513e-01
1.950499862432479858e-01
2.299502044916152954e-01
2.415610700845718384e-01
2.018400728702545166e-01
2.189207822084426880e-01
2.324657440185546875e-01
2.080703079700469971e-01
1.987673938274383545e-01
2.403493076562881470e-01
2.010367363691329956e-01
2.482895106077194214e-01
1.504539251327514648e-01
2.853951454162597656e-01
1.875602155923843384e-01
2.384238541126251221e-01
1.682529598474502563e-01
2.226446568965911865e-01
2.098601609468460083e-01
2.444034814834594727e-01
2.225693911314010620e-01
2.499274760484695435e-01
1.532707065343856812e-01
2.350267916917800903e-01
2.194455116987228394e-01
2.262984365224838257e-01
2.288966625928878784e-01
2.101305425167083740e-01
2.498055398464202881e-01
1.957408040761947632e-01
1.974182575941085815e-01
1.819443851709365845e-01
2.564478814601898193e-01
1.973727792501449585e-01
2.312157899141311646e-01
2.132479548454284668e-01
1.899126917123794556e-01
2.564333677291870117e-01
2.220540642738342285e-01
2.029670774936676025e-01
2.075648009777069092e-01
2.619400322437286377e-01
1.879959851503372192e-01
2.687647342681884766e-01
1.757016181945800781e-01
2.381827831268310547e-01
2.057509422302246094e-01
2.443581223487854004e-01
1.744870841503143311e-01
1.960870027542114258e-01
2.514508366584777832e-01
1.864750236272811890e-01
2.212171405553817749e-01
2.092099040746688843e-01
3.107254505157470703e-01
6.134580820798873901e-02
2.307459264993667603e-01
2.665460407733917236e-01
1.916004568338394165e-01
2.352578938007354736e-01
2.721130549907684326e-01
1.537044942378997803e-01
2.656050622463226318e-01
1.715140640735626221e-01
2.536855041980743408e-01
1.980712115764617920e-01
1.943285614252090454e-01
3.033484220504760742e-01
1.715777069330215454e-01
2.319279760122299194e-01
1.854600757360458374e-01
2.708681225776672363e-01
2.162077426910400391e-01
2.065860182046890259e-01
2.262234538793563843e-01
1.999825984239578247e-01
2.036430835723876953e-01
2.265661209821701050e-01
1.976408064365386963e-01
2.504705786705017090e-01
1.949249953031539917e-01
2.296183705329895020e-01
2.180511206388473511e-01
2.849726378917694092e-01
9.250569343566894531e-02
1.932891011238098145e-01
2.560187578201293945e-01
2.231490164995193481e-01
2.334265410900115967e-01
2.000906169414520264e-01
1.957156062126159668e-01
2.465770840644836426e-01
2.316314280033111572e-01
2.180541157722473145e-01
2.322081476449966431e-01
2.466609627008438110e-01
1.484429240226745605e-01
2.513996362686157227e-01
1.589400768280029297e-01
2.720481157302856445e-01
2.013925909996032715e-01
2.077770531177520752e-01
2.582888603210449219e-01
1.492603123188018799e-01
2.708821594715118408e-01
2.053029686212539673e-01
2.713497281074523926e-01
1.763892024755477905e-01
2.074185758829116821e-01
2.165085375308990479e-01
2.215768992900848389e-01
2.060614228248596191e-01
2.308963984251022339e-01
2.018068134784698486e-01
2.400036156177520752e-01
1.778321564197540283e-01
2.765602767467498779e-01
1.694236844778060913e-01
1.990955621004104614e-01
2.392928749322891235e-01
2.361369729042053223e-01
1.692331582307815552e-01
2.172273397445678711e-01
2.412120550870895386e-01
2.280509471893310547e-01
2.308022379875183105e-01
2.213231027126312256e-01
2.401137948036193848e-01
2.236726582050323486e-01
2.500096857547760010e-01
1.780176907777786255e-01
1.561626344919204712e-01
2.699881196022033691e-01
1.668777465820312500e-01
2.209700495004653931e-01
2.673314213752746582e-01
1.108100563287734985e-01
2.694679498672485352e-01
2.444345653057098389e-01
1.925410181283950806e-01
2.813479602336883545e-01
1.089231893420219421e-01
2.615309953689575195e-01
2.418162226676940918e-01
2.115444839000701904e-01
2.295904308557510376e-01
2.205084562301635742e-01
2.392951697111129761e-01
1.878109723329544067e-01
2.389344274997711182e-01
2.160177528858184814e-01
1.933294236660003662e-01
2.220782935619354248e-01
2.164272069931030273e-01
2.006154209375381470e-01
2.521439492702484131e-01
2.230041772127151489e-01
2.235051244497299194e-01
1.444295048713684082e-01
1.822000145912170410e-01
3.319556713104248047e-01
1.378333121538162231e-01
2.509599626064300537e-01
2.149986922740936279e-01
1.966414600610733032e-01
2.771007120609283447e-01
1.561673879623413086e-01
2.832751870155334473e-01
1.767836958169937134e-01
2.377953827381134033e-01
1.588225811719894409e-01
2.424528896808624268e-01
2.096786648035049438e-01
2.091494053602218628e-01
2.447517812252044678e-01
1.858806908130645752e-01
1.950662136077880859e-01
3.061146438121795654e-01
1.555231809616088867e-01
2.710918784141540527e-01
1.958938986063003540e-01
2.100994139909744263e-01
2.075558602809906006e-01
2.026755809783935547e-01
2.175637632608413696e-01
2.352247685194015503e-01
2.036889195442199707e-01
2.232905030250549316e-01
1.865269839763641357e-01
2.729028463363647461e-01
9.798415750265121460e-02
2.131472378969192505e-01
2.429264634847640991e-01
2.574363350868225098e-01
2.138270437717437744e-01
2.241923809051513672e-01
2.287848442792892456e-01
2.114946395158767700e-01
2.894034087657928467e-01
1.861542910337448120e-01
2.280595600605010986e-01
2.030692398548126221e-01
2.529894411563873291e-01
2.132721543312072754e-01
1.568930745124816895e-01
2.097063213586807251e-01
2.225716859102249146e-01
2.177837789058685303e-01
2.550322413444519043e-01
1.943860799074172974e-01
1.929142922163009644e-01
2.358456701040267944e-01
2.066366672515869141e-01
2.138094455003738403e-01
2.403562664985656738e-01
1.914754956960678101e-01
2.628887891769409180e-01
1.865524351596832275e-01
2.279477417469024658e-01
1.775360554456710815e-01
2.326573431491851807e-01
2.342639416456222534e-01
2.465528100728988647e-01
2.204383760690689087e-01
1.937298178672790527e-01
2.421623915433883667e-01
1.287663727998733521e-01
2.265737503767013550e-01
2.210091948509216309e-01
2.311710119247436523e-01
1.949684172868728638e-01
2.997564673423767090e-01
9.304679185152053833e-02
2.364592552185058594e-01
2.852508723735809326e-01
1.501420289278030396e-01
2.387942373752593994e-01
2.413940727710723877e-01
2.371242344379425049e-01
2.281409353017807007e-01
1.899160742759704590e-01
2.379489392042160034e-01
2.164330482482910156e-01
2.517855167388916016e-01
1.435349732637405396e-01
2.840965986251831055e-01
1.227121651172637939e-01
2.097541838884353638e-01
2.644742429256439209e-01
2.362221628427505493e-01
2.054690867662429810e-01
2.236508429050445557e-01
2.102583050727844238e-01
2.196594476699829102e-01
2.175041586160659790e-01
2.082531005144119263e-01
2.369640022516250610e-01
2.058520317077636719e-01
2.296882122755050659e-01
1.867848634719848633e-01
1.985848248004913330e-01
2.549002170562744141e-01
2.527978122234344482e-01
1.889157444238662720e-01
2.357333898544311523e-01
1.962069272994995117e-01
1.900135725736618042e-01
2.364349663257598877e-01
2.788080275058746338e-01
1.386352032423019409e-01
2.694639861583709717e-01
1.897480934858322144e-01
2.106508761644363403e-01
2.279734015464782715e-01
1.719760298728942871e-01
2.369637042284011841e-01
2.602838575839996338e-01
2.090905755758285522e-01
1.376266032457351685e-01
2.525750994682312012e-01
1.860754489898681641e-01
2.420047819614410400e-01
2.220673114061355591e-01
2.613255977630615234e-01
1.860300898551940918e-01
1.974608600139617920e-01
2.279038429260253906e-01
2.320020198822021484e-01
1.952439397573471069e-01
2.646324634552001953e-01
2.357073575258255005e-01
2.073770463466644287e-01
2.017683684825897217e-01
2.358958572149276733e-01
1.792758554220199585e-01
2.353909015655517578e-01
1.949904412031173706e-01
2.529650032520294189e-01
2.042161971330642700e-01
2.101195752620697021e-01
2.145244330167770386e-01
1.918765157461166382e-01
2.416060268878936768e-01
2.755651473999023438e-01
1.439947485923767090e-01
2.150859236717224121e-01
2.041904032230377197e-01
1.874501556158065796e-01
2.613041102886199951e-01
1.996417492628097534e-01
2.190752774477005005e-01
2.256830632686614990e-01
2.495640665292739868e-01
2.348922342061996460e-01
2.411995232105255127e-01
1.747398823499679565e-01
2.068504393100738525e-01
2.363817989826202393e-01
2.490609437227249146e-01
1.243742033839225769e-01
2.114382982254028320e-01
1.903427690267562866e-01
2.666272222995758057e-01
2.545330226421356201e-01
2.338630408048629761e-01
1.483543366193771362e-01
2.640288770198822021e-01
2.073617428541183472e-01
2.401800751686096191e-01
2.401822358369827271e-01
2.214058339595794678e-01
1.514061987400054932e-01
2.964782416820526123e-01
1.604850590229034424e-01
2.594418525695800781e-01
2.276348322629928589e-01
1.543218046426773071e-01
2.100897133350372314e-01
2.125192433595657349e-01
1.851913779973983765e-01
2.370561659336090088e-01
2.724078595638275146e-01
1.542992293834686279e-01
1.897088438272476196e-01
2.438040226697921753e-01
1.911020427942276001e-01
2.578242123126983643e-01
2.387804239988327026e-01
1.872680336236953735e-01
2.503616511821746826e-01
2.072255760431289673e-01
2.598436176776885986e-01
2.123723030090332031e-01
2.284470647573471069e-01
1.857154220342636108e-01
2.491961717605590820e-01
1.683970093727111816e-01
2.327569872140884399e-01
1.897823959589004517e-01
2.284589409828186035e-01
2.121867239475250244e-01
2.296027392148971558e-01
2.613743841648101807e-01
1.961264908313751221e-01
2.214725017547607422e-01
1.603251248598098755e-01
2.505183517932891846e-01
2.362364083528518677e-01
1.741199940443038940e-01
2.435625791549682617e-01
2.261610478162765503e-01
2.371520400047302246e-01
2.268680930137634277e-01
1.721778810024261475e-01
2.548477947711944580e-01
1.821275353431701660e-01
2.763984799385070801e-01
1.618065834045410156e-01
2.436190694570541382e-01
1.746366471052169800e-01
2.196500301361083984e-01
2.561969161033630371e-01
1.858977377414703369e-01
1.860981434583663940e-01
3.130144476890563965e-01
1.658368855714797974e-01
1.711292266845703125e-01
1.984168440103530884e-01
2.997820973396301270e-01
2.032239884138107300e-01
1.941157877445220947e-01
1.985691934823989868e-01
1.929653435945510864e-01
2.474137842655181885e-01
2.263382673263549805e-01
2.802539169788360596e-01
1.626064032316207886e-01
2.721504867076873779e-01
2.256877571344375610e-01
2.036366164684295654e-01
2.284349650144577026e-01
1.957946121692657471e-01
2.325918972492218018e-01
-1.505862474441528320e-01
-2.021572142839431763e-01
1.338111460208892822e-01
2.561888694763183594e-01
2.635340094566345215e-01
2.813983559608459473e-01
2.571652233600616455e-01
2.435513585805892944e-01
2.473445832729339600e-01
2.479252070188522339e-01
2.327349931001663208e-01
2.789009809494018555e-01
2.546481490135192871e-01
2.121748924255371094e-01
2.241405844688415527e-01
2.130727320909500122e-01
2.337080240249633789e-01
2.444318681955337524e-01
2.554665207862854004e-01
2.517727017402648926e-01
2.749512195587158203e-01
2.452491819858551025e-01
2.880320549011230469e-01
2.426209449768066406e-01
2.879255115985870361e-01
2.584456205368041992e-01
2.926426529884338379e-01
2.560586929321289062e-01
2.195887565612792969e-01
2.584533989429473877e-01
2.130627930164337158e-01
2.009833455085754395e-01
2.977069020271301270e-01
2.566895186901092529e-01
2.752481400966644287e-01
2.575312256813049316e-01
2.717632353305816650e-01
2.398125678300857544e-01
2.739911973476409912e-01
2.645305991172790527e-01
1.629751622676849365e-01
1.817452162504196167e-01
1.563014984130859375e-01
2.053273022174835205e-01
1.854378581047058105e-01
2.004600018262863159e-01
2.103474438190460205e-01
2.070854902267456055e-01
1.907630413770675659e-01
1.833766549825668335e-01
1.511746942996978760e-01
1.835203766822814941e-01
1.763352453708648682e-01
1.700018793344497681e-01
1.843529343605041504e-01
1.459909230470657349e-01
2.132058292627334595e-01
1.947295069694519043e-01
1.709147095680236816e-01
1.684753000736236572e-01
1.676111072301864624e-01
1.209135502576828003e-01
3.548140227794647217e-01
2.868085801601409912e-01
3.006098270416259766e-01
2.252237349748611450e-01
1.927596181631088257e-01
2.465803623199462891e-01
1.277328282594680786e-01
2.207588851451873779e-01
1.718261986970901489e-01
2.872102856636047363e-01
9.723360836505889893e-02
2.423462718725204468e-01
1.492871195077896118e-01
2.252154052257537842e-01
1.666926741600036621e-01
3.107624948024749756e-01
3.534535691142082214e-02
3.020082712173461914e-01
2.008439451456069946e-01
1.946471333503723145e-01
2.192637920379638672e-01
1.778905838727951050e-01
1.777703016996383667e-01
2.533658742904663086e-01
1.587919294834136963e-01
2.716976702213287354e-01
1.198137626051902771e-01
3.067668080329895020e-01
1.561827510595321655e-01
2.616525590419769287e-01
1.498512178659439087e-01
2.867543101310729980e-01
6.461125612258911133e-02
3.302868008613586426e-01
1.689795553684234619e-01
2.860095202922821045e-01
1.072677895426750183e-01
3.304448425769805908e-01
1.142099499702453613e-01
2.662015557289123535e-01
1.767715960741043091e-01
2.412306815385818481e-01
1.912934035062789917e-01
2.472429126501083374e-01
1.858004927635192871e-01
2.393204718828201294e-01
1.730943620204925537e-01
2.749992907047271729e-01
1.934729367494583130e-01
2.509991526603698730e-01
1.446186006069183350e-01
3.069447278976440430e-01
1.329170167446136475e-01
2.823129594326019287e-01
2.132408767938613892e-01
2.382807880640029907e-01
1.810789853334426880e-01
2.409318387508392334e-01
1.983107179403305054e-01
2.333906292915344238e-01
2.042362689971923828e-01
2.101591378450393677e-01
2.379731684923171997e-01
1.820386946201324463e-01
2.805732786655426025e-01
1.480539441108703613e-01
2.805176973342895508e-01
1.202054545283317566e-01
3.116168379783630371e-01
1.688377708196640015e-01
2.711448371410369873e-01
1.466435492038726807e-01
2.783201634883880615e-01
1.893859356641769409e-01
2.191410511732101440e-01
2.754319012165069580e-01
1.442655324935913086e-01
2.772460281848907471e-01
1.156983301043510437e-01
2.913018763065338135e-01
2.058699727058410645e-01
2.302756905555725098e-01
1.874564737081527710e-01
2.645690143108367920e-01
1.509336382150650024e-01
2.619648277759552002e-01
2.144238203763961792e-01
2.548495829105377197e-01
1.913150548934936523e-01
2.449115365743637085e-01
1.811654716730117798e-01
2.601732611656188965e-01
1.337314695119857788e-01
3.017479181289672852e-01
1.578273922204971313e-01
2.374235987663269043e-01
2.006902694702148438e-01
2.282124459743499756e-01
2.615796327590942383e-01
1.777918040752410889e-01
1.739636063575744629e-01
2.766615152359008789e-01
2.130140960216522217e-01
1.633730232715606689e-01
3.063495457172393799e-01
1.550229936838150024e-01
2.750092446804046631e-01
2.070902436971664429e-01
2.086089998483657837e-01
2.200853228569030762e-01
1.956902146339416504e-01
2.418847233057022095e-01
1.846705079078674316e-01
2.020412534475326538e-01
2.718154191970825195e-01
1.855215728282928467e-01
2.387614101171493530e-01
2.255434393882751465e-01
1.603744924068450928e-01
2.684470713138580322e-01
1.741144508123397827e-01
2.674442827701568604e-01
1.793297231197357178e-01
2.501136660575866699e-01
1.882137656211853027e-01
2.826596200466156006e-01
1.299460679292678833e-01
2.872183620929718018e-01
1.577346175909042358e-01
2.635674774646759033e-01
1.902089565992355347e-01
2.435099929571151733e-01
1.780281811952590942e-01
2.579723596572875977e-01
1.758400201797485352e-01
2.457828819751739502e-01
2.295106053352355957e-01
2.018894255161285400e-01
2.252250611782073975e-01
2.163733690977096558e-01
1.407580524682998657e-01
3.207672238349914551e-01
1.212596818804740906e-01
2.892180085182189941e-01
1.474213302135467529e-01
2.827537059783935547e-01
1.615543663501739502e-01
3.118051886558532715e-01
9.736818075180053711e-02
3.300007283687591553e-01
1.323181092739105225e-01
3.244175016880035400e-01
7.298259437084197998e-02
3.389731049537658691e-01
9.859790652990341187e-02
2.778021991252899170e-01
2.136670798063278198e-01
2.391476482152938843e-01
2.087887376546859741e-01
2.637985050678253174e-01
1.647366732358932495e-01
2.731974124908447266e-01
1.482424587011337280e-01
2.354266941547393799e-01
1.765360683202743530e-01
2.997295558452606201e-01
6.734953820705413818e-02
3.408603370189666748e-01
1.569699198007583618e-01
3.048352897167205811e-01
1.431354880332946777e-01
2.721437811851501465e-01
1.312026232481002808e-01
3.556311130523681641e-01
4.228248447179794312e-02
3.361594676971435547e-01
1.166706979274749756e-01
3.603668510913848877e-01
9.112635254859924316e-02
2.913517653942108154e-01
1.497210264205932617e-01
3.535144329071044922e-01
5.893608927726745605e-02
3.253680765628814697e-01
9.990441054105758667e-02
3.441314697265625000e-01
8.561184257268905640e-02
3.203801214694976807e-01
1.735115349292755127e-01
2.828597426414489746e-01
1.272017806768417358e-01
3.264959156513214111e-01
1.320682317018508911e-01
2.665229439735412598e-01
1.454807966947555542e-01
3.055828511714935303e-01
7.251014560461044312e-02
3.029853403568267822e-01
1.925664246082305908e-01
2.933792173862457275e-01
1.393237411975860596e-01
2.731134593486785889e-01
1.685890108346939087e-01
2.559779286384582520e-01
1.969985365867614746e-01
2.525001168251037598e-01
1.258582323789596558e-01
3.232751786708831787e-01
1.195202618837356567e-01
3.490094542503356934e-01
8.591926842927932739e-02
3.630547523498535156e-01
2.380963042378425598e-02
2.998482584953308105e-01
1.945529729127883911e-01
3.068619966506958008e-01
1.132844462990760803e-01
2.941365540027618408e-01
1.234877631068229675e-01
2.998391091823577881e-01
1.483164131641387939e-01
3.247695267200469971e-01
1.201267689466476440e-01
3.001230061054229736e-01
1.325981318950653076e-01
2.998312115669250488e-01
1.588917821645736694e-01
2.305178046226501465e-01
1.854671537876129150e-01
2.490736097097396851e-01
1.532134860754013062e-01
3.302612602710723877e-01
1.269873082637786865e-01
2.343800514936447144e-01
2.150305807590484619e-01
2.621479928493499756e-01
2.086142003536224365e-01
2.121863514184951782e-01
2.314885556697845459e-01
2.019385695457458496e-01
2.359696775674819946e-01
1.700009852647781372e-01
2.529155910015106201e-01
1.676638424396514893e-01
2.478340268135070801e-01
2.175708264112472534e-01
2.394164949655532837e-01
1.818073689937591553e-01
2.842915058135986328e-01
1.128227114677429199e-01
2.831986844539642334e-01
1.761218756437301636e-01
2.841961979866027832e-01
1.458928734064102173e-01
3.315151631832122803e-01
1.093391105532646179e-01
3.064051270484924316e-01
1.357146650552749634e-01
2.880337536334991455e-01
8.704568445682525635e-02
3.021125197410583496e-01
1.518075019121170044e-01
2.973965704441070557e-01
1.527495086193084717e-01
2.834724783897399902e-01
1.377249360084533691e-01
2.871507704257965088e-01
1.147290021181106567e-01
3.507842719554901123e-01
1.304907053709030151e-01
3.197218477725982666e-01
1.046086028218269348e-01
2.883296012878417969e-01
1.771371066570281982e-01
2.579370439052581787e-01
1.563935279846191406e-01
2.703977823257446289e-01
1.598897427320480347e-01
2.706739008426666260e-01
1.793226301670074463e-01
3.193629086017608643e-01
9.514117240905761719e-02
3.130764961242675781e-01
8.739137649536132812e-02
3.119158446788787842e-01
2.322321087121963501e-01
1.529266685247421265e-01
2.556117475032806396e-01
2.305616885423660278e-01
2.306443303823471069e-01
1.415447443723678589e-01
2.884948253631591797e-01
1.519557684659957886e-01
2.853837311267852783e-01
1.589769124984741211e-01
2.819294631481170654e-01
1.471748501062393188e-01
2.967304587364196777e-01
1.097076460719108582e-01
2.697771191596984863e-01
2.034922838211059570e-01
2.794919013977050781e-01
1.644628643989562988e-01
2.475379705429077148e-01
1.738292276859283447e-01
2.810685634613037109e-01
1.593152582645416260e-01
2.275046706199645996e-01
2.461407482624053955e-01
1.517430245876312256e-01
3.053785562515258789e-01
1.177111864089965820e-01
3.452457189559936523e-01
9.266966581344604492e-02
3.038042485713958740e-01
1.416732668876647949e-01
2.685943245887756348e-01
2.083793878555297852e-01
2.137821316719055176e-01
2.284644395112991333e-01
2.024264186620712280e-01
2.418516278266906738e-01
1.836202293634414673e-01
2.240720987319946289e-01
2.184390723705291748e-01
2.153458148241043091e-01
2.134841978549957275e-01
2.420226782560348511e-01
2.105583101511001587e-01
2.575348615646362305e-01
1.187720447778701782e-01
2.824485599994659424e-01
9.695971757173538208e-02
3.512185811996459961e-01
1.310998648405075073e-01
3.064049184322357178e-01
1.258996129035949707e-01
3.190603554248809814e-01
1.142930239439010620e-01
3.031912446022033691e-01
1.369522362947463989e-01
2.414643913507461548e-01
2.729442119598388672e-01
1.829320192337036133e-01
2.466502189636230469e-01
1.221108436584472656e-01
3.183862864971160889e-01
9.865681082010269165e-02
3.530119657516479492e-01
1.451518684625625610e-01
2.814369499683380127e-01
1.515441238880157471e-01
2.542470991611480713e-01
1.899763047695159912e-01
3.077496290206909180e-01
8.541825413703918457e-02
2.977524399757385254e-01
1.620350927114486694e-01
2.913956344127655029e-01
1.226525455713272095e-01
2.770574986934661865e-01
1.705086380243301392e-01
3.070071041584014893e-01
1.340868473052978516e-01
2.963895499706268311e-01
1.283775717020034790e-01
3.057613372802734375e-01
1.611009538173675537e-01
2.274246066808700562e-01
1.749018430709838867e-01
2.899820804595947266e-01
1.405446231365203857e-01
2.879258990287780762e-01
1.579766273498535156e-01
2.837018370628356934e-01
1.426663398742675781e-01
2.808811962604522705e-01
9.789740294218063354e-02
3.030735850334167480e-01
1.647027581930160522e-01
3.519992530345916748e-01
5.607461184263229370e-02
3.088409304618835449e-01
1.671185195446014404e-01
2.827021479606628418e-01
1.483960449695587158e-01
3.005221784114837646e-01
8.612638711929321289e-02
3.134992718696594238e-01
1.759136021137237549e-01
2.831422090530395508e-01
1.602734029293060303e-01
3.112852871417999268e-01
9.316773712635040283e-02
3.208541870117187500e-01
1.704395115375518799e-01
1.809227168560028076e-01
2.765268683433532715e-01
1.981539279222488403e-01
2.162195742130279541e-01
2.325662374496459961e-01
2.003704607486724854e-01
2.521418035030364990e-01
1.421795636415481567e-01
2.478728741407394409e-01
1.538954079151153564e-01
3.294275701045989990e-01
1.889400333166122437e-01
1.887194365262985229e-01
2.139447778463363647e-01
2.413512319326400757e-01
1.702496558427810669e-01
2.550638318061828613e-01
1.958519816398620605e-01
2.537519335746765137e-01
1.306547224521636963e-01
2.784499526023864746e-01
1.776569932699203491e-01
3.158581852912902832e-01
8.616206049919128418e-02
2.809453308582305908e-01
2.152145057916641235e-01
2.196999192237854004e-01
2.225871533155441284e-01
2.533388137817382812e-01
1.549211293458938599e-01
2.882054150104522705e-01
1.419762074947357178e-01
2.676179409027099609e-01
2.063741087913513184e-01
1.749453246593475342e-01
3.029789030551910400e-01
1.118713393807411194e-01
3.115131556987762451e-01
1.491005122661590576e-01
2.310899645090103149e-01
2.187806814908981323e-01
2.456140518188476562e-01
1.794336438179016113e-01
2.658965289592742920e-01
1.110698655247688293e-01
3.361180424690246582e-01
1.033655926585197449e-01
2.992137372493743896e-01
2.421537935733795166e-01
1.911274939775466919e-01
2.207134068012237549e-01
2.262190729379653931e-01
2.156077623367309570e-01
1.806747615337371826e-01
2.509200870990753174e-01
1.473201513290405273e-01
2.831536531448364258e-01
1.837322711944580078e-01
2.779283523559570312e-01
1.169867217540740967e-01
3.215488791465759277e-01
9.779802709817886353e-02
3.532595038414001465e-01
1.150361374020576477e-01
2.728348672389984131e-01
1.855744123458862305e-01
2.659166753292083740e-01
1.512647867202758789e-01
2.846939563751220703e-01
1.079526767134666443e-01
3.369819521903991699e-01
1.184393689036369324e-01
3.194104731082916260e-01
4.326270148158073425e-02
2.790328562259674072e-01
2.488866746425628662e-01
2.222402989864349365e-01
2.569066286087036133e-01
1.479524224996566772e-01
2.882626354694366455e-01
1.442757099866867065e-01
2.866759896278381348e-01
1.231422200798988342e-01
3.065506219863891602e-01
1.553963720798492432e-01
3.065375685691833496e-01
1.102574095129966736e-01
2.859525680541992188e-01
1.683110147714614868e-01
2.747850716114044189e-01
1.797185391187667847e-01
2.572717666625976562e-01
1.863874346017837524e-01
2.590916752815246582e-01
1.549323648214340210e-01
2.845469117164611816e-01
1.340534687042236328e-01
3.435285985469818115e-01
1.070837303996086121e-01
2.803364992141723633e-01
1.485127955675125122e-01
2.765098214149475098e-01
1.335224360227584839e-01
2.592103481292724609e-01
2.523882389068603516e-01
1.164725050330162048e-01
3.087064623832702637e-01
1.992889195680618286e-01
2.704901695251464844e-01
1.320107728242874146e-01
3.048658072948455811e-01
1.140268892049789429e-01
3.358764946460723877e-01
7.718244194984436035e-02
3.239398598670959473e-01
1.266817599534988403e-01
2.805950343608856201e-01
1.642156690359115601e-01
3.117764294147491455e-01
1.801437884569168091e-01
2.269970476627349854e-01
1.768036633729934692e-01
2.230817079544067383e-01
2.297437936067581177e-01
2.425892055034637451e-01
1.957221031188964844e-01
2.671607434749603271e-01
1.095331013202667236e-01
3.261164724826812744e-01
6.624995917081832886e-02
3.239427804946899414e-01
1.445690244436264038e-01
2.922450304031372070e-01
1.313968449831008911e-01
2.987660765647888184e-01
1.612423062324523926e-01
2.490601539611816406e-01
1.987428963184356689e-01
2.437257617712020874e-01
2.114572525024414062e-01
2.291299551725387573e-01
2.064133882522583008e-01
2.446025609970092773e-01
2.133653014898300171e-01
1.852966845035552979e-01
2.586351931095123291e-01
1.351526528596878052e-01
3.146165609359741211e-01
1.160362139344215393e-01
3.289746344089508057e-01
1.415631771087646484e-01
2.882178425788879395e-01
8.463719487190246582e-02
2.643989622592926025e-01
2.388532459735870361e-01
2.202191352844238281e-01
2.227914482355117798e-01
2.210458219051361084e-01
2.546762526035308838e-01
1.864575296640396118e-01
2.188674509525299072e-01
2.547419667243957520e-01
1.637374013662338257e-01
2.268612682819366455e-01
2.071072757244110107e-01
2.348144501447677612e-01
1.869693547487258911e-01
2.548113167285919189e-01
2.368323057889938354e-01
1.934756040573120117e-01
1.792984753847122192e-01
2.438695728778839111e-01
1.955983787775039673e-01
2.375294119119644165e-01
2.251299023628234863e-01
2.079323828220367432e-01
1.705256849527359009e-01
2.823208272457122803e-01
2.097138017416000366e-01
2.191171497106552124e-01
2.326300591230392456e-01
1.703345775604248047e-01
2.493426352739334106e-01
1.780616343021392822e-01
2.827092409133911133e-01
1.638866215944290161e-01
2.379330694675445557e-01
1.836002320051193237e-01
2.786371707916259766e-01
1.823370903730392456e-01
2.441492378711700439e-01
1.846250146627426147e-01
2.356974333524703979e-01
2.332607656717300415e-01
1.375052034854888916e-01
2.619398236274719238e-01
1.604808270931243896e-01
2.959761917591094971e-01
1.379351317882537842e-01
2.826780080795288086e-01
1.695683300495147705e-01
2.782499790191650391e-01
2.338549345731735229e-01
1.348964720964431763e-01
2.948839366436004639e-01
1.383641064167022705e-01
3.251679241657257080e-01
2.962180599570274353e-02
2.931570112705230713e-01
2.513572275638580322e-01
2.236351072788238525e-01
2.229945957660675049e-01
2.585836350917816162e-01
1.269643157720565796e-01
3.144248723983764648e-01
1.123450696468353271e-01
3.326323926448822021e-01
1.261309683322906494e-01
3.000373542308807373e-01
1.268515884876251221e-01
2.863487899303436279e-01
9.449298679828643799e-02
3.202598690986633301e-01
1.591419577598571777e-01
3.008669018745422363e-01
1.573835164308547974e-01
2.322375625371932983e-01
2.094604372978210449e-01
2.304735779762268066e-01
1.980555653572082520e-01
2.579083144664764404e-01
1.700131446123123169e-01
3.055482208728790283e-01
8.437419682741165161e-02
3.254187703132629395e-01
1.042611971497535706e-01
3.155765831470489502e-01
1.087764352560043335e-01
2.928202152252197266e-01
1.826692223548889160e-01
2.680006921291351318e-01
1.533680558204650879e-01
3.257761597633361816e-01
1.257060021162033081e-01
2.722804546356201172e-01
1.657137572765350342e-01
2.134408056735992432e-01
2.526114881038665771e-01
1.820913851261138916e-01
2.828266024589538574e-01
1.857983767986297607e-01
2.242032438516616821e-01
2.023719251155853271e-01
2.288020253181457520e-01
1.765144020318984985e-01
2.595288455486297607e-01
1.649655252695083618e-01
3.051773905754089355e-01
1.165315806865692139e-01
2.666471302509307861e-01
1.575049459934234619e-01
2.624510824680328369e-01
2.323447614908218384e-01
2.152074873447418213e-01
2.018414884805679321e-01
2.620767354965209961e-01
1.391652971506118774e-01
2.846845388412475586e-01
1.463901698589324951e-01
2.768979072570800781e-01
1.292936205863952637e-01
3.383787572383880615e-01
6.367769092321395874e-02
2.715519964694976807e-01
2.612281441688537598e-01
1.897371113300323486e-01
3.087657690048217773e-01
1.334473788738250732e-01
2.162775993347167969e-01
2.343067675828933716e-01
2.421198040246963501e-01
2.584386467933654785e-01
1.277500092983245850e-01
2.769435346126556396e-01
1.314197331666946411e-01
2.983123064041137695e-01
1.943675875663757324e-01
2.290758341550827026e-01
2.019781470298767090e-01
2.363606244325637817e-01
1.692948043346405029e-01
3.081306815147399902e-01
9.449984878301620483e-02
3.035814166069030762e-01
1.025096923112869263e-01
3.161423802375793457e-01
1.808524727821350098e-01
2.945669591426849365e-01
1.215480118989944458e-01
2.908967435359954834e-01
1.388342678546905518e-01
3.090000152587890625e-01
1.166849285364151001e-01
2.774911522865295410e-01
1.534762978553771973e-01
2.779992222785949707e-01
1.849809288978576660e-01
2.758221030235290527e-01
1.555763632059097290e-01
3.123982250690460205e-01
3.984872624278068542e-02
2.704333662986755371e-01
2.688606083393096924e-01
2.280577570199966431e-01
2.113843411207199097e-01
2.619093358516693115e-01
1.531575620174407959e-01
2.369008809328079224e-01
1.413642764091491699e-01
3.012358844280242920e-01
1.862271130084991455e-01
2.559781670570373535e-01
1.681339889764785767e-01
2.767696678638458252e-01
1.363280415534973145e-01
2.824060022830963135e-01
1.769612878561019897e-01
2.184231579303741455e-01
2.775794565677642822e-01
1.610049754381179810e-01
2.842096090316772461e-01
1.264999806880950928e-01
2.933729588985443115e-01
1.136846914887428284e-01
2.895542681217193604e-01
1.941782832145690918e-01
2.986229062080383301e-01
1.456663161516189575e-01
2.805763483047485352e-01
9.874581545591354370e-02
3.371035456657409668e-01
1.051086857914924622e-01
2.481638342142105103e-01
2.499863207340240479e-01
2.161468565464019775e-01
2.412954866886138916e-01
1.662714779376983643e-01
2.557282149791717529e-01
1.766345053911209106e-01
2.580098807811737061e-01
1.186620667576789856e-01
3.109566569328308105e-01
1.526985466480255127e-01
2.458488047122955322e-01
2.457682639360427856e-01
1.897746026515960693e-01
2.512124776840209961e-01
1.840855479240417480e-01
3.019021153450012207e-01
1.075714007019996643e-01
3.617353141307830811e-01
4.041125997900962830e-02
2.839228510856628418e-01
2.146345227956771851e-01
2.074471563100814819e-01
2.480075210332870483e-01
1.738976687192916870e-01
2.699367105960845947e-01
1.379769891500473022e-01
3.070298731327056885e-01
1.225735992193222046e-01
2.701955139636993408e-01
2.135435193777084351e-01
2.301832139492034912e-01
2.148213535547256470e-01
2.135148942470550537e-01
1.794676631689071655e-01
2.787887156009674072e-01
1.457648724317550659e-01
2.990749478340148926e-01
1.559376120567321777e-01
2.857241034507751465e-01
1.467645764350891113e-01
2.825040221214294434e-01
1.460386961698532104e-01
2.700438797473907471e-01
1.293428540229797363e-01
2.645018696784973145e-01
2.377218306064605713e-01
2.495672553777694702e-01
2.044985443353652954e-01
1.914404928684234619e-01
2.299450039863586426e-01
1.388731151819229126e-01
2.775186896324157715e-01
1.696184873580932617e-01
3.140686452388763428e-01
1.123641580343246460e-01
2.656446993350982666e-01
2.037250548601150513e-01
2.624624669551849365e-01
1.887090355157852173e-01
2.335929274559020996e-01
2.160476148128509521e-01
2.119415551424026489e-01
2.173940688371658325e-01
2.316085696220397949e-01
1.873904764652252197e-01
2.341927438974380493e-01
1.769746094942092896e-01
2.652329206466674805e-01
1.756087541580200195e-01
3.440777659416198730e-01
5.202617123723030090e-02
2.993122637271881104e-01
1.745189577341079712e-01
2.154209315776824951e-01
3.063254654407501221e-01
1.318048238754272461e-01
2.936789989471435547e-01
3.528779372572898865e-02
2.782544195652008057e-01
2.586722075939178467e-01
1.832672208547592163e-01
2.865552008152008057e-01
1.553231924772262573e-01
2.464926391839981079e-01
2.679677903652191162e-01
1.477503180503845215e-01
2.694389820098876953e-01
1.213567182421684265e-01
3.145822882652282715e-01
1.549188196659088135e-01
2.446134090423583984e-01
2.246665656566619873e-01
1.916206926107406616e-01
2.550240457057952881e-01
2.041100859642028809e-01
1.997599601745605469e-01
2.408817410469055176e-01
1.920669078826904297e-01
2.660573720932006836e-01
2.078996747732162476e-01
1.874646395444869995e-01
2.746377289295196533e-01
1.410533487796783447e-01
2.690168917179107666e-01
2.355132251977920532e-01
1.382284164428710938e-01
2.635579705238342285e-01
2.021299451589584351e-01
2.175581157207489014e-01
1.868694275617599487e-01
2.707626819610595703e-01
1.392582058906555176e-01
2.858230471611022949e-01
1.742246598005294800e-01
2.897723019123077393e-01
9.305259585380554199e-02
3.067553341388702393e-01
1.412328034639358521e-01
3.198333680629730225e-01
9.817030280828475952e-02
2.883737087249755859e-01
1.951684951782226562e-01
2.544957995414733887e-01
2.105071246623992920e-01
1.755458861589431763e-01
2.571656107902526855e-01
2.130196541547775269e-01
2.043066471815109253e-01
2.613044679164886475e-01
1.713710278272628784e-01
2.884919643402099609e-01
1.146332249045372009e-01
2.812099754810333252e-01
1.744372993707656860e-01
2.936051785945892334e-01
1.242424026131629944e-01
2.729574739933013916e-01
1.965841054916381836e-01
2.418912053108215332e-01
2.043896317481994629e-01
2.552464604377746582e-01
2.180071473121643066e-01
1.747627258300781250e-01
2.300549745559692383e-01
1.910353451967239380e-01
2.263749986886978149e-01
1.987736672163009644e-01
2.392405569553375244e-01
2.136436700820922852e-01
2.045613974332809448e-01
2.607416212558746338e-01
1.582672148942947388e-01
2.974848151206970215e-01
1.261160373687744141e-01
2.678352296352386475e-01
1.916903108358383179e-01
2.419489026069641113e-01
2.009735256433486938e-01
2.496350258588790894e-01
1.729076057672500610e-01
2.519387006759643555e-01
2.139497399330139160e-01
1.815479695796966553e-01
2.339314520359039307e-01
2.369968742132186890e-01
1.758534908294677734e-01
2.446182370185852051e-01
1.744643598794937134e-01
2.894788682460784912e-01
1.633189022541046143e-01
2.930267453193664551e-01
9.779404103755950928e-02
3.196316063404083252e-01
1.495622396469116211e-01
2.486605495214462280e-01
1.500341743230819702e-01
3.109834194183349609e-01
1.380458325147628784e-01
2.916562259197235107e-01
2.190293073654174805e-01
2.379237860441207886e-01
1.192808523774147034e-01
3.031299412250518799e-01
1.059279069304466248e-01
3.380317389965057373e-01
1.649691760540008545e-01
2.488184869289398193e-01
1.918917447328567505e-01
2.656053900718688965e-01
1.394840478897094727e-01
2.732400000095367432e-01
1.944593489170074463e-01
2.099380642175674438e-01
2.566388547420501709e-01
1.996906548738479614e-01
2.263135612010955811e-01
1.815568059682846069e-01
2.449858188629150391e-01
1.654492318630218506e-01
2.631045281887054443e-01
1.882458031177520752e-01
2.761803269386291504e-01
1.111506968736648560e-01
2.975458502769470215e-01
1.784671843051910400e-01
2.546442449092864990e-01
1.202047392725944519e-01
2.911454737186431885e-01
1.755520105361938477e-01
2.977727651596069336e-01
1.257910132408142090e-01
3.240607678890228271e-01
1.170649677515029907e-01
3.203006386756896973e-01
1.374139040708541870e-01
2.771085798740386963e-01
1.867867708206176758e-01
2.245002239942550659e-01
2.261646687984466553e-01
2.277898043394088745e-01
1.586350798606872559e-01
2.663314044475555420e-01
2.086290568113327026e-01
1.941340267658233643e-01
2.867421209812164307e-01
8.347727358341217041e-02
2.946504056453704834e-01
1.825760006904602051e-01
2.796125113964080811e-01
1.400084495544433594e-01
2.790528237819671631e-01
9.838128089904785156e-02
3.536184132099151611e-01
1.416518986225128174e-01
2.422612607479095459e-01
2.145438939332962036e-01
2.356501221656799316e-01
2.170636504888534546e-01
2.328849136829376221e-01
1.887307018041610718e-01
2.200809419155120850e-01
2.457916438579559326e-01
1.694191843271255493e-01
2.946797609329223633e-01
9.550331532955169678e-02
2.949444651603698730e-01
1.445039659738540649e-01
2.215661108493804932e-01
3.021625876426696777e-01
1.485837996006011963e-01
2.825668156147003174e-01
1.247692778706550598e-01
2.948257029056549072e-01
1.465230286121368408e-01
2.551557421684265137e-01
1.798715740442276001e-01
2.840381860733032227e-01
1.738193184137344360e-01
1.991141587495803833e-01
2.520248889923095703e-01
1.992932558059692383e-01
2.480538040399551392e-01
1.936840265989303589e-01
2.281325459480285645e-01
1.962465196847915649e-01
2.773526906967163086e-01
1.295144557952880859e-01
3.381484746932983398e-01
9.114068746566772461e-02
2.812663018703460693e-01
1.798033118247985840e-01
2.767922878265380859e-01
1.623523086309432983e-01
2.538889646530151367e-01
1.615831702947616577e-01
2.733503580093383789e-01
1.561926305294036865e-01
2.607751190662384033e-01
1.620230674743652344e-01
3.378550708293914795e-01
1.255168765783309937e-01
2.305592596530914307e-01
2.081484645605087280e-01
1.783549934625625610e-01
2.697106301784515381e-01
1.831813901662826538e-01
2.786598801612854004e-01
1.219229847192764282e-01
2.835647761821746826e-01
1.620040386915206909e-01
2.671705782413482666e-01
2.090612202882766724e-01
2.269069552421569824e-01
2.212679982185363770e-01
2.212902456521987915e-01
1.924636960029602051e-01
2.810302078723907471e-01
1.311347037553787231e-01
2.786164581775665283e-01
1.444430202245712280e-01
2.772537171840667725e-01
1.822437793016433716e-01
2.490586191415786743e-01
2.681912779808044434e-01
1.564073264598846436e-01
2.506352663040161133e-01
1.424224525690078735e-01
2.854495644569396973e-01
1.086830124258995056e-01
2.833645939826965332e-01
2.118002623319625854e-01
2.150243818759918213e-01
2.372827082872390747e-01
1.490926444530487061e-01
3.078795075416564941e-01
1.512851864099502563e-01
2.618699967861175537e-01
1.574709862470626831e-01
2.731509506702423096e-01
1.972704082727432251e-01
2.751917243003845215e-01
1.253488659858703613e-01
3.093039393424987793e-01
1.089664474129676819e-01
2.803336381912231445e-01
1.257025897502899170e-01
2.758894264698028564e-01
2.437461018562316895e-01
2.322373837232589722e-01
2.336276620626449585e-01
2.014620602130889893e-01
2.117773294448852539e-01
2.233157753944396973e-01
2.387019097805023193e-01
1.732813417911529541e-01
2.618165016174316406e-01
1.770229786634445190e-01
1.708435267210006714e-01
2.828729748725891113e-01
9.171054512262344360e-02
2.358591258525848389e-01
3.048546314239501953e-01
1.749285310506820679e-01
3.053050041198730469e-01
1.533489227294921875e-01
2.297811061143875122e-01
2.388073503971099854e-01
2.178110480308532715e-01
1.890195608139038086e-01
2.750377953052520752e-01
1.218033507466316223e-01
2.592418789863586426e-01
1.895757913589477539e-01
2.300998568534851074e-01
2.078175991773605347e-01
2.451976090669631958e-01
1.922476291656494141e-01
2.930329144001007080e-01
1.363096535205841064e-01
2.660724222660064697e-01
1.916119903326034546e-01
2.396937757730484009e-01
1.967398226261138916e-01
2.151250392198562622e-01
2.391819357872009277e-01
1.719711720943450928e-01
2.677910625934600830e-01
1.765523105859756470e-01
2.477150261402130127e-01
1.717677414417266846e-01
2.442886233329772949e-01
2.232123464345932007e-01
1.861281692981719971e-01
2.769113779067993164e-01
1.377505958080291748e-01
3.134415149688720703e-01
1.028181090950965881e-01
2.741845548152923584e-01
1.888410151004791260e-01
2.728207111358642578e-01
1.442786753177642822e-01
3.201161026954650879e-01
1.567231565713882446e-01
2.460054308176040649e-01
1.593242436647415161e-01
3.046457171440124512e-01
1.291612684726715088e-01
2.958445250988006592e-01
1.384724825620651245e-01
2.609228193759918213e-01
2.331044077873229980e-01
1.694275140762329102e-01
3.133909702301025391e-01
1.353873759508132935e-01
2.595486640930175781e-01
1.640997678041458130e-01
2.820057272911071777e-01
1.095443367958068848e-01
2.859446704387664795e-01
1.111687198281288147e-01
2.250164300203323364e-01
2.867815494537353516e-01
2.114785313606262207e-01
1.925711482763290405e-01
3.021181821823120117e-01
1.278947293758392334e-01
3.051878511905670166e-01
1.532812863588333130e-01
2.643482089042663574e-01
2.043066173791885376e-01
2.901005446910858154e-01
9.151149541139602661e-02
2.986590266227722168e-01
1.525839567184448242e-01
2.694399952888488770e-01
2.084119468927383423e-01
2.151839286088943481e-01
2.635439932346343994e-01
1.148087084293365479e-01
2.966330349445343018e-01
9.950222820043563843e-02
2.896589338779449463e-01
1.695716828107833862e-01
3.020989000797271729e-01
1.455123424530029297e-01
2.401563078165054321e-01
2.102400511503219604e-01
2.530362010002136230e-01
1.923470199108123779e-01
2.691301107406616211e-01
1.598367989063262939e-01
2.643806040287017822e-01
1.807727962732315063e-01
3.009525835514068604e-01
1.595702916383743286e-01
2.441057711839675903e-01
1.252882182598114014e-01
2.367084175348281860e-01
2.927835285663604736e-01
1.279054880142211914e-01
2.557674944400787354e-01
2.361130565404891968e-01
2.368450313806533813e-01
1.804443001747131348e-01
2.152842134237289429e-01
2.150994539260864258e-01
1.874993890523910522e-01
2.851023375988006592e-01
9.701231122016906738e-02
2.371859848499298096e-01
2.848017215728759766e-01
1.845477372407913208e-01
2.043988406658172607e-01
2.724007070064544678e-01
1.586634963750839233e-01
2.739360332489013672e-01
1.940293163061141968e-01
2.659987211227416992e-01
1.395733505487442017e-01
3.046950697898864746e-01
1.452174633741378784e-01
2.724282145500183105e-01
1.691918820142745972e-01
2.463497370481491089e-01
1.630136817693710327e-01
2.576282620429992676e-01
2.001069933176040649e-01
2.274571210145950317e-01
1.872562617063522339e-01
2.692102491855621338e-01
1.478237062692642212e-01
2.614852786064147949e-01
2.194396704435348511e-01
2.383759468793869019e-01
2.055308520793914795e-01
1.806727796792984009e-01
2.884221673011779785e-01
1.737123727798461914e-01
2.081451714038848877e-01
2.257122695446014404e-01
1.845846027135848999e-01
3.012545704841613770e-01
1.460655629634857178e-01
2.461042404174804688e-01
1.937648206949234009e-01
2.295323312282562256e-01
2.275913506746292114e-01
1.866292059421539307e-01
2.653159201145172119e-01
1.577084511518478394e-01
2.962432503700256348e-01
1.692390292882919312e-01
2.686257660388946533e-01
1.551386713981628418e-01
2.247394472360610962e-01
2.103629559278488159e-01
2.515479326248168945e-01
2.007390558719635010e-01
2.166913747787475586e-01
2.015559375286102295e-01
2.354141175746917725e-01
1.817816793918609619e-01
2.641795277595520020e-01
1.551124006509780884e-01
2.694711685180664062e-01
2.482239305973052979e-01
1.273162662982940674e-01
2.279988378286361694e-01
2.521218061447143555e-01
1.988177597522735596e-01
3.141877651214599609e-01
1.446977257728576660e-01
2.401611953973770142e-01
1.630305945873260498e-01
2.607523798942565918e-01
2.019174396991729736e-01
2.306503355503082275e-01
1.914045959711074829e-01
1.947796940803527832e-01
2.797962725162506104e-01
1.526940166950225830e-01
2.468933761119842529e-01
2.022932767868041992e-01
2.539068758487701416e-01
2.090096175670623779e-01
2.367385029792785645e-01
1.678691208362579346e-01
2.319243848323822021e-01
2.385810315608978271e-01
2.156798839569091797e-01
1.581825017929077148e-01
3.142383992671966553e-01
1.071831285953521729e-01
2.656195163726806641e-01
2.448840141296386719e-01
1.722288131713867188e-01
2.824860215187072754e-01
1.446559280157089233e-01
2.823862135410308838e-01
1.789608746767044067e-01
2.345837503671646118e-01
2.352985739707946777e-01
1.473138034343719482e-01
2.890895307064056396e-01
1.846751570701599121e-01
2.521784007549285889e-01
1.805300265550613403e-01
2.462410032749176025e-01
2.006652802228927612e-01
2.142833918333053589e-01
2.292037159204483032e-01
1.473346501588821411e-01
2.884784936904907227e-01
1.701912134885787964e-01
2.629280090332031250e-01
2.093208134174346924e-01
1.668014079332351685e-01
3.181971907615661621e-01
9.390446543693542480e-02
2.739374637603759766e-01
2.201505303382873535e-01
1.975008845329284668e-01
2.605615854263305664e-01
1.610904186964035034e-01
2.604408562183380127e-01
2.209302186965942383e-01
1.159284338355064392e-01
2.727557122707366943e-01
2.341097593307495117e-01
2.308458685874938965e-01
2.275006771087646484e-01
2.094407975673675537e-01
2.027724981307983398e-01
2.522689700126647949e-01
1.812146902084350586e-01
2.392132580280303955e-01
2.033306509256362915e-01
2.302981168031692505e-01
2.348878234624862671e-01
2.309069186449050903e-01
1.838097125291824341e-01
2.608754336833953857e-01
1.194510310888290405e-01
2.539856433868408203e-01
1.674172133207321167e-01
2.246695011854171753e-01
2.210897803306579590e-01
2.722641527652740479e-01
1.359649151563644409e-01
3.041947782039642334e-01
1.693154871463775635e-01
2.446311116218566895e-01
2.207392305135726929e-01
2.080071568489074707e-01
2.510083913803100586e-01
1.657711565494537354e-01
2.599695622920989990e-01
1.528283655643463135e-01
2.667980194091796875e-01
2.209642380475997925e-01
2.379202097654342651e-01
2.025876045227050781e-01
1.930923610925674438e-01
2.383854091167449951e-01
1.947050839662551880e-01
2.529126703739166260e-01
1.186964660882949829e-01
2.597528398036956787e-01
2.142205983400344849e-01
2.756612300872802734e-01
1.486915498971939087e-01
2.933698296546936035e-01
1.485968977212905884e-01
2.659329175949096680e-01
1.895079612731933594e-01
2.364475876092910767e-01
2.098467051982879639e-01
1.990666836500167847e-01
2.533168792724609375e-01
1.462336778640747070e-01
3.014993071556091309e-01
1.352132558822631836e-01
2.461217939853668213e-01
2.235051542520523071e-01
2.255217730998992920e-01
2.170226275920867920e-01
2.205064892768859863e-01
2.251510620117187500e-01
2.395263314247131348e-01
1.228235438466072083e-01
2.491606771945953369e-01
2.380478829145431519e-01
1.951453089714050293e-01
2.791850268840789795e-01
1.596145182847976685e-01
2.615973949432373047e-01
2.109261751174926758e-01
2.115232795476913452e-01
2.208811491727828979e-01
1.650203019380569458e-01
2.615151107311248779e-01
1.761278510093688965e-01
2.895670831203460693e-01
