-4.440853372216224670e-03
-8.232935667037963867e-01
-9.382801055908203125e-01
-9.521332979202270508e-01
7.618159800767898560e-02
1.798721849918365479e-01
3.468220531940460205e-01
8.143311142921447754e-01
9.235487580299377441e-01
9.396482706069946289e-01
9.501221179962158203e-01
9.558729529380798340e-01
9.590494036674499512e-01
9.609768390655517578e-01
9.599825143814086914e-01
9.550009369850158691e-01
9.453756809234619141e-01
9.294736981391906738e-01
8.966124653816223145e-01
8.460591435432434082e-01
7.701280713081359863e-01
6.656102538108825684e-01
4.620101153850555420e-01
-1.448074281215667725e-01
-8.555707335472106934e-01
-9.434466958045959473e-01
-9.550159573554992676e-01
6.956341862678527832e-02
1.863454878330230713e-01
3.584359288215637207e-01
8.219802975654602051e-01
9.246342778205871582e-01
9.393320083618164062e-01
9.488275051116943359e-01
9.560188651084899902e-01
9.592673182487487793e-01
9.600600600242614746e-01
9.593579173088073730e-01
9.552991986274719238e-01
9.463872909545898438e-01
9.280596971511840820e-01
8.968154788017272949e-01
8.430165052413940430e-01
7.714675068855285645e-01
6.667639017105102539e-01
4.608779847621917725e-01
-1.689871698617935181e-01
-8.540780544281005859e-01
-9.444720149040222168e-01
-9.546660184860229492e-01
6.781208515167236328e-02
1.722238659858703613e-01
3.421333432197570801e-01
8.111004829406738281e-01
9.211403131484985352e-01
9.390853047370910645e-01
9.487475752830505371e-01
9.553247690200805664e-01
9.591498970985412598e-01
9.603130817413330078e-01
9.599239230155944824e-01
9.551628828048706055e-01
9.475425481796264648e-01
9.290637969970703125e-01
8.959049582481384277e-01
8.443194627761840820e-01
7.738245725631713867e-01
6.678820848464965820e-01
4.644329845905303955e-01
-1.392765790224075317e-01
-8.543646335601806641e-01
-9.415770769119262695e-01
-9.541180133819580078e-01
7.984102517366409302e-02
1.860653907060623169e-01
3.568075001239776611e-01
8.213050961494445801e-01
9.227913022041320801e-01
9.398856163024902344e-01
9.501789808273315430e-01
9.556421041488647461e-01
9.592582583427429199e-01
9.605872631072998047e-01
9.583458304405212402e-01
9.556481242179870605e-01
9.465795159339904785e-01
9.287860393524169922e-01
8.944327831268310547e-01
8.418327569961547852e-01
7.733023166656494141e-01
6.674272418022155762e-01
4.604097604751586914e-01
-1.592774242162704468e-01
-8.576182126998901367e-01
-9.447481036186218262e-01
-9.540097117424011230e-01
7.822635024785995483e-02
1.819542497396469116e-01
3.481798470020294189e-01
8.154894709587097168e-01
9.223126769065856934e-01
9.386135339736938477e-01
9.494606256484985352e-01
9.556915163993835449e-01
9.594167470932006836e-01
9.609131813049316406e-01
9.597137570381164551e-01
9.557619094848632812e-01
9.466114044189453125e-01
9.279018640518188477e-01
8.954249620437622070e-01
8.459612131118774414e-01
7.727633118629455566e-01
6.654139161109924316e-01
4.512721598148345947e-01
-1.691147089004516602e-01
-8.580605387687683105e-01
-9.445801377296447754e-01
-9.543015360832214355e-01
7.444015145301818848e-02
1.803424954414367676e-01
3.518100976943969727e-01
8.174267411231994629e-01
9.212149977684020996e-01
9.397072792053222656e-01
9.490392208099365234e-01
9.560792446136474609e-01
9.581677317619323730e-01
9.605828523635864258e-01
9.592843651771545410e-01
9.549922943115234375e-01
9.463211297988891602e-01
9.286472797393798828e-01
8.959513306617736816e-01
8.456848859786987305e-01
7.748482823371887207e-01
6.654426455497741699e-01
4.568287730216979980e-01
-1.677560806274414062e-01
-8.558747768402099609e-01
-9.432090520858764648e-01
-9.536085128784179688e-01
7.490294426679611206e-02
1.828019171953201294e-01
3.562293052673339844e-01
8.189514875411987305e-01
9.224142432212829590e-01
9.392342567443847656e-01
9.487311244010925293e-01
9.559141397476196289e-01
9.597875475883483887e-01
9.599584937095642090e-01
9.579977393150329590e-01
9.547644257545471191e-01
9.465762972831726074e-01
9.286090731620788574e-01
8.961333632469177246e-01
8.450325727462768555e-01
7.681792974472045898e-01
6.619120240211486816e-01
4.493500888347625732e-01
-1.818392574787139893e-01
-8.587042093276977539e-01
-9.434968233108520508e-01
-9.555097818374633789e-01
7.711620628833770752e-02
1.715401560068130493e-01
3.402234315872192383e-01
8.113300204277038574e-01
9.225334525108337402e-01
9.386149644851684570e-01
9.492624402046203613e-01
9.560114741325378418e-01
9.593514204025268555e-01
9.601166248321533203e-01
9.593131542205810547e-01
9.556042551994323730e-01
9.458654522895812988e-01
9.289480447769165039e-01
8.969203829765319824e-01
8.441411852836608887e-01
7.709343433380126953e-01
6.647595763206481934e-01
4.682250022888183594e-01
-1.382079124450683594e-01
-8.528948426246643066e-01
-9.417675137519836426e-01
-9.544255137443542480e-01
6.291155517101287842e-02
1.660499721765518188e-01
3.337289690971374512e-01
8.062062263488769531e-01
9.203883409500122070e-01
9.386866092681884766e-01
9.483130574226379395e-01
9.554124474525451660e-01
9.588953852653503418e-01
9.603207707405090332e-01
9.597106575965881348e-01
9.550939798355102539e-01
9.468653202056884766e-01
9.294377565383911133e-01
8.971337676048278809e-01
8.464797139167785645e-01
7.739216685295104980e-01
6.741358637809753418e-01
4.797306358814239502e-01
-1.069202423095703125e-01
-8.493368625640869141e-01
-9.424954056739807129e-01
-9.542303681373596191e-01
7.982840389013290405e-02
1.711671948432922363e-01
3.476409912109375000e-01
8.130902051925659180e-01
9.217563867568969727e-01
9.395261406898498535e-01
9.487138986587524414e-01
9.558167457580566406e-01
9.589157104492187500e-01
9.602556228637695312e-01
9.589766263961791992e-01
9.553617835044860840e-01
9.468307495117187500e-01
9.288662075996398926e-01
8.959969282150268555e-01
8.452650904655456543e-01
7.716373205184936523e-01
6.681547164916992188e-01
4.634735584259033203e-01
-1.564917713403701782e-01
-8.560094833374023438e-01
-9.425153732299804688e-01
-9.553697109222412109e-01
6.729299575090408325e-02
1.678907573223114014e-01
3.352191150188446045e-01
8.090308904647827148e-01
9.217967391014099121e-01
9.396609067916870117e-01
9.482365846633911133e-01
9.555591344833374023e-01
9.592829942703247070e-01
9.594123959541320801e-01
9.587991833686828613e-01
9.550818800926208496e-01
9.454250931739807129e-01
9.291984438896179199e-01
8.983158469200134277e-01
8.467066287994384766e-01
7.754998803138732910e-01
6.703503131866455078e-01
4.725962877273559570e-01
-1.284481436014175415e-01
-8.506338596343994141e-01
-9.415885210037231445e-01
-9.548438787460327148e-01
7.578387856483459473e-02
1.761440485715866089e-01
3.456691205501556396e-01
8.111979365348815918e-01
9.211457967758178711e-01
9.397968053817749023e-01
9.482638835906982422e-01
9.552215337753295898e-01
9.596402645111083984e-01
9.600405693054199219e-01
9.594261050224304199e-01
9.550326466560363770e-01
9.464729428291320801e-01
9.286457896232604980e-01
8.971906900405883789e-01
8.447368741035461426e-01
7.754848003387451172e-01
6.722872257232666016e-01
4.650873839855194092e-01
-1.351079791784286499e-01
-8.544131517410278320e-01
-9.422789812088012695e-01
-9.540925621986389160e-01
7.411054521799087524e-02
1.730237007141113281e-01
3.446582853794097900e-01
8.138540387153625488e-01
9.217893481254577637e-01
9.397802948951721191e-01
9.489721655845642090e-01
9.557279348373413086e-01
9.595718979835510254e-01
9.608232975006103516e-01
9.593081474304199219e-01
9.550800323486328125e-01
9.474326968193054199e-01
9.288378357887268066e-01
8.974051475524902344e-01
8.447153568267822266e-01
7.709693908691406250e-01
6.653861999511718750e-01
4.589489698410034180e-01
-1.553351432085037231e-01
-8.563136458396911621e-01
-9.439790248870849609e-01
-9.542044997215270996e-01
7.117245346307754517e-02
1.738303154706954956e-01
3.463434278964996338e-01
8.105959296226501465e-01
9.206175208091735840e-01
9.393811225891113281e-01
9.490268230438232422e-01
9.551910758018493652e-01
9.593735337257385254e-01
9.601930975914001465e-01
9.589105248451232910e-01
9.562532901763916016e-01
9.461978077888488770e-01
9.293246269226074219e-01
8.973127007484436035e-01
8.462763428688049316e-01
7.737521529197692871e-01
6.666067242622375488e-01
4.603497087955474854e-01
-1.508531570434570312e-01
-8.529209494590759277e-01
-9.436357021331787109e-01
-9.538835287094116211e-01
6.693797558546066284e-02
1.746908277273178101e-01
3.458937108516693115e-01
8.126562833786010742e-01
9.194921851158142090e-01
9.394318461418151855e-01
9.488664269447326660e-01
9.553742408752441406e-01
9.591189622879028320e-01
9.608235955238342285e-01
9.589847922325134277e-01
9.567620754241943359e-01
9.467725753784179688e-01
9.299343228340148926e-01
8.970927000045776367e-01
8.458710312843322754e-01
7.689979672431945801e-01
6.643552184104919434e-01
4.648502469062805176e-01
-1.438520103693008423e-01
-8.540718555450439453e-01
-9.433527588844299316e-01
-9.535125494003295898e-01
7.237815856933593750e-02
1.776123642921447754e-01
3.508095741271972656e-01
8.175375461578369141e-01
9.227114319801330566e-01
9.391240477561950684e-01
9.484519958496093750e-01
9.556716084480285645e-01
9.590694308280944824e-01
9.611589312553405762e-01
9.597882628440856934e-01
9.547904133796691895e-01
9.466155767440795898e-01
9.287434220314025879e-01
8.961787223815917969e-01
8.456642031669616699e-01
7.741089463233947754e-01
6.685275435447692871e-01
4.634823501110076904e-01
-1.583010554313659668e-01
-8.562937378883361816e-01
-9.437873959541320801e-01
-9.538875818252563477e-01
8.080981671810150146e-02
1.884946227073669434e-01
3.595156371593475342e-01
8.206429481506347656e-01
9.235472679138183594e-01
9.401471614837646484e-01
9.492323994636535645e-01
9.549741744995117188e-01
9.597308039665222168e-01
9.604043364524841309e-01
9.588575363159179688e-01
9.545570611953735352e-01
9.464740157127380371e-01
9.286350607872009277e-01
8.945445418357849121e-01
8.434550762176513672e-01
7.699692249298095703e-01
6.658138632774353027e-01
4.578105509281158447e-01
-1.701334714889526367e-01
-8.582683801651000977e-01
-9.443936347961425781e-01
-9.545980691909790039e-01
7.637029886245727539e-02
1.828618198633193970e-01
3.619373142719268799e-01
8.249844908714294434e-01
9.246361851692199707e-01
9.397065043449401855e-01
9.495187401771545410e-01
9.560056924819946289e-01
9.597823619842529297e-01
9.608276486396789551e-01
9.599949121475219727e-01
9.548577666282653809e-01
9.467902779579162598e-01
9.275641441345214844e-01
8.967759013175964355e-01
8.421642780303955078e-01
7.678155899047851562e-01
6.651234030723571777e-01
4.569616019725799561e-01
-1.751139611005783081e-01
-8.591492176055908203e-01
-9.435122013092041016e-01
-9.551589488983154297e-01
6.367401778697967529e-02
1.619606167078018188e-01
3.327346742153167725e-01
8.071064949035644531e-01
9.210677742958068848e-01
9.383710622787475586e-01
9.498121142387390137e-01
9.547423124313354492e-01
9.591321945190429688e-01
9.605865478515625000e-01
9.598652720451354980e-01
9.556379318237304688e-01
9.468678236007690430e-01
9.295019507408142090e-01
8.988651633262634277e-01
8.462413549423217773e-01
7.722425460815429688e-01
6.668762564659118652e-01
4.663092792034149170e-01
-1.391231566667556763e-01
-8.527862429618835449e-01
-9.428270459175109863e-01
-9.537103176116943359e-01
7.611806690692901611e-02
1.811006069183349609e-01
3.582868576049804688e-01
8.218436837196350098e-01
9.221153855323791504e-01
9.387047886848449707e-01
9.498243927955627441e-01
9.558978080749511719e-01
9.595094919204711914e-01
9.606215953826904297e-01
9.585179686546325684e-01
9.553152322769165039e-01
9.468115568161010742e-01
9.296315908432006836e-01
8.963595032691955566e-01
8.442523479461669922e-01
7.744491100311279297e-01
6.651085615158081055e-01
4.625224769115447998e-01
-1.597551405429840088e-01
-8.568303585052490234e-01
-9.433463215827941895e-01
-9.542127847671508789e-01
7.671680301427841187e-02
1.758437454700469971e-01
3.524968028068542480e-01
8.158521652221679688e-01
9.210337400436401367e-01
9.397110342979431152e-01
9.483901858329772949e-01
9.548035264015197754e-01
9.591002464294433594e-01
9.606389999389648438e-01
9.588438272476196289e-01
9.557214379310607910e-01
9.469889998435974121e-01
9.291180968284606934e-01
8.951072096824645996e-01
8.462342023849487305e-01
7.729819416999816895e-01
6.698772311210632324e-01
4.674909114837646484e-01
-1.401259899139404297e-01
-8.568232655525207520e-01
-9.427077770233154297e-01
-9.543278217315673828e-01
7.893730700016021729e-02
1.760401278734207153e-01
3.427717089653015137e-01
8.087531328201293945e-01
9.199842810630798340e-01
9.393146634101867676e-01
9.486252069473266602e-01
9.553654193878173828e-01
9.591726064682006836e-01
9.597405791282653809e-01
9.592432975769042969e-01
9.551479220390319824e-01
9.469867944717407227e-01
9.293553233146667480e-01
8.966189622879028320e-01
8.459336161613464355e-01
7.710226774215698242e-01
6.676384806632995605e-01
4.649615585803985596e-01
-1.453097909688949585e-01
-8.544673323631286621e-01
-9.432895183563232422e-01
-9.551931619644165039e-01
7.503443211317062378e-02
1.765126287937164307e-01
3.424017429351806641e-01
8.122276663780212402e-01
9.218776226043701172e-01
9.396952390670776367e-01
9.491381645202636719e-01
9.555941820144653320e-01
9.589196443557739258e-01
9.594798684120178223e-01
9.594206213951110840e-01
9.557509422302246094e-01
9.464192986488342285e-01
9.298992156982421875e-01
8.953894376754760742e-01
8.447223305702209473e-01
7.751333713531494141e-01
6.663995385169982910e-01
4.536692202091217041e-01
-1.685371845960617065e-01
-8.584429621696472168e-01
-9.434877634048461914e-01
-9.549738764762878418e-01
7.759536802768707275e-02
1.779621541500091553e-01
3.525642752647399902e-01
8.171039819717407227e-01
9.221965670585632324e-01
9.396722316741943359e-01
9.496325850486755371e-01
9.553191065788269043e-01
9.596788287162780762e-01
9.604060053825378418e-01
9.598845243453979492e-01
9.555345773696899414e-01
9.471566677093505859e-01
9.292541146278381348e-01
8.973470926284790039e-01
8.440030217170715332e-01
7.731474041938781738e-01
6.658599972724914551e-01
4.554600715637207031e-01
-1.697847098112106323e-01
-8.603240847587585449e-01
-9.450049400329589844e-01
-9.542922377586364746e-01
7.325893640518188477e-02
1.789780259132385254e-01
3.561379909515380859e-01
8.189072012901306152e-01
9.238842129707336426e-01
9.399585723876953125e-01
9.496426582336425781e-01
9.560458660125732422e-01
9.599716067314147949e-01
9.595058560371398926e-01
9.589680433273315430e-01
9.560832977294921875e-01
9.467142820358276367e-01
9.284273386001586914e-01
8.960630297660827637e-01
8.448731303215026855e-01
7.740445137023925781e-01
6.648459434509277344e-01
4.619221389293670654e-01
-1.597184538841247559e-01
-8.576679229736328125e-01
-9.434343576431274414e-01
-9.538221359252929688e-01
7.414013892412185669e-02
1.771528571844100952e-01
3.425819277763366699e-01
8.107855319976806641e-01
9.200810790061950684e-01
9.385651946067810059e-01
9.492202401161193848e-01
9.550043344497680664e-01
9.594532847404479980e-01
9.604322910308837891e-01
9.587664604187011719e-01
9.553431868553161621e-01
9.465078115463256836e-01
9.293630123138427734e-01
8.963903784751892090e-01
8.456050157546997070e-01
7.740417718887329102e-01
6.693662405014038086e-01
4.667595922946929932e-01
-1.435656398534774780e-01
-8.575242757797241211e-01
-9.432389736175537109e-01
-9.542409181594848633e-01
7.964618504047393799e-02
1.843915730714797974e-01
3.522273898124694824e-01
8.181258440017700195e-01
9.221665859222412109e-01
9.401016831398010254e-01
9.488558173179626465e-01
9.557532668113708496e-01
9.588739871978759766e-01
9.601832628250122070e-01
9.597584009170532227e-01
9.552192091941833496e-01
9.464544057846069336e-01
9.285757541656494141e-01
8.959762454032897949e-01
8.448679447174072266e-01
7.705305218696594238e-01
6.681032180786132812e-01
4.597661495208740234e-01
-1.552924066781997681e-01
-8.605585098266601562e-01
-9.442048072814941406e-01
-9.543953537940979004e-01
7.261808216571807861e-02
1.736638247966766357e-01
3.522027134895324707e-01
8.177385330200195312e-01
9.215437173843383789e-01
9.401084184646606445e-01
9.490264058113098145e-01
9.559383988380432129e-01
9.595045447349548340e-01
9.600159525871276855e-01
9.593201875686645508e-01
9.550974369049072266e-01
9.472666382789611816e-01
9.290713071823120117e-01
8.950939774513244629e-01
8.443570733070373535e-01
7.737746238708496094e-01
6.668301820755004883e-01
4.638483822345733643e-01
-1.525453329086303711e-01
-8.556860685348510742e-01
-9.427701830863952637e-01
-9.539089202880859375e-01
7.622025907039642334e-02
1.826727837324142456e-01
3.549713492393493652e-01
8.186061978340148926e-01
9.222626686096191406e-01
9.402158260345458984e-01
9.489060640335083008e-01
9.556743502616882324e-01
9.593445062637329102e-01
9.602352380752563477e-01
9.585665464401245117e-01
9.550171494483947754e-01
9.467334747314453125e-01
9.283996224403381348e-01
8.973512053489685059e-01
8.423754572868347168e-01
7.699783444404602051e-01
6.623377799987792969e-01
4.557622969150543213e-01
-1.661944091320037842e-01
-8.579269051551818848e-01
-9.434720873832702637e-01
-9.549347162246704102e-01
7.699926942586898804e-02
1.772405207157135010e-01
3.520145118236541748e-01
8.175754547119140625e-01
9.226171374320983887e-01
9.396657347679138184e-01
9.481499195098876953e-01
9.557686448097229004e-01
9.585735797882080078e-01
9.604458212852478027e-01
9.592353105545043945e-01
9.547940492630004883e-01
9.468985199928283691e-01
9.284946322441101074e-01
8.972253203392028809e-01
8.441125154495239258e-01
7.712006568908691406e-01
6.673434376716613770e-01
4.554556906223297119e-01
-1.654851585626602173e-01
-8.606663942337036133e-01
-9.423545598983764648e-01
-9.545599818229675293e-01
7.109204679727554321e-02
1.657686084508895874e-01
3.341785371303558350e-01
8.047699332237243652e-01
9.194478988647460938e-01
9.393167495727539062e-01
9.485836625099182129e-01
9.552244544029235840e-01
9.586315155029296875e-01
9.600875973701477051e-01
9.590934514999389648e-01
9.559319615364074707e-01
9.469219446182250977e-01
9.280751347541809082e-01
8.964733481407165527e-01
8.438150882720947266e-01
7.715023756027221680e-01
6.674046516418457031e-01
4.705250859260559082e-01
-1.362196058034896851e-01
-8.537729978561401367e-01
-9.426364898681640625e-01
-9.550862312316894531e-01
7.346508651971817017e-02
1.733165979385375977e-01
3.404679894447326660e-01
8.111492991447448730e-01
9.210389852523803711e-01
9.401286244392395020e-01
9.496043920516967773e-01
9.553713202476501465e-01
9.592261314392089844e-01
9.599564671516418457e-01
9.593678712844848633e-01
9.550545811653137207e-01
9.461443424224853516e-01
9.297525882720947266e-01
8.980088829994201660e-01
8.444818258285522461e-01
7.739521861076354980e-01
6.684488058090209961e-01
4.632936418056488037e-01
-1.552550345659255981e-01
-8.574529886245727539e-01
-9.431926608085632324e-01
-9.545285701751708984e-01
7.680966705083847046e-02
1.780259013175964355e-01
3.451236486434936523e-01
8.103469014167785645e-01
9.207350611686706543e-01
9.382505416870117188e-01
9.494895935058593750e-01
9.548738002777099609e-01
9.588355422019958496e-01
9.604464173316955566e-01
9.595363140106201172e-01
9.560066461563110352e-01
9.468843340873718262e-01
9.297387003898620605e-01
8.963477611541748047e-01
8.456550836563110352e-01
7.738871574401855469e-01
6.677584648132324219e-01
4.545356333255767822e-01
-1.606281250715255737e-01
-8.561490774154663086e-01
-9.425230026245117188e-01
-9.546069502830505371e-01
7.789539545774459839e-02
1.722350716590881348e-01
3.426770865917205811e-01
8.123871088027954102e-01
9.224434494972229004e-01
9.399945139884948730e-01
9.490510821342468262e-01
9.557865262031555176e-01
9.585769176483154297e-01
9.605205655097961426e-01
9.589028358459472656e-01
9.551815390586853027e-01
9.473588466644287109e-01
9.269055128097534180e-01
8.961500525474548340e-01
8.436676263809204102e-01
7.745857238769531250e-01
6.676579713821411133e-01
4.624488353729248047e-01
-1.592567116022109985e-01
-8.575020432472229004e-01
-9.441294074058532715e-01
-9.547824859619140625e-01
7.998278737068176270e-02
1.726271361112594604e-01
3.452383875846862793e-01
8.116615414619445801e-01
9.213574528694152832e-01
9.385831356048583984e-01
9.488452672958374023e-01
9.551551342010498047e-01
9.596226811408996582e-01
9.598630666732788086e-01
9.593788385391235352e-01
9.554938673973083496e-01
9.465984106063842773e-01
9.294053912162780762e-01
8.978739380836486816e-01
8.444153666496276855e-01
7.746138572692871094e-01
6.667223572731018066e-01
4.570654630661010742e-01
-1.611468344926834106e-01
-8.582260608673095703e-01
-9.429927468299865723e-01
-9.545307159423828125e-01
7.635854929685592651e-02
1.677924841642379761e-01
3.424118757247924805e-01
8.103395104408264160e-01
9.211480021476745605e-01
9.396237134933471680e-01
9.500998258590698242e-01
9.550302028656005859e-01
9.598698616027832031e-01
9.604765176773071289e-01
9.593657851219177246e-01
9.551234841346740723e-01
9.469633102416992188e-01
9.289507865905761719e-01
8.969475626945495605e-01
8.447691202163696289e-01
7.748886346817016602e-01
6.700337529182434082e-01
4.637500643730163574e-01
-1.519471853971481323e-01
-8.548491597175598145e-01
-9.431214332580566406e-01
-9.541959762573242188e-01
6.625959277153015137e-02
1.667533069849014282e-01
3.415407836437225342e-01
8.069560527801513672e-01
9.207501411437988281e-01
9.386515021324157715e-01
9.486955404281616211e-01
9.550693631172180176e-01
9.586504697799682617e-01
9.597423076629638672e-01
9.590172767639160156e-01
9.553530216217041016e-01
9.466268420219421387e-01
9.289445877075195312e-01
8.957791924476623535e-01
8.463773131370544434e-01
7.708165645599365234e-01
6.658776402473449707e-01
4.617597162723541260e-01
-1.463204175233840942e-01
-8.548334836959838867e-01
-9.431430101394653320e-01
-9.548600912094116211e-01
6.925245374441146851e-02
1.751238107681274414e-01
3.420000970363616943e-01
8.100345134735107422e-01
9.206165671348571777e-01
9.387187957763671875e-01
9.487727880477905273e-01
9.544709324836730957e-01
9.590453505516052246e-01
9.603458642959594727e-01
9.596342444419860840e-01
9.552667140960693359e-01
9.461123347282409668e-01
9.289717674255371094e-01
8.978118300437927246e-01
8.450545668601989746e-01
7.724273204803466797e-01
6.654533147811889648e-01
4.559698402881622314e-01
-1.639862358570098877e-01
-8.555844426155090332e-01
-9.443607926368713379e-01
-9.548723697662353516e-01
8.397945016622543335e-02
1.865146905183792114e-01
3.538873493671417236e-01
8.206992149353027344e-01
9.224239587783813477e-01
9.391016960144042969e-01
9.487268924713134766e-01
9.554880857467651367e-01
9.591113924980163574e-01
9.602442979812622070e-01
9.592820405960083008e-01
9.548862576484680176e-01
9.469199180603027344e-01
9.287371635437011719e-01
8.970239758491516113e-01
8.440057635307312012e-01
7.708690166473388672e-01
6.615831255912780762e-01
4.490399956703186035e-01
-1.792871206998825073e-01
-8.593348264694213867e-01
-9.431005120277404785e-01
-9.546625614166259766e-01
7.830745726823806763e-02
1.835410594940185547e-01
3.579528331756591797e-01
8.207758665084838867e-01
9.221582412719726562e-01
9.394540190696716309e-01
9.495800733566284180e-01
9.551162123680114746e-01
9.603111743927001953e-01
9.601817727088928223e-01
9.588850140571594238e-01
9.550362229347229004e-01
9.454170465469360352e-01
9.290273189544677734e-01
8.965039849281311035e-01
8.425414562225341797e-01
7.683468461036682129e-01
6.611251235008239746e-01
4.528609216213226318e-01
-1.747533529996871948e-01
-8.589527010917663574e-01
-9.440631866455078125e-01
-9.551565647125244141e-01
6.815901398658752441e-02
1.685304343700408936e-01
3.334960043430328369e-01
8.054602146148681641e-01
9.202469587326049805e-01
9.387891292572021484e-01
9.479621052742004395e-01
9.547693133354187012e-01
9.588807225227355957e-01
9.592601060867309570e-01
9.597238302230834961e-01
9.555425643920898438e-01
9.473473429679870605e-01
9.302799105644226074e-01
8.974091410636901855e-01
8.446496129035949707e-01
7.755333185195922852e-01
6.659583449363708496e-01
4.547087848186492920e-01
-1.598349362611770630e-01
-8.569639921188354492e-01
-9.429442286491394043e-01
-9.543946981430053711e-01
7.384275645017623901e-02
1.712709516286849976e-01
3.448396027088165283e-01
8.110814690589904785e-01
9.205798506736755371e-01
9.394597411155700684e-01
9.488756060600280762e-01
9.560894370079040527e-01
9.596160650253295898e-01
9.607411623001098633e-01
9.585892558097839355e-01
9.553578495979309082e-01
9.467115402221679688e-01
9.294301867485046387e-01
8.967213034629821777e-01
8.445167541503906250e-01
7.736119031906127930e-01
6.636952757835388184e-01
4.627001881599426270e-01
-1.550323814153671265e-01
-8.563398122787475586e-01
-9.433657526969909668e-01
-9.550187587738037109e-01
8.101516216993331909e-02
1.739662140607833862e-01
3.328709304332733154e-01
8.058744668960571289e-01
9.213187098503112793e-01
9.394466280937194824e-01
9.493973851203918457e-01
9.554946422576904297e-01
9.583796262741088867e-01
9.606480002403259277e-01
9.589107632637023926e-01
9.548945426940917969e-01
9.466829895973205566e-01
9.298260807991027832e-01
8.977704644203186035e-01
8.479620218276977539e-01
7.754773497581481934e-01
6.672642827033996582e-01
4.574159979820251465e-01
-1.674427837133407593e-01
-8.559514880180358887e-01
-9.433944821357727051e-01
-9.544023275375366211e-01
7.629938423633575439e-02
1.803167015314102173e-01
3.483528792858123779e-01
8.155078291893005371e-01
9.210081100463867188e-01
9.382110834121704102e-01
9.482511878013610840e-01
9.551258087158203125e-01
9.593104124069213867e-01
9.598684310913085938e-01
9.592741727828979492e-01
9.554913640022277832e-01
9.465947747230529785e-01
9.274454712867736816e-01
8.987934589385986328e-01
8.445987701416015625e-01
7.735165357589721680e-01
6.693464517593383789e-01
4.545593857765197754e-01
-1.695842146873474121e-01
-8.604771494865417480e-01
-9.441142082214355469e-01
-9.547435641288757324e-01
6.921451538801193237e-02
1.702463328838348389e-01
3.459747135639190674e-01
8.124258518218994141e-01
9.214642047882080078e-01
9.391987323760986328e-01
9.492419958114624023e-01
9.552572369575500488e-01
9.593415260314941406e-01
9.606187939643859863e-01
9.591575860977172852e-01
9.548331499099731445e-01
9.462775588035583496e-01
9.285026192665100098e-01
8.975193500518798828e-01
8.438724279403686523e-01
7.675654292106628418e-01
6.651782393455505371e-01
4.576219618320465088e-01
-1.603149324655532837e-01
-8.574748635292053223e-01
-9.443217515945434570e-01
-9.550015330314636230e-01
7.541073858737945557e-02
1.771369874477386475e-01
3.495759963989257812e-01
8.164007663726806641e-01
9.224616289138793945e-01
9.391482472419738770e-01
9.492806792259216309e-01
9.549685716629028320e-01
9.589725136756896973e-01
9.600719213485717773e-01
9.589325785636901855e-01
9.550629854202270508e-01
9.464498162269592285e-01
9.289784431457519531e-01
8.957152962684631348e-01
8.423305749893188477e-01
7.704221010208129883e-01
6.638440489768981934e-01
4.552483260631561279e-01
-1.714998185634613037e-01
-8.570301532745361328e-01
-9.432346820831298828e-01
-9.551634788513183594e-01
8.020797371864318848e-02
1.902913451194763184e-01
3.588056266307830811e-01
8.228126168251037598e-01
9.236413836479187012e-01
9.392545819282531738e-01
9.494964480400085449e-01
9.550082087516784668e-01
9.591452479362487793e-01
9.603922367095947266e-01
9.589034318923950195e-01
9.544474482536315918e-01
9.467449188232421875e-01
9.293631911277770996e-01
8.949590921401977539e-01
8.458481431007385254e-01
7.718681693077087402e-01
6.635081768035888672e-01
4.499517977237701416e-01
-1.813947409391403198e-01
-8.618816137313842773e-01
-9.445796012878417969e-01
-9.545843005180358887e-01
6.987419724464416504e-02
1.754187345504760742e-01
3.426800370216369629e-01
8.143499493598937988e-01
9.206272959709167480e-01
9.390439391136169434e-01
9.481880664825439453e-01
9.547168016433715820e-01
9.588245749473571777e-01
9.606437683105468750e-01
9.596002697944641113e-01
9.549050331115722656e-01
9.462037682533264160e-01
9.286801218986511230e-01
8.972498178482055664e-01
8.441853523254394531e-01
7.722401618957519531e-01
6.653887629508972168e-01
4.587254524230957031e-01
-1.677523553371429443e-01
-8.563786745071411133e-01
-9.435147047042846680e-01
-9.540152549743652344e-01
6.628245860338211060e-02
1.691127568483352661e-01
3.370034694671630859e-01
8.062214851379394531e-01
9.211788177490234375e-01
9.399901628494262695e-01
9.490996599197387695e-01
9.560322165489196777e-01
9.593818187713623047e-01
9.599529504776000977e-01
9.602157473564147949e-01
9.551287293434143066e-01
9.467179179191589355e-01
9.297156333923339844e-01
8.970057964324951172e-01
8.443478941917419434e-01
7.714020609855651855e-01
6.670181751251220703e-01
4.604285061359405518e-01
-1.512922644615173340e-01
-8.530916571617126465e-01
-9.437842369079589844e-01
-9.536307454109191895e-01
7.840285450220108032e-02
1.708183288574218750e-01
3.377348184585571289e-01
8.086339235305786133e-01
9.207742214202880859e-01
9.385996460914611816e-01
9.490302205085754395e-01
9.554061889648437500e-01
9.591521620750427246e-01
9.603099822998046875e-01
9.590604305267333984e-01
9.556673765182495117e-01
9.464469552040100098e-01
9.285028576850891113e-01
8.968667387962341309e-01
8.460773229598999023e-01
7.728472948074340820e-01
6.626228690147399902e-01
4.554565846920013428e-01
-1.585692167282104492e-01
-8.563634753227233887e-01
-9.446839690208435059e-01
-9.549767374992370605e-01
7.916497439146041870e-02
1.808995455503463745e-01
3.467134833335876465e-01
8.127115368843078613e-01
9.219456315040588379e-01
9.391927123069763184e-01
9.483556151390075684e-01
9.559324979782104492e-01
9.590579271316528320e-01
9.601107835769653320e-01
9.594326019287109375e-01
9.553683996200561523e-01
9.462243318557739258e-01
9.287650585174560547e-01
8.961327672004699707e-01
8.436213731765747070e-01
7.712684273719787598e-01
6.642079949378967285e-01
4.469699859619140625e-01
-1.776370555162429810e-01
-8.593819141387939453e-01
-9.440830945968627930e-01
-9.552014470100402832e-01
6.180899217724800110e-02
1.614281386137008667e-01
3.266961276531219482e-01
7.976077198982238770e-01
9.187221527099609375e-01
9.375914931297302246e-01
9.484268426895141602e-01
9.556083083152770996e-01
9.593155980110168457e-01
9.598500728607177734e-01
9.587420821189880371e-01
9.557079076766967773e-01
9.462861418724060059e-01
9.289688467979431152e-01
8.980170488357543945e-01
8.468276262283325195e-01
7.750096321105957031e-01
6.684588193893432617e-01
4.620003104209899902e-01
-1.409699916839599609e-01
-8.542345762252807617e-01
-9.436042308807373047e-01
-9.538367390632629395e-01
7.986085116863250732e-02
1.684443205595016479e-01
3.421369493007659912e-01
8.127145171165466309e-01
9.217367172241210938e-01
9.388365149497985840e-01
9.484140276908874512e-01
9.565122127532958984e-01
9.590367674827575684e-01
9.607296586036682129e-01
9.584633111953735352e-01
9.560100436210632324e-01
9.466853141784667969e-01
9.292193055152893066e-01
8.958831429481506348e-01
8.435744047164916992e-01
7.702308893203735352e-01
6.692036390304565430e-01
4.663448631763458252e-01
-1.456743627786636353e-01
-8.581023216247558594e-01
-9.430153369903564453e-01
-9.542150497436523438e-01
7.352045178413391113e-02
1.743886768817901611e-01
3.412216007709503174e-01
8.138825297355651855e-01
9.206811785697937012e-01
9.395132064819335938e-01
9.481845498085021973e-01
9.548686742782592773e-01
9.594792723655700684e-01
9.594552516937255859e-01
9.592259526252746582e-01
9.550158381462097168e-01
9.462992548942565918e-01
9.288281798362731934e-01
8.974872231483459473e-01
8.456062674522399902e-01
7.747799158096313477e-01
6.719825863838195801e-01
4.639299213886260986e-01
-1.451520919799804688e-01
-8.540433049201965332e-01
-9.428198933601379395e-01
-9.540788531303405762e-01
6.748920679092407227e-02
1.670137941837310791e-01
3.366266191005706787e-01
8.081816434860229492e-01
9.207275509834289551e-01
9.396487474441528320e-01
9.491150379180908203e-01
9.560093879699707031e-01
9.584915041923522949e-01
9.599534273147583008e-01
9.589501619338989258e-01
9.552122354507446289e-01
9.468586444854736328e-01
9.292377233505249023e-01
8.974425792694091797e-01
8.468759655952453613e-01
7.729172110557556152e-01
6.670083999633789062e-01
4.631976783275604248e-01
-1.482891738414764404e-01
-8.545774221420288086e-01
-9.429908394813537598e-01
-9.548899531364440918e-01
7.152149081230163574e-02
1.704707890748977661e-01
3.398338556289672852e-01
8.094877600669860840e-01
9.208464026451110840e-01
9.399380683898925781e-01
9.483280181884765625e-01
9.556385874748229980e-01
9.591721296310424805e-01
9.602998495101928711e-01
9.587392807006835938e-01
9.552273750305175781e-01
9.463149905204772949e-01
9.287934899330139160e-01
8.962556123733520508e-01
8.417299985885620117e-01
7.710661292076110840e-01
6.664716005325317383e-01
4.549897611141204834e-01
-1.691132187843322754e-01
-8.601362109184265137e-01
-9.440908432006835938e-01
-9.548152089118957520e-01
7.301286607980728149e-02
1.701048314571380615e-01
3.407803475856781006e-01
8.101416230201721191e-01
9.196282029151916504e-01
9.393991827964782715e-01
9.484441876411437988e-01
9.557733535766601562e-01
9.593701362609863281e-01
9.601743817329406738e-01
9.597211480140686035e-01
9.545429348945617676e-01
9.464781880378723145e-01
9.294943809509277344e-01
8.955322504043579102e-01
8.445523381233215332e-01
7.724999785423278809e-01
6.672533750534057617e-01
4.633876681327819824e-01
-1.495113670825958252e-01
-8.563468456268310547e-01
-9.433871507644653320e-01
-9.541156291961669922e-01
6.247990950942039490e-02
1.605059653520584106e-01
3.249487280845642090e-01
7.989603281021118164e-01
9.192473888397216797e-01
9.391502737998962402e-01
9.475741982460021973e-01
9.551550745964050293e-01
9.586955904960632324e-01
9.600245356559753418e-01
9.594011306762695312e-01
9.560370445251464844e-01
9.466287493705749512e-01
9.291325211524963379e-01
8.980526328086853027e-01
8.481516838073730469e-01
7.770327925682067871e-01
6.697921752929687500e-01
4.692739546298980713e-01
-1.375290900468826294e-01
-8.501414060592651367e-01
-9.424573183059692383e-01
-9.543645381927490234e-01
6.670894473791122437e-02
1.816400885581970215e-01
3.418826460838317871e-01
8.092676401138305664e-01
9.216135740280151367e-01
9.386847615242004395e-01
9.487292170524597168e-01
9.565138816833496094e-01
9.596334099769592285e-01
9.601197242736816406e-01
9.595193266868591309e-01
9.564674496650695801e-01
9.469054341316223145e-01
9.296968579292297363e-01
8.973191976547241211e-01
8.431755304336547852e-01
7.748025059700012207e-01
6.688660383224487305e-01
4.637850522994995117e-01
-1.568223685026168823e-01
-8.577936887741088867e-01
-9.438874721527099609e-01
-9.542536735534667969e-01
8.338377624750137329e-02
1.868722736835479736e-01
3.583289384841918945e-01
8.222043514251708984e-01
9.229138493537902832e-01
9.393100142478942871e-01
9.487246870994567871e-01
9.556101560592651367e-01
9.588469266891479492e-01
9.604716897010803223e-01
9.596216678619384766e-01
9.547529816627502441e-01
9.471356272697448730e-01
9.277583360671997070e-01
8.923356533050537109e-01
8.410792350769042969e-01
7.697573304176330566e-01
6.636256575584411621e-01
4.519882202148437500e-01
-1.884637773036956787e-01
-8.627100586891174316e-01
-9.440660476684570312e-01
-9.541755318641662598e-01
7.443386316299438477e-02
1.790482997894287109e-01
3.517562747001647949e-01
8.183335661888122559e-01
9.224387407302856445e-01
9.388336539268493652e-01
9.491524100303649902e-01
9.548373818397521973e-01
9.590010643005371094e-01
9.601390361785888672e-01
9.592890143394470215e-01
9.554241299629211426e-01
9.452931880950927734e-01
9.282520413398742676e-01
8.950948119163513184e-01
8.443743586540222168e-01
7.725271582603454590e-01
6.637722253799438477e-01
4.498934447765350342e-01
-1.882963180541992188e-01
-8.615184426307678223e-01
-9.440972805023193359e-01
-9.545214176177978516e-01
7.534399628639221191e-02
1.766057163476943970e-01
3.481324911117553711e-01
8.117765784263610840e-01
9.202490448951721191e-01
9.388208389282226562e-01
9.487231969833374023e-01
9.552154541015625000e-01
9.587147235870361328e-01
9.602222442626953125e-01
9.590165615081787109e-01
9.551335573196411133e-01
9.465189576148986816e-01
9.286302924156188965e-01
8.967025876045227051e-01
8.457190394401550293e-01
7.724797725677490234e-01
6.653106808662414551e-01
4.506481587886810303e-01
-1.748626530170440674e-01
-8.594202995300292969e-01
-9.447311758995056152e-01
-9.548305273056030273e-01
6.828716397285461426e-02
1.738671064376831055e-01
3.370243608951568604e-01
8.062612414360046387e-01
9.202493429183959961e-01
9.395678043365478516e-01
9.484524726867675781e-01
9.557632803916931152e-01
9.586710929870605469e-01
9.601346850395202637e-01
9.588744044303894043e-01
9.545890092849731445e-01
9.460023641586303711e-01
9.298157691955566406e-01
8.964114785194396973e-01
8.465573787689208984e-01
7.724431753158569336e-01
6.715113520622253418e-01
4.659003615379333496e-01
-1.481690555810928345e-01
-8.569024801254272461e-01
-9.428897500038146973e-01
-9.538453221321105957e-01
7.089986652135848999e-02
1.688300222158432007e-01
3.309903442859649658e-01
8.020457029342651367e-01
9.198929667472839355e-01
9.390587210655212402e-01
9.483382701873779297e-01
9.550917744636535645e-01
9.593743085861206055e-01
9.600573778152465820e-01
9.592204093933105469e-01
9.555560350418090820e-01
9.471499323844909668e-01
9.303314685821533203e-01
8.956047892570495605e-01
8.431214094161987305e-01
7.717533707618713379e-01
6.645401120185852051e-01
4.580454230308532715e-01
-1.537102162837982178e-01
-8.556721210479736328e-01
-9.441842436790466309e-01
-9.542229175567626953e-01
7.443977147340774536e-02
1.744237691164016724e-01
3.430337309837341309e-01
8.107738494873046875e-01
9.204442501068115234e-01
9.388881325721740723e-01
9.491569399833679199e-01
9.556055068969726562e-01
9.582058787345886230e-01
9.600413441658020020e-01
9.592032432556152344e-01
9.554730653762817383e-01
9.469746947288513184e-01
9.280835986137390137e-01
8.967234492301940918e-01
8.430333137512207031e-01
7.770575284957885742e-01
6.717284917831420898e-01
4.612948894500732422e-01
-1.517851650714874268e-01
-8.561433553695678711e-01
-9.432559609413146973e-01
-9.542908072471618652e-01
6.839755177497863770e-02
1.642318665981292725e-01
3.382489681243896484e-01
8.097394108772277832e-01
9.207155108451843262e-01
9.397143721580505371e-01
9.487968087196350098e-01
9.552146196365356445e-01
9.594643115997314453e-01
9.606882333755493164e-01
9.590714573860168457e-01
9.554226398468017578e-01
9.465718865394592285e-01
9.293067455291748047e-01
8.966835737228393555e-01
8.464733958244323730e-01
7.737981677055358887e-01
6.686193943023681641e-01
4.658819735050201416e-01
-1.353564709424972534e-01
-8.521236181259155273e-01
-9.434674382209777832e-01
-9.537255167961120605e-01
8.149877190589904785e-02
1.722346842288970947e-01
3.425639867782592773e-01
8.137189745903015137e-01
9.209033250808715820e-01
9.396396875381469727e-01
9.488005042076110840e-01
9.544569253921508789e-01
9.595709443092346191e-01
9.597872495651245117e-01
9.591638445854187012e-01
9.551219940185546875e-01
9.462348222732543945e-01
9.281686544418334961e-01
8.943081498146057129e-01
8.451548218727111816e-01
7.766183614730834961e-01
6.671742796897888184e-01
4.582418501377105713e-01
-1.620931625366210938e-01
-8.596531152725219727e-01
-9.439142942428588867e-01
-9.545432329177856445e-01
7.567667216062545776e-02
1.711649447679519653e-01
3.303689062595367432e-01
8.035098910331726074e-01
9.205721616744995117e-01
9.390498399734497070e-01
9.487444758415222168e-01
9.548414349555969238e-01
9.590001702308654785e-01
9.600653648376464844e-01
9.588637948036193848e-01
9.554681777954101562e-01
9.462379217147827148e-01
9.295245409011840820e-01
8.952899575233459473e-01
8.464146256446838379e-01
7.688496708869934082e-01
6.628847718238830566e-01
4.569749236106872559e-01
-1.604318469762802124e-01
-8.581345081329345703e-01
-9.441833496093750000e-01
-9.542664289474487305e-01
7.620000094175338745e-02
1.748524457216262817e-01
3.395765125751495361e-01
8.091434240341186523e-01
9.218916296958923340e-01
9.393002390861511230e-01
9.489138126373291016e-01
9.551829695701599121e-01
9.591637849807739258e-01
9.603013992309570312e-01
9.590141773223876953e-01
9.544704556465148926e-01
9.475924968719482422e-01
9.293788671493530273e-01
8.981581926345825195e-01
8.444370627403259277e-01
7.722373604774475098e-01
6.674135327339172363e-01
4.613699615001678467e-01
-1.532117873430252075e-01
-8.564012646675109863e-01
-9.437026977539062500e-01
-9.540258049964904785e-01
7.374817132949829102e-02
1.663747578859329224e-01
3.381862342357635498e-01
8.078542351722717285e-01
9.205809235572814941e-01
9.395303726196289062e-01
9.490029215812683105e-01
9.542235732078552246e-01
9.593690037727355957e-01
9.610795974731445312e-01
9.594428539276123047e-01
9.553132057189941406e-01
9.472668766975402832e-01
9.293934106826782227e-01
8.973142504692077637e-01
8.464291095733642578e-01
7.738876938819885254e-01
6.684585213661193848e-01
4.641792178153991699e-01
-1.571490317583084106e-01
-8.547460436820983887e-01
-9.429785609245300293e-01
-9.541768431663513184e-01
7.302317768335342407e-02
1.722609400749206543e-01
3.454050123691558838e-01
8.124660253524780273e-01
9.203804135322570801e-01
9.391350746154785156e-01
9.482589960098266602e-01
9.556400179862976074e-01
9.593592882156372070e-01
9.596787691116333008e-01
9.593308568000793457e-01
9.553089737892150879e-01
9.470803737640380859e-01
9.293648004531860352e-01
8.956829905509948730e-01
8.436104655265808105e-01
7.726932764053344727e-01
6.637959480285644531e-01
4.518881440162658691e-01
-1.837547719478607178e-01
-8.588460087776184082e-01
-9.444262981414794922e-01
-9.550579190254211426e-01
6.655400991439819336e-02
1.675972491502761841e-01
3.347427546977996826e-01
8.060316443443298340e-01
9.197261333465576172e-01
9.395057559013366699e-01
9.486724734306335449e-01
9.556727409362792969e-01
9.591861963272094727e-01
9.602808356285095215e-01
9.592136144638061523e-01
9.555346965789794922e-01
9.461244940757751465e-01
9.278926849365234375e-01
8.970226645469665527e-01
8.440169095993041992e-01
7.708839774131774902e-01
6.678791046142578125e-01
4.697092771530151367e-01
-1.345092952251434326e-01
-8.563974499702453613e-01
-9.426432847976684570e-01
-9.542183279991149902e-01
7.175657898187637329e-02
1.737216562032699585e-01
3.413336873054504395e-01
8.092297315597534180e-01
9.200442433357238770e-01
9.380306601524353027e-01
9.489275217056274414e-01
9.555323123931884766e-01
9.591196775436401367e-01
9.599578380584716797e-01
9.594141840934753418e-01
9.551416635513305664e-01
9.468221068382263184e-01
9.301080703735351562e-01
8.969028592109680176e-01
8.437668085098266602e-01
7.712620496749877930e-01
6.670431494712829590e-01
4.512742161750793457e-01
-1.845134049654006958e-01
-8.597412705421447754e-01
-9.439590573310852051e-01
-9.545126557350158691e-01
6.885877996683120728e-02
1.770907789468765259e-01
3.394367694854736328e-01
8.104677796363830566e-01
9.206308722496032715e-01
9.385844469070434570e-01
9.486244320869445801e-01
9.555701017379760742e-01
9.584724903106689453e-01
9.609048962593078613e-01
9.587976932525634766e-01
9.551662206649780273e-01
9.469820261001586914e-01
9.291503429412841797e-01
8.971770405769348145e-01
8.432263731956481934e-01
7.720695137977600098e-01
6.654137969017028809e-01
4.603844583034515381e-01
-1.543580293655395508e-01
-8.561295270919799805e-01
-9.441486001014709473e-01
-9.541916251182556152e-01
7.003649324178695679e-02
1.691898554563522339e-01
3.389775156974792480e-01
8.052620291709899902e-01
9.190993905067443848e-01
9.383113980293273926e-01
9.485708475112915039e-01
9.557843804359436035e-01
9.581084847450256348e-01
9.601346254348754883e-01
9.591748118400573730e-01
9.551519751548767090e-01
9.472482800483703613e-01
9.280270934104919434e-01
8.976182341575622559e-01
8.445007205009460449e-01
7.715706825256347656e-01
6.667396426200866699e-01
4.630681574344635010e-01
-1.485817134380340576e-01
-8.561596870422363281e-01
-9.429752826690673828e-01
-9.539865255355834961e-01
7.318323850631713867e-02
1.668264418840408325e-01
3.263588249683380127e-01
7.993216514587402344e-01
9.183775782585144043e-01
9.387283921241760254e-01
9.486032128334045410e-01
9.551723003387451172e-01
9.594976305961608887e-01
9.602198004722595215e-01
9.596810936927795410e-01
9.550877809524536133e-01
9.469642639160156250e-01
9.292777180671691895e-01
8.971576094627380371e-01
8.448379635810852051e-01
7.701721191406250000e-01
6.707760691642761230e-01
4.639165997505187988e-01
-1.468969285488128662e-01
-8.541052341461181641e-01
-9.435085654258728027e-01
-9.544652700424194336e-01
6.654243171215057373e-02
1.637418568134307861e-01
3.362396657466888428e-01
8.045032024383544922e-01
9.197407364845275879e-01
9.387720823287963867e-01
9.482111334800720215e-01
9.554258584976196289e-01
9.588874578475952148e-01
9.602456092834472656e-01
9.589133858680725098e-01
9.550153017044067383e-01
9.465824365615844727e-01
9.293636679649353027e-01
8.960087299346923828e-01
8.433556556701660156e-01
7.732331752777099609e-01
6.656463742256164551e-01
4.638537764549255371e-01
-1.444596946239471436e-01
-8.561722636222839355e-01
-9.441629648208618164e-01
-9.539277553558349609e-01
7.235588133335113525e-02
1.741838008165359497e-01
3.379758000373840332e-01
8.120822310447692871e-01
9.206712245941162109e-01
9.394464492797851562e-01
9.485206007957458496e-01
9.551751017570495605e-01
9.594907164573669434e-01
9.598781466484069824e-01
9.588856101036071777e-01
9.559718370437622070e-01
9.477033615112304688e-01
9.280044436454772949e-01
8.962889909744262695e-01
8.467348217964172363e-01
7.694506049156188965e-01
6.620485782623291016e-01
4.558605551719665527e-01
-1.682089716196060181e-01
-8.579459190368652344e-01
-9.442871212959289551e-01
-9.545618295669555664e-01
6.840084493160247803e-02
1.683967709541320801e-01
3.329261839389801025e-01
8.022753596305847168e-01
9.196162819862365723e-01
9.385407567024230957e-01
9.484979510307312012e-01
9.550157189369201660e-01
9.590063095092773438e-01
9.604719877243041992e-01
9.586710333824157715e-01
9.559562802314758301e-01
9.470841884613037109e-01
9.288432598114013672e-01
8.959034681320190430e-01
8.470003604888916016e-01
7.713040709495544434e-01
6.679750084877014160e-01
4.599781036376953125e-01
-1.512486338615417480e-01
-8.574624657630920410e-01
-9.436476230621337891e-01
-9.536647796630859375e-01
7.363706827163696289e-02
1.736482381820678711e-01
3.387752771377563477e-01
8.083261251449584961e-01
9.199578762054443359e-01
9.385005235671997070e-01
9.486402273178100586e-01
9.556007385253906250e-01
9.581764936447143555e-01
9.600272178649902344e-01
9.592780470848083496e-01
9.551480412483215332e-01
9.471125006675720215e-01
9.291960597038269043e-01
8.960613608360290527e-01
8.448874950408935547e-01
7.734256386756896973e-01
6.683532595634460449e-01
4.593840539455413818e-01
-1.593017131090164185e-01
-8.567663431167602539e-01
-9.435170292854309082e-01
-9.548303484916687012e-01
7.180787622928619385e-02
1.691952347755432129e-01
3.304379582405090332e-01
8.046661615371704102e-01
9.193993210792541504e-01
9.381999969482421875e-01
9.484131336212158203e-01
9.553422331809997559e-01
9.585351943969726562e-01
9.596144556999206543e-01
9.592865109443664551e-01
9.550088047981262207e-01
9.467511773109436035e-01
9.294468760490417480e-01
8.973582983016967773e-01
8.440766334533691406e-01
7.737039923667907715e-01
6.688377261161804199e-01
4.563675820827484131e-01
-1.601869463920593262e-01
-8.566036820411682129e-01
-9.435710906982421875e-01
-9.537289142608642578e-01
7.363136112689971924e-02
1.725901216268539429e-01
3.420203924179077148e-01
8.098020553588867188e-01
9.214072823524475098e-01
9.387679100036621094e-01
9.491032361984252930e-01
9.549532532691955566e-01
9.596238136291503906e-01
9.601512551307678223e-01
9.592316746711730957e-01
9.552615284919738770e-01
9.463097453117370605e-01
9.280320405960083008e-01
8.956006765365600586e-01
8.435282707214355469e-01
7.715904712677001953e-01
6.661162972450256348e-01
4.545564949512481689e-01
-1.712611168622970581e-01
-8.596206903457641602e-01
-9.443259835243225098e-01
-9.545731544494628906e-01
6.754783540964126587e-02
1.724594831466674805e-01
3.355561196804046631e-01
8.048093914985656738e-01
9.199429750442504883e-01
9.393484592437744141e-01
9.488009214401245117e-01
9.553375244140625000e-01
9.587171077728271484e-01
9.594277739524841309e-01
9.587963819503784180e-01
9.552376866340637207e-01
9.473109841346740723e-01
9.287459850311279297e-01
8.947165608406066895e-01
8.473861217498779297e-01
7.749161124229431152e-01
6.672312021255493164e-01
4.558096826076507568e-01
-1.646760553121566772e-01
-8.569350242614746094e-01
-9.442644715309143066e-01
-9.541503190994262695e-01
7.615363597869873047e-02
1.753297597169876099e-01
3.422098755836486816e-01
8.128073215484619141e-01
9.210243821144104004e-01
9.397024512290954590e-01
9.491058588027954102e-01
9.552593231201171875e-01
9.586611986160278320e-01
9.595510959625244141e-01
9.592095613479614258e-01
9.557874202728271484e-01
9.470250010490417480e-01
9.281905889511108398e-01
8.968222141265869141e-01
8.455722928047180176e-01
7.682640552520751953e-01
6.571804881095886230e-01
4.421747028827667236e-01
-1.962919980287551880e-01
-8.621959090232849121e-01
-9.455907940864562988e-01
-9.543545246124267578e-01
5.929057672619819641e-02
1.668766438961029053e-01
3.322649598121643066e-01
8.034644126892089844e-01
9.191709160804748535e-01
9.395912289619445801e-01
9.492540955543518066e-01
9.543885588645935059e-01
9.596439599990844727e-01
9.598728418350219727e-01
9.592732787132263184e-01
9.543638229370117188e-01
9.462210536003112793e-01
9.288145303726196289e-01
8.972890377044677734e-01
8.440379500389099121e-01
7.725361585617065430e-01
6.670936942100524902e-01
4.637494087219238281e-01
-1.449845433235168457e-01
-8.577801585197448730e-01
-9.432780146598815918e-01
-9.545451998710632324e-01
7.275504618883132935e-02
1.743572950363159180e-01
3.355567455291748047e-01
8.081353902816772461e-01
9.202255606651306152e-01
9.395018219947814941e-01
9.490420818328857422e-01
9.557706713676452637e-01
9.589645862579345703e-01
9.597344994544982910e-01
9.591496586799621582e-01
9.556990861892700195e-01
9.471248388290405273e-01
9.283142685890197754e-01
8.961732387542724609e-01
8.432171940803527832e-01
7.677757740020751953e-01
6.633830070495605469e-01
4.510446190834045410e-01
-1.720667183399200439e-01
-8.595966696739196777e-01
-9.432821869850158691e-01
-9.549373984336853027e-01
7.617002725601196289e-02
1.667423844337463379e-01
3.347996771335601807e-01
8.024845123291015625e-01
9.198204874992370605e-01
9.403349161148071289e-01
9.486821889877319336e-01
9.559524059295654297e-01
9.589593410491943359e-01
9.603741765022277832e-01
9.589744210243225098e-01
9.547131657600402832e-01
9.469237923622131348e-01
9.273735284805297852e-01
8.963698148727416992e-01
8.464564085006713867e-01
7.734508514404296875e-01
6.666448712348937988e-01
4.562828242778778076e-01
-1.661294400691986084e-01
-8.558256626129150391e-01
-9.439181685447692871e-01
-9.546949863433837891e-01
7.881423830986022949e-02
1.827493757009506226e-01
3.474642932415008545e-01
8.113145828247070312e-01
9.213370680809020996e-01
9.400180578231811523e-01
9.489520192146301270e-01
9.546768665313720703e-01
9.595764875411987305e-01
9.607553482055664062e-01
9.596474170684814453e-01
9.556862115859985352e-01
9.456260800361633301e-01
9.289937615394592285e-01
8.954751491546630859e-01
8.432106971740722656e-01
7.722662687301635742e-01
6.638563275337219238e-01
4.526626765727996826e-01
-1.842447519302368164e-01
-8.603525757789611816e-01
-9.440587162971496582e-01
-9.544608592987060547e-01
7.252036035060882568e-02
1.697437018156051636e-01
3.341075479984283447e-01
8.045961260795593262e-01
9.200638532638549805e-01
9.389835596084594727e-01
9.487565159797668457e-01
9.549224972724914551e-01
9.587408304214477539e-01
9.601610898971557617e-01
9.597837328910827637e-01
9.547264575958251953e-01
9.467984437942504883e-01
9.292613863945007324e-01
8.972699642181396484e-01
8.433989286422729492e-01
7.695932388305664062e-01
6.671648025512695312e-01
4.642098248004913330e-01
-1.460111886262893677e-01
