3.302503526210784912e-01
6.322581171989440918e-01
-8.451887965202331543e-01
2.029339224100112915e-01
6.641271710395812988e-01
-9.495510458946228027e-01
2.540872991085052490e-01
-3.949801921844482422e-01
5.644792914390563965e-01
-8.486908674240112305e-01
5.669457912445068359e-01
-8.488931655883789062e-01
7.285487055778503418e-01
4.027741551399230957e-01
-7.261253595352172852e-01
5.518712997436523438e-01
-5.893059968948364258e-01
5.159382820129394531e-01
3.504251837730407715e-01
-7.616724371910095215e-01
4.725057780742645264e-01
4.827773571014404297e-01
-7.574438452720642090e-01
3.395369052886962891e-01
5.526573061943054199e-01
-8.618636131286621094e-01
2.202915400266647339e-01
7.660331726074218750e-01
-7.796800732612609863e-01
1.614214926958084106e-01
6.822319030761718750e-01
-8.660629391670227051e-01
2.353364080190658569e-01
-2.290172278881072998e-01
4.265049993991851807e-01
-9.363160133361816406e-01
5.337092280387878418e-01
2.738214433193206787e-01
-7.926468253135681152e-01
5.759173631668090820e-01
-8.425068259239196777e-01
6.794820427894592285e-01
3.868836760520935059e-01
-7.094122767448425293e-01
3.989271223545074463e-01
-4.625922441482543945e-01
6.301177740097045898e-01
-7.173805236816406250e-01
5.340191125869750977e-01
-8.914893865585327148e-01
6.920355558395385742e-01
-9.084054231643676758e-01
6.854795813560485840e-01
-3.069770336151123047e-01
8.119396567344665527e-01
-5.649521946907043457e-01
6.913683414459228516e-01
-6.351829171180725098e-01
6.474429368972778320e-01
-9.183039069175720215e-01
4.196282625198364258e-01
-3.728037774562835693e-01
7.333273887634277344e-01
-6.062881350517272949e-01
6.231637001037597656e-01
-5.417430996894836426e-01
6.069025993347167969e-01
-7.756808996200561523e-01
4.978249073028564453e-01
-8.252127766609191895e-01
4.562863707542419434e-01
7.676625251770019531e-01
-6.466749310493469238e-01
4.646179080009460449e-01
-6.559064388275146484e-01
4.936344027519226074e-01
4.199015200138092041e-01
-8.659256696701049805e-01
2.942014336585998535e-01
5.320271253585815430e-01
-8.960499763488769531e-01
2.733994722366333008e-01
6.721044182777404785e-01
-8.825841546058654785e-01
1.009191498160362244e-01
5.039160251617431641e-01
-8.781601190567016602e-01
3.216281235218048096e-01
4.381618797779083252e-01
1.851649768650531769e-02
-8.672481179237365723e-01
3.464496135711669922e-01
-6.513639688491821289e-01
6.528149843215942383e-01
3.266884088516235352e-01
-8.858981132507324219e-01
5.414249300956726074e-01
-5.830155014991760254e-01
6.563805937767028809e-01
2.493548244237899780e-01
-7.116982936859130859e-01
4.541571438312530518e-01
-4.964746832847595215e-01
5.396305322647094727e-01
4.040956497192382812e-01
-8.401560187339782715e-01
3.321039080619812012e-01
-2.349073141813278198e-01
6.905488371849060059e-01
-8.002378344535827637e-01
3.432512283325195312e-01
6.271059513092041016e-01
-7.702763080596923828e-01
3.233034610748291016e-01
4.934258162975311279e-01
-8.696259856224060059e-01
3.085110187530517578e-01
4.624718427658081055e-01
-9.160819053649902344e-01
3.326974213123321533e-01
6.508912444114685059e-01
-8.943627476692199707e-01
1.473052203655242920e-01
4.497098028659820557e-01
-8.401267528533935547e-01
5.356870889663696289e-01
1.087898164987564087e-01
7.317361831665039062e-01
-8.572497963905334473e-01
1.114645302295684814e-01
5.891320705413818359e-01
-8.529332876205444336e-01
1.977937817573547363e-01
6.904556155204772949e-01
-2.062509059906005859e-01
-4.148803651332855225e-01
2.395032793283462524e-01
-6.739060878753662109e-01
4.218544960021972656e-01
1.305507570505142212e-01
4.455954432487487793e-01
-8.651804327964782715e-01
2.670328021049499512e-01
4.657593965530395508e-01
-9.637020230293273926e-01
4.823280870914459229e-01
1.425524950027465820e-01
-6.214196681976318359e-01
6.301626563072204590e-01
-7.367636561393737793e-01
6.196954250335693359e-01
-7.693220376968383789e-01
6.576531529426574707e-01
-7.799649238586425781e-01
9.033104777336120605e-01
-2.609705030918121338e-01
5.462692975997924805e-01
-7.294152975082397461e-01
4.776143729686737061e-01
-6.147382259368896484e-01
8.972986936569213867e-01
-4.427008032798767090e-01
5.287736058235168457e-01
-7.210910916328430176e-01
4.976294934749603271e-01
-5.699169635772705078e-01
8.797009587287902832e-01
-4.266357421875000000e-01
4.313269257545471191e-01
-7.827227711677551270e-01
3.206908404827117920e-01
5.826520919799804688e-01
-7.411383986473083496e-01
3.409384191036224365e-01
4.885823726654052734e-01
-8.555755615234375000e-01
1.863043159246444702e-01
6.515283584594726562e-01
-9.556773900985717773e-01
1.632457524538040161e-01
1.583490669727325439e-01
-2.714638411998748779e-01
5.437926054000854492e-01
-7.106046080589294434e-01
4.164704382419586182e-01
4.316852688789367676e-01
-9.040684700012207031e-01
2.962526381015777588e-01
-4.839413166046142578e-01
5.449489355087280273e-01
3.439414203166961670e-01
-7.935901284217834473e-01
4.354707002639770508e-01
5.532775521278381348e-01
-8.151506781578063965e-01
4.106434881687164307e-01
4.243836700916290283e-01
-7.610205411911010742e-01
2.427174150943756104e-01
7.030434012413024902e-01
-8.137204647064208984e-01
1.479955613613128662e-01
7.089480757713317871e-01
-9.486169219017028809e-01
8.125469833612442017e-02
5.837187170982360840e-01
-7.370916604995727539e-01
2.921696007251739502e-01
4.480849504470825195e-01
-2.938896417617797852e-01
6.927233934402465820e-02
-2.611615955829620361e-01
4.080810844898223877e-01
-7.703343033790588379e-01
4.433252811431884766e-01
3.593661785125732422e-01
2.966678328812122345e-02
-8.215786218643188477e-01
3.759455382823944092e-01
5.233307480812072754e-01
-7.758778929710388184e-01
2.483346760272979736e-01
5.167875885963439941e-01
-9.152545928955078125e-01
3.422857820987701416e-01
-6.681823134422302246e-01
6.607219576835632324e-01
3.499779403209686279e-01
-7.812889814376831055e-01
4.689809679985046387e-01
-5.908815264701843262e-01
6.089483499526977539e-01
1.587630957365036011e-01
-6.105473041534423828e-01
5.281750559806823730e-01
-5.014860630035400391e-01
6.370269656181335449e-01
-7.668134570121765137e-01
5.425094962120056152e-01
-7.602701783180236816e-01
8.728390336036682129e-01
-6.651532649993896484e-01
5.463629961013793945e-01
-5.847408771514892578e-01
6.532154679298400879e-01
-7.527094483375549316e-01
8.846783638000488281e-01
3.158722221851348877e-01
-8.412679433822631836e-01
4.355528354644775391e-01
-5.731472373008728027e-01
6.933068633079528809e-01
3.078481256961822510e-01
-7.942163348197937012e-01
4.569778740406036377e-01
-6.644110083580017090e-01
8.855368494987487793e-01
1.389068812131881714e-01
-8.967911601066589355e-01
1.323952972888946533e-01
6.844194531440734863e-01
-7.475931644439697266e-01
3.280827105045318604e-01
3.519320189952850342e-01
-9.130405187606811523e-01
1.889018714427947998e-01
2.832108177244663239e-02
5.128357410430908203e-01
-7.319022417068481445e-01
3.319344818592071533e-01
4.191254377365112305e-01
-8.988023400306701660e-01
8.153378218412399292e-02
7.330497503280639648e-01
-8.804058432579040527e-01
3.148127198219299316e-01
6.599833369255065918e-01
-2.074551433324813843e-01
-2.548926770687103271e-01
4.380906224250793457e-01
-8.231797218322753906e-01
2.859198749065399170e-01
5.811184048652648926e-01
9.429153800010681152e-02
-9.116803407669067383e-01
3.083778619766235352e-01
3.767688572406768799e-01
-8.005723357200622559e-01
2.691293656826019287e-01
6.330544948577880859e-01
-8.223839402198791504e-01
2.075394243001937866e-01
-1.444578915834426880e-01
7.195524573326110840e-01
-7.344064712524414062e-01
3.363543152809143066e-01
5.057232975959777832e-01
-8.922020196914672852e-01
1.434991657733917236e-01
5.461843609809875488e-01
-7.202146649360656738e-01
4.104996025562286377e-01
2.316140085458755493e-01
-9.313661456108093262e-01
4.432448744773864746e-01
-6.212446689605712891e-01
9.077621698379516602e-01
1.392392963171005249e-01
-8.022626042366027832e-01
4.356771707534790039e-01
-4.684119224548339844e-01
6.768448948860168457e-01
-6.544811129570007324e-01
6.338659524917602539e-01
-7.067849636077880859e-01
5.617175698280334473e-01
5.669378638267517090e-01
-7.507612109184265137e-01
4.776837527751922607e-01
-6.450796127319335938e-01
6.707893610000610352e-01
3.246993422508239746e-01
-8.488829135894775391e-01
2.106997221708297729e-01
3.403655886650085449e-01
-7.001959085464477539e-01
5.073588490486145020e-01
3.398722112178802490e-01
-8.991346955299377441e-01
1.136091426014900208e-01
7.936608195304870605e-01
-7.552110552787780762e-01
3.761618733406066895e-01
2.721332907676696777e-01
-8.946908116340637207e-01
3.199970424175262451e-01
5.442245602607727051e-01
-9.275191426277160645e-01
2.313579171895980835e-01
7.916041612625122070e-01
-8.520638346672058105e-01
1.784711182117462158e-01
-2.871040999889373779e-02
7.430506348609924316e-01
-7.605087757110595703e-01
1.817575842142105103e-01
6.141850352287292480e-01
-8.776454329490661621e-01
1.535509377717971802e-01
-2.673382163047790527e-01
5.528640151023864746e-01
-8.604943156242370605e-01
4.985525906085968018e-01
1.005410626530647278e-01
7.746644616127014160e-01
-8.120940923690795898e-01
1.108125746250152588e-01
1.710469722747802734e-01
-5.477097034454345703e-01
4.622690379619598389e-01
-6.325542181730270386e-02
8.863335102796554565e-02
-5.934080481529235840e-01
2.944139540195465088e-01
4.548667073249816895e-01
-7.698372006416320801e-01
2.889505624771118164e-01
6.274551153182983398e-01
-7.894026041030883789e-01
2.376593500375747681e-01
-3.158058226108551025e-01
6.497802734375000000e-01
-8.152317404747009277e-01
3.227211534976959229e-01
-4.307318925857543945e-01
6.407285332679748535e-01
-8.001244068145751953e-01
4.901414215564727783e-01
-7.660916447639465332e-01
9.339543581008911133e-01
-3.456201553344726562e-01
5.760656595230102539e-01
-6.773145794868469238e-01
5.650864243507385254e-01
-6.322833895683288574e-01
9.046893119812011719e-01
2.148201018571853638e-01
-8.345296382904052734e-01
3.595665991306304932e-01
-4.420732259750366211e-01
7.038156986236572266e-01
-7.549873590469360352e-01
4.883200228214263916e-01
-6.780318617820739746e-01
5.779364109039306641e-01
3.287530243396759033e-01
-7.806766033172607422e-01
3.915498554706573486e-01
-5.292949676513671875e-01
8.871440291404724121e-01
-8.085208535194396973e-01
3.914273977279663086e-01
-7.369575500488281250e-01
5.825405716896057129e-01
4.946531951427459717e-01
-6.971999406814575195e-01
5.207685232162475586e-01
-7.175384163856506348e-01
8.963316082954406738e-01
-4.985763728618621826e-01
5.966585278511047363e-01
-8.083105087280273438e-01
2.818048596382141113e-01
5.412552356719970703e-01
-9.271333813667297363e-01
1.993717104196548462e-01
7.666369676589965820e-01
-8.553808331489562988e-01
1.152270063757896423e-01
4.262678325176239014e-01
-8.741872310638427734e-01
2.818932831287384033e-01
7.191510796546936035e-01
-4.044377505779266357e-01
1.114959493279457092e-01
-7.194116115570068359e-01
3.429600298404693604e-01
5.091351270675659180e-01
-8.049402236938476562e-01
3.044417798519134521e-01
6.447780132293701172e-01
-8.374935984611511230e-01
1.658747494220733643e-01
-1.003988906741142273e-01
7.332573533058166504e-01
-7.930570244789123535e-01
1.983808428049087524e-01
6.881877779960632324e-01
-8.162590265274047852e-01
8.309307694435119629e-02
8.043798804283142090e-02
2.915473878383636475e-01
-6.588747501373291016e-01
4.328623414039611816e-01
4.158090949058532715e-01
-8.340091705322265625e-01
2.811644077301025391e-01
5.551927685737609863e-01
-7.906583547592163086e-01
2.560010850429534912e-01
6.522493958473205566e-01
-8.092808723449707031e-01
1.987454444169998169e-01
-3.304401338100433350e-01
6.820046901702880859e-01
-7.217323184013366699e-01
4.157329499721527100e-01
2.873352468013763428e-01
-9.267519116401672363e-01
3.406378328800201416e-01
-3.618183732032775879e-01
6.334674358367919922e-01
-9.429135918617248535e-01
5.153975486755371094e-01
-4.882551729679107666e-01
6.759210228919982910e-01
-6.552735567092895508e-01
7.185112833976745605e-01
-6.443234682083129883e-01
6.909343600273132324e-01
-9.290180802345275879e-01
6.046125292778015137e-01
-4.798296093940734863e-01
8.532178997993469238e-01
-7.607802152633666992e-01
6.205918788909912109e-01
-7.653149366378784180e-01
9.026182293891906738e-01
-7.631678581237792969e-01
6.646509766578674316e-01
-6.968525052070617676e-01
7.094980478286743164e-01
-5.936360955238342285e-01
8.902078866958618164e-01
-7.911601066589355469e-01
5.542128086090087891e-01
-8.882745504379272461e-01
4.292993545532226562e-01
5.151583552360534668e-01
-8.309724926948547363e-01
4.024806618690490723e-01
-8.290589451789855957e-01
5.673148632049560547e-01
4.263025522232055664e-01
-7.825286388397216797e-01
5.227804183959960938e-01
-6.811067461967468262e-01
5.661694407463073730e-01
3.373359143733978271e-01
-7.951886057853698730e-01
4.119276404380798340e-01
-6.662563085556030273e-01
8.799269199371337891e-01
-3.828453123569488525e-01
5.391981601715087891e-01
-7.893000245094299316e-01
3.596084415912628174e-01
3.946141898632049561e-01
-7.617040276527404785e-01
4.624735414981842041e-01
9.168373793363571167e-02
-8.030981421470642090e-01
3.360230028629302979e-01
5.228518247604370117e-01
-7.854624390602111816e-01
2.157081067562103271e-01
1.078417673707008362e-01
1.859066337347030640e-01
-6.486329436302185059e-01
4.657724201679229736e-01
3.242887258529663086e-01
-8.199649453163146973e-01
2.906963527202606201e-01
5.966513156890869141e-01
-7.914221286773681641e-01
3.653843104839324951e-01
4.557363688945770264e-01
-7.779208421707153320e-01
2.087249606847763062e-01
6.661064624786376953e-01
-8.303608298301696777e-01
1.879988610744476318e-01
5.906631350517272949e-01
-9.528529644012451172e-01
5.236365646123886108e-02
7.073290348052978516e-01
-7.717178463935852051e-01
4.050375819206237793e-01
8.199911564588546753e-02
-8.799728155136108398e-01
3.991791307926177979e-01
-8.267362713813781738e-01
7.208282351493835449e-01
-8.832696676254272461e-01
6.861193776130676270e-01
-7.706782817840576172e-01
9.301540851593017578e-01
-6.920684576034545898e-01
6.905392408370971680e-01
-4.914300441741943359e-01
7.188599705696105957e-01
-6.165798306465148926e-01
7.343958616256713867e-01
-6.796809434890747070e-01
6.749796867370605469e-01
-6.094380617141723633e-01
8.760771155357360840e-01
-8.100196719169616699e-01
6.241460442543029785e-01
-8.034323453903198242e-01
8.835012912750244141e-01
-8.143991231918334961e-01
5.757154822349548340e-01
-6.719158291816711426e-01
6.726325154304504395e-01
-7.750025391578674316e-01
6.116850972175598145e-01
-7.155804634094238281e-01
8.797243833541870117e-01
-9.162746071815490723e-01
4.845630824565887451e-01
-6.983875036239624023e-01
8.902266621589660645e-01
3.161512687802314758e-02
-8.871809840202331543e-01
3.275357186794281006e-01
-2.762982062995433807e-02
8.850595951080322266e-01
-7.933718562126159668e-01
3.662171065807342529e-01
1.810270398855209351e-01
-8.254103064537048340e-01
2.489174157381057739e-01
4.959975183010101318e-01
-8.672911524772644043e-01
2.156635522842407227e-01
-6.402264833450317383e-01
5.595526695251464844e-01
3.764437139034271240e-01
-7.396602630615234375e-01
4.147107303142547607e-01
-5.598321557044982910e-01
6.202468276023864746e-01
-1.564915478229522705e-01
2.614332139492034912e-01
-7.493864297866821289e-01
4.563182592391967773e-01
4.090103805065155029e-01
-7.207477688789367676e-01
5.271369814872741699e-01
-7.228550314903259277e-01
5.181119441986083984e-01
-8.995559215545654297e-01
5.296730399131774902e-01
-8.070452213287353516e-01
8.849336504936218262e-01
-6.454366445541381836e-01
7.489792704582214355e-01
-6.119140386581420898e-01
7.173672914505004883e-01
-5.950045585632324219e-01
8.947306871414184570e-01
-7.710860967636108398e-01
6.304560899734497070e-01
-7.139472365379333496e-01
6.741446852684020996e-01
-8.276818990707397461e-01
6.000364422798156738e-01
-7.175231575965881348e-01
6.985102891921997070e-01
-6.212223172187805176e-01
8.764121532440185547e-01
-7.602218985557556152e-01
6.593002676963806152e-01
-7.098171114921569824e-01
6.619771718978881836e-01
-9.993507713079452515e-02
1.185670047998428345e-01
-6.191168427467346191e-01
6.428332924842834473e-01
-8.372663855552673340e-01
9.131177663803100586e-01
-4.794387817382812500e-01
4.554157257080078125e-01
-7.664851546287536621e-01
3.164146840572357178e-01
2.455602288246154785e-01
-8.633465766906738281e-01
2.189302146434783936e-01
5.679147839546203613e-01
-9.362798929214477539e-01
1.190903633832931519e-01
2.806011140346527100e-01
-6.220458745956420898e-01
6.347711086273193359e-01
-7.849901914596557617e-01
4.469460248947143555e-01
-5.941635370254516602e-01
9.224486947059631348e-01
-7.798442244529724121e-01
6.621350049972534180e-01
-6.433054208755493164e-01
6.720304489135742188e-01
-5.755049586296081543e-01
7.101374268531799316e-01
-8.403010964393615723e-01
5.732734203338623047e-01
-6.731395125389099121e-01
7.128072977066040039e-01
-7.985367774963378906e-01
9.053645730018615723e-01
-7.955063581466674805e-01
5.815870761871337891e-01
-7.884448170661926270e-01
6.284860968589782715e-01
-9.093008190393447876e-02
8.176839351654052734e-01
-7.599441409111022949e-01
6.400288939476013184e-01
-6.013115644454956055e-01
8.802336454391479492e-01
-8.032015562057495117e-01
3.891667425632476807e-01
-9.081491231918334961e-01
5.087767243385314941e-01
3.547402620315551758e-01
-9.515872597694396973e-01
2.525259852409362793e-01
-5.009568333625793457e-01
7.151271700859069824e-01
-7.681313753128051758e-01
4.868876338005065918e-01
-7.520162463188171387e-01
9.260531663894653320e-01
-7.878655195236206055e-01
5.743947625160217285e-01
-7.026603817939758301e-01
6.889531612396240234e-01
-6.004277467727661133e-01
8.985134959220886230e-01
-8.311075568199157715e-01
5.629940629005432129e-01
-8.342807292938232422e-01
6.479693651199340820e-01
-2.356266677379608154e-01
7.425239682197570801e-01
-7.641411423683166504e-01
6.287898421287536621e-01
-8.293231129646301270e-01
5.637629032135009766e-01
-1.963419765233993530e-01
6.596154570579528809e-01
-7.658520936965942383e-01
5.537737607955932617e-01
2.220550775527954102e-01
-8.779183626174926758e-01
3.556081354618072510e-01
2.616183459758758545e-01
1.915163099765777588e-01
-9.036529064178466797e-01
1.430298089981079102e-01
5.853080153465270996e-01
-9.089757800102233887e-01
1.419673115015029907e-01
7.483221292495727539e-01
-8.610816597938537598e-01
8.830282092094421387e-02
2.459549158811569214e-02
4.559557735919952393e-01
-8.443231582641601562e-01
3.500318825244903564e-01
3.985704779624938965e-01
7.202598452568054199e-02
-9.349002838134765625e-01
2.107224017381668091e-01
7.899147272109985352e-01
-9.077470302581787109e-01
3.470515310764312744e-01
4.400528371334075928e-01
-7.935255169868469238e-01
4.487867057323455811e-01
2.842088937759399414e-01
-7.498387098312377930e-01
5.027886629104614258e-01
-7.026742696762084961e-01
5.957801938056945801e-01
-9.007024168968200684e-01
6.302424073219299316e-01
-8.282098174095153809e-01
9.254468679428100586e-01
-7.576987743377685547e-01
7.298249006271362305e-01
-5.735602974891662598e-01
6.841163635253906250e-01
-5.879528522491455078e-01
8.960824012756347656e-01
-7.648222446441650391e-01
7.133831381797790527e-01
-6.924907565116882324e-01
6.872891783714294434e-01
-7.578408122062683105e-01
5.708477497100830078e-01
-6.389719247817993164e-01
6.868357062339782715e-01
-7.741175889968872070e-01
6.600899696350097656e-01
-7.883353233337402344e-01
9.085315465927124023e-01
-8.050023913383483887e-01
5.911372900009155273e-01
-7.457314133644104004e-01
5.863582491874694824e-01
-3.000498414039611816e-01
7.120434641838073730e-01
-7.515569329261779785e-01
5.999879240989685059e-01
-8.839078545570373535e-01
3.518764376640319824e-01
3.963327407836914062e-01
-8.057311773300170898e-01
3.369764983654022217e-01
4.798381030559539795e-01
-7.858045101165771484e-01
3.286931216716766357e-01
4.640043079853057861e-01
-8.012651801109313965e-01
2.824051678180694580e-01
-2.891718447208404541e-01
6.970217227935791016e-01
-8.146226406097412109e-01
2.588262557983398438e-01
-3.654625117778778076e-01
6.963317990303039551e-01
-9.250516295433044434e-01
2.802582979202270508e-01
6.400832533836364746e-01
-7.810277938842773438e-01
5.038108229637145996e-01
3.015993237495422363e-01
-7.825953960418701172e-01
4.357832074165344238e-01
1.943994909524917603e-01
-8.019429445266723633e-01
4.810385406017303467e-01
3.377003669738769531e-01
-7.627282738685607910e-01
5.297293066978454590e-01
-6.716919541358947754e-01
9.206656813621520996e-01
-5.134254097938537598e-01
6.293847560882568359e-01
-7.691282033920288086e-01
3.201307952404022217e-01
4.170157611370086670e-01
-8.850270509719848633e-01
2.915798723697662354e-01
5.023899078369140625e-01
-8.734111785888671875e-01
3.040443062782287598e-01
-6.601848602294921875e-01
7.196679711341857910e-01
-8.510522842407226562e-01
6.152043342590332031e-01
-6.916785240173339844e-01
9.281465411186218262e-01
-8.142123818397521973e-01
6.020906567573547363e-01
-7.944567799568176270e-01
7.028378844261169434e-01
-2.305057942867279053e-01
7.248887419700622559e-01
-7.579186558723449707e-01
6.514025926589965820e-01
-4.074686467647552490e-01
7.247323393821716309e-01
-8.138435482978820801e-01
5.863986611366271973e-01
-7.710636854171752930e-01
8.977136611938476562e-01
-4.678475856781005859e-01
6.005667448043823242e-01
-7.806764245033264160e-01
4.853062927722930908e-01
2.133957743644714355e-01
-8.843294978141784668e-01
2.798253893852233887e-01
3.579389154911041260e-01
-2.873186953365802765e-02
-9.226611256599426270e-01
1.479881256818771362e-01
7.538697123527526855e-01
-9.034183025360107422e-01
3.081473708152770996e-01
2.989242970943450928e-01
-7.929656505584716797e-01
3.606922924518585205e-01
4.692573845386505127e-01
-8.203063011169433594e-01
3.261741995811462402e-01
-5.381991863250732422e-01
6.623223423957824707e-01
-3.695209920406341553e-01
6.539938449859619141e-01
-7.792707085609436035e-01
4.356307387351989746e-01
4.220710098743438721e-01
-7.749295830726623535e-01
5.433115959167480469e-01
-8.235566616058349609e-01
4.902869164943695068e-01
-8.448893427848815918e-01
6.184105277061462402e-01
-8.798108100891113281e-01
7.596696019172668457e-01
-6.957515478134155273e-01
8.822848200798034668e-01
-7.456825375556945801e-01
7.136929631233215332e-01
-6.107056140899658203e-01
6.723428964614868164e-01
-7.591221332550048828e-01
6.683632135391235352e-01
-6.900168657302856445e-01
8.870324492454528809e-01
-6.982471346855163574e-01
6.768007278442382812e-01
-6.431093811988830566e-01
9.110001325607299805e-01
-7.389762401580810547e-01
6.209262013435363770e-01
-7.384668588638305664e-01
6.431620121002197266e-01
-2.946380078792572021e-01
6.025276780128479004e-01
-7.976895570755004883e-01
4.007791876792907715e-01
1.084477826952934265e-01
-8.493175506591796875e-01
3.466635346412658691e-01
2.179965227842330933e-01
-8.901537656784057617e-01
2.343444824218750000e-01
5.770908594131469727e-01
-8.056323528289794922e-01
3.395296931266784668e-01
1.885069757699966431e-01
-8.099948167800903320e-01
4.338679909706115723e-01
3.052478730678558350e-01
-7.671719193458557129e-01
4.240784049034118652e-01
-4.192712306976318359e-01
6.838350892066955566e-01
-7.998768687248229980e-01
5.606492757797241211e-01
-5.836889743804931641e-01
7.198356986045837402e-01
-8.035701513290405273e-01
6.663960218429565430e-01
-7.671273350715637207e-01
9.293156266212463379e-01
-7.972797751426696777e-01
6.738798022270202637e-01
-8.043786883354187012e-01
6.907915472984313965e-01
-4.283356070518493652e-01
9.094772934913635254e-01
-7.926493883132934570e-01
6.315956115722656250e-01
-7.744818329811096191e-01
9.186660647392272949e-01
-4.992389082908630371e-01
6.650201082229614258e-01
-7.775915265083312988e-01
4.359164535999298096e-01
1.854396015405654907e-01
-8.263480663299560547e-01
4.527116715908050537e-01
4.485156759619712830e-02
-9.365106821060180664e-01
3.751884698867797852e-01
2.797477543354034424e-01
-9.235891699790954590e-01
4.478735625743865967e-01
4.792917966842651367e-01
-7.788364887237548828e-01
5.582698583602905273e-01
-7.104772925376892090e-01
6.296615600585937500e-01
2.719393372535705566e-01
-8.139826655387878418e-01
5.244609713554382324e-01
-6.072443127632141113e-01
7.384941577911376953e-01
-4.504868388175964355e-01
6.578130125999450684e-01
-7.665066123008728027e-01
6.482293605804443359e-01
-3.800812065601348877e-01
7.046633362770080566e-01
-7.919682264328002930e-01
5.143554806709289551e-01
-8.045372366905212402e-01
9.272854328155517578e-01
-5.187928080558776855e-01
5.388035774230957031e-01
-7.799223661422729492e-01
4.034977853298187256e-01
2.417614907026290894e-01
-8.259750008583068848e-01
4.118263423442840576e-01
3.054288625717163086e-01
-8.434957265853881836e-01
2.891230285167694092e-01
-4.207535982131958008e-01
6.622259616851806641e-01
-7.812275290489196777e-01
5.157700777053833008e-01
-6.276462078094482422e-01
7.092902660369873047e-01
-7.796943187713623047e-01
6.227273344993591309e-01
-5.902932882308959961e-01
9.299961328506469727e-01
-7.543200850486755371e-01
5.874695181846618652e-01
-7.334902882575988770e-01
6.286202073097229004e-01
-3.140426874160766602e-01
6.816132068634033203e-01
-7.746652364730834961e-01
6.787667274475097656e-01
-6.799473166465759277e-01
6.010791063308715820e-01
-7.681209444999694824e-01
5.800455808639526367e-01
-8.432235717773437500e-01
6.047182679176330566e-01
-8.459411263465881348e-01
7.058457136154174805e-01
-7.147932648658752441e-01
6.574684381484985352e-01
-5.631675124168395996e-01
9.088128209114074707e-01
-7.803038954734802246e-01
5.937238931655883789e-01
-5.401118397712707520e-01
7.039535641670227051e-01
-7.606528997421264648e-01
6.098440885543823242e-01
-7.387690544128417969e-01
9.159310460090637207e-01
-7.906000018119812012e-01
5.645800828933715820e-01
-7.337577342987060547e-01
6.303421258926391602e-01
2.039252519607543945e-01
-8.380184769630432129e-01
5.970574617385864258e-01
-1.567591130733489990e-01
2.612333297729492188e-01
-8.029595017433166504e-01
5.451825857162475586e-01
1.834942996501922607e-01
-8.195515275001525879e-01
4.666205644607543945e-01
-1.595829725265502930e-01
6.482917070388793945e-01
-7.677591443061828613e-01
4.658965766429901123e-01
1.941891312599182129e-01
-8.556201457977294922e-01
4.188767075538635254e-01
2.710093855857849121e-01
-8.469452857971191406e-01
2.755593955516815186e-01
3.445918560028076172e-01
-7.694128155708312988e-01
4.812352955341339111e-01
-7.042281627655029297e-01
6.026099920272827148e-01
-8.883006572723388672e-01
5.650693774223327637e-01
-6.932733654975891113e-01
9.329264760017395020e-01
-7.711739540100097656e-01
7.032330036163330078e-01
-7.833366394042968750e-01
7.261134386062622070e-01
-5.778853893280029297e-01
9.128798842430114746e-01
-7.440180182456970215e-01
6.825274825096130371e-01
-5.350642800331115723e-01
7.378745079040527344e-01
-7.146580219268798828e-01
6.708792448043823242e-01
-5.899314880371093750e-01
7.154573202133178711e-01
-7.867511510848999023e-01
6.098385453224182129e-01
-7.385385632514953613e-01
6.551337838172912598e-01
6.001691147685050964e-02
-8.942081332206726074e-01
5.213285684585571289e-01
1.719788312911987305e-01
-8.257216811180114746e-01
5.165435671806335449e-01
6.543962657451629639e-02
-8.629460334777832031e-01
5.816798806190490723e-01
-7.752878665924072266e-01
6.150572299957275391e-01
-7.550731301307678223e-01
6.721176505088806152e-01
-5.849347114562988281e-01
7.201426625251770020e-01
-7.864673733711242676e-01
7.191355228424072266e-01
-7.530302405357360840e-01
9.423193931579589844e-01
-7.728053927421569824e-01
6.328851580619812012e-01
-7.409663796424865723e-01
7.238512039184570312e-01
-6.746592521667480469e-01
6.771242618560791016e-01
-7.581997513771057129e-01
9.115360379219055176e-01
-8.019119501113891602e-01
5.906770825386047363e-01
-7.671250104904174805e-01
6.542190909385681152e-01
-4.272381067276000977e-01
7.413152456283569336e-01
-7.529754638671875000e-01
6.297226548194885254e-01
-6.881651282310485840e-01
5.367136597633361816e-01
-7.758007049560546875e-01
5.601621270179748535e-01
-5.566829442977905273e-01
6.217823028564453125e-01
-8.140030503273010254e-01
5.492264032363891602e-01
-7.743647694587707520e-01
9.428926706314086914e-01
-4.426334202289581299e-01
5.867972970008850098e-01
-7.643660902976989746e-01
5.231470465660095215e-01
-7.368901371955871582e-01
9.362028837203979492e-01
-6.062306761741638184e-01
5.611482858657836914e-01
-7.941526770591735840e-01
5.167577266693115234e-01
1.917624771595001221e-01
-7.934964895248413086e-01
5.478116273880004883e-01
1.979595571756362915e-01
-8.287389874458312988e-01
3.598486483097076416e-01
2.490718960762023926e-01
-7.879620790481567383e-01
6.016728281974792480e-01
1.659896969795227051e-01
-8.466464877128601074e-01
5.202093124389648438e-01
-6.142126917839050293e-01
9.456037282943725586e-01
-7.935187220573425293e-01
5.482090711593627930e-01
-7.946904897689819336e-01
6.870030164718627930e-01
-4.860813319683074951e-01
6.886789798736572266e-01
-7.694381475448608398e-01
6.097241044044494629e-01
-6.751900911331176758e-01
9.380124211311340332e-01
-8.340640664100646973e-01
4.987031221389770508e-01
-7.368848919868469238e-01
6.942348480224609375e-01
1.429005116224288940e-01
-5.860095024108886719e-01
6.525730490684509277e-01
-6.255930066108703613e-01
6.621200442314147949e-01
-7.806781530380249023e-01
5.522491931915283203e-01
-6.569132208824157715e-01
6.384227275848388672e-01
-7.893781065940856934e-01
6.410431861877441406e-01
-7.913135290145874023e-01
9.336628317832946777e-01
-7.892700433731079102e-01
6.061155796051025391e-01
-7.758896350860595703e-01
6.066885590553283691e-01
-4.491885304450988770e-01
6.733447313308715820e-01
-7.528075575828552246e-01
6.047019362449645996e-01
-8.590878844261169434e-01
6.266528964042663574e-01
-7.223429083824157715e-01
9.220705628395080566e-01
-7.660298943519592285e-01
5.745640397071838379e-01
-7.850625514984130859e-01
6.820735931396484375e-01
-4.328706264495849609e-01
7.111929655075073242e-01
-7.716160416603088379e-01
6.148669719696044922e-01
-7.757028341293334961e-01
5.829431414604187012e-01
-7.530518770217895508e-01
6.696146726608276367e-01
-6.543103456497192383e-01
9.111142158508300781e-01
-7.521226406097412109e-01
6.682408452033996582e-01
-7.009478211402893066e-01
6.060154438018798828e-01
-8.088293671607971191e-01
6.254384517669677734e-01
-8.319067955017089844e-01
5.985831618309020996e-01
-4.895529448986053467e-01
9.202408790588378906e-01
-7.619968056678771973e-01
6.233040094375610352e-01
-8.013967275619506836e-01
5.924577713012695312e-01
-2.009571939706802368e-01
2.581028342247009277e-01
-7.907892465591430664e-01
5.741245150566101074e-01
-8.311436772346496582e-01
6.326152086257934570e-01
-8.850519061088562012e-01
6.239809393882751465e-01
-5.114673972129821777e-01
9.260915517807006836e-01
-8.286944627761840820e-01
6.200913786888122559e-01
-6.132478117942810059e-01
6.507931351661682129e-01
-7.901749014854431152e-01
6.397358179092407227e-01
-7.278942465782165527e-01
7.171950340270996094e-01
-7.772284150123596191e-01
6.248894333839416504e-01
-6.646023988723754883e-01
9.418056011199951172e-01
-7.854498624801635742e-01
6.205290555953979492e-01
-6.659297347068786621e-01
7.231224775314331055e-01
-8.022464513778686523e-01
6.683420538902282715e-01
-7.375598549842834473e-01
9.459369182586669922e-01
-7.942081689834594727e-01
6.302175521850585938e-01
-7.717916369438171387e-01
6.269813776016235352e-01
-4.429326355457305908e-01
6.467057466506958008e-01
-7.402189970016479492e-01
5.577432513236999512e-01
-8.586648106575012207e-01
5.730753540992736816e-01
-8.684275746345520020e-01
6.286289691925048828e-01
-7.226067781448364258e-01
6.966844201087951660e-01
-7.746824026107788086e-01
6.700745224952697754e-01
-8.182724714279174805e-01
9.389035701751708984e-01
-7.796642184257507324e-01
6.627359390258789062e-01
-7.088813185691833496e-01
7.085334062576293945e-01
-7.373701333999633789e-01
6.753677725791931152e-01
-7.615638971328735352e-01
9.283837676048278809e-01
-8.048409819602966309e-01
6.490834951400756836e-01
-6.148359775543212891e-01
6.713954210281372070e-01
-7.476030588150024414e-01
6.800806522369384766e-01
-5.472612380981445312e-01
7.290329933166503906e-01
-7.700980305671691895e-01
5.414407253265380859e-01
-7.591673731803894043e-01
9.273461103439331055e-01
-7.951516509056091309e-01
5.058256983757019043e-01
-7.669450640678405762e-01
5.747898221015930176e-01
1.814845502376556396e-01
-8.202672004699707031e-01
5.347142219543457031e-01
-1.423390358686447144e-01
2.579919695854187012e-01
-7.727954387664794922e-01
5.988302230834960938e-01
1.584628969430923462e-01
-8.136707544326782227e-01
6.381641626358032227e-01
-7.541895508766174316e-01
5.982105731964111328e-01
-8.500523567199707031e-01
6.382515430450439453e-01
-7.526090145111083984e-01
7.146858572959899902e-01
-6.303090453147888184e-01
6.676236391067504883e-01
-7.824378609657287598e-01
6.854486465454101562e-01
-7.226334810256958008e-01
9.388476014137268066e-01
-7.792615294456481934e-01
6.716493964195251465e-01
-7.254444360733032227e-01
7.511625289916992188e-01
-7.787826061248779297e-01
7.138929963111877441e-01
-7.343600392341613770e-01
9.301533699035644531e-01
-7.915286421775817871e-01
6.247550845146179199e-01
-7.326951026916503906e-01
6.453293561935424805e-01
-4.647669792175292969e-01
6.929054856300354004e-01
-7.698228955268859863e-01
5.595800280570983887e-01
-8.330257534980773926e-01
5.545952916145324707e-01
1.736344099044799805e-01
-7.941623330116271973e-01
6.528975963592529297e-01
-5.402466654777526855e-01
9.175599813461303711e-01
-7.831102609634399414e-01
4.735368788242340088e-01
-7.411167025566101074e-01
5.310125946998596191e-01
2.882398199290037155e-03
-5.901908278465270996e-01
5.450029373168945312e-01
-7.612879276275634766e-01
5.988264083862304688e-01
-8.397731184959411621e-01
5.554559826850891113e-01
-5.231456756591796875e-01
7.325375080108642578e-01
-7.582216262817382812e-01
6.148998737335205078e-01
-7.301146984100341797e-01
6.355354785919189453e-01
-4.724867641925811768e-01
7.331129908561706543e-01
-7.546346783638000488e-01
6.853885054588317871e-01
-7.191819548606872559e-01
6.855103969573974609e-01
-7.703545093536376953e-01
6.330566406250000000e-01
-7.461101412773132324e-01
9.441296458244323730e-01
-7.553748488426208496e-01
6.495671868324279785e-01
-7.241227626800537109e-01
6.240803003311157227e-01
-7.263888120651245117e-01
6.554666757583618164e-01
-7.278923392295837402e-01
6.317005753517150879e-01
-7.599176168441772461e-01
9.481126070022583008e-01
-7.848182916641235352e-01
5.785343050956726074e-01
-7.844142913818359375e-01
6.726296544075012207e-01
-4.814352095127105713e-01
6.892926692962646484e-01
-7.827847599983215332e-01
6.825985312461853027e-01
-7.683953046798706055e-01
5.814194083213806152e-01
-4.520773887634277344e-01
6.567092537879943848e-01
-7.884400486946105957e-01
5.393865704536437988e-01
-8.312799334526062012e-01
6.692193746566772461e-01
-8.811248540878295898e-01
5.923082232475280762e-01
-6.965129375457763672e-01
7.344480156898498535e-01
-7.541535496711730957e-01
6.822552680969238281e-01
-5.713091492652893066e-01
9.271344542503356934e-01
-7.871090173721313477e-01
6.532315611839294434e-01
-6.010457873344421387e-01
7.170256972312927246e-01
-7.647382020950317383e-01
6.116421818733215332e-01
-7.226150631904602051e-01
9.144240021705627441e-01
-7.841667532920837402e-01
5.822712182998657227e-01
-7.681066989898681641e-01
5.266377925872802734e-01
1.026210188865661621e-01
-7.786746025085449219e-01
6.107020974159240723e-01
-7.683631777763366699e-01
6.079964041709899902e-01
-7.272759675979614258e-01
9.199793338775634766e-01
-7.635365724563598633e-01
6.284990310668945312e-01
-7.530494332313537598e-01
6.354315280914306641e-01
4.641902819275856018e-02
-4.327054321765899658e-01
6.745185256004333496e-01
-7.438006401062011719e-01
5.853021144866943359e-01
1.302600055932998657e-01
-8.834450244903564453e-01
5.625191926956176758e-01
-4.402263462543487549e-01
6.444791555404663086e-01
-7.546062469482421875e-01
6.218271255493164062e-01
1.229520514607429504e-01
-8.980999588966369629e-01
5.254911184310913086e-01
3.537238016724586487e-02
-6.985952854156494141e-01
6.429105997085571289e-01
-7.432190775871276855e-01
6.176039576530456543e-01
-6.664039492607116699e-01
6.380083560943603516e-01
-7.690879702568054199e-01
6.273437142372131348e-01
-7.073082327842712402e-01
6.759656071662902832e-01
-4.595676362514495850e-01
7.135300636291503906e-01
-6.947661042213439941e-01
6.843472123146057129e-01
-5.102429389953613281e-01
7.056927084922790527e-01
-7.802088260650634766e-01
5.986044406890869141e-01
-7.671774625778198242e-01
6.919465065002441406e-01
-4.393900930881500244e-01
6.152272820472717285e-01
-7.654336094856262207e-01
5.490261316299438477e-01
7.831132411956787109e-02
-7.081171870231628418e-01
5.839505791664123535e-01
-7.553947567939758301e-01
5.875048041343688965e-01
-7.575113177299499512e-01
9.383084774017333984e-01
-7.660741806030273438e-01
5.241313576698303223e-01
-8.257119655609130859e-01
6.659691929817199707e-01
-5.341172814369201660e-01
7.330012321472167969e-01
-7.589702606201171875e-01
6.167628169059753418e-01
-7.432566285133361816e-01
5.868806242942810059e-01
-7.482157945632934570e-01
6.611530184745788574e-01
-7.930943369865417480e-01
6.372777223587036133e-01
-6.346781253814697266e-01
7.381141185760498047e-01
-8.009611368179321289e-01
6.986602544784545898e-01
-5.671480298042297363e-01
7.585780024528503418e-01
-7.715000510215759277e-01
6.858012080192565918e-01
-6.940639615058898926e-01
6.867141723632812500e-01
-6.873526573181152344e-01
6.742557287216186523e-01
-7.405912280082702637e-01
6.699384450912475586e-01
-4.468746185302734375e-01
6.789274811744689941e-01
-7.530136108398437500e-01
5.405238270759582520e-01
-7.435496449470520020e-01
5.453768372535705566e-01
-8.552528619766235352e-01
6.076608300209045410e-01
-8.312084674835205078e-01
5.712842345237731934e-01
-7.733283042907714844e-01
6.405411958694458008e-01
-6.909792423248291016e-01
9.313631653785705566e-01
-7.572515010833740234e-01
6.986932754516601562e-01
-7.056902647018432617e-01
9.387934207916259766e-01
-8.095961213111877441e-01
6.111763119697570801e-01
-7.495277523994445801e-01
6.717177033424377441e-01
-7.512838840484619141e-01
6.289750337600708008e-01
-7.279425859451293945e-01
9.416658878326416016e-01
-7.919597029685974121e-01
6.260483264923095703e-01
-6.372433900833129883e-01
7.012886404991149902e-01
-7.603939771652221680e-01
6.098120808601379395e-01
-6.767320036888122559e-01
6.683528423309326172e-01
-8.448169827461242676e-01
6.163793206214904785e-01
-7.636597752571105957e-01
6.644822955131530762e-01
-7.489693760871887207e-01
6.499406695365905762e-01
-7.670749425888061523e-01
6.300600171089172363e-01
-8.250664472579956055e-01
6.306256055831909180e-01
-7.546769380569458008e-01
6.827155947685241699e-01
-6.231756806373596191e-01
7.455642223358154297e-01
-7.490702867507934570e-01
7.338562011718750000e-01
-5.081754922866821289e-01
7.392494082450866699e-01
-7.562854886054992676e-01
6.847919225692749023e-01
-7.590135931968688965e-01
6.796737313270568848e-01
-5.346906781196594238e-01
6.706470847129821777e-01
-7.380680441856384277e-01
5.581285357475280762e-01
-8.477835655212402344e-01
6.365204453468322754e-01
-8.445739746093750000e-01
6.020838022232055664e-01
-4.263471961021423340e-01
7.311757802963256836e-01
-7.844355106353759766e-01
6.178078055381774902e-01
-7.517101168632507324e-01
6.284651160240173340e-01
-7.751871943473815918e-01
5.774987936019897461e-01
-7.138795256614685059e-01
6.680332422256469727e-01
-4.137464761734008789e-01
7.107917666435241699e-01
-7.559706568717956543e-01
6.235794425010681152e-01
-3.963225781917572021e-01
6.143180727958679199e-01
-7.676026821136474609e-01
5.978544354438781738e-01
-6.402439475059509277e-01
6.284779906272888184e-01
-1.960364542901515961e-02
-7.856295108795166016e-01
5.386503934860229492e-01
-4.477477371692657471e-01
6.527740359306335449e-01
-7.789204716682434082e-01
5.396460890769958496e-01
-7.248212099075317383e-01
5.549889802932739258e-01
1.200036033987998962e-01
-8.798131942749023438e-01
5.329105854034423828e-01
-6.714974641799926758e-01
9.381185770034790039e-01
-7.499368786811828613e-01
6.409605145454406738e-01
-7.675454616546630859e-01
6.092702150344848633e-01
-1.099000796675682068e-01
7.410297989845275879e-01
-7.667526602745056152e-01
5.598512887954711914e-01
-8.824775815010070801e-01
5.235236883163452148e-01
-8.731145858764648438e-01
5.889746546745300293e-01
-8.712757229804992676e-01
6.829871535301208496e-01
-8.404417037963867188e-01
7.156481742858886719e-01
-7.335649728775024414e-01
7.853631377220153809e-01
-7.918303012847900391e-01
7.117354869842529297e-01
-7.198606133460998535e-01
7.678046822547912598e-01
-5.218786597251892090e-01
7.552573680877685547e-01
-6.400626301765441895e-01
7.499263882637023926e-01
-7.102017402648925781e-01
6.782937049865722656e-01
-8.132396340370178223e-01
6.274508237838745117e-01
-6.094242930412292480e-01
6.935106515884399414e-01
-5.400577187538146973e-01
6.410348415374755859e-01
-7.293506860733032227e-01
5.852922201156616211e-01
-8.846781849861145020e-01
6.426573991775512695e-01
-7.787502408027648926e-01
9.372193217277526855e-01
-7.759738564491271973e-01
5.416381955146789551e-01
-7.692213058471679688e-01
6.203545331954956055e-01
5.632942169904708862e-02
-6.555772423744201660e-01
6.360256075859069824e-01
-7.775372862815856934e-01
5.689762830734252930e-01
-7.260675430297851562e-01
9.300048947334289551e-01
-5.241813063621520996e-01
4.696651399135589600e-01
-7.259179353713989258e-01
5.736523866653442383e-01
-8.368834853172302246e-01
9.393051862716674805e-01
-7.413192838430404663e-02
-8.917483687400817871e-01
5.633857250213623047e-01
-6.977466344833374023e-01
6.715542078018188477e-01
-8.891013264656066895e-02
-7.234307527542114258e-01
6.791859865188598633e-01
-7.188626527786254883e-01
6.771842837333679199e-01
-5.112066492438316345e-02
-4.517017006874084473e-01
7.546678781509399414e-01
-7.033427953720092773e-01
6.572704911231994629e-01
-6.028780937194824219e-01
6.498670578002929688e-01
-6.338139772415161133e-01
6.678318977355957031e-01
-7.706186771392822266e-01
5.899513959884643555e-01
-6.457789540290832520e-01
9.426557421684265137e-01
-7.880865335464477539e-01
5.140179395675659180e-01
-6.822261810302734375e-01
6.106763482093811035e-01
-4.548485279083251953e-01
6.279042959213256836e-01
-7.162386775016784668e-01
5.500138401985168457e-01
6.014060229063034058e-02
-8.731344938278198242e-01
5.231137871742248535e-01
9.849043190479278564e-02
-8.591642975807189941e-01
6.170052289962768555e-01
6.971176713705062866e-02
-8.369420170783996582e-01
6.026048660278320312e-01
-7.344467043876647949e-01
6.750121712684631348e-01
-7.647479772567749023e-01
6.616382598876953125e-01
-7.397267818450927734e-01
6.989964246749877930e-01
-4.990085065364837646e-01
7.596538066864013672e-01
-7.048696279525756836e-01
7.309822440147399902e-01
-4.473815262317657471e-01
7.131350040435791016e-01
-7.149112820625305176e-01
6.254668235778808594e-01
-8.547743558883666992e-01
6.447628140449523926e-01
-6.699479222297668457e-01
6.703270673751831055e-01
-7.573776841163635254e-01
6.525141000747680664e-01
-6.465767621994018555e-01
6.007049083709716797e-01
-8.435695171356201172e-01
6.347736120223999023e-01
-7.072383761405944824e-01
6.821010112762451172e-01
-7.616003751754760742e-01
6.152916550636291504e-01
-8.777896165847778320e-01
6.460805535316467285e-01
-8.216232061386108398e-01
6.819093227386474609e-01
-7.232414484024047852e-01
7.624806761741638184e-01
-5.570330619812011719e-01
7.661321759223937988e-01
-7.418834567070007324e-01
6.661306023597717285e-01
-4.056763052940368652e-01
7.273433208465576172e-01
-7.271020412445068359e-01
5.996273159980773926e-01
-8.399968147277832031e-01
6.008999943733215332e-01
-6.236224174499511719e-01
6.403312087059020996e-01
-7.481436133384704590e-01
6.162740588188171387e-01
-8.111218214035034180e-01
6.118393540382385254e-01
-7.664355039596557617e-01
6.392704248428344727e-01
-5.471109747886657715e-01
7.021384835243225098e-01
-7.647926807403564453e-01
6.498823165893554688e-01
-7.551313042640686035e-01
9.415475726127624512e-01
-7.680333256721496582e-01
6.406278610229492188e-01
-7.588549256324768066e-01
6.322835087776184082e-01
-5.042166113853454590e-01
6.750844120979309082e-01
-7.318565249443054199e-01
5.664752125740051270e-01
-8.658183813095092773e-01
6.267349123954772949e-01
-8.482623100280761719e-01
5.856369137763977051e-01
-5.837740302085876465e-01
7.308117151260375977e-01
-7.729743123054504395e-01
5.812157392501831055e-01
-6.164013147354125977e-01
9.442861080169677734e-01
-7.657245397567749023e-01
6.240803599357604980e-01
-7.298383116722106934e-01
6.659411787986755371e-01
-6.879562735557556152e-01
5.707007050514221191e-01
-5.049886703491210938e-01
7.224221229553222656e-01
-7.794740796089172363e-01
6.032619476318359375e-01
-7.485424876213073730e-01
9.331336617469787598e-01
-8.089465498924255371e-01
5.464592576026916504e-01
-7.552419900894165039e-01
6.723434925079345703e-01
-4.474286437034606934e-01
6.068623661994934082e-01
-7.302170395851135254e-01
6.365635991096496582e-01
-8.012068271636962891e-01
6.077566146850585938e-01
-7.681003212928771973e-01
6.244657039642333984e-01
-7.910415530204772949e-01
6.475281715393066406e-01
-6.854606866836547852e-01
6.543484330177307129e-01
-7.762247323989868164e-01
6.194001436233520508e-01
-4.715007543563842773e-01
7.847530841827392578e-01
-7.485396862030029297e-01
6.540023088455200195e-01
-7.800547480583190918e-01
6.521402597427368164e-01
-7.524340748786926270e-01
6.589501500129699707e-01
-4.058732390403747559e-01
7.843995094299316406e-01
-6.947886347770690918e-01
6.054908037185668945e-01
-8.439686894416809082e-01
5.823848247528076172e-01
-7.751742601394653320e-01
6.263691186904907227e-01
-5.704109072685241699e-01
6.699950098991394043e-01
-8.158056735992431641e-01
6.006247997283935547e-01
-6.981965899467468262e-01
6.601086854934692383e-01
-5.447067618370056152e-01
6.520287990570068359e-01
-7.680313587188720703e-01
6.147206425666809082e-01
-7.630529403686523438e-01
6.542007327079772949e-01
-7.545426487922668457e-01
6.338317990303039551e-01
-7.711182832717895508e-01
6.631518602371215820e-01
-8.107399940490722656e-01
6.756199598312377930e-01
-7.275621294975280762e-01
7.625676989555358887e-01
-5.722557902336120605e-01
7.772614955902099609e-01
-7.483907341957092285e-01
5.914014577865600586e-01
-6.637135744094848633e-01
9.384195804595947266e-01
-8.043355941772460938e-01
6.137530207633972168e-01
-7.326867580413818359e-01
6.062476634979248047e-01
-5.705955028533935547e-01
7.003891468048095703e-01
-7.069050073623657227e-01
6.170800924301147461e-01
-7.060763835906982422e-01
6.328163146972656250e-01
-6.007769703865051270e-01
6.299583315849304199e-01
-7.747091054916381836e-01
6.151871085166931152e-01
-6.405053734779357910e-01
6.358770132064819336e-01
-4.744153022766113281e-01
4.614193439483642578e-01
-6.947906613349914551e-01
6.248756051063537598e-01
-6.695034503936767578e-01
5.511227846145629883e-01
-7.974372506141662598e-01
6.102789044380187988e-01
-8.245160579681396484e-01
6.399266123771667480e-01
-1.946168541908264160e-01
9.128109216690063477e-01
8.398873805999755859e-01
3.687659502029418945e-01
8.401955962181091309e-01
6.722320616245269775e-02
8.711732625961303711e-01
-5.146204233169555664e-01
8.975386619567871094e-01
-5.465254187583923340e-01
8.796695470809936523e-01
-6.051355004310607910e-01
6.430966854095458984e-01
-6.032953858375549316e-01
1.458036750555038452e-01
-4.400470554828643799e-01
-5.067861676216125488e-01
-5.971456319093704224e-02
-5.491542816162109375e-01
-5.947699546813964844e-01
-7.935033440589904785e-01
-7.981745004653930664e-01
-8.459171652793884277e-01
-8.249606490135192871e-01
-8.185608386993408203e-01
-6.085855364799499512e-01
-6.453265547752380371e-01
-1.030359491705894470e-01
-9.043501615524291992e-01
2.820069193840026855e-01
-7.371256351470947266e-01
-1.275856792926788330e-01
1.112437769770622253e-01
1.791624575853347778e-01
7.702966779470443726e-02
-1.585010737180709839e-01
1.227988898754119873e-01
6.713449209928512573e-02
2.342574149370193481e-01
1.024557650089263916e-01
1.875896453857421875e-01
2.164244949817657471e-01
1.773370653390884399e-01
2.319547533988952637e-01
2.853482961654663086e-01
8.715663850307464600e-02
4.380183517932891846e-01
-1.275065690279006958e-01
8.678615689277648926e-01
-8.332798480987548828e-01
6.988661289215087891e-01
7.198967039585113525e-02
2.936990857124328613e-01
-5.008549690246582031e-01
4.738342165946960449e-01
-6.309436559677124023e-01
4.193007349967956543e-01
3.704196512699127197e-01
-8.304261565208435059e-01
3.778198361396789551e-01
-5.960072875022888184e-01
6.002882122993469238e-01
-2.203255593776702881e-01
5.287701487541198730e-01
-7.904908657073974609e-01
5.970088839530944824e-01
3.636230900883674622e-02
-3.583329916000366211e-01
4.393705129623413086e-01
-7.960604429244995117e-01
6.239224076271057129e-01
-4.666754230856895447e-02
5.324234962463378906e-01
-8.684785962104797363e-01
5.241622328758239746e-01
-2.058039605617523193e-01
3.897590339183807373e-01
-8.276024460792541504e-01
5.838001966476440430e-01
-2.346246093511581421e-01
4.139685332775115967e-01
-9.028418064117431641e-01
5.417172908782958984e-01
-1.069188937544822693e-01
6.573801040649414062e-01
-7.986915111541748047e-01
5.649632811546325684e-01
-2.613186836242675781e-01
4.838363230228424072e-01
-9.101784229278564453e-01
5.163217186927795410e-01
-1.018761396408081055e-01
5.468671917915344238e-01
-7.779262661933898926e-01
5.997867584228515625e-01
-1.646638065576553345e-01
4.151453971862792969e-01
-8.663742542266845703e-01
5.832242369651794434e-01
-6.354605406522750854e-02
1.372426748275756836e-01
-6.385295391082763672e-01
6.819046735763549805e-01
-7.573866248130798340e-01
6.551434993743896484e-01
-6.726636886596679688e-01
6.991404294967651367e-01
-1.902696043252944946e-01
6.095436811447143555e-01
-7.952357530593872070e-01
6.000830531120300293e-01
2.510102652013301849e-02
6.965287774801254272e-02
1.096547991037368774e-01
-2.082988768815994263e-01
4.732704162597656250e-01
-8.021264076232910156e-01
6.207317709922790527e-01
6.211614608764648438e-02
3.378802239894866943e-01
-8.756589293479919434e-01
4.853464365005493164e-01
-8.101363480091094971e-02
5.477557778358459473e-01
-8.146057724952697754e-01
4.790357947349548340e-01
-1.199872717261314392e-01
5.062223672866821289e-01
-9.146863222122192383e-01
5.537513494491577148e-01
-1.940079629421234131e-01
3.389563858509063721e-01
-7.917585372924804688e-01
5.775713920593261719e-01
-2.154866009950637817e-01
5.366486907005310059e-01
-8.893432021141052246e-01
6.383125185966491699e-01
-8.322818279266357422e-01
6.767728328704833984e-01
1.708743125200271606e-01
4.954212307929992676e-01
-9.132714867591857910e-01
5.257503390312194824e-01
-8.000349998474121094e-01
6.967416405677795410e-01
1.820497959852218628e-01
4.742923974990844727e-01
-9.257954955101013184e-01
5.032375454902648926e-01
-7.922625541687011719e-01
6.734649538993835449e-01
2.495524734258651733e-01
3.181633055210113525e-01
-9.017536640167236328e-01
4.509742558002471924e-01
-7.700567245483398438e-01
7.597250938415527344e-01
1.814134567975997925e-01
5.170027613639831543e-01
-8.675196170806884766e-01
4.360834062099456787e-01
-6.803541779518127441e-01
5.848449468612670898e-01
2.778337299823760986e-01
1.297931969165802002e-01
-8.665521144866943359e-01
4.198349118232727051e-01
-5.599508285522460938e-01
7.441628575325012207e-01
-3.749953806400299072e-01
3.682293295860290527e-01
-7.033089995384216309e-01
6.443368792533874512e-01
-9.173252582550048828e-01
7.025137543678283691e-01
-9.227427244186401367e-01
7.203974723815917969e-01
-8.795223832130432129e-01
7.971939444541931152e-01
-4.228760898113250732e-01
6.566525101661682129e-01
-4.234073460102081299e-01
6.127012968063354492e-01
-5.207845568656921387e-01
6.037909388542175293e-01
-5.095379352569580078e-01
5.820371508598327637e-01
-6.545659303665161133e-01
5.224586129188537598e-01
-7.894147038459777832e-01
5.206333994865417480e-01
6.800813674926757812e-01
-6.962185502052307129e-01
4.924536347389221191e-01
-7.682216763496398926e-01
4.352762401103973389e-01
6.705842018127441406e-01
-8.250356912612915039e-01
2.959662377834320068e-01
-6.008122563362121582e-01
5.368230342864990234e-01
4.353829920291900635e-01
-7.951033711433410645e-01
3.345943093299865723e-01
4.396485984325408936e-01
-8.533528447151184082e-01
2.586844861507415771e-01
6.723242402076721191e-01
-7.610503435134887695e-01
3.190614879131317139e-01
3.423201739788055420e-01
-8.571020960807800293e-01
2.579581737518310547e-01
