-9.990928173065185547e-01
-9.975345730781555176e-01
-9.985789656639099121e-01
-9.985187053680419922e-01
-8.574367165565490723e-01
-9.906405806541442871e-01
-8.403071761131286621e-01
-9.579491019248962402e-01
-3.422015607357025146e-01
-6.463285088539123535e-01
-7.911179065704345703e-01
-9.514925479888916016e-01
-8.809308409690856934e-01
-8.422449827194213867e-01
-8.977610468864440918e-01
-9.097382426261901855e-01
-8.611474037170410156e-01
-9.351369142532348633e-01
-8.245065212249755859e-01
-8.335248827934265137e-01
-8.476015925407409668e-01
-8.129158616065979004e-01
-9.696761369705200195e-01
-9.909728765487670898e-01
-9.899437427520751953e-01
-9.872215986251831055e-01
-9.660027623176574707e-01
-4.793044030666351318e-01
-4.523244798183441162e-01
-9.787252545356750488e-01
-1.111985817551612854e-01
-9.908003807067871094e-01
-9.733677506446838379e-01
-7.159380316734313965e-01
-9.138180017471313477e-01
-9.648694992065429688e-01
-4.163001105189323425e-02
-9.988446235656738281e-01
-9.977716803550720215e-01
-9.307658672332763672e-01
-2.783401310443878174e-01
-7.448166608810424805e-01
-9.902870655059814453e-01
-9.955031871795654297e-01
-9.989992380142211914e-01
-9.985466003417968750e-01
-9.993244409561157227e-01
-9.994320273399353027e-01
-9.952642321586608887e-01
-9.151385426521301270e-01
-7.569461464881896973e-01
2.212257087230682373e-01
-9.989837408065795898e-01
-9.953821897506713867e-01
-2.341526150703430176e-01
-9.780153632164001465e-01
-3.829765319824218750e-01
-9.423410296440124512e-01
-9.039812088012695312e-01
-6.626378744840621948e-02
-9.830183386802673340e-01
-9.211865663528442383e-01
-9.631645679473876953e-01
-9.796230196952819824e-01
-9.992277622222900391e-01
-9.995340108871459961e-01
-9.993059039115905762e-01
-9.970288276672363281e-01
-9.929082393646240234e-01
-7.708737254142761230e-01
7.962589859962463379e-01
-9.989954233169555664e-01
-9.990932941436767578e-01
-9.959230422973632812e-01
-9.522780776023864746e-01
-6.020185947418212891e-01
1.753145903348922729e-01
-9.988429546356201172e-01
-9.977660179138183594e-01
-9.729440808296203613e-01
-9.847387671470642090e-01
-9.992750883102416992e-01
-9.980323314666748047e-01
-9.969813823699951172e-01
-9.696415662765502930e-01
-9.522525072097778320e-01
-7.532488107681274414e-01
9.104423522949218750e-01
-9.993072748184204102e-01
-9.993187189102172852e-01
-9.995622634887695312e-01
-9.986674785614013672e-01
-9.908990263938903809e-01
-9.916142821311950684e-01
-9.850346446037292480e-01
-9.888032674789428711e-01
-9.909077882766723633e-01
-9.505568146705627441e-01
-9.272719621658325195e-01
-6.132684350013732910e-01
2.705419659614562988e-01
-9.996418952941894531e-01
-9.994064569473266602e-01
-9.972561001777648926e-01
-6.976646780967712402e-01
-8.959913849830627441e-01
-4.979764223098754883e-01
-9.410019516944885254e-01
-9.863610267639160156e-01
-9.934839010238647461e-01
-9.965896606445312500e-01
-9.969580173492431641e-01
-9.792138934135437012e-01
-9.663857817649841309e-01
-9.525369405746459961e-01
-9.524602890014648438e-01
-9.332206249237060547e-01
5.641600117087364197e-02
-9.987056255340576172e-01
-9.939250946044921875e-01
-8.552042245864868164e-01
-9.994440674781799316e-01
-8.422010540962219238e-01
7.819605469703674316e-01
-9.998040795326232910e-01
-9.540236592292785645e-01
-9.844051003456115723e-01
-8.742621541023254395e-01
-3.447828292846679688e-01
-9.964948892593383789e-01
-9.997413754463195801e-01
-9.426695108413696289e-01
-9.985536336898803711e-01
-9.860625267028808594e-01
-9.723230004310607910e-01
-8.958308100700378418e-01
-8.863451480865478516e-01
-6.900313496589660645e-01
9.841899871826171875e-01
-9.994186758995056152e-01
-9.931746125221252441e-01
-8.933232426643371582e-01
-8.101431727409362793e-01
-9.659653306007385254e-01
-9.933832287788391113e-01
-9.462162852287292480e-01
-9.523672461509704590e-01
-8.868781328201293945e-01
-8.088607788085937500e-01
9.719215035438537598e-01
-9.998646378517150879e-01
-8.168553709983825684e-01
-9.807948470115661621e-01
-9.696731567382812500e-01
-9.905359148979187012e-01
-9.716763496398925781e-01
-8.963879346847534180e-01
-7.857633829116821289e-01
6.340296268463134766e-01
-9.998933076858520508e-01
-6.225388050079345703e-01
9.407584667205810547e-01
-9.996513724327087402e-01
-4.697457551956176758e-01
-9.999843239784240723e-01
-9.997274279594421387e-01
-9.996739625930786133e-01
-9.993364810943603516e-01
-9.944819211959838867e-01
-9.836465716361999512e-01
-9.736694693565368652e-01
-7.532034516334533691e-01
6.459005475044250488e-01
-9.988838434219360352e-01
-8.049432039260864258e-01
1.088494285941123962e-01
-9.990009665489196777e-01
-9.975947737693786621e-01
-9.898177981376647949e-01
-9.484405517578125000e-01
-9.660877585411071777e-01
1.889370232820510864e-01
-9.977804422378540039e-01
-9.953829050064086914e-01
-8.056967258453369141e-01
9.877816438674926758e-01
-9.992598891258239746e-01
-6.705151796340942383e-01
-9.882749915122985840e-01
-9.986637234687805176e-01
-9.978655576705932617e-01
-8.520908355712890625e-01
-8.985491394996643066e-01
-8.630079030990600586e-01
-7.989592552185058594e-01
7.712896466255187988e-01
-9.999427795410156250e-01
-6.905453801155090332e-01
-9.890456199645996094e-01
-9.970315694808959961e-01
-9.955745339393615723e-01
-9.130278229713439941e-01
-8.732214570045471191e-01
-3.914265036582946777e-01
-8.649930357933044434e-01
-6.756298542022705078e-01
-4.862353801727294922e-01
-9.846814870834350586e-01
-9.332866072654724121e-01
-9.614676237106323242e-01
-8.425124287605285645e-01
-4.722715914249420166e-01
-9.828202128410339355e-01
-8.305925130844116211e-01
9.772324562072753906e-01
-9.998722672462463379e-01
-9.052488207817077637e-01
-8.323024511337280273e-01
-8.873982429504394531e-01
-9.819227457046508789e-01
-6.091617345809936523e-01
-5.679568648338317871e-01
-8.944869637489318848e-01
-9.953967332839965820e-01
-8.157075643539428711e-01
-9.598366022109985352e-01
-7.006423473358154297e-01
-6.746643185615539551e-01
7.855104207992553711e-01
-9.999255537986755371e-01
-6.553547382354736328e-01
-7.333485484123229980e-01
-9.980290532112121582e-01
-9.997472763061523438e-01
-9.743648767471313477e-01
-9.340080022811889648e-01
-9.975950717926025391e-01
-5.772708654403686523e-01
7.672988623380661011e-02
-9.970151185989379883e-01
-9.986429214477539062e-01
-9.989245533943176270e-01
-9.766259193420410156e-01
-7.512936592102050781e-01
9.986267685890197754e-01
-9.996691346168518066e-01
-9.106876254081726074e-01
-6.307945251464843750e-01
-9.573350548744201660e-01
-9.987099170684814453e-01
-7.391749024391174316e-01
-1.504702866077423096e-01
-9.995055794715881348e-01
-8.358228206634521484e-01
-9.968539476394653320e-01
-9.654617309570312500e-01
-8.967005014419555664e-01
-8.686643838882446289e-01
-2.720835804939270020e-01
-9.903173446655273438e-01
-9.129777550697326660e-01
-8.450179100036621094e-01
1.187360435724258423e-01
-9.981418251991271973e-01
-8.905503749847412109e-01
-9.628199934959411621e-01
-8.942259550094604492e-01
-9.868835806846618652e-01
-9.791387915611267090e-01
-9.551997780799865723e-01
-8.926975727081298828e-01
-2.644389271736145020e-01
-9.995176196098327637e-01
-8.213445544242858887e-01
9.997711777687072754e-01
-9.999752044677734375e-01
-9.806057214736938477e-01
-9.230930805206298828e-01
-8.355411887168884277e-01
-9.975999593734741211e-01
-9.888705015182495117e-01
-9.167255163192749023e-01
-7.817114591598510742e-01
9.271460175514221191e-01
-9.995656609535217285e-01
-9.570826888084411621e-01
-8.089166283607482910e-01
-9.598008394241333008e-01
-9.998956322669982910e-01
-9.861900806427001953e-01
-5.057340264320373535e-01
-8.054277300834655762e-01
-8.905422091484069824e-01
-9.986134171485900879e-01
-7.774834632873535156e-01
-6.438687443733215332e-01
-6.154941320419311523e-01
-2.037491798400878906e-01
-9.871833920478820801e-01
-9.957917332649230957e-01
-9.748476743698120117e-01
-9.826452136039733887e-01
-9.549034833908081055e-01
-6.541488170623779297e-01
6.962557435035705566e-01
-9.999343752861022949e-01
-9.601328969001770020e-01
-9.235993623733520508e-01
-9.026277661323547363e-01
-8.772499561309814453e-01
-9.055237174034118652e-01
-9.858494400978088379e-01
-9.838512539863586426e-01
-9.797882437705993652e-01
-9.795585274696350098e-01
-9.460642337799072266e-01
-9.069978594779968262e-01
5.414466857910156250e-01
-9.999631643295288086e-01
-8.794324994087219238e-01
-8.930778503417968750e-01
-4.108025729656219482e-01
-9.997002482414245605e-01
-9.969266057014465332e-01
-9.941244721412658691e-01
-9.864157438278198242e-01
-9.824905395507812500e-01
-9.752178192138671875e-01
-9.914802908897399902e-01
-9.820361733436584473e-01
-9.972287416458129883e-01
-9.964069128036499023e-01
-9.984686970710754395e-01
-9.985613226890563965e-01
-9.995689392089843750e-01
-9.996482729911804199e-01
-9.977076053619384766e-01
-9.892312288284301758e-01
-9.458855390548706055e-01
9.893488287925720215e-01
-9.999720454216003418e-01
-9.985455274581909180e-01
-9.986397027969360352e-01
-9.610592722892761230e-01
-8.608393073081970215e-01
-9.332183599472045898e-01
-5.043149590492248535e-01
-9.988197684288024902e-01
-9.951688647270202637e-01
-9.804405570030212402e-01
-9.966561794281005859e-01
-9.888403415679931641e-01
-9.831191301345825195e-01
-9.978257417678833008e-01
-9.972420334815979004e-01
-9.949640631675720215e-01
-9.973335266113281250e-01
-9.974313378334045410e-01
-9.950891733169555664e-01
-9.964177012443542480e-01
-9.983730912208557129e-01
-9.993768334388732910e-01
-9.993960261344909668e-01
-9.992626309394836426e-01
-9.980010390281677246e-01
-9.792666435241699219e-01
-9.535697698593139648e-01
3.738006353378295898e-01
-9.999361038208007812e-01
-9.983612298965454102e-01
-9.968324899673461914e-01
-9.783094525337219238e-01
-7.452012300491333008e-01
-9.991241097450256348e-01
-9.908275604248046875e-01
-9.918302893638610840e-01
-9.955226778984069824e-01
-9.984366893768310547e-01
-9.973576068878173828e-01
-9.987052679061889648e-01
-9.987168312072753906e-01
-9.986182451248168945e-01
-9.978892803192138672e-01
-9.986344575881958008e-01
-9.977942109107971191e-01
-9.986287355422973633e-01
-9.990284442901611328e-01
-9.994351863861083984e-01
-9.992637038230895996e-01
-9.897779822349548340e-01
-9.937887787818908691e-01
-9.916083812713623047e-01
-9.932340979576110840e-01
-9.895448684692382812e-01
-9.901441931724548340e-01
-9.787787199020385742e-01
-7.861687541007995605e-01
-2.864905893802642822e-01
-9.999501705169677734e-01
-9.973421692848205566e-01
-9.946810007095336914e-01
-9.968975186347961426e-01
-5.771016478538513184e-01
-9.976385831832885742e-01
-9.913804531097412109e-01
-9.918090105056762695e-01
-9.984539747238159180e-01
-9.986312985420227051e-01
-9.988979101181030273e-01
-9.993765354156494141e-01
-9.990704655647277832e-01
-9.964989423751831055e-01
-9.976777434349060059e-01
-9.974467754364013672e-01
-9.978760480880737305e-01
-9.982745051383972168e-01
-9.971828460693359375e-01
-9.991022944450378418e-01
-9.991075992584228516e-01
-9.990337491035461426e-01
-9.986492395401000977e-01
-9.933964610099792480e-01
-9.947925806045532227e-01
-9.921071529388427734e-01
-9.838092327117919922e-01
-9.479759335517883301e-01
8.915604352951049805e-01
-9.999712705612182617e-01
-9.997200965881347656e-01
-9.990639686584472656e-01
-9.617627859115600586e-01
-8.790240287780761719e-01
-9.960839748382568359e-01
-9.973584413528442383e-01
-9.947497844696044922e-01
-9.949953556060791016e-01
-9.987435936927795410e-01
-9.991607069969177246e-01
-9.986051321029663086e-01
-9.958385229110717773e-01
-9.962394833564758301e-01
-9.959003329277038574e-01
-9.972251057624816895e-01
-9.977052211761474609e-01
-9.984265565872192383e-01
-9.990205764770507812e-01
-9.994187355041503906e-01
-9.997799992561340332e-01
-9.993714690208435059e-01
-9.984180331230163574e-01
-9.973757863044738770e-01
-9.784133434295654297e-01
-8.076741695404052734e-01
9.600561857223510742e-01
-9.999681711196899414e-01
-9.994213581085205078e-01
-9.986808896064758301e-01
-9.949731826782226562e-01
-8.581409454345703125e-01
-9.597771167755126953e-01
-9.136173725128173828e-01
-2.023807168006896973e-01
-9.996770024299621582e-01
-9.967251420021057129e-01
-9.930834174156188965e-01
-6.672292947769165039e-01
-9.993709325790405273e-01
-9.978295564651489258e-01
-9.887299537658691406e-01
-9.933927059173583984e-01
-9.733082056045532227e-01
-9.881287217140197754e-01
-9.891585111618041992e-01
-9.776031970977783203e-01
-9.902960658073425293e-01
-9.951723217964172363e-01
-9.950269460678100586e-01
-9.921754598617553711e-01
-9.982181787490844727e-01
-9.989731907844543457e-01
-9.990728497505187988e-01
-9.976164698600769043e-01
-9.784111380577087402e-01
7.601702809333801270e-01
-9.991306066513061523e-01
-8.378591537475585938e-01
-8.286445140838623047e-01
7.803640365600585938e-01
-9.999729990959167480e-01
-9.991290569305419922e-01
-9.986818432807922363e-01
-9.999465346336364746e-01
-9.949694275856018066e-01
-9.987508058547973633e-01
-9.833462238311767578e-01
-9.720687866210937500e-01
-9.826836585998535156e-01
-9.885901808738708496e-01
-9.124361276626586914e-01
-9.942977428436279297e-01
-9.890238642692565918e-01
-9.861997365951538086e-01
-9.759914875030517578e-01
-9.958077073097229004e-01
-9.913772344589233398e-01
-9.944167733192443848e-01
-9.972200989723205566e-01
-9.980682730674743652e-01
-9.976782202720642090e-01
-9.829958081245422363e-01
3.091181814670562744e-01
-9.995017051696777344e-01
-9.922509193420410156e-01
-9.418017268180847168e-01
-7.382971048355102539e-01
-9.942314028739929199e-01
-9.925336837768554688e-01
-9.822332859039306641e-01
-9.803801178932189941e-01
-9.909467101097106934e-01
-9.948191642761230469e-01
-9.949768185615539551e-01
-9.938658475875854492e-01
-9.914353489875793457e-01
-9.928476214408874512e-01
-9.903274774551391602e-01
-9.939708709716796875e-01
-9.961857199668884277e-01
-9.966155290603637695e-01
-9.946619272232055664e-01
-9.934476017951965332e-01
-9.921495914459228516e-01
-9.902697205543518066e-01
-9.890141487121582031e-01
-9.846923351287841797e-01
-9.756039381027221680e-01
-9.367038607597351074e-01
6.726928353309631348e-01
-9.999737143516540527e-01
-9.998109936714172363e-01
-9.994098544120788574e-01
-9.974717497825622559e-01
-7.989266514778137207e-01
-9.997845292091369629e-01
-9.986310005187988281e-01
-9.960131049156188965e-01
-9.949778914451599121e-01
-9.996823668479919434e-01
-9.996768832206726074e-01
-9.961880445480346680e-01
-9.965048432350158691e-01
-9.967092275619506836e-01
-9.968254566192626953e-01
-9.985882043838500977e-01
-9.990278482437133789e-01
-9.978906512260437012e-01
-9.960972666740417480e-01
-9.992400407791137695e-01
-9.995312690734863281e-01
-9.992655515670776367e-01
-9.981023669242858887e-01
-9.906759858131408691e-01
-9.533212780952453613e-01
7.849884629249572754e-01
-9.999663233757019043e-01
-9.961782097816467285e-01
-9.974748492240905762e-01
-9.777524471282958984e-01
-5.390574336051940918e-01
-9.997506737709045410e-01
-9.951514005661010742e-01
-9.953700900077819824e-01
-9.942933917045593262e-01
-9.982219338417053223e-01
-9.984602928161621094e-01
-9.990012645721435547e-01
-9.976953864097595215e-01
-9.971980452537536621e-01
-9.981240630149841309e-01
-9.976894259452819824e-01
-9.983965158462524414e-01
-9.980723261833190918e-01
-9.981704950332641602e-01
-9.990893006324768066e-01
-9.994878172874450684e-01
-9.996890425682067871e-01
-9.994954466819763184e-01
-9.984265565872192383e-01
-9.970243573188781738e-01
-9.921221137046813965e-01
-9.727147817611694336e-01
1.785079091787338257e-01
-9.999806284904479980e-01
-9.985337853431701660e-01
-9.977847933769226074e-01
-9.963226318359375000e-01
-4.789680540561676025e-01
-9.995706677436828613e-01
-9.948608875274658203e-01
-9.960818886756896973e-01
-9.984123110771179199e-01
-9.988024234771728516e-01
-9.988912940025329590e-01
-9.988843798637390137e-01
-9.993203282356262207e-01
-9.988662600517272949e-01
-9.985068440437316895e-01
-9.987364411354064941e-01
-9.981458187103271484e-01
-9.992003440856933594e-01
-9.993213415145874023e-01
-9.997209906578063965e-01
-9.995594620704650879e-01
-9.997467994689941406e-01
-9.990317821502685547e-01
-9.991540312767028809e-01
-9.856960773468017578e-01
-9.872540831565856934e-01
-9.560720324516296387e-01
-2.144993245601654053e-01
-9.999736547470092773e-01
-9.983930587768554688e-01
-9.978669285774230957e-01
-9.978464841842651367e-01
9.878932498395442963e-03
-9.999807476997375488e-01
-9.989829063415527344e-01
-9.972425699234008789e-01
-9.990169405937194824e-01
-9.921520948410034180e-01
-9.993336200714111328e-01
-9.989996552467346191e-01
-9.954906105995178223e-01
-9.977273941040039062e-01
-9.959621429443359375e-01
-9.964110851287841797e-01
-9.973953962326049805e-01
-9.978005886077880859e-01
-9.988499283790588379e-01
-9.987536668777465820e-01
-9.995308518409729004e-01
-9.995343089103698730e-01
-9.996577501296997070e-01
-9.992194771766662598e-01
-9.985285401344299316e-01
-9.938862919807434082e-01
-9.803183078765869141e-01
-9.540917277336120605e-01
-1.999315172433853149e-01
-9.999764561653137207e-01
-9.976038932800292969e-01
-9.980502724647521973e-01
-9.967071413993835449e-01
-4.516385793685913086e-01
-9.999793171882629395e-01
-9.990754723548889160e-01
-9.977176785469055176e-01
-9.980457425117492676e-01
-9.981568455696105957e-01
-9.982479810714721680e-01
-9.988593459129333496e-01
-9.989177584648132324e-01
-9.993423223495483398e-01
-9.982637763023376465e-01
-9.975571632385253906e-01
-9.987937211990356445e-01
-9.995125532150268555e-01
-9.994286298751831055e-01
-9.993162751197814941e-01
-9.994332790374755859e-01
-9.992063045501708984e-01
-9.990482330322265625e-01
-9.984828233718872070e-01
-9.983249306678771973e-01
-9.971750974655151367e-01
-9.934972524642944336e-01
-9.513791799545288086e-01
6.859534382820129395e-01
-9.999845623970031738e-01
-9.996953606605529785e-01
-9.983713030815124512e-01
-9.977666139602661133e-01
-6.663046479225158691e-01
-9.999604821205139160e-01
-9.992433190345764160e-01
-9.989990592002868652e-01
-9.989584684371948242e-01
-9.992353916168212891e-01
-9.992668032646179199e-01
-9.973759055137634277e-01
-9.981752038002014160e-01
-9.979719519615173340e-01
-9.984914660453796387e-01
-9.987988471984863281e-01
-9.982658624649047852e-01
-9.943573474884033203e-01
-9.958927035331726074e-01
-9.974024891853332520e-01
-9.985036849975585938e-01
-9.993015527725219727e-01
-9.982297420501708984e-01
-9.984001517295837402e-01
-9.911279678344726562e-01
-9.862568378448486328e-01
-9.735299944877624512e-01
3.248076736927032471e-01
-9.999811053276062012e-01
-9.990499019622802734e-01
-9.991762042045593262e-01
-9.983348250389099121e-01
-3.179787695407867432e-01
-9.999718666076660156e-01
-9.962284564971923828e-01
-9.996169209480285645e-01
-9.983842968940734863e-01
-9.981552362442016602e-01
-9.981181621551513672e-01
-9.985825419425964355e-01
-9.991568326950073242e-01
-9.966002106666564941e-01
-9.983475804328918457e-01
-9.987241029739379883e-01
-9.990351796150207520e-01
-9.975694417953491211e-01
-9.982472062110900879e-01
-9.989807605743408203e-01
-9.994381666183471680e-01
-9.994339346885681152e-01
-9.995796084403991699e-01
-9.983672499656677246e-01
-9.984365105628967285e-01
-9.934636354446411133e-01
-9.864310026168823242e-01
-9.925730228424072266e-01
-2.681870758533477783e-01
-9.999715089797973633e-01
-9.982861280441284180e-01
-9.984842538833618164e-01
-9.861642122268676758e-01
-6.835542917251586914e-01
-9.998312592506408691e-01
-9.977848529815673828e-01
-9.991844892501831055e-01
-9.986290335655212402e-01
-9.988599419593811035e-01
-9.987053275108337402e-01
-9.975363612174987793e-01
-9.979200363159179688e-01
-9.984844326972961426e-01
-9.926537871360778809e-01
-9.972392916679382324e-01
-9.967300295829772949e-01
-9.966648221015930176e-01
-9.971138238906860352e-01
-9.958629608154296875e-01
-9.969142079353332520e-01
-9.949072599411010742e-01
-9.942137598991394043e-01
-9.953910708427429199e-01
-9.964825510978698730e-01
-9.944518208503723145e-01
-9.815195202827453613e-01
-9.577806591987609863e-01
2.707649171352386475e-01
-9.999838471412658691e-01
-9.992789030075073242e-01
-9.996926784515380859e-01
-9.971031546592712402e-01
-3.635447025299072266e-01
-9.997832179069519043e-01
-9.999592304229736328e-01
-9.994782209396362305e-01
-9.992401003837585449e-01
-9.997743964195251465e-01
-9.973365068435668945e-01
-9.914485216140747070e-01
-9.980760216712951660e-01
-9.988980293273925781e-01
-9.982152581214904785e-01
-9.969671368598937988e-01
-9.922709465026855469e-01
-9.970002770423889160e-01
-9.968327283859252930e-01
-9.964095354080200195e-01
-9.986045956611633301e-01
-9.995050430297851562e-01
-9.974172115325927734e-01
-9.963829517364501953e-01
-9.953859448432922363e-01
-9.910598993301391602e-01
-9.809418916702270508e-01
-9.700807332992553711e-01
-8.221473097801208496e-01
-9.955638051033020020e-01
-7.369341254234313965e-01
-9.647969603538513184e-01
-9.818669557571411133e-01
-9.772250056266784668e-01
2.715514302253723145e-01
-9.999714493751525879e-01
-9.992665648460388184e-01
-9.978842139244079590e-01
-9.980993270874023438e-01
-9.471148848533630371e-01
-9.930541515350341797e-01
-9.988352656364440918e-01
-9.991294741630554199e-01
-9.991691112518310547e-01
-9.993336796760559082e-01
-9.974615573883056641e-01
-9.976851344108581543e-01
-9.985779523849487305e-01
-9.977535605430603027e-01
-9.987478256225585938e-01
-9.992739558219909668e-01
-9.996240139007568359e-01
-9.995168447494506836e-01
-9.996385574340820312e-01
-9.996507167816162109e-01
-9.995412826538085938e-01
-9.986614584922790527e-01
-9.986189007759094238e-01
-9.982840418815612793e-01
-9.975539445877075195e-01
-9.827741384506225586e-01
-9.429809451103210449e-01
1.919632554054260254e-01
-9.999875426292419434e-01
-9.992070794105529785e-01
-9.991761445999145508e-01
-9.977822303771972656e-01
-5.998992323875427246e-01
-9.999682307243347168e-01
-9.998982548713684082e-01
-9.996481537818908691e-01
-9.991461634635925293e-01
-9.977878332138061523e-01
-9.973236322402954102e-01
-9.986514449119567871e-01
-9.991310238838195801e-01
-9.984453320503234863e-01
-9.995543360710144043e-01
-9.994832277297973633e-01
-9.992505908012390137e-01
-9.991417527198791504e-01
-9.995549321174621582e-01
-9.996101856231689453e-01
-9.995187520980834961e-01
-9.984138011932373047e-01
-9.982762932777404785e-01
-9.966847300529479980e-01
-9.887093901634216309e-01
-9.376709461212158203e-01
7.955261468887329102e-01
-9.999803900718688965e-01
-9.997099041938781738e-01
-9.997191429138183594e-01
-9.998599290847778320e-01
-6.784022450447082520e-01
-9.999687671661376953e-01
-9.998764991760253906e-01
-9.991726279258728027e-01
-9.996504187583923340e-01
-9.995567798614501953e-01
-9.990419745445251465e-01
-9.988588690757751465e-01
-9.972574710845947266e-01
-9.983244538307189941e-01
-9.983686804771423340e-01
-9.974272251129150391e-01
-9.954704642295837402e-01
-9.927297234535217285e-01
-9.981443881988525391e-01
-9.988523721694946289e-01
-9.992086887359619141e-01
-9.970633387565612793e-01
-9.984499216079711914e-01
-9.952097535133361816e-01
-9.925789237022399902e-01
-9.959443211555480957e-01
-9.188830852508544922e-01
1.808249652385711670e-01
-9.999766945838928223e-01
-9.993979334831237793e-01
-9.996348619461059570e-01
-9.980099201202392578e-01
-9.101586341857910156e-01
-9.860298633575439453e-01
-9.977945685386657715e-01
-9.987776875495910645e-01
-9.989409446716308594e-01
-9.992365241050720215e-01
-9.993274211883544922e-01
-9.992567896842956543e-01
-9.996314048767089844e-01
-9.996716976165771484e-01
-9.993971586227416992e-01
-9.989372491836547852e-01
-9.974623322486877441e-01
-9.981568455696105957e-01
-9.984749555587768555e-01
-9.966491460800170898e-01
-9.976848959922790527e-01
-9.974704980850219727e-01
-9.921393394470214844e-01
-9.974821209907531738e-01
-9.959115982055664062e-01
-9.963386654853820801e-01
-9.930260777473449707e-01
-9.964959025382995605e-01
-9.969651103019714355e-01
-9.970777034759521484e-01
-9.958022236824035645e-01
-9.949770569801330566e-01
-9.956859350204467773e-01
-9.963793158531188965e-01
-9.952468872070312500e-01
-9.943558573722839355e-01
-9.914109706878662109e-01
-9.769953489303588867e-01
-8.334593176841735840e-01
-9.930059313774108887e-01
-9.994930028915405273e-01
-9.995024204254150391e-01
-9.989377856254577637e-01
-9.780439734458923340e-01
-9.633808732032775879e-01
-9.903897047042846680e-01
-9.994415640830993652e-01
-9.992510080337524414e-01
-9.992222785949707031e-01
-9.993668794631958008e-01
-9.984298944473266602e-01
-9.988484978675842285e-01
-9.983917474746704102e-01
-9.986922144889831543e-01
-9.983552694320678711e-01
-9.964010715484619141e-01
-9.967994689941406250e-01
-9.961606860160827637e-01
-9.952148199081420898e-01
-9.968395233154296875e-01
-9.979969859123229980e-01
-9.950724244117736816e-01
-9.969120025634765625e-01
-9.964726567268371582e-01
-9.953153133392333984e-01
-9.935403466224670410e-01
-9.957131147384643555e-01
-9.962114095687866211e-01
-9.964007735252380371e-01
-9.970351457595825195e-01
-9.974840283393859863e-01
-9.975371956825256348e-01
-9.974848628044128418e-01
-9.977517724037170410e-01
-9.984154105186462402e-01
-9.981709718704223633e-01
-9.980785250663757324e-01
-9.986756443977355957e-01
-9.978374838829040527e-01
-9.991263747215270996e-01
-9.986413717269897461e-01
-9.981445074081420898e-01
-9.987450242042541504e-01
-9.991139173507690430e-01
-9.990815520286560059e-01
-9.989696741104125977e-01
-9.994972348213195801e-01
-9.990722537040710449e-01
-9.992995262145996094e-01
-9.994825720787048340e-01
-9.994957447052001953e-01
-9.993050098419189453e-01
-9.990342855453491211e-01
-9.994185566902160645e-01
-9.991373419761657715e-01
-9.993696212768554688e-01
-9.987691640853881836e-01
-9.992602467536926270e-01
-9.988217949867248535e-01
-9.992615580558776855e-01
-9.995270371437072754e-01
-9.992115497589111328e-01
-9.992920756340026855e-01
-9.994305372238159180e-01
-9.990663528442382812e-01
-9.990711808204650879e-01
-9.992178082466125488e-01
-9.992736577987670898e-01
-9.994195699691772461e-01
-9.990465044975280762e-01
-9.990894198417663574e-01
-9.991371035575866699e-01
-9.989128112792968750e-01
-9.991987943649291992e-01
-9.996420741081237793e-01
-9.989138245582580566e-01
-9.989803433418273926e-01
-9.994186758995056152e-01
-9.992736577987670898e-01
-9.993979334831237793e-01
-9.994462728500366211e-01
-9.991476535797119141e-01
-9.989670515060424805e-01
-9.991389513015747070e-01
-9.990993142127990723e-01
-9.992764592170715332e-01
-9.995838403701782227e-01
-9.995380640029907227e-01
-9.987252950668334961e-01
-9.991206526756286621e-01
-9.992591738700866699e-01
-9.992762804031372070e-01
-9.988492131233215332e-01
-9.989223480224609375e-01
-9.995524287223815918e-01
-9.992811083793640137e-01
-9.992881417274475098e-01
-9.993911385536193848e-01
-9.984598755836486816e-01
-9.991384744644165039e-01
-9.993821978569030762e-01
-9.991470575332641602e-01
-9.989600777626037598e-01
-9.994711279869079590e-01
-9.994108676910400391e-01
-9.995059370994567871e-01
-9.992364048957824707e-01
-9.986661076545715332e-01
-9.994655251502990723e-01
-9.991856813430786133e-01
-9.994846582412719727e-01
-9.991512894630432129e-01
-9.994781613349914551e-01
-9.995464086532592773e-01
-9.993695020675659180e-01
-9.995430707931518555e-01
-9.993711709976196289e-01
-9.989190101623535156e-01
-9.992422461509704590e-01
-9.994391798973083496e-01
-9.993499517440795898e-01
-9.991952180862426758e-01
-9.993162751197814941e-01
-9.996244311332702637e-01
-9.995819330215454102e-01
-9.995810389518737793e-01
-9.994038939476013184e-01
-9.995996356010437012e-01
-9.996778368949890137e-01
-9.994103908538818359e-01
-9.995281100273132324e-01
-9.994703531265258789e-01
-9.995027184486389160e-01
-9.996164441108703613e-01
-9.994912743568420410e-01
-9.993028640747070312e-01
-9.996491670608520508e-01
-9.994632601737976074e-01
-9.997122883796691895e-01
-9.997224807739257812e-01
-9.997662305831909180e-01
-9.996111392974853516e-01
-9.997256398200988770e-01
-9.995021224021911621e-01
-9.994998574256896973e-01
-9.997866749763488770e-01
-9.996479153633117676e-01
-9.997564554214477539e-01
-9.997704625129699707e-01
-9.997709393501281738e-01
-9.996385574340820312e-01
-9.996852278709411621e-01
-9.997311830520629883e-01
-9.997231960296630859e-01
-9.996943473815917969e-01
-9.997638463973999023e-01
-9.996991157531738281e-01
-9.997379183769226074e-01
-9.998016953468322754e-01
-9.998075962066650391e-01
-9.998003244400024414e-01
-9.998793005943298340e-01
-9.998134374618530273e-01
-9.997762441635131836e-01
-9.998078346252441406e-01
-9.998265504837036133e-01
-9.998100996017456055e-01
-9.997414350509643555e-01
-9.997958540916442871e-01
-9.997560381889343262e-01
-9.997254014015197754e-01
-9.998220801353454590e-01
-9.998638629913330078e-01
-9.998672604560852051e-01
-9.998233318328857422e-01
-9.998411536216735840e-01
-9.997678995132446289e-01
-9.998009800910949707e-01
-9.998206496238708496e-01
-9.998517632484436035e-01
-9.998235702514648438e-01
-9.998396039009094238e-01
-9.998067617416381836e-01
-9.998278617858886719e-01
-9.998627305030822754e-01
-9.998083114624023438e-01
-9.997696876525878906e-01
-9.998735785484313965e-01
-9.998265504837036133e-01
-9.998878240585327148e-01
-9.998294711112976074e-01
-9.999130368232727051e-01
-9.998344182968139648e-01
-9.998272657394409180e-01
-9.998760819435119629e-01
-9.997903704643249512e-01
-9.998817443847656250e-01
-9.999228715896606445e-01
-9.998947978019714355e-01
-9.998805522918701172e-01
-9.999065399169921875e-01
-9.998354315757751465e-01
-9.998873472213745117e-01
-9.998078942298889160e-01
-9.999328851699829102e-01
-9.998411536216735840e-01
-9.999153614044189453e-01
-9.998931288719177246e-01
-9.999124407768249512e-01
-9.998580813407897949e-01
-9.999215006828308105e-01
-9.998272061347961426e-01
-9.998425245285034180e-01
-9.998726844787597656e-01
-9.998956322669982910e-01
-9.998620748519897461e-01
-9.998943805694580078e-01
-9.998612999916076660e-01
-9.998244643211364746e-01
-9.997314214706420898e-01
-9.999005794525146484e-01
-9.998435974121093750e-01
-9.999008178710937500e-01
-9.998477697372436523e-01
-9.998818635940551758e-01
-9.998373985290527344e-01
-9.998788237571716309e-01
-9.998365044593811035e-01
-9.998850226402282715e-01
-9.998344182968139648e-01
-9.998874664306640625e-01
-9.999101758003234863e-01
-9.999029636383056641e-01
-9.998504519462585449e-01
-9.999140501022338867e-01
-9.998856782913208008e-01
-9.998888969421386719e-01
-9.998573064804077148e-01
-9.998055100440979004e-01
-9.999105334281921387e-01
-9.999091029167175293e-01
-9.998378753662109375e-01
-9.999120831489562988e-01
-9.998710155487060547e-01
-9.999244213104248047e-01
-9.998953342437744141e-01
-9.998931288719177246e-01
-9.998215436935424805e-01
-9.998549222946166992e-01
-9.998728632926940918e-01
-9.998612999916076660e-01
-9.999105930328369141e-01
-9.999016523361206055e-01
-9.998926520347595215e-01
-9.998792409896850586e-01
-9.998703598976135254e-01
-9.999008178710937500e-01
-9.998329877853393555e-01
-9.999072551727294922e-01
-9.999114871025085449e-01
-9.999223947525024414e-01
-9.998814463615417480e-01
-9.998797774314880371e-01
-9.997925162315368652e-01
-9.998519420623779297e-01
-9.998233914375305176e-01
-9.998250603675842285e-01
-9.998584985733032227e-01
-9.998742341995239258e-01
-9.998885393142700195e-01
-9.999083280563354492e-01
-9.998440742492675781e-01
-9.999148845672607422e-01
-9.998545050621032715e-01
-9.998835921287536621e-01
-9.998648762702941895e-01
-9.998805522918701172e-01
-9.998854398727416992e-01
-9.998983144760131836e-01
-9.998549222946166992e-01
-9.998871684074401855e-01
-9.998989105224609375e-01
-9.998996257781982422e-01
-9.998586177825927734e-01
-9.999281764030456543e-01
-9.999129176139831543e-01
-9.998710155487060547e-01
-9.999233484268188477e-01
-9.999085664749145508e-01
-9.999512434005737305e-01
-9.999126791954040527e-01
-9.998806715011596680e-01
-9.999283552169799805e-01
-9.997805953025817871e-01
-9.998805522918701172e-01
-9.999213814735412598e-01
-9.998918175697326660e-01
-9.998911619186401367e-01
-9.999198913574218750e-01
-9.998617768287658691e-01
-9.998506307601928711e-01
-9.998582005500793457e-01
-9.999165534973144531e-01
-9.998688101768493652e-01
-9.999277591705322266e-01
-9.999415874481201172e-01
-9.998314380645751953e-01
-9.998685717582702637e-01
-9.999022483825683594e-01
-9.999188184738159180e-01
-9.998635649681091309e-01
-9.998676776885986328e-01
-9.998744726181030273e-01
-9.998469948768615723e-01
-9.998934864997863770e-01
-9.999248385429382324e-01
-9.998535513877868652e-01
-9.998799562454223633e-01
-9.998902678489685059e-01
-9.998928308486938477e-01
-9.998850822448730469e-01
-9.999041557312011719e-01
-9.999161958694458008e-01
-9.999144077301025391e-01
-9.998345375061035156e-01
-9.998970031738281250e-01
-9.998990893363952637e-01
-9.999195337295532227e-01
-9.998976588249206543e-01
-9.999169111251831055e-01
-9.998930692672729492e-01
-9.998917579650878906e-01
-9.999155402183532715e-01
-9.998567104339599609e-01
-9.999287128448486328e-01
-9.999117255210876465e-01
-9.998978376388549805e-01
-9.999161958694458008e-01
-9.998587369918823242e-01
-9.998869299888610840e-01
-9.999372959136962891e-01
-9.999208450317382812e-01
-9.999206662178039551e-01
-9.998966455459594727e-01
-9.999017715454101562e-01
-9.998941421508789062e-01
-9.998921751976013184e-01
-9.998553395271301270e-01
-9.998927116394042969e-01
-9.998867511749267578e-01
-9.999166727066040039e-01
-9.998977780342102051e-01
-9.999470710754394531e-01
-9.998904466629028320e-01
-9.998900294303894043e-01
-9.999096989631652832e-01
-9.998944401741027832e-01
-9.998843669891357422e-01
-9.999099373817443848e-01
-9.999232888221740723e-01
-9.999012947082519531e-01
-9.998341202735900879e-01
-9.999132752418518066e-01
-9.999052286148071289e-01
-9.998924136161804199e-01
-9.999068975448608398e-01
-9.998893737792968750e-01
-9.999131560325622559e-01
-9.999013543128967285e-01
-9.998909831047058105e-01
-9.999206066131591797e-01
-9.998632073402404785e-01
-9.998947381973266602e-01
-9.998928308486938477e-01
-9.999191761016845703e-01
-9.998700618743896484e-01
-9.999246597290039062e-01
-9.998759627342224121e-01
-9.999350905418395996e-01
-9.998899102210998535e-01
-9.999473094940185547e-01
-9.999457597732543945e-01
-9.998784065246582031e-01
-9.998818635940551758e-01
-9.998626708984375000e-01
-9.999246001243591309e-01
-9.998660087585449219e-01
-9.998865127563476562e-01
-9.999164938926696777e-01
-9.999084472656250000e-01
-9.998962879180908203e-01
-9.999145269393920898e-01
-9.998691082000732422e-01
-9.998885393142700195e-01
-9.999071955680847168e-01
-9.998421669006347656e-01
-9.998664855957031250e-01
-9.999178051948547363e-01
-9.998621940612792969e-01
-9.999018311500549316e-01
-9.999176263809204102e-01
-9.998507499694824219e-01
-9.998797178268432617e-01
-9.998982548713684082e-01
-9.998881816864013672e-01
-9.999059438705444336e-01
-9.999073743820190430e-01
-9.999010562896728516e-01
-9.998237490653991699e-01
-9.999156594276428223e-01
-9.998849630355834961e-01
-9.999216794967651367e-01
-9.998929500579833984e-01
-9.998620748519897461e-01
-9.998777508735656738e-01
-9.999373555183410645e-01
-9.998719692230224609e-01
-9.999149441719055176e-01
-9.998331069946289062e-01
-9.998505115509033203e-01
-9.999205470085144043e-01
-9.998804926872253418e-01
-9.999177455902099609e-01
-9.999084472656250000e-01
-9.998964667320251465e-01
-9.999032020568847656e-01
-9.999150633811950684e-01
-9.998956322669982910e-01
-9.999209642410278320e-01
-9.998764395713806152e-01
-9.998754262924194336e-01
-9.999020099639892578e-01
-9.999234080314636230e-01
-9.998930096626281738e-01
-9.998841881752014160e-01
-9.999175071716308594e-01
-9.998818635940551758e-01
-9.998719096183776855e-01
-9.999010562896728516e-01
-9.999044537544250488e-01
-9.998310804367065430e-01
-9.998294115066528320e-01
-9.999310970306396484e-01
-9.999064803123474121e-01
-9.999083280563354492e-01
-9.999136328697204590e-01
-9.999086260795593262e-01
-9.998904466629028320e-01
-9.998818635940551758e-01
-9.999203085899353027e-01
-9.999074935913085938e-01
-9.998816847801208496e-01
-9.999228119850158691e-01
-9.999143481254577637e-01
-9.998772144317626953e-01
-9.998583793640136719e-01
-9.998990297317504883e-01
-9.999356865882873535e-01
-9.999104738235473633e-01
-9.998898506164550781e-01
-9.999042153358459473e-01
-9.999147653579711914e-01
-9.999155402183532715e-01
-9.998991489410400391e-01
-9.999142885208129883e-01
-9.998810291290283203e-01
-9.999195933341979980e-01
-9.998900294303894043e-01
-9.999028444290161133e-01
-9.998827576637268066e-01
-9.999130964279174805e-01
-9.998795390129089355e-01
-9.999176263809204102e-01
-9.998977780342102051e-01
-9.999194145202636719e-01
-9.998581409454345703e-01
-9.999245405197143555e-01
-9.999177455902099609e-01
-9.999325871467590332e-01
-9.999275803565979004e-01
-9.998694658279418945e-01
-9.998257756233215332e-01
-9.999192357063293457e-01
-9.998470544815063477e-01
-9.999334812164306641e-01
-9.998761415481567383e-01
-9.998628497123718262e-01
-9.998714923858642578e-01
-9.998758435249328613e-01
-9.998340606689453125e-01
-9.998741149902343750e-01
-9.998732805252075195e-01
-9.999418854713439941e-01
-9.999154806137084961e-01
-9.999165534973144531e-01
-9.998860955238342285e-01
-9.999145865440368652e-01
-9.998927116394042969e-01
-9.999032616615295410e-01
-9.998933672904968262e-01
-9.998923540115356445e-01
-9.998818635940551758e-01
-9.999265074729919434e-01
-9.998729825019836426e-01
-9.998710751533508301e-01
-9.998469352722167969e-01
-9.999425411224365234e-01
-9.998412132263183594e-01
-9.999017119407653809e-01
-9.999227523803710938e-01
-9.999268651008605957e-01
-9.998987913131713867e-01
-9.998962879180908203e-01
-9.999284148216247559e-01
-9.998528361320495605e-01
-9.999082684516906738e-01
-9.998384714126586914e-01
-9.999099969863891602e-01
-9.998958706855773926e-01
-9.999172091484069824e-01
-9.998967647552490234e-01
-9.998934268951416016e-01
-9.998170733451843262e-01
-9.999008178710937500e-01
-9.998598694801330566e-01
-9.999486207962036133e-01
-9.999089241027832031e-01
-9.999299645423889160e-01
-9.999185800552368164e-01
-9.998199939727783203e-01
-9.998826980590820312e-01
-9.999276399612426758e-01
-9.999198913574218750e-01
-9.999271631240844727e-01
-9.999281167984008789e-01
-9.998971819877624512e-01
-9.999285340309143066e-01
-9.998967647552490234e-01
-9.999330043792724609e-01
-9.999089241027832031e-01
-9.999014139175415039e-01
-9.998103380203247070e-01
-9.998290538787841797e-01
-9.999044537544250488e-01
-9.998753070831298828e-01
-9.998965859413146973e-01
-9.999185800552368164e-01
-9.998903274536132812e-01
-9.998630285263061523e-01
-9.999023675918579102e-01
-9.998585581779479980e-01
-9.998909235000610352e-01
-9.999067783355712891e-01
-9.999014139175415039e-01
-9.999128580093383789e-01
-9.998792409896850586e-01
-9.999175667762756348e-01
-9.998953938484191895e-01
-9.998860359191894531e-01
-9.999005198478698730e-01
-9.998927712440490723e-01
-9.998638033866882324e-01
-9.999322295188903809e-01
-9.999004006385803223e-01
-9.998691678047180176e-01
-9.999401569366455078e-01
-9.999154210090637207e-01
-9.998193979263305664e-01
-9.998695254325866699e-01
-9.998663663864135742e-01
-9.999427199363708496e-01
-9.999166727066040039e-01
-9.998954534530639648e-01
-9.999006986618041992e-01
-9.998681545257568359e-01
-9.999262094497680664e-01
-9.998731613159179688e-01
-9.998953938484191895e-01
-9.998539090156555176e-01
-9.999250769615173340e-01
-9.999024868011474609e-01
-9.999256134033203125e-01
-9.999184608459472656e-01
-9.998444318771362305e-01
-9.999289512634277344e-01
-9.999228119850158691e-01
-9.998725652694702148e-01
-9.999115467071533203e-01
-9.999027252197265625e-01
-9.998994469642639160e-01
-9.998755455017089844e-01
-9.999174475669860840e-01
-9.999039173126220703e-01
-9.998402595520019531e-01
-9.999155998229980469e-01
-9.998808503150939941e-01
-9.999304413795471191e-01
-9.998645186424255371e-01
-9.999170899391174316e-01
-9.999158382415771484e-01
-9.998569488525390625e-01
-9.999258518218994141e-01
-9.998721480369567871e-01
-9.998465180397033691e-01
-9.999203085899353027e-01
-9.998563528060913086e-01
-9.998655319213867188e-01
-9.998630285263061523e-01
-9.998769164085388184e-01
-9.998417496681213379e-01
-9.999174475669860840e-01
-9.999234080314636230e-01
-9.998801350593566895e-01
-9.999096989631652832e-01
-9.999186396598815918e-01
-9.999164342880249023e-01
-9.998632073402404785e-01
-9.999226331710815430e-01
-9.999133944511413574e-01
-9.999294281005859375e-01
-9.998802542686462402e-01
-9.999066591262817383e-01
-9.998806118965148926e-01
-9.998567700386047363e-01
-9.998582601547241211e-01
-9.998660087585449219e-01
-9.999172687530517578e-01
-9.998987317085266113e-01
-9.999032020568847656e-01
-9.999180436134338379e-01
-9.999350905418395996e-01
-9.999014139175415039e-01
-9.999383687973022461e-01
-9.999110698699951172e-01
-9.998583793640136719e-01
-9.998887181282043457e-01
-9.999210834503173828e-01
-9.999080896377563477e-01
-9.998906254768371582e-01
-9.998467564582824707e-01
-9.999234676361083984e-01
-9.998778700828552246e-01
-9.999468922615051270e-01
-9.999147653579711914e-01
-9.998900890350341797e-01
-9.999092221260070801e-01
-9.998784065246582031e-01
-9.998722076416015625e-01
-9.999389648437500000e-01
-9.999164342880249023e-01
-9.998714923858642578e-01
-9.999383687973022461e-01
-9.999281764030456543e-01
-9.998784661293029785e-01
-9.999381899833679199e-01
-9.999091625213623047e-01
-9.999056458473205566e-01
-9.998703598976135254e-01
-9.999009370803833008e-01
-9.998829960823059082e-01
-9.998836517333984375e-01
-9.999336600303649902e-01
-9.999337196350097656e-01
-9.999061822891235352e-01
-9.998597502708435059e-01
-9.998931288719177246e-01
-9.999033212661743164e-01
-9.999300241470336914e-01
-9.999558925628662109e-01
-9.998530745506286621e-01
-9.999313354492187500e-01
-9.999021291732788086e-01
-9.999088048934936523e-01
-9.998665452003479004e-01
-9.999178647994995117e-01
-9.999142289161682129e-01
-9.999222159385681152e-01
-9.998300075531005859e-01
-9.998678565025329590e-01
-9.998592734336853027e-01
-9.999229907989501953e-01
-9.999455809593200684e-01
-9.999178647994995117e-01
-9.999352097511291504e-01
-9.998959898948669434e-01
-9.999069571495056152e-01
-9.998977184295654297e-01
-9.998931288719177246e-01
-9.999117851257324219e-01
-9.999181032180786133e-01
-9.999282956123352051e-01
-9.999072551727294922e-01
-9.998587965965270996e-01
-9.998866915702819824e-01
-9.998574852943420410e-01
-9.999066591262817383e-01
-9.998844265937805176e-01
-9.999211430549621582e-01
-9.998615980148315430e-01
-9.999194741249084473e-01
-9.999517202377319336e-01
-9.999187588691711426e-01
-9.998997449874877930e-01
-9.999082088470458984e-01
-9.998292922973632812e-01
-9.999131560325622559e-01
-9.998722076416015625e-01
-9.999223351478576660e-01
-9.998698234558105469e-01
-9.999402761459350586e-01
-9.998701214790344238e-01
-9.999113678932189941e-01
-9.999024868011474609e-01
-9.998810887336730957e-01
-9.999311566352844238e-01
-9.999334812164306641e-01
-9.999237656593322754e-01
-9.999132752418518066e-01
-9.998649954795837402e-01
-9.999243617057800293e-01
-9.998893141746520996e-01
-9.998872876167297363e-01
-9.998531341552734375e-01
-9.998921751976013184e-01
-9.999076724052429199e-01
-9.998816251754760742e-01
-9.999146461486816406e-01
-9.999072551727294922e-01
-9.998750090599060059e-01
-9.998933672904968262e-01
-9.998328089714050293e-01
-9.998742341995239258e-01
-9.998948574066162109e-01
-9.999331831932067871e-01
-9.999096989631652832e-01
-9.998939037322998047e-01
-9.999235272407531738e-01
-9.998962879180908203e-01
-9.998818039894104004e-01
-9.998615980148315430e-01
-9.998952746391296387e-01
-9.999358654022216797e-01
-9.998114705085754395e-01
-9.997977614402770996e-01
-9.999296069145202637e-01
-9.998889565467834473e-01
-9.998692870140075684e-01
-9.999098777770996094e-01
-9.999064803123474121e-01
-9.998980760574340820e-01
-9.998958110809326172e-01
-9.998787045478820801e-01
-9.999042749404907227e-01
-9.998890757560729980e-01
-9.998612999916076660e-01
-9.998369216918945312e-01
-9.998515248298645020e-01
-9.998925328254699707e-01
-9.999067187309265137e-01
-9.997904300689697266e-01
-9.999012351036071777e-01
-9.998722672462463379e-01
-9.998929500579833984e-01
-9.998758435249328613e-01
-9.998803734779357910e-01
-9.998611807823181152e-01
-9.998772740364074707e-01
-9.998869895935058594e-01
-9.999139308929443359e-01
-9.999072551727294922e-01
-9.998505115509033203e-01
-9.999285340309143066e-01
-9.997833967208862305e-01
-9.998638629913330078e-01
-9.998980164527893066e-01
-9.998365044593811035e-01
-9.998630881309509277e-01
-9.998976588249206543e-01
-9.998810291290283203e-01
-9.998721480369567871e-01
-9.997653365135192871e-01
-9.998332262039184570e-01
-9.998860955238342285e-01
-9.998578429222106934e-01
-9.998607635498046875e-01
-9.998627305030822754e-01
-9.998409152030944824e-01
-9.998593330383300781e-01
-9.998998641967773438e-01
-9.998581409454345703e-01
-9.998025894165039062e-01
-9.998306632041931152e-01
-9.998503923416137695e-01
-9.998465776443481445e-01
-9.997950792312622070e-01
-9.997301101684570312e-01
-9.997847676277160645e-01
-9.998573660850524902e-01
-9.998318552970886230e-01
-9.997463822364807129e-01
-9.998124837875366211e-01
-9.996600151062011719e-01
-9.997835159301757812e-01
-9.998045563697814941e-01
-9.997937083244323730e-01
-9.998636841773986816e-01
-9.998759627342224121e-01
-9.997786879539489746e-01
-9.997714757919311523e-01
-9.998078346252441406e-01
-9.998753070831298828e-01
-9.998011589050292969e-01
-9.997494220733642578e-01
-9.997224807739257812e-01
-9.998492598533630371e-01
-9.998010396957397461e-01
-9.996891021728515625e-01
-9.998588562011718750e-01
-9.997146129608154297e-01
-9.996734857559204102e-01
-9.997681379318237305e-01
-9.995653033256530762e-01
-9.997307658195495605e-01
-9.996306896209716797e-01
-9.995699524879455566e-01
-9.997452497482299805e-01
-9.996957778930664062e-01
-9.995468258857727051e-01
-9.997301101684570312e-01
-9.997391700744628906e-01
-9.997587203979492188e-01
-9.997617006301879883e-01
-9.996477365493774414e-01
-9.997336864471435547e-01
-9.996935725212097168e-01
-9.996873736381530762e-01
-9.997868537902832031e-01
-9.996349811553955078e-01
-9.997977018356323242e-01
-9.997838139533996582e-01
-9.995381832122802734e-01
-9.998037815093994141e-01
-9.996463060379028320e-01
-9.997059106826782227e-01
-9.996948242187500000e-01
-9.997124671936035156e-01
-9.997269511222839355e-01
-9.997721910476684570e-01
-9.997654557228088379e-01
-9.996699094772338867e-01
-9.995917677879333496e-01
-9.995005726814270020e-01
-9.997076988220214844e-01
-9.997317790985107422e-01
-9.997406601905822754e-01
-9.996135234832763672e-01
-9.997218847274780273e-01
-9.996746182441711426e-01
-9.998458623886108398e-01
-9.996797442436218262e-01
-9.997519850730895996e-01
-9.995829463005065918e-01
-9.997653365135192871e-01
-9.996108412742614746e-01
-9.996064305305480957e-01
-9.996827840805053711e-01
-9.996339678764343262e-01
-9.996740221977233887e-01
-9.995547533035278320e-01
-9.997650980949401855e-01
-9.997443556785583496e-01
-9.995059370994567871e-01
-9.995937943458557129e-01
-9.997975230216979980e-01
-9.996113181114196777e-01
-9.996479749679565430e-01
-9.995207190513610840e-01
-9.998127818107604980e-01
-9.996762275695800781e-01
-9.996516108512878418e-01
-9.998366236686706543e-01
-9.997239708900451660e-01
-9.997990131378173828e-01
-9.996568560600280762e-01
-9.996864199638366699e-01
-9.996247291564941406e-01
-9.997511506080627441e-01
-9.996366500854492188e-01
-9.996752738952636719e-01
-9.996670484542846680e-01
-9.997215867042541504e-01
-9.996037483215332031e-01
-9.995113611221313477e-01
-9.997888207435607910e-01
-9.997568130493164062e-01
-9.996089935302734375e-01
-9.997099637985229492e-01
-9.997014999389648438e-01
-9.995372891426086426e-01
-9.996827840805053711e-01
-9.996055960655212402e-01
-9.997770786285400391e-01
-9.998084902763366699e-01
-9.997307658195495605e-01
-9.997716546058654785e-01
-9.997964501380920410e-01
-9.996112585067749023e-01
-9.998325109481811523e-01
-9.996327161788940430e-01
-9.997932910919189453e-01
-9.996354579925537109e-01
-9.997500777244567871e-01
-9.998167753219604492e-01
-9.998480081558227539e-01
-9.996597766876220703e-01
-9.995490908622741699e-01
-9.997588992118835449e-01
-9.996730089187622070e-01
-9.994480013847351074e-01
-9.996283054351806641e-01
-9.994385838508605957e-01
-9.996475577354431152e-01
-9.997830986976623535e-01
-9.996764063835144043e-01
-9.997808933258056641e-01
-9.997643232345581055e-01
-9.994481205940246582e-01
-9.996695518493652344e-01
-9.997087121009826660e-01
-9.997316598892211914e-01
-9.995575547218322754e-01
-9.995529651641845703e-01
-9.995136857032775879e-01
-9.996322393417358398e-01
-9.996367096900939941e-01
-9.995440244674682617e-01
-9.997298717498779297e-01
-9.997001886367797852e-01
-9.996042251586914062e-01
-9.996668696403503418e-01
-9.996691942214965820e-01
-9.995968937873840332e-01
-9.996621012687683105e-01
-9.996758103370666504e-01
-9.996605515480041504e-01
-9.997218251228332520e-01
-9.996355772018432617e-01
-9.995961189270019531e-01
-9.996814727783203125e-01
-9.995414614677429199e-01
-9.996652603149414062e-01
-9.997832179069519043e-01
-9.996677041053771973e-01
-9.995461106300354004e-01
-9.996032118797302246e-01
-9.995440244674682617e-01
-9.997723698616027832e-01
-9.994807243347167969e-01
-9.996871948242187500e-01
-9.997084736824035645e-01
-9.997414946556091309e-01
-9.996907114982604980e-01
-9.996336102485656738e-01
-9.996021389961242676e-01
-9.995985627174377441e-01
-9.997332096099853516e-01
-9.997695684432983398e-01
-9.996431469917297363e-01
-9.997298121452331543e-01
-9.994271993637084961e-01
-9.997656941413879395e-01
-9.997895956039428711e-01
-9.998365640640258789e-01
-9.996521472930908203e-01
-9.997088313102722168e-01
-9.997545480728149414e-01
-9.996691942214965820e-01
-9.997040033340454102e-01
-9.996491074562072754e-01
-9.997702836990356445e-01
-9.996283650398254395e-01
-9.996069073677062988e-01
-9.996483922004699707e-01
-9.997635483741760254e-01
-9.996987581253051758e-01
-9.995994567871093750e-01
-9.997877478599548340e-01
-9.997241497039794922e-01
-9.997147917747497559e-01
-9.996250271797180176e-01
-9.997342228889465332e-01
-9.998323917388916016e-01
-9.996111392974853516e-01
-9.997607469558715820e-01
-9.997658133506774902e-01
-9.996920824050903320e-01
-9.997234344482421875e-01
-9.997676610946655273e-01
-9.997810125350952148e-01
-9.997373819351196289e-01
-9.998327493667602539e-01
-9.994904398918151855e-01
-9.994503259658813477e-01
-9.996570944786071777e-01
-9.998192191123962402e-01
-9.997504949569702148e-01
-9.996550083160400391e-01
-9.995846748352050781e-01
-9.996443390846252441e-01
-9.995772242546081543e-01
-9.997412562370300293e-01
-9.995859861373901367e-01
-9.997161626815795898e-01
-9.997718334197998047e-01
-9.997887015342712402e-01
-9.997565150260925293e-01
-9.997724890708923340e-01
-9.997954368591308594e-01
-9.997375011444091797e-01
-9.998202323913574219e-01
-9.997542500495910645e-01
-9.997959733009338379e-01
-9.998024702072143555e-01
-9.998061656951904297e-01
-9.997282624244689941e-01
-9.998235702514648438e-01
-9.997822642326354980e-01
-9.997532963752746582e-01
-9.998815655708312988e-01
-9.998090863227844238e-01
-9.997411966323852539e-01
-9.997708201408386230e-01
-9.998279809951782227e-01
-9.998324513435363770e-01
-9.998309612274169922e-01
-9.998588562011718750e-01
-9.998632669448852539e-01
-9.998061656951904297e-01
-9.997987747192382812e-01
-9.998501539230346680e-01
-9.998556375503540039e-01
-9.998355507850646973e-01
-9.997743368148803711e-01
-9.998309612274169922e-01
-9.998296499252319336e-01
-9.998084902763366699e-01
-9.998520016670227051e-01
-9.998905062675476074e-01
-9.999030232429504395e-01
-9.998775124549865723e-01
-9.999028444290161133e-01
-9.998862743377685547e-01
-9.998751282691955566e-01
-9.999869465827941895e-01
-9.999989867210388184e-01
-9.994576573371887207e-01
-8.743966817855834961e-01
-8.842903375625610352e-01
-7.616957426071166992e-01
-7.640375494956970215e-01
-7.059310078620910645e-01
-6.747545003890991211e-01
-6.791909933090209961e-01
-7.488411664962768555e-01
-6.276547908782958984e-01
-6.959128975868225098e-01
-3.921594321727752686e-01
-6.770122796297073364e-02
-1.746046543121337891e-01
2.840447425842285156e-01
-9.630178213119506836e-01
8.936768174171447754e-01
9.907002449035644531e-01
9.899395108222961426e-01
9.207807183265686035e-01
9.372295141220092773e-01
-7.250362634658813477e-01
-5.981889963150024414e-01
-8.159083127975463867e-01
-1.663956791162490845e-01
9.969761371612548828e-01
-9.954083561897277832e-01
-9.981999397277832031e-01
-2.916515469551086426e-01
9.952850937843322754e-01
-9.996132254600524902e-01
-9.981673359870910645e-01
-8.798242807388305664e-01
-4.791329503059387207e-01
9.827284812927246094e-01
-9.989511370658874512e-01
-9.984008669853210449e-01
-8.358830809593200684e-01
-8.844091892242431641e-01
-9.072378277778625488e-01
-7.194558382034301758e-01
8.960202336311340332e-01
-9.983930587768554688e-01
-9.980809688568115234e-01
-9.182883501052856445e-01
-9.512149095535278320e-01
-9.853323698043823242e-01
-9.992066025733947754e-01
-9.970733523368835449e-01
-9.940907955169677734e-01
-9.874969124794006348e-01
-9.908953905105590820e-01
-9.347795248031616211e-01
5.411421060562133789e-01
-9.990427494049072266e-01
-9.703437089920043945e-01
-9.730558395385742188e-01
2.910294532775878906e-01
-9.983382225036621094e-01
-9.710731506347656250e-01
-9.912297725677490234e-01
-9.958002567291259766e-01
-9.996132850646972656e-01
-9.994891881942749023e-01
-9.979565143585205078e-01
-9.162230491638183594e-01
-1.330727487802505493e-01
-9.993346333503723145e-01
-9.966741204261779785e-01
-8.662192821502685547e-01
-9.558213949203491211e-01
