-8.143909275531768799e-02
-9.869387745857238770e-01
-2.801431417465209961e-01
-6.711000949144363403e-02
9.979472756385803223e-01
9.992247223854064941e-01
-3.360395431518554688e-01
8.447092175483703613e-01
-4.518024027347564697e-01
7.210619002580642700e-02
9.551856517791748047e-01
-9.669020771980285645e-01
9.374554753303527832e-01
8.886727690696716309e-01
-1.493899673223495483e-01
1.554794758558273315e-01
-7.482095807790756226e-02
3.196865022182464600e-01
-1.321580111980438232e-01
7.630752921104431152e-01
8.332628607749938965e-01
-6.945254802703857422e-01
9.598502516746520996e-01
9.469353556632995605e-01
9.064955711364746094e-01
-6.593622565269470215e-01
-8.604561090469360352e-01
9.272178411483764648e-01
9.916508793830871582e-01
9.690806865692138672e-01
-7.534434795379638672e-01
2.654804289340972900e-01
1.633709520101547241e-01
-8.185616135597229004e-01
8.898127675056457520e-01
7.120112180709838867e-01
2.698156237602233887e-01
-9.323340058326721191e-01
4.311904311180114746e-01
9.766297340393066406e-01
-3.304006457328796387e-01
5.693683624267578125e-01
-7.062404183670878410e-04
6.816412210464477539e-01
-3.918820023536682129e-01
5.562679171562194824e-01
9.967688918113708496e-01
-9.834861755371093750e-01
6.190654039382934570e-01
9.567570686340332031e-01
7.251983284950256348e-01
-9.836218357086181641e-01
-4.764507412910461426e-01
9.900159239768981934e-01
9.299370646476745605e-01
-7.959060668945312500e-01
1.751093566417694092e-01
-1.552449911832809448e-01
8.559409379959106445e-01
-4.741510152816772461e-01
9.342269301414489746e-01
-1.289770603179931641e-01
5.401284098625183105e-01
8.773689270019531250e-01
-5.655874013900756836e-01
8.575651645660400391e-01
-2.398832142353057861e-01
9.499399662017822266e-01
-9.488170146942138672e-01
8.367215394973754883e-01
9.846767187118530273e-01
-3.944991230964660645e-01
2.366737425327301025e-01
-7.415364980697631836e-01
9.882519841194152832e-01
8.552683591842651367e-01
5.698958039283752441e-01
-7.517727613449096680e-01
-5.791532397270202637e-01
9.590595960617065430e-01
9.903558492660522461e-01
5.445337891578674316e-01
-9.909582734107971191e-01
-1.440182179212570190e-01
9.612782001495361328e-01
5.368623137474060059e-01
-3.526013791561126709e-01
6.759397387504577637e-01
-5.317468643188476562e-01
9.620913267135620117e-01
9.571334719657897949e-01
-8.687395453453063965e-01
-3.731364607810974121e-01
9.871326088905334473e-01
5.581354349851608276e-02
6.854228973388671875e-01
9.093341231346130371e-01
-6.165856495499610901e-02
-8.785108327865600586e-01
-3.400541841983795166e-01
9.917390942573547363e-01
9.598298072814941406e-01
-9.236186742782592773e-02
-6.010285019874572754e-01
9.804140925407409668e-01
-2.227017432451248169e-01
2.478545010089874268e-01
6.958001852035522461e-01
-6.788062453269958496e-01
9.750190377235412598e-01
9.976401925086975098e-01
-9.581296443939208984e-01
3.097164630889892578e-01
6.823967695236206055e-01
7.859578728675842285e-01
-9.787900447845458984e-01
7.764567136764526367e-01
9.925865530967712402e-01
1.847334951162338257e-01
-5.387564301490783691e-01
-2.486923038959503174e-01
-2.820336222648620605e-01
9.742171168327331543e-01
9.515154957771301270e-01
-7.508324086666107178e-02
-4.054209589958190918e-02
4.020651578903198242e-01
5.503444671630859375e-01
2.753641903400421143e-01
-6.401339769363403320e-01
7.381326556205749512e-01
5.385699868202209473e-01
5.002688169479370117e-01
1.877930164337158203e-01
8.900864720344543457e-01
-4.411340951919555664e-01
-4.358373284339904785e-01
6.150518655776977539e-01
-5.028127431869506836e-01
8.823497891426086426e-01
9.719678163528442383e-01
-8.873817324638366699e-01
1.749197542667388916e-01
-8.073189258575439453e-01
6.286370754241943359e-01
9.772428870201110840e-01
7.294752001762390137e-01
-8.740673065185546875e-01
9.776345491409301758e-01
8.679612874984741211e-01
6.454339623451232910e-02
7.581318020820617676e-01
-9.098522663116455078e-01
-6.916986107826232910e-01
9.842892289161682129e-01
9.962928295135498047e-01
9.973899126052856445e-01
8.705212920904159546e-02
-9.043904542922973633e-01
-6.642054915428161621e-01
4.048815071582794189e-01
9.864311218261718750e-01
-3.291215598583221436e-01
9.646694660186767578e-01
-9.954223632812500000e-01
7.632858157157897949e-01
7.305471301078796387e-01
6.701543927192687988e-01
-7.504352927207946777e-01
9.700870513916015625e-01
5.090555548667907715e-01
9.765949845314025879e-01
-8.339952826499938965e-01
1.514877527952194214e-01
8.604058623313903809e-01
9.644638895988464355e-01
2.732905149459838867e-01
-9.294713735580444336e-01
1.775147020816802979e-01
-1.897309273481369019e-01
5.679834485054016113e-01
5.781466960906982422e-01
-7.577105760574340820e-01
9.482020735740661621e-01
7.268367409706115723e-01
-9.547408223152160645e-01
1.414929777383804321e-01
9.964575767517089844e-01
9.074303507804870605e-01
1.478585898876190186e-01
-9.011872410774230957e-01
4.053173363208770752e-01
8.710834383964538574e-01
-3.665439188480377197e-01
-8.124996423721313477e-01
5.517607927322387695e-01
5.791049003601074219e-01
2.213511615991592407e-01
9.942952394485473633e-01
6.506549715995788574e-01
-9.094320535659790039e-01
7.084402441978454590e-01
8.400690555572509766e-01
3.890962004661560059e-01
3.811290264129638672e-01
8.612744212150573730e-01
-9.642212390899658203e-01
9.214847683906555176e-01
9.734492301940917969e-01
-8.666015863418579102e-01
-7.347111701965332031e-01
9.414297938346862793e-01
9.469617009162902832e-01
-9.489883184432983398e-01
3.390394151210784912e-01
9.899412989616394043e-01
-2.689185142517089844e-01
-8.672251105308532715e-01
8.424255847930908203e-01
5.633050799369812012e-01
-3.029652535915374756e-01
3.191162133589386940e-03
4.158739447593688965e-01
-1.692666113376617432e-01
9.779403805732727051e-01
9.129872173070907593e-02
-5.971143245697021484e-01
6.276407837867736816e-01
9.980493783950805664e-01
-4.906557500362396240e-01
9.806692004203796387e-01
-7.380714416503906250e-01
7.548414468765258789e-01
9.383638501167297363e-01
1.652626544237136841e-01
9.893882870674133301e-01
-6.834479570388793945e-01
4.937056303024291992e-01
9.097951650619506836e-01
-8.682386875152587891e-01
4.677844643592834473e-01
9.734334349632263184e-01
-8.027622699737548828e-01
-1.478641177527606487e-03
6.630365848541259766e-01
8.429733514785766602e-01
6.511438488960266113e-01
-8.517094254493713379e-01
4.280674159526824951e-01
2.531753182411193848e-01
6.739903688430786133e-01
-3.478317856788635254e-01
8.243153691291809082e-01
-9.376311302185058594e-01
4.518999159336090088e-01
2.068671435117721558e-01
9.955620169639587402e-01
-6.271395087242126465e-01
-6.982630118727684021e-03
5.859675407409667969e-01
-4.795435667037963867e-01
9.101036787033081055e-01
-3.722268640995025635e-01
7.127500772476196289e-01
9.887820482254028320e-01
-1.717276722192764282e-01
-3.781486451625823975e-01
1.466717123985290527e-01
9.878566861152648926e-01
3.509323894977569580e-01
-1.929269433021545410e-01
-7.637691497802734375e-01
9.871318340301513672e-01
9.812731742858886719e-01
-7.050887942314147949e-01
6.009928584098815918e-01
-1.980806440114974976e-01
9.839397668838500977e-01
9.751909375190734863e-01
-8.487846851348876953e-01
-4.479752779006958008e-01
2.513513565063476562e-01
9.998217821121215820e-01
9.949783086776733398e-01
6.195953488349914551e-01
-9.420990347862243652e-01
-1.662470996379852295e-01
8.545448184013366699e-01
3.550328314304351807e-03
8.491701483726501465e-01
-1.808558851480484009e-01
-5.672976374626159668e-01
-2.033003717660903931e-01
9.968720078468322754e-01
9.923318028450012207e-01
4.486819803714752197e-01
-9.808127880096435547e-01
5.543732270598411560e-02
2.620230615139007568e-01
1.272638887166976929e-01
6.009985804557800293e-01
2.723464071750640869e-01
6.133698225021362305e-01
6.715570688247680664e-01
-4.319028854370117188e-01
9.859544038772583008e-01
2.029532790184020996e-01
-8.025788068771362305e-01
-8.241152763366699219e-02
9.986125230789184570e-01
4.739598035812377930e-01
5.656640529632568359e-01
-9.735972881317138672e-01
2.246285378932952881e-01
4.277891516685485840e-01
9.958961009979248047e-01
-9.835057854652404785e-01
-7.320526242256164551e-01
9.913207888603210449e-01
8.706517815589904785e-01
2.581914365291595459e-01
7.561777234077453613e-01
6.988736987113952637e-02
-8.315113186836242676e-01
9.953215122222900391e-01
9.765209555625915527e-01
-9.845594167709350586e-01
2.361191213130950928e-01
5.553563237190246582e-01
9.167550206184387207e-01
1.552976369857788086e-01
1.866548955440521240e-01
-2.044134438037872314e-01
9.116647243499755859e-01
-8.054877519607543945e-01
-2.806949913501739502e-01
5.444270968437194824e-01
-4.972811043262481689e-02
9.907579421997070312e-01
9.482824206352233887e-01
-4.751826077699661255e-02
8.978658318519592285e-01
-6.608685851097106934e-01
3.056569695472717285e-01
-9.224856495857238770e-01
4.735476672649383545e-01
8.785145878791809082e-01
7.327033877372741699e-01
3.816577196121215820e-01
-9.012510776519775391e-01
-5.972079634666442871e-01
3.118371963500976562e-01
9.371660947799682617e-01
8.554490804672241211e-01
-5.633492469787597656e-01
-4.560080170631408691e-01
1.707291752099990845e-01
8.571873903274536133e-01
8.954703807830810547e-01
-7.875126600265502930e-01
3.058286607265472412e-01
8.379638791084289551e-01
9.610072970390319824e-01
-7.347334027290344238e-01
-2.241804897785186768e-01
9.334291815757751465e-01
9.915229678153991699e-01
6.991688609123229980e-01
9.033463001251220703e-01
8.065156936645507812e-01
-8.210075497627258301e-01
-9.732879996299743652e-01
-9.996886849403381348e-01
-8.411535620689392090e-02
6.434205174446105957e-01
8.848383426666259766e-01
2.775992155075073242e-01
-9.624571800231933594e-01
-9.972257614135742188e-01
-9.745788574218750000e-01
-9.363446831703186035e-01
-5.234429240226745605e-01
9.854520559310913086e-01
9.909385442733764648e-01
9.889277219772338867e-01
-7.214719653129577637e-01
-9.975588321685791016e-01
-6.479855775833129883e-01
-9.632343053817749023e-01
7.877240180969238281e-01
9.852786064147949219e-01
9.323158264160156250e-01
-9.889642000198364258e-01
-9.991656541824340820e-01
-8.640714287757873535e-01
5.813554525375366211e-01
9.999478459358215332e-01
9.998973608016967773e-01
8.994007110595703125e-01
-9.902259707450866699e-01
-9.680586457252502441e-01
-7.866269350051879883e-01
9.856624603271484375e-01
9.742261171340942383e-01
9.833801984786987305e-01
-6.711442470550537109e-01
-6.172346472740173340e-01
-8.698673248291015625e-01
-2.870991826057434082e-01
9.985693097114562988e-01
9.963667392730712891e-01
2.222793698310852051e-01
-8.601897954940795898e-01
-7.135055065155029297e-01
8.567185401916503906e-01
3.390118181705474854e-01
5.018587112426757812e-01
3.011534810066223145e-01
-8.137810975313186646e-02
9.730072617530822754e-01
3.227464854717254639e-01
7.842463254928588867e-01
-5.821717381477355957e-01
-9.236783981323242188e-01
-1.975096315145492554e-01
8.568547964096069336e-01
9.496970772743225098e-01
9.749985933303833008e-01
5.199732184410095215e-01
-9.918373227119445801e-01
-8.908521533012390137e-01
1.968944370746612549e-01
9.725847840309143066e-01
9.987583160400390625e-01
3.503000438213348389e-01
-6.117402762174606323e-02
1.989239603281021118e-01
-3.811214864253997803e-01
4.387361109256744385e-01
-1.250326633453369141e-01
9.901319742202758789e-01
1.600583493709564209e-01
2.490312755107879639e-01
2.144811153411865234e-01
-5.884562134742736816e-01
9.857471585273742676e-01
9.850356578826904297e-01
-4.553450345993041992e-01
-8.339049816131591797e-01
8.835730552673339844e-01
9.480741024017333984e-01
-5.257745981216430664e-01
-9.514902234077453613e-01
9.016841650009155273e-01
-5.358377695083618164e-01
9.958024621009826660e-01
5.251809358596801758e-01
9.201814532279968262e-01
3.565206229686737061e-01
-1.868866086006164551e-01
5.222302675247192383e-01
6.893962025642395020e-01
-6.795445084571838379e-01
2.391789555549621582e-01
9.867218136787414551e-01
7.837481498718261719e-01
-9.981001019477844238e-01
-1.080367565155029297e-01
9.185515046119689941e-01
9.039040207862854004e-01
-8.984689712524414062e-01
6.242249608039855957e-01
9.185352921485900879e-01
6.308854222297668457e-01
-9.979373812675476074e-01
-8.975217938423156738e-01
9.755994677543640137e-01
9.983025789260864258e-01
9.956147670745849609e-01
-9.198155254125595093e-02
-7.702592611312866211e-01
-9.233825206756591797e-01
9.542457461357116699e-01
6.569857597351074219e-01
1.049326360225677490e-01
2.545908689498901367e-01
7.218811511993408203e-01
-5.549323558807373047e-01
7.270473241806030273e-01
8.455150127410888672e-01
-2.434578686952590942e-01
-7.415879964828491211e-01
9.607323408126831055e-01
9.991537928581237793e-01
6.413184404373168945e-01
-9.334568381309509277e-01
-4.784270524978637695e-01
9.950138330459594727e-01
9.987745285034179688e-01
4.708708822727203369e-01
-4.966214895248413086e-01
-6.277716755867004395e-01
-6.961870789527893066e-01
9.922426939010620117e-01
9.786384701728820801e-01
4.334117770195007324e-01
5.930191874504089355e-01
3.845061659812927246e-01
2.489479482173919678e-01
4.251976907253265381e-01
-9.047472476959228516e-02
9.529050588607788086e-01
