-9.994937777519226074e-01
-9.987350702285766602e-01
-9.980515241622924805e-01
-9.990130066871643066e-01
-9.979470968246459961e-01
-9.983627796173095703e-01
-9.975957274436950684e-01
-9.984135031700134277e-01
-9.991502165794372559e-01
-9.988691210746765137e-01
-9.992349147796630859e-01
-9.980151057243347168e-01
-9.982153177261352539e-01
-9.971290826797485352e-01
-9.983438253402709961e-01
-9.969990253448486328e-01
-9.979584217071533203e-01
-9.988739490509033203e-01
-9.976615905761718750e-01
-9.983190894126892090e-01
-9.985671639442443848e-01
-9.990026950836181641e-01
-9.975854754447937012e-01
-9.988240003585815430e-01
-9.961577057838439941e-01
-9.985392689704895020e-01
-9.984988570213317871e-01
-9.978271126747131348e-01
-9.964833259582519531e-01
-9.980517029762268066e-01
-9.977636933326721191e-01
-9.975373744964599609e-01
-9.981598854064941406e-01
-9.984887838363647461e-01
-9.970629811286926270e-01
-9.988677501678466797e-01
-9.993464350700378418e-01
-9.985349774360656738e-01
-9.989417791366577148e-01
-9.974461197853088379e-01
-9.986072778701782227e-01
-9.981495141983032227e-01
-9.978950023651123047e-01
-9.966508150100708008e-01
-9.977990984916687012e-01
-9.980363249778747559e-01
-9.971932768821716309e-01
-9.989212751388549805e-01
-9.981742501258850098e-01
-9.972677826881408691e-01
-9.985476732254028320e-01
-9.984898567199707031e-01
-9.978393912315368652e-01
-9.985135197639465332e-01
-9.983804821968078613e-01
-9.978013038635253906e-01
-9.978465437889099121e-01
-9.990543723106384277e-01
-9.983591437339782715e-01
-9.987594485282897949e-01
-9.967401623725891113e-01
-9.982457756996154785e-01
-9.989345669746398926e-01
-9.988262057304382324e-01
-9.981518983840942383e-01
-9.970504641532897949e-01
-9.980983734130859375e-01
-9.985114932060241699e-01
-9.990981221199035645e-01
-9.985836148262023926e-01
-9.979473948478698730e-01
-9.973384737968444824e-01
-9.985814094543457031e-01
-9.987714886665344238e-01
-9.984814524650573730e-01
-9.982631206512451172e-01
-9.977453351020812988e-01
-9.981783628463745117e-01
-9.990949034690856934e-01
-9.986570477485656738e-01
-9.968975186347961426e-01
-9.984516501426696777e-01
-9.984493255615234375e-01
-9.977648258209228516e-01
-9.984136819839477539e-01
-9.966888427734375000e-01
-9.987530112266540527e-01
-9.988244175910949707e-01
-9.973940253257751465e-01
-8.882664442062377930e-01
-9.216594696044921875e-01
-9.541973471641540527e-01
-9.480491280555725098e-01
-9.423118829727172852e-01
-9.783188104629516602e-01
-9.697326421737670898e-01
-9.527700543403625488e-01
-9.708111882209777832e-01
-9.541473388671875000e-01
-9.686524271965026855e-01
-9.712134599685668945e-01
-9.771124720573425293e-01
-9.757421016693115234e-01
-9.598059058189392090e-01
-9.805661439895629883e-01
-9.768275022506713867e-01
-9.900211095809936523e-01
-9.559893608093261719e-01
-9.610092639923095703e-01
-9.338916540145874023e-01
-9.403934478759765625e-01
-9.503901004791259766e-01
-9.548841118812561035e-01
-9.593658447265625000e-01
-9.670286178588867188e-01
-9.816533923149108887e-01
-9.658359885215759277e-01
-9.486792683601379395e-01
-9.727711677551269531e-01
-9.791428446769714355e-01
-9.624022841453552246e-01
-9.778812527656555176e-01
-9.811722040176391602e-01
-9.688987135887145996e-01
-9.706578850746154785e-01
-9.736102223396301270e-01
-9.746673107147216797e-01
-9.814183712005615234e-01
-9.873868823051452637e-01
-9.837355613708496094e-01
-9.212676286697387695e-01
-9.475572705268859863e-01
-9.815380573272705078e-01
-9.861179590225219727e-01
-9.743298888206481934e-01
-9.888755679130554199e-01
-9.838396906852722168e-01
-9.846633672714233398e-01
-9.891605973243713379e-01
-9.908808469772338867e-01
-9.849081635475158691e-01
-9.948871135711669922e-01
-9.805996417999267578e-01
-9.925314188003540039e-01
-9.921675920486450195e-01
-9.712288379669189453e-01
-9.736379384994506836e-01
-9.844247698783874512e-01
-9.903536438941955566e-01
-9.928855299949645996e-01
-9.828985333442687988e-01
-9.922995567321777344e-01
-9.836084842681884766e-01
-9.886363148689270020e-01
-9.893154501914978027e-01
-9.886068701744079590e-01
-9.879052042961120605e-01
-9.935948848724365234e-01
-9.896509051322937012e-01
-9.906463027000427246e-01
-9.850896596908569336e-01
-9.840773344039916992e-01
-9.885506033897399902e-01
-9.838172197341918945e-01
-9.911119341850280762e-01
-9.928834438323974609e-01
-9.894027113914489746e-01
-9.783331155776977539e-01
-9.895010590553283691e-01
-9.927981495857238770e-01
-9.892795681953430176e-01
-9.811750650405883789e-01
-9.965028762817382812e-01
-9.885025620460510254e-01
-9.875974059104919434e-01
-9.940721392631530762e-01
-9.825521111488342285e-01
-9.844172000885009766e-01
-9.943908452987670898e-01
-9.872587919235229492e-01
-9.805483222007751465e-01
-9.897185564041137695e-01
-9.961367845535278320e-01
-9.886615872383117676e-01
-9.881288409233093262e-01
-9.925519227981567383e-01
-9.884627461433410645e-01
-9.939596056938171387e-01
-9.875557422637939453e-01
-9.949062466621398926e-01
-9.947329759597778320e-01
-9.965412020683288574e-01
-9.951532483100891113e-01
-9.928618073463439941e-01
-9.942604303359985352e-01
-9.942446947097778320e-01
-9.951463937759399414e-01
-9.950013756752014160e-01
-9.946445226669311523e-01
-9.928924441337585449e-01
-9.958597421646118164e-01
-9.934018254280090332e-01
-9.923980832099914551e-01
-9.950541853904724121e-01
-9.969384074211120605e-01
-9.931718707084655762e-01
-9.917830228805541992e-01
-9.963630437850952148e-01
-9.970235824584960938e-01
-9.967426061630249023e-01
-9.931597709655761719e-01
-9.939427971839904785e-01
-9.950544834136962891e-01
-9.922454357147216797e-01
-9.918701648712158203e-01
-9.918548464775085449e-01
-9.956983327865600586e-01
-9.959672689437866211e-01
-9.946938753128051758e-01
-9.953091740608215332e-01
-9.949495196342468262e-01
-9.914979934692382812e-01
-9.962665438652038574e-01
-9.959100484848022461e-01
-9.942842721939086914e-01
-9.954730868339538574e-01
-9.955843687057495117e-01
-9.966660141944885254e-01
-9.953361749649047852e-01
-9.970620870590209961e-01
-9.958635568618774414e-01
-9.969938993453979492e-01
-9.914690256118774414e-01
-9.952371716499328613e-01
-9.964341521263122559e-01
-9.936530590057373047e-01
-9.968500733375549316e-01
-9.975439310073852539e-01
-9.983932375907897949e-01
-9.941418766975402832e-01
-9.971184134483337402e-01
-9.959526658058166504e-01
-9.928646087646484375e-01
-9.926000833511352539e-01
-9.953558444976806641e-01
-9.961183667182922363e-01
-9.955153465270996094e-01
-9.962878227233886719e-01
-9.972555637359619141e-01
-9.972118139266967773e-01
-9.948768615722656250e-01
-9.978579878807067871e-01
-9.949849247932434082e-01
-9.948751926422119141e-01
-9.982692599296569824e-01
-9.962096810340881348e-01
-9.965294599533081055e-01
-9.966540336608886719e-01
-9.980917572975158691e-01
-9.978806972503662109e-01
-9.976564645767211914e-01
-9.933772683143615723e-01
-9.985024929046630859e-01
-9.937187433242797852e-01
-9.973840713500976562e-01
-9.970201849937438965e-01
-9.986270070075988770e-01
-9.984134435653686523e-01
-9.974629878997802734e-01
-9.962897896766662598e-01
-9.970002174377441406e-01
-9.971144795417785645e-01
-9.942646026611328125e-01
-9.981864094734191895e-01
-9.950903058052062988e-01
-9.958725571632385254e-01
-9.985822439193725586e-01
-9.974144697189331055e-01
-9.936887025833129883e-01
-9.960682988166809082e-01
-9.980288147926330566e-01
-9.961411356925964355e-01
-9.983844161033630371e-01
-9.977558851242065430e-01
-9.982509613037109375e-01
-9.978186488151550293e-01
-9.980723261833190918e-01
-9.956757426261901855e-01
-9.985039234161376953e-01
-9.965983629226684570e-01
-9.990140795707702637e-01
-9.977785944938659668e-01
-9.969367384910583496e-01
-9.965721964836120605e-01
-9.974492192268371582e-01
-9.981181621551513672e-01
-9.982020854949951172e-01
-9.963639378547668457e-01
-9.983555078506469727e-01
-9.982348084449768066e-01
-9.987711906433105469e-01
-9.962619543075561523e-01
-9.975278973579406738e-01
-9.969188570976257324e-01
-9.982215166091918945e-01
-9.973244667053222656e-01
-9.987194538116455078e-01
-9.991409182548522949e-01
-9.983053803443908691e-01
-9.985028505325317383e-01
-9.978476166725158691e-01
-9.991835951805114746e-01
-9.980416893959045410e-01
-9.978057742118835449e-01
-9.984449148178100586e-01
-9.968431591987609863e-01
-9.990167021751403809e-01
-9.980601072311401367e-01
-9.947909712791442871e-01
-9.988982081413269043e-01
-9.967939853668212891e-01
-9.954636693000793457e-01
-9.972332119941711426e-01
-9.993566870689392090e-01
-9.972937107086181641e-01
-9.964740276336669922e-01
-9.947392344474792480e-01
-9.990173578262329102e-01
-9.982000589370727539e-01
-9.977506995201110840e-01
-9.974902868270874023e-01
-9.979769587516784668e-01
-9.982101917266845703e-01
-9.979292750358581543e-01
-9.969527721405029297e-01
-9.976667761802673340e-01
-9.979611039161682129e-01
-9.956285357475280762e-01
-9.977581501007080078e-01
-9.989727139472961426e-01
-9.972568154335021973e-01
-9.987738132476806641e-01
-9.992794394493103027e-01
-9.969782829284667969e-01
-9.981902837753295898e-01
-9.974641799926757812e-01
-9.979155063629150391e-01
-9.984767436981201172e-01
-9.979606270790100098e-01
-9.988340735435485840e-01
-9.982746243476867676e-01
-9.982273578643798828e-01
-9.976946711540222168e-01
-9.974837303161621094e-01
-9.966067075729370117e-01
-9.985195994377136230e-01
-9.971064925193786621e-01
-9.984303712844848633e-01
-9.972390532493591309e-01
-9.984580278396606445e-01
-9.986474514007568359e-01
-9.986433982849121094e-01
-9.984264373779296875e-01
-9.972482919692993164e-01
-9.987943768501281738e-01
-9.982206225395202637e-01
-9.986698627471923828e-01
-9.980151653289794922e-01
-9.984869360923767090e-01
-9.976426362991333008e-01
-9.989849328994750977e-01
-9.979932308197021484e-01
-9.992942810058593750e-01
-9.987863898277282715e-01
-9.985898137092590332e-01
-9.990919828414916992e-01
-9.982433915138244629e-01
-9.976658821105957031e-01
-9.989526867866516113e-01
-9.985495209693908691e-01
-9.988770484924316406e-01
-9.983606338500976562e-01
-9.978042840957641602e-01
-9.970569014549255371e-01
-9.961947798728942871e-01
-9.986931085586547852e-01
-9.981360435485839844e-01
-9.980764389038085938e-01
-9.985804557800292969e-01
-9.986171722412109375e-01
-9.979088902473449707e-01
-9.978234767913818359e-01
-9.969027638435363770e-01
-9.991316199302673340e-01
-9.976822137832641602e-01
-9.982367753982543945e-01
-9.974520206451416016e-01
-9.976905584335327148e-01
-9.987089037895202637e-01
-9.990606307983398438e-01
-9.983748197555541992e-01
-9.979560375213623047e-01
-9.980820417404174805e-01
-9.983767271041870117e-01
-9.981446862220764160e-01
-9.984860420227050781e-01
-9.988825917243957520e-01
-9.987611770629882812e-01
-9.990950822830200195e-01
-9.980673193931579590e-01
-9.989400506019592285e-01
-9.976089000701904297e-01
-9.984837770462036133e-01
-9.990121722221374512e-01
-9.979341626167297363e-01
-9.992197155952453613e-01
-9.992704987525939941e-01
-9.983419775962829590e-01
-9.972827434539794922e-01
-9.990236759185791016e-01
-9.983576536178588867e-01
-9.980512857437133789e-01
-9.972709417343139648e-01
-9.985110759735107422e-01
-9.989836812019348145e-01
-9.985847473144531250e-01
-9.985713362693786621e-01
-9.978395104408264160e-01
-9.992075562477111816e-01
-9.992667436599731445e-01
-9.988501071929931641e-01
-9.990828037261962891e-01
-9.976410269737243652e-01
-9.980196952819824219e-01
-9.993153214454650879e-01
-9.979550838470458984e-01
-9.986011385917663574e-01
-9.979405999183654785e-01
-9.987921714782714844e-01
-9.987975955009460449e-01
-9.991753697395324707e-01
-9.989092946052551270e-01
-9.986814260482788086e-01
-9.986577033996582031e-01
-9.962155222892761230e-01
-9.986470937728881836e-01
-9.988257884979248047e-01
-9.987049698829650879e-01
-9.980912804603576660e-01
-9.987211823463439941e-01
-9.995129704475402832e-01
-9.976030588150024414e-01
-9.979888796806335449e-01
-9.986785650253295898e-01
-9.979504942893981934e-01
-9.984992742538452148e-01
-9.984908103942871094e-01
-9.978623986244201660e-01
-9.989032745361328125e-01
-9.989838004112243652e-01
-9.986863136291503906e-01
-9.988656640052795410e-01
-9.977647662162780762e-01
-9.975042939186096191e-01
-9.990478157997131348e-01
-9.976027607917785645e-01
-9.990501403808593750e-01
-9.987537860870361328e-01
-9.987241029739379883e-01
-9.987119436264038086e-01
-9.978197813034057617e-01
-9.985386729240417480e-01
-9.985592961311340332e-01
-9.972451329231262207e-01
-9.988167285919189453e-01
-9.989858865737915039e-01
-9.985147118568420410e-01
-9.993785023689270020e-01
-9.989148974418640137e-01
-9.989688992500305176e-01
-9.984048008918762207e-01
-9.993234276771545410e-01
-9.983437061309814453e-01
-9.991856813430786133e-01
-9.992486238479614258e-01
-9.986398220062255859e-01
-9.974156618118286133e-01
-9.971407651901245117e-01
-9.988394379615783691e-01
-9.976591467857360840e-01
-9.988479018211364746e-01
-9.980726838111877441e-01
-9.980069398880004883e-01
-9.983918666839599609e-01
-9.989172220230102539e-01
-9.968187212944030762e-01
-9.989354610443115234e-01
-9.988675117492675781e-01
-9.988298416137695312e-01
-9.973114728927612305e-01
-9.987947940826416016e-01
-9.984459877014160156e-01
-9.980932474136352539e-01
-9.964289665222167969e-01
-9.994294643402099609e-01
-9.990335702896118164e-01
-9.989733695983886719e-01
-9.989794492721557617e-01
-9.990057945251464844e-01
-9.975416660308837891e-01
-9.990101456642150879e-01
-9.979016184806823730e-01
