9.165427684783935547e-01
1.587409079074859619e-01
-2.569463551044464111e-01
4.389138817787170410e-01
6.594731807708740234e-01
-3.110503554344177246e-01
6.080285906791687012e-01
8.884774148464202881e-02
-6.147671937942504883e-01
2.128547877073287964e-01
3.137911558151245117e-01
-6.578399538993835449e-01
1.232056021690368652e-01
-3.392236530780792236e-01
-8.729318976402282715e-01
-8.859673142433166504e-01
5.238606333732604980e-01
3.733630478382110596e-01
-8.794817328453063965e-01
-2.602811716496944427e-02
-9.610648751258850098e-01
-9.628742933273315430e-01
-9.018477201461791992e-01
-7.017086744308471680e-01
-7.562872171401977539e-01
-3.718627393245697021e-01
-5.621392652392387390e-02
-4.944202303886413574e-01
-9.173866510391235352e-01
7.769524455070495605e-01
-5.604877695441246033e-02
-7.785148620605468750e-01
-2.305599451065063477e-01
-2.229956686496734619e-01
-7.865809798240661621e-01
-9.551231265068054199e-01
6.058663725852966309e-01
3.010258972644805908e-01
-7.739105820655822754e-01
6.022236943244934082e-01
-7.586635351181030273e-01
-2.025114744901657104e-01
-7.101491093635559082e-01
6.094364523887634277e-01
-4.998648166656494141e-01
2.391033060848712921e-02
-1.930276304483413696e-01
-6.364095211029052734e-02
-9.092741012573242188e-01
-6.152786612510681152e-01
-6.267310380935668945e-01
-4.194812178611755371e-01
-4.873768240213394165e-02
9.635880589485168457e-01
-4.245164096355438232e-01
-6.920092701911926270e-01
-9.658354520797729492e-02
-3.554536700248718262e-01
-8.299266695976257324e-01
-6.717758178710937500e-01
-1.441042274236679077e-01
-1.016138643026351929e-01
-8.759184479713439941e-01
8.375629782676696777e-01
-1.735542118549346924e-01
-9.015797972679138184e-01
-1.830785125494003296e-01
4.703671038150787354e-01
-3.256583809852600098e-01
-9.703174829483032227e-01
-9.130486249923706055e-01
-9.571401476860046387e-01
-7.272322773933410645e-01
-8.945146203041076660e-01
-4.379597008228302002e-01
-8.056187629699707031e-01
-9.758033752441406250e-01
-7.253462076187133789e-01
2.944622635841369629e-01
7.120113074779510498e-02
-1.406149268150329590e-01
1.494803279638290405e-01
-4.161057993769645691e-02
-2.300634235143661499e-01
8.086265623569488525e-02
-7.383620366454124451e-03
-7.497922778129577637e-01
5.220395326614379883e-01
-6.089775562286376953e-01
-4.456437528133392334e-01
-6.686275601387023926e-01
-8.179610967636108398e-01
6.095883846282958984e-01
-2.526103854179382324e-01
1.219042912125587463e-01
-7.936127185821533203e-01
-5.479821562767028809e-01
-6.723573803901672363e-01
-8.039503097534179688e-01
6.122508645057678223e-01
-7.561978697776794434e-01
-7.200354337692260742e-01
7.435314655303955078e-01
-7.534202337265014648e-01
-8.329596519470214844e-01
-4.139798283576965332e-01
3.111160397529602051e-01
4.879640042781829834e-01
5.817404985427856445e-01
-6.119307875633239746e-01
-6.076911687850952148e-01
-6.486706435680389404e-02
-8.140339255332946777e-01
-7.951170802116394043e-01
-6.675086617469787598e-01
-9.280729293823242188e-01
-9.923031330108642578e-01
-9.748843312263488770e-01
-9.525319337844848633e-01
-9.868060946464538574e-01
-1.276076734066009521e-01
-3.741795420646667480e-01
6.706562042236328125e-01
8.533079028129577637e-01
8.915446400642395020e-01
4.263161718845367432e-01
-9.358325600624084473e-01
7.009586691856384277e-02
3.935673832893371582e-01
1.057104840874671936e-01
8.181688785552978516e-01
1.114520952105522156e-01
5.230876207351684570e-01
-3.141961097717285156e-01
-5.972837805747985840e-01
-2.823337018489837646e-01
-1.260333210229873657e-01
6.181778311729431152e-01
-6.854665279388427734e-01
-3.243352770805358887e-01
-7.000107169151306152e-01
-8.952551335096359253e-02
-2.365913987159729004e-01
-9.929820150136947632e-02
-8.713108301162719727e-01
-5.956221222877502441e-01
5.749003887176513672e-01
-3.182368278503417969e-01
-7.616289854049682617e-01
-9.336933493614196777e-02
-8.358517289161682129e-01
-9.821835160255432129e-01
4.374255985021591187e-02
5.415977835655212402e-01
-6.473330855369567871e-01
7.680196762084960938e-01
-6.263477802276611328e-01
-7.980927228927612305e-01
-7.833093404769897461e-01
-8.113753795623779297e-01
7.460228800773620605e-01
-9.620359539985656738e-01
-8.860462307929992676e-01
-8.677419424057006836e-01
-4.940061643719673157e-02
-7.547872066497802734e-01
-9.865638613700866699e-01
-8.360129594802856445e-01
-9.127575755119323730e-01
8.012825250625610352e-01
-6.249812245368957520e-01
-7.861360311508178711e-01
8.614001870155334473e-01
-7.749237418174743652e-01
-7.516433000564575195e-01
3.739792108535766602e-01
-6.604208350181579590e-01
-4.841791391372680664e-01
-8.520976305007934570e-01
4.817033112049102783e-01
6.445176005363464355e-01
3.570601344108581543e-01
-5.985261201858520508e-01
2.858236134052276611e-01
-7.690224051475524902e-02
4.660333991050720215e-01
-6.728765368461608887e-01
-7.079871296882629395e-01
3.057502210140228271e-01
-3.215861320495605469e-01
7.965446114540100098e-01
-2.807106971740722656e-01
5.742051601409912109e-01
-7.144964337348937988e-01
-5.581536889076232910e-01
3.781039416790008545e-01
-7.373443245887756348e-01
-2.512044310569763184e-01
-6.504729390144348145e-01
-3.873329460620880127e-01
-5.946319103240966797e-01
-8.137556314468383789e-01
-5.577624440193176270e-01
-7.254336476325988770e-01
-7.026878595352172852e-01
-3.347503487020730972e-03
2.948861718177795410e-01
-9.183255434036254883e-01
-5.836679339408874512e-01
-9.607361555099487305e-01
-9.759722352027893066e-01
-9.353179931640625000e-01
-9.192318320274353027e-01
-9.191018342971801758e-01
-9.453934431076049805e-01
-8.989356756210327148e-01
-9.019865393638610840e-01
1.705638468265533447e-01
-4.475676417350769043e-01
9.511430263519287109e-01
-5.704483389854431152e-01
4.240217506885528564e-01
-3.955151438713073730e-01
2.814840078353881836e-01
1.951293200254440308e-01
7.592473030090332031e-01
-7.244963645935058594e-01
-3.861452043056488037e-01
2.626903653144836426e-01
2.277616560459136963e-01
3.967974781990051270e-01
-1.791641861200332642e-01
-6.025552749633789062e-01
8.731339573860168457e-01
-5.234258770942687988e-01
-5.283250212669372559e-01
1.541322618722915649e-01
4.971413910388946533e-01
7.854052782058715820e-01
2.278208583593368530e-01
-6.722451448440551758e-01
-8.077135086059570312e-01
-7.049384713172912598e-01
3.833554312586784363e-02
-3.609658777713775635e-01
-9.177595376968383789e-01
8.572835326194763184e-01
8.058204650878906250e-01
1.051848083734512329e-01
-7.306424975395202637e-01
-8.519286513328552246e-01
-8.737080693244934082e-01
-6.331917643547058105e-01
-3.836084604263305664e-01
5.872986316680908203e-01
-8.948695659637451172e-01
-7.637422084808349609e-01
2.533158361911773682e-01
-5.016657114028930664e-01
-4.717741012573242188e-01
-9.152241945266723633e-01
-9.544983506202697754e-01
-9.453125000000000000e-01
-8.968085646629333496e-01
-5.954821705818176270e-01
-9.276971817016601562e-01
-9.960595965385437012e-01
-7.669548392295837402e-01
-8.099136948585510254e-01
-9.826453924179077148e-01
5.524271726608276367e-01
-6.045274138450622559e-01
4.130842983722686768e-01
8.254905343055725098e-01
1.424890607595443726e-01
5.729725956916809082e-01
-4.438818395137786865e-01
7.005529403686523438e-01
-7.464889436960220337e-02
2.898413538932800293e-01
3.723218739032745361e-01
-3.545037508010864258e-01
4.438872337341308594e-01
-1.968497335910797119e-01
2.458043769001960754e-02
-9.005513787269592285e-01
-7.636980414390563965e-01
-6.584420800209045410e-01
2.009183317422866821e-01
-4.720999002456665039e-01
-7.740842700004577637e-01
5.263826847076416016e-01
-6.778240799903869629e-01
-2.766473591327667236e-01
-6.743347048759460449e-01
3.390992283821105957e-01
-8.368750214576721191e-01
-9.872801601886749268e-03
-2.815586328506469727e-01
-1.356603205204010010e-01
6.960725039243698120e-02
-1.957464963197708130e-01
-4.774685800075531006e-01
-9.420943260192871094e-01
-6.427515149116516113e-01
-8.198167085647583008e-01
-2.084359973669052124e-01
-9.139819145202636719e-01
-9.479650259017944336e-01
6.046485304832458496e-01
-7.712529897689819336e-01
-7.180063724517822266e-01
-9.911861419677734375e-01
5.099467039108276367e-01
-2.985703945159912109e-01
-4.135229289531707764e-01
8.944202065467834473e-01
-8.416618704795837402e-01
-3.135047256946563721e-01
7.294052839279174805e-01
3.510930836200714111e-01
-6.016025543212890625e-01
-6.462053656578063965e-01
-3.111860752105712891e-01
-1.574957668781280518e-01
-4.045902490615844727e-01
4.362268745899200439e-01
-9.050542116165161133e-01
4.906476140022277832e-01
-4.080260396003723145e-01
-8.786207437515258789e-01
5.013547539710998535e-01
-9.398293495178222656e-01
-4.935057759284973145e-01
3.123729526996612549e-01
-5.740454196929931641e-01
1.076895445585250854e-01
-1.841742545366287231e-01
2.315749973058700562e-01
-9.552876353263854980e-01
-3.130688965320587158e-01
-6.740686893463134766e-01
-9.063732624053955078e-01
6.027724742889404297e-01
-4.151211380958557129e-01
-9.313724040985107422e-01
-2.522837817668914795e-01
6.239733695983886719e-01
4.683879613876342773e-01
-9.776154160499572754e-01
-7.790489196777343750e-01
-9.099307060241699219e-01
-8.943576216697692871e-01
-7.670973539352416992e-01
-7.187383770942687988e-01
2.894974648952484131e-01
8.372107148170471191e-01
9.221888333559036255e-02
6.799662113189697266e-01
5.294336676597595215e-01
8.412559032440185547e-01
6.412823796272277832e-01
1.740215271711349487e-01
4.083415865898132324e-01
4.167383909225463867e-01
8.192831277847290039e-01
9.491356015205383301e-01
1.100117247551679611e-02
6.714200973510742188e-01
2.949611842632293701e-01
1.351944506168365479e-01
-2.695642113685607910e-01
7.041276097297668457e-01
-2.934096194803714752e-02
-6.687876582145690918e-01
7.471742630004882812e-01
7.221022844314575195e-01
9.443663954734802246e-01
8.639483451843261719e-01
8.180500268936157227e-01
8.058305382728576660e-01
-2.786200046539306641e-01
5.145660638809204102e-01
1.319051813334226608e-02
-8.373206257820129395e-01
2.763597369194030762e-01
9.326661825180053711e-01
2.295061498880386353e-01
-4.334413707256317139e-01
6.245402693748474121e-01
3.642683625221252441e-01
-5.005908608436584473e-01
2.442536503076553345e-01
5.577974319458007812e-01
8.555935025215148926e-01
8.268504142761230469e-01
9.430060386657714844e-01
-3.563508391380310059e-01
6.184478998184204102e-01
5.173578858375549316e-01
3.699803948402404785e-01
8.720757365226745605e-01
9.491725564002990723e-01
9.776499271392822266e-01
9.406192898750305176e-01
-5.323336124420166016e-01
9.652651548385620117e-01
3.068544566631317139e-01
9.682448506355285645e-01
9.697580933570861816e-01
5.477014183998107910e-01
7.703306674957275391e-01
9.877017140388488770e-01
8.144170641899108887e-01
6.946535706520080566e-01
9.610617756843566895e-01
-2.244239598512649536e-01
-5.110682249069213867e-01
5.727409124374389648e-01
5.824879407882690430e-01
9.264891743659973145e-01
5.468179583549499512e-01
-2.676346004009246826e-01
-8.010695576667785645e-01
6.948438286781311035e-01
-3.578069210052490234e-01
7.746529299765825272e-03
-5.266705155372619629e-01
3.659501671791076660e-01
-1.679114848375320435e-01
-8.906512260437011719e-01
-2.661941647529602051e-01
4.065054655075073242e-01
-1.751066446304321289e-01
-6.858171820640563965e-01
-8.832359910011291504e-01
-6.915483474731445312e-01
-6.772445440292358398e-01
-9.311287999153137207e-01
3.434479832649230957e-01
-4.943166375160217285e-01
-5.375705957412719727e-01
6.648725867271423340e-01
5.372214913368225098e-01
1.032153367996215820e-01
-7.999585270881652832e-01
1.018664538860321045e-01
7.830052971839904785e-01
-9.357271790504455566e-01
-7.167378067970275879e-02
-7.705819606781005859e-01
-8.038119673728942871e-01
-8.956081271171569824e-01
-9.756245613098144531e-01
-9.896531105041503906e-01
-7.295756936073303223e-01
-2.968676984310150146e-01
-9.015603065490722656e-01
2.557894587516784668e-01
-9.117206931114196777e-01
-8.458623290061950684e-01
-4.540363550186157227e-01
3.697831332683563232e-01
-5.420528054237365723e-01
-8.037196397781372070e-01
-4.340527355670928955e-01
-7.292547821998596191e-02
5.994409918785095215e-01
-5.096831321716308594e-01
-3.591688871383666992e-01
-7.106780540198087692e-03
3.520301878452301025e-01
-2.936179637908935547e-01
-4.145771265029907227e-01
-8.357226252555847168e-01
5.252342298626899719e-02
-4.814513027667999268e-01
-6.032453384250402451e-03
3.684717416763305664e-01
3.667892888188362122e-02
-6.352991461753845215e-01
-7.258684635162353516e-01
7.868585586547851562e-01
-9.034910798072814941e-01
5.150409042835235596e-02
-9.761331081390380859e-01
-7.697979211807250977e-01
-8.962965607643127441e-01
-8.021361194550991058e-03
1.916490346193313599e-01
1.850024424493312836e-02
-6.709533929824829102e-01
-9.546646475791931152e-01
-2.159079760313034058e-01
-9.700953364372253418e-01
-3.626360893249511719e-01
9.324817359447479248e-02
-7.785351872444152832e-01
-9.875789880752563477e-01
-7.506262660026550293e-01
7.471415996551513672e-01
7.072372436523437500e-01
5.799195170402526855e-01
-4.320828616619110107e-01
-2.874321043491363525e-01
-4.806703627109527588e-01
7.053986787796020508e-01
7.285204529762268066e-02
3.318179845809936523e-01
-9.236528277397155762e-01
6.971130371093750000e-01
3.385218381881713867e-01
-6.526918411254882812e-01
-9.519505500793457031e-01
-3.057797253131866455e-01
-7.281749844551086426e-01
-6.995146274566650391e-01
-8.254184722900390625e-01
-8.971794247627258301e-01
-3.150978982448577881e-01
-2.614909224212169647e-02
8.312579393386840820e-01
1.711766272783279419e-01
-7.597594857215881348e-01
-1.935828179121017456e-01
2.994824945926666260e-01
-6.729785203933715820e-01
2.397827059030532837e-01
-7.630940079689025879e-01
-8.712143301963806152e-01
6.683862805366516113e-01
-5.115831270813941956e-02
6.143990755081176758e-01
-8.020619750022888184e-01
-9.279093146324157715e-01
-9.613683223724365234e-01
-7.924915552139282227e-01
-3.591881990432739258e-01
-9.889247417449951172e-01
-8.635161519050598145e-01
-9.011723399162292480e-01
-8.667331337928771973e-01
-6.157791614532470703e-01
-7.545361518859863281e-01
-9.504190683364868164e-01
-9.901073575019836426e-01
-7.771495580673217773e-01
-9.948641657829284668e-01
-4.586157500743865967e-01
-9.945205450057983398e-01
-9.546313285827636719e-01
-9.621157050132751465e-01
-9.763383269309997559e-01
-9.971787929534912109e-01
-1.302596479654312134e-01
-9.470137953758239746e-01
-7.048808932304382324e-01
-8.021093010902404785e-01
-9.877741336822509766e-01
-9.968670010566711426e-01
-8.846287131309509277e-01
-7.638794183731079102e-01
-9.936763644218444824e-01
-9.876696467399597168e-01
-9.821421504020690918e-01
-7.510690093040466309e-01
-9.705873131752014160e-01
-9.921571612358093262e-01
-9.832211136817932129e-01
-9.530095458030700684e-01
-4.663532376289367676e-01
-9.361371994018554688e-01
-9.218528270721435547e-01
-9.826023578643798828e-01
-9.907798171043395996e-01
-9.590107798576354980e-01
-7.254564166069030762e-01
-9.897011518478393555e-01
-9.809169769287109375e-01
-9.655135273933410645e-01
-9.883552193641662598e-01
-9.362306594848632812e-01
-9.537590742111206055e-01
-3.346165716648101807e-01
-9.808118343353271484e-01
-9.881107211112976074e-01
-9.637213945388793945e-01
-9.748819470405578613e-01
-5.757042765617370605e-01
-8.295401334762573242e-01
-9.279487133026123047e-01
-5.936508178710937500e-01
-9.849281311035156250e-01
-9.413365721702575684e-01
-9.759722352027893066e-01
-9.416250586509704590e-01
-9.740231633186340332e-01
-9.532120823860168457e-01
-9.309445619583129883e-01
-9.655824303627014160e-01
-9.864601492881774902e-01
-9.960408210754394531e-01
-9.848213195800781250e-01
-7.628034353256225586e-01
-8.472478985786437988e-01
-9.806749224662780762e-01
-9.994143843650817871e-01
-9.643059968948364258e-01
-9.558655619621276855e-01
-9.954768419265747070e-01
-9.957039952278137207e-01
-9.775233864784240723e-01
-9.812017083168029785e-01
-9.757789969444274902e-01
-9.902173280715942383e-01
-9.834772348403930664e-01
-9.990401864051818848e-01
-6.988105773925781250e-01
-9.332868456840515137e-01
-9.904357194900512695e-01
-9.985800981521606445e-01
-9.884681105613708496e-01
-9.931019544601440430e-01
-9.974793791770935059e-01
-9.538140892982482910e-01
-9.951435327529907227e-01
-9.955251216888427734e-01
-8.665660619735717773e-01
-9.968868494033813477e-01
-9.348426461219787598e-01
-9.979407787322998047e-01
-9.995439648628234863e-01
-9.248889088630676270e-01
-9.791949391365051270e-01
-9.781603217124938965e-01
-9.672945141792297363e-01
-9.928343892097473145e-01
-9.784269332885742188e-01
-9.876571893692016602e-01
-9.759575724601745605e-01
-9.943289160728454590e-01
-9.418766498565673828e-01
-9.886639118194580078e-01
-9.983944296836853027e-01
-9.076906442642211914e-01
-9.987329244613647461e-01
-9.788882732391357422e-01
-8.965879082679748535e-01
-9.810029864311218262e-01
-9.988453984260559082e-01
-9.779555201530456543e-01
-9.889384508132934570e-01
-9.566685557365417480e-01
-9.700556397438049316e-01
-4.816301763057708740e-01
-9.989908933639526367e-01
-9.886901378631591797e-01
-9.820150136947631836e-01
-9.988769888877868652e-01
-9.974427819252014160e-01
-9.980638027191162109e-01
-9.980055689811706543e-01
-9.865524768829345703e-01
-7.170224189758300781e-01
-9.822702407836914062e-01
-9.331662654876708984e-01
-9.962157607078552246e-01
-9.658938050270080566e-01
-9.872129559516906738e-01
-9.931872487068176270e-01
-9.997620582580566406e-01
-9.992144703865051270e-01
-9.191021919250488281e-01
-8.536670207977294922e-01
-9.566179513931274414e-01
-9.429189562797546387e-01
-9.942270517349243164e-01
-9.944876432418823242e-01
-9.974159002304077148e-01
-8.673423528671264648e-01
-9.930204749107360840e-01
-9.860758781433105469e-01
-9.773172140121459961e-01
-9.723522663116455078e-01
-9.744503498077392578e-01
-8.725129961967468262e-01
-9.844612479209899902e-01
-9.818139076232910156e-01
-9.753954410552978516e-01
-9.751438498497009277e-01
-9.837411046028137207e-01
-9.905451536178588867e-01
-9.487883448600769043e-01
-9.931530952453613281e-01
-9.252971410751342773e-01
-9.414057135581970215e-01
-8.139538168907165527e-01
-9.722445607185363770e-01
-8.997465372085571289e-01
-9.896582961082458496e-01
-7.857704162597656250e-01
-7.817656993865966797e-01
-9.841488003730773926e-01
-9.919983148574829102e-01
-9.946916103363037109e-01
-9.150378704071044922e-01
-9.172919988632202148e-01
-9.926640987396240234e-01
-9.806702136993408203e-01
-9.839700460433959961e-01
-9.870744347572326660e-01
-9.776085615158081055e-01
-9.842175841331481934e-01
-8.910042047500610352e-01
-8.595304489135742188e-01
-9.794257879257202148e-01
-9.296131730079650879e-01
-9.365170598030090332e-01
-9.827762246131896973e-01
-9.652224779129028320e-01
-9.960842132568359375e-01
-9.938627481460571289e-01
-9.557722210884094238e-01
-9.600276350975036621e-01
-9.862780570983886719e-01
-9.971538186073303223e-01
-9.976897835731506348e-01
-9.272593855857849121e-01
-9.108418226242065430e-01
-5.142966508865356445e-01
-9.956582784652709961e-01
-9.748657941818237305e-01
-8.508991003036499023e-01
-9.770321846008300781e-01
-8.906472325325012207e-01
-9.944894909858703613e-01
-7.537794113159179688e-01
-9.918415546417236328e-01
-7.381178736686706543e-01
-9.996430873870849609e-01
-9.855567812919616699e-01
-9.406177997589111328e-01
-9.786509275436401367e-01
-9.901152849197387695e-01
-9.212439656257629395e-01
-9.990682005882263184e-01
-9.925993680953979492e-01
-9.998002648353576660e-01
-9.895136356353759766e-01
-9.980925917625427246e-01
-9.818742871284484863e-01
-9.576358199119567871e-01
-9.842905402183532715e-01
-9.970716834068298340e-01
-9.870530962944030762e-01
-9.468597769737243652e-01
-8.723353743553161621e-01
-9.773037433624267578e-01
-9.614955782890319824e-01
-9.976316690444946289e-01
-9.909411072731018066e-01
-9.100881218910217285e-01
-9.747909903526306152e-01
-9.447948932647705078e-01
-9.318768382072448730e-01
-9.969283938407897949e-01
-9.727857112884521484e-01
-9.680451750755310059e-01
-9.805281162261962891e-01
-9.676551222801208496e-01
-9.818116426467895508e-01
-8.594584465026855469e-01
-9.993364214897155762e-01
-9.954274892807006836e-01
-9.908085465431213379e-01
-8.966857194900512695e-01
-9.685446619987487793e-01
-9.909057021141052246e-01
-9.931674003601074219e-01
-9.857589602470397949e-01
-6.093388199806213379e-01
-9.934135079383850098e-01
-9.240211844444274902e-01
-9.083795547485351562e-01
-9.573025703430175781e-01
-9.592348337173461914e-01
-9.757625460624694824e-01
-9.844691157341003418e-01
-9.985328912734985352e-01
-9.947297573089599609e-01
-9.880797863006591797e-01
-9.756295084953308105e-01
-7.683243751525878906e-01
-9.377428293228149414e-01
-9.210199713706970215e-01
-9.498075246810913086e-01
-9.804243445396423340e-01
-9.745141863822937012e-01
-7.123782038688659668e-01
-9.907561540603637695e-01
-9.936838150024414062e-01
-9.853437542915344238e-01
-9.909652471542358398e-01
-9.878632426261901855e-01
-9.970911741256713867e-01
-9.179307222366333008e-01
-9.857727885246276855e-01
-9.952074885368347168e-01
-9.943755865097045898e-01
-9.577158689498901367e-01
-9.508817791938781738e-01
-8.535799980163574219e-01
-9.801953434944152832e-01
-9.678782820701599121e-01
-9.887736439704895020e-01
-9.798891544342041016e-01
-9.016528725624084473e-01
-9.881209731101989746e-01
-8.661037683486938477e-01
-9.855313301086425781e-01
-9.896256327629089355e-01
-9.974082112312316895e-01
-9.059582352638244629e-01
-9.568610191345214844e-01
-9.904907941818237305e-01
-9.944115281105041504e-01
-9.502374529838562012e-01
-9.887874722480773926e-01
-6.111472845077514648e-01
-9.989727735519409180e-01
-9.704802632331848145e-01
-9.929028749465942383e-01
-9.981222152709960938e-01
-9.994736909866333008e-01
-9.895026087760925293e-01
-8.959686756134033203e-01
-9.873803853988647461e-01
-7.187363505363464355e-01
-9.835062026977539062e-01
-9.290099143981933594e-01
-6.382921338081359863e-01
-9.680741429328918457e-01
-9.896696805953979492e-01
-9.730297327041625977e-01
-9.982123970985412598e-01
-9.736678600311279297e-01
-9.789740443229675293e-01
-9.748572111129760742e-01
-9.086015224456787109e-01
-9.777439832687377930e-01
-9.444862008094787598e-01
-9.765872955322265625e-01
-9.590706229209899902e-01
-9.850327372550964355e-01
-9.612319469451904297e-01
-9.091584086418151855e-01
-8.395496010780334473e-01
-9.979305267333984375e-01
-9.678889513015747070e-01
-9.966331720352172852e-01
-9.087910652160644531e-01
-9.948198199272155762e-01
-9.926077127456665039e-01
-9.923939108848571777e-01
-9.977701306343078613e-01
-9.923904538154602051e-01
-9.824554920196533203e-01
-9.959351420402526855e-01
-9.270628690719604492e-01
-9.746458530426025391e-01
-9.698391556739807129e-01
-9.789013266563415527e-01
-9.884163737297058105e-01
-9.939850568771362305e-01
-9.907944202423095703e-01
-9.730466008186340332e-01
-9.797090888023376465e-01
-9.734711050987243652e-01
-9.849162697792053223e-01
-9.938196539878845215e-01
-9.980376958847045898e-01
-9.812301397323608398e-01
-9.968276619911193848e-01
-9.982942342758178711e-01
-9.904374480247497559e-01
-9.471465349197387695e-01
-9.919950366020202637e-01
-9.985046982765197754e-01
-9.822653532028198242e-01
-7.403726577758789062e-01
-9.494257569313049316e-01
-9.878365993499755859e-01
-9.846850037574768066e-01
-9.979161620140075684e-01
-9.073992371559143066e-01
-9.936995506286621094e-01
-9.910404086112976074e-01
-9.808169603347778320e-01
-9.902969002723693848e-01
-9.530758857727050781e-01
-9.979736804962158203e-01
-9.968280792236328125e-01
-9.984900951385498047e-01
-9.951609969139099121e-01
-9.534407854080200195e-01
-9.978372454643249512e-01
-9.915781021118164062e-01
-8.979639410972595215e-01
-9.519327878952026367e-01
-9.183763861656188965e-01
-9.816540479660034180e-01
-9.481785297393798828e-01
-9.390109181404113770e-01
-9.654629230499267578e-01
-9.495809078216552734e-01
-9.961619377136230469e-01
-9.770929813385009766e-01
-9.685222506523132324e-01
-9.440456032752990723e-01
-9.920170307159423828e-01
-9.755975604057312012e-01
-9.919782876968383789e-01
-9.931469559669494629e-01
-9.869449734687805176e-01
-9.481974840164184570e-01
-9.589847922325134277e-01
-9.966225028038024902e-01
-9.919356107711791992e-01
-9.569765925407409668e-01
-8.171037435531616211e-01
-9.242331981658935547e-01
-9.680145978927612305e-01
-9.967812299728393555e-01
-9.963274598121643066e-01
-9.993500113487243652e-01
-8.454968929290771484e-01
-9.952884316444396973e-01
-9.995844364166259766e-01
-9.838708043098449707e-01
-7.405904531478881836e-01
-3.770720362663269043e-01
-9.674625396728515625e-01
-9.118473529815673828e-01
-9.541360139846801758e-01
-9.834921956062316895e-01
-9.776920676231384277e-01
-9.602291584014892578e-01
-5.623349547386169434e-01
-9.885575175285339355e-01
-9.927228093147277832e-01
-9.853364825248718262e-01
-9.840444922447204590e-01
-9.936372041702270508e-01
-9.220149517059326172e-01
-9.931280612945556641e-01
-9.819713830947875977e-01
-9.962177872657775879e-01
-9.230653643608093262e-01
-9.977034926414489746e-01
-9.814946651458740234e-01
-9.001333117485046387e-01
-9.939438104629516602e-01
-9.967475533485412598e-01
-9.816210269927978516e-01
-9.536396265029907227e-01
-9.743165373802185059e-01
-9.771556258201599121e-01
-9.738996624946594238e-01
-9.950839877128601074e-01
-9.893945455551147461e-01
-9.957755804061889648e-01
-9.409984350204467773e-01
-9.983770251274108887e-01
-9.881379008293151855e-01
-9.653584957122802734e-01
-9.847908616065979004e-01
-9.984310865402221680e-01
-9.423977732658386230e-01
-9.610850214958190918e-01
-9.900434613227844238e-01
-9.827625751495361328e-01
-9.948387742042541504e-01
-9.962525367736816406e-01
-9.566739797592163086e-01
-9.504041075706481934e-01
-9.756381511688232422e-01
-9.932460784912109375e-01
-9.935624003410339355e-01
-9.654393196105957031e-01
-9.985170960426330566e-01
-9.551537632942199707e-01
-9.671781659126281738e-01
-9.930078983306884766e-01
-9.879280328750610352e-01
-9.986090660095214844e-01
-9.273077845573425293e-01
-9.791187644004821777e-01
-9.887132644653320312e-01
-9.168788194656372070e-01
-9.516239166259765625e-01
-9.829359054565429688e-01
-9.063485860824584961e-01
-9.850243330001831055e-01
-9.858500361442565918e-01
-9.942674636840820312e-01
-9.758644104003906250e-01
-9.974716305732727051e-01
-9.387278556823730469e-01
-9.909579753875732422e-01
-9.780618548393249512e-01
-9.986413717269897461e-01
-9.930197596549987793e-01
-9.824579358100891113e-01
-9.979458451271057129e-01
-9.452992677688598633e-01
-9.945695400238037109e-01
-9.770993590354919434e-01
-8.703105449676513672e-01
-9.885827898979187012e-01
-8.829268217086791992e-01
-9.851603507995605469e-01
-8.317466378211975098e-01
-9.895655512809753418e-01
-6.936612129211425781e-01
-9.963478446006774902e-01
-9.948134422302246094e-01
-9.783605933189392090e-01
-9.849030375480651855e-01
-9.849462509155273438e-01
-7.516478300094604492e-01
-9.865434169769287109e-01
-9.284374117851257324e-01
-8.035231232643127441e-01
-9.117131233215332031e-01
-9.930493235588073730e-01
-9.974274039268493652e-01
-8.927052617073059082e-01
-9.985051155090332031e-01
-9.872898459434509277e-01
-9.388672113418579102e-01
-9.138014316558837891e-01
-9.950766563415527344e-01
-9.791521430015563965e-01
-9.655829668045043945e-01
-9.263633489608764648e-01
-9.677892327308654785e-01
-9.209376573562622070e-01
-9.969964027404785156e-01
-9.853339791297912598e-01
-9.738711714744567871e-01
-9.295585155487060547e-01
-9.940410852432250977e-01
-4.033297300338745117e-01
-9.839646816253662109e-01
-9.852084517478942871e-01
-9.904227852821350098e-01
-9.948438405990600586e-01
-9.598588943481445312e-01
-5.739462375640869141e-01
-9.830372333526611328e-01
-9.575173258781433105e-01
-9.644817709922790527e-01
-9.742426276206970215e-01
-9.955719113349914551e-01
-9.984936714172363281e-01
-9.811564087867736816e-01
-9.939224720001220703e-01
-9.755435585975646973e-01
-9.900150895118713379e-01
-9.664332270622253418e-01
-9.801408648490905762e-01
-9.949961304664611816e-01
-9.310405254364013672e-01
-9.734489321708679199e-01
-9.784651994705200195e-01
-7.823296785354614258e-01
-8.482071757316589355e-01
-9.785645604133605957e-01
-9.921680688858032227e-01
-9.963887333869934082e-01
-9.945072531700134277e-01
-9.960005283355712891e-01
-9.342715144157409668e-01
-9.304062128067016602e-01
-9.750519990921020508e-01
-9.914461970329284668e-01
-9.962740540504455566e-01
-9.803906083106994629e-01
-9.326834082603454590e-01
-9.964931011199951172e-01
-9.595366120338439941e-01
-9.236671924591064453e-01
-8.820316195487976074e-01
-9.834586381912231445e-01
-9.632623195648193359e-01
-9.586815834045410156e-01
-9.841016530990600586e-01
-9.955598711967468262e-01
-9.785622954368591309e-01
-9.368435144424438477e-01
-7.052563428878784180e-01
-9.831182956695556641e-01
-9.197165966033935547e-01
-7.714871168136596680e-01
-9.715636372566223145e-01
-9.835156798362731934e-01
-9.856082797050476074e-01
-9.761586189270019531e-01
-9.856656193733215332e-01
-9.782336950302124023e-01
-9.905019998550415039e-01
-9.590656757354736328e-01
-9.981622695922851562e-01
-6.901237964630126953e-01
-9.936699271202087402e-01
-9.814130067825317383e-01
-9.941737055778503418e-01
-6.968058347702026367e-01
-9.801022410392761230e-01
-7.559148669242858887e-01
-9.974676966667175293e-01
-8.082163929939270020e-01
-9.788765311241149902e-01
-9.983116388320922852e-01
-5.808176994323730469e-01
-9.887787103652954102e-01
-6.839808821678161621e-02
-8.753519058227539062e-01
-9.988392591476440430e-01
-9.430743008852005005e-02
-9.888194203376770020e-01
-9.980351328849792480e-01
-9.954400062561035156e-01
-8.515498638153076172e-01
-9.860836863517761230e-01
-9.254607558250427246e-01
-9.915080070495605469e-01
-9.981377124786376953e-01
-9.855448007583618164e-01
-9.822801947593688965e-01
-9.977338910102844238e-01
-9.896398186683654785e-01
-9.856100082397460938e-01
-9.977813363075256348e-01
-9.235572814941406250e-01
-7.331960201263427734e-01
-9.135711789131164551e-01
-9.375061988830566406e-01
-8.880074620246887207e-01
-6.401914954185485840e-01
-8.728454113006591797e-01
-8.957086801528930664e-01
-9.010681509971618652e-01
-6.684469580650329590e-01
-9.801599979400634766e-01
-9.845337271690368652e-01
-9.958394169807434082e-01
-9.952296614646911621e-01
-9.765428304672241211e-01
-9.810990095138549805e-01
-9.970849156379699707e-01
-9.961342811584472656e-01
-9.674418568611145020e-01
-9.028895497322082520e-01
-9.702127575874328613e-01
-9.957540035247802734e-01
-9.768885970115661621e-01
-6.624733209609985352e-01
-9.877163767814636230e-01
-9.712675809860229492e-01
-9.239852428436279297e-01
-8.340085744857788086e-01
-9.983264207839965820e-01
-9.984464645385742188e-01
-8.926997780799865723e-01
-9.980473518371582031e-01
-7.155624032020568848e-01
-9.733121991157531738e-01
-9.974193572998046875e-01
-9.961343407630920410e-01
-9.935006499290466309e-01
-9.743854999542236328e-01
-9.914858937263488770e-01
-9.929649233818054199e-01
-9.700592160224914551e-01
-5.969493985176086426e-01
-9.625192880630493164e-01
-9.858149290084838867e-01
-9.962196946144104004e-01
-9.925251007080078125e-01
-9.988759756088256836e-01
-9.391903877258300781e-01
-9.880723953247070312e-01
-9.570702314376831055e-01
-9.951684474945068359e-01
-9.752945899963378906e-01
-9.814314246177673340e-01
-8.375570178031921387e-01
-8.883715867996215820e-01
-9.545059204101562500e-01
-9.727805852890014648e-01
-9.920845031738281250e-01
-4.164301753044128418e-01
-9.120056033134460449e-01
-7.838759422302246094e-01
-9.706407785415649414e-01
-9.939894676208496094e-01
-9.840131998062133789e-01
-9.821671843528747559e-01
-9.458923339843750000e-01
-9.984753131866455078e-01
-9.790768623352050781e-01
-9.947326779365539551e-01
-9.651080965995788574e-01
-9.909833669662475586e-01
-8.531764745712280273e-01
-8.909472227096557617e-01
-9.589245915412902832e-01
-7.662025690078735352e-01
-9.856280088424682617e-01
-9.885775446891784668e-01
-9.912105798721313477e-01
-9.991068243980407715e-01
-9.576744437217712402e-01
-9.315443634986877441e-01
-9.957319498062133789e-01
-9.988661408424377441e-01
-9.516977071762084961e-01
-9.946663379669189453e-01
-9.920580387115478516e-01
-7.076786756515502930e-01
-9.973711371421813965e-01
-9.630243182182312012e-01
-9.857354164123535156e-01
-8.544940352439880371e-01
-9.869773387908935547e-01
-9.925565123558044434e-01
-9.928868412971496582e-01
-9.848274588584899902e-01
-9.972082972526550293e-01
-9.529245495796203613e-01
-9.950383305549621582e-01
-9.951856732368469238e-01
-9.013978242874145508e-01
-9.674080610275268555e-01
-9.965791106224060059e-01
-9.839484095573425293e-01
-9.999192953109741211e-01
-9.958774447441101074e-01
-9.573786258697509766e-01
-9.890833497047424316e-01
-9.285026192665100098e-01
-9.654478430747985840e-01
-9.796551465988159180e-01
-7.241471409797668457e-01
-9.950974583625793457e-01
-8.921731114387512207e-01
-9.811009764671325684e-01
-9.968457818031311035e-01
-9.995523095130920410e-01
-9.501960277557373047e-01
-9.921954870223999023e-01
-9.908065795898437500e-01
-9.333917498588562012e-01
-8.304353356361389160e-01
-9.623265266418457031e-01
-9.882067441940307617e-01
-9.843173027038574219e-01
-7.783033847808837891e-01
-9.949676394462585449e-01
-9.760656356811523438e-01
-9.778863191604614258e-01
-9.595236182212829590e-01
-9.515638351440429688e-01
-9.968221783638000488e-01
-9.911250472068786621e-01
-9.959211349487304688e-01
-9.897373318672180176e-01
-9.824981689453125000e-01
-9.713426232337951660e-01
-9.038162827491760254e-01
-9.960408806800842285e-01
-9.793200492858886719e-01
-9.689662456512451172e-01
-9.805707335472106934e-01
-9.955680966377258301e-01
-8.229294419288635254e-01
-8.681690692901611328e-01
-9.612482190132141113e-01
-9.831298589706420898e-01
-9.949876666069030762e-01
-9.735206365585327148e-01
-9.688301086425781250e-01
-9.802658557891845703e-01
-9.683224558830261230e-01
-9.757929444313049316e-01
-9.159600734710693359e-01
-9.739975333213806152e-01
-9.992371201515197754e-01
-9.739220142364501953e-01
-9.707140922546386719e-01
-9.786916375160217285e-01
-9.975720643997192383e-01
-9.220522642135620117e-01
-9.972116351127624512e-01
-9.469522833824157715e-01
-8.839435577392578125e-01
-9.732555747032165527e-01
-8.933448791503906250e-01
-9.978991746902465820e-01
-4.359456300735473633e-01
-9.852881431579589844e-01
-9.728445410728454590e-01
-9.755031466484069824e-01
-9.849695563316345215e-01
-9.962445497512817383e-01
-9.748944044113159180e-01
-9.821311235427856445e-01
-9.882404208183288574e-01
-7.855086922645568848e-01
-9.456133246421813965e-01
-9.748494625091552734e-01
-9.917396903038024902e-01
-9.980584383010864258e-01
-9.963628053665161133e-01
-9.863689541816711426e-01
-8.309404253959655762e-01
-9.894030094146728516e-01
-9.394990801811218262e-01
-9.670217037200927734e-01
-9.882128238677978516e-01
-9.089704751968383789e-01
-9.942395091056823730e-01
-9.749840497970581055e-01
-9.829796552658081055e-01
-9.936295747756958008e-01
-8.482221961021423340e-01
-9.615781307220458984e-01
-9.979919195175170898e-01
-8.709778785705566406e-01
-9.560168981552124023e-01
-9.772779345512390137e-01
-9.978579282760620117e-01
-9.795768260955810547e-01
-9.681947827339172363e-01
-9.965665936470031738e-01
-8.880573511123657227e-01
-7.964802384376525879e-01
-9.889183640480041504e-01
-9.709017872810363770e-01
-8.738204240798950195e-01
2.219934165477752686e-01
-8.929525613784790039e-01
-9.901291131973266602e-01
-9.538167119026184082e-01
-9.962829947471618652e-01
-9.894901514053344727e-01
-9.399601221084594727e-01
-9.683936238288879395e-01
-9.730388522148132324e-01
-9.508748650550842285e-01
-9.492972493171691895e-01
-9.253121614456176758e-01
-9.995035529136657715e-01
-7.272671461105346680e-01
-9.741929769515991211e-01
-9.487532377243041992e-01
-9.977552890777587891e-01
-9.941233992576599121e-01
-9.890466928482055664e-01
-9.973378181457519531e-01
-9.189265966415405273e-01
-9.947339296340942383e-01
-9.352161288261413574e-01
-9.974428415298461914e-01
-9.341846108436584473e-01
-9.045588374137878418e-01
-4.552665054798126221e-01
-9.816319346427917480e-01
-9.521091580390930176e-01
-9.546564221382141113e-01
-9.891335964202880859e-01
-8.758755326271057129e-01
-8.829104900360107422e-01
-9.731625914573669434e-01
-9.764563441276550293e-01
-9.994445443153381348e-01
-9.895644783973693848e-01
-9.925408363342285156e-01
-9.975683093070983887e-01
-9.904305934906005859e-01
-7.196184396743774414e-01
-9.545828700065612793e-01
-9.948592782020568848e-01
-9.801400899887084961e-01
-9.982126951217651367e-01
-9.956163763999938965e-01
-9.902538657188415527e-01
-9.557721018791198730e-01
-9.641197323799133301e-01
-9.953331947326660156e-01
-9.931881427764892578e-01
-7.918632030487060547e-01
-9.583889842033386230e-01
-9.802572727203369141e-01
-9.924670457839965820e-01
-9.931312203407287598e-01
-9.952524900436401367e-01
-9.915863275527954102e-01
-7.930087447166442871e-01
-9.863084554672241211e-01
-9.752182960510253906e-01
-9.823701977729797363e-01
-9.712702631950378418e-01
-9.865988492965698242e-01
-9.470557570457458496e-01
-9.883909225463867188e-01
-6.124039292335510254e-01
-9.816625118255615234e-01
-9.981279373168945312e-01
-9.907541275024414062e-01
-9.879438877105712891e-01
-9.942712783813476562e-01
-9.930317401885986328e-01
-9.458227753639221191e-01
-9.970805048942565918e-01
-9.898476004600524902e-01
-9.416953325271606445e-01
-9.860799908638000488e-01
-9.921025037765502930e-01
-8.092059493064880371e-01
-9.361425638198852539e-01
-9.860970377922058105e-01
-9.980533123016357422e-01
-9.976546168327331543e-01
-9.668775796890258789e-01
-9.116185903549194336e-01
-9.762313365936279297e-01
-9.674878120422363281e-01
-9.932354092597961426e-01
-9.332656264305114746e-01
-8.957556486129760742e-01
-9.558103084564208984e-01
-9.784212112426757812e-01
-8.881325721740722656e-01
-9.947839379310607910e-01
-9.976678490638732910e-01
-9.675451517105102539e-01
-9.296065568923950195e-01
-8.711907267570495605e-01
-9.835197329521179199e-01
-9.935582876205444336e-01
-9.894775748252868652e-01
-9.840704798698425293e-01
-9.114766120910644531e-01
-9.908765554428100586e-01
-8.605312705039978027e-01
-9.099430441856384277e-01
-7.374904155731201172e-01
-9.966729879379272461e-01
-9.645906686782836914e-01
-8.262331485748291016e-01
-9.976177215576171875e-01
-9.543563723564147949e-01
-9.920330047607421875e-01
-9.332632422447204590e-01
-7.543492317199707031e-01
-8.551942706108093262e-01
-9.884302616119384766e-01
-9.917384982109069824e-01
-9.968661665916442871e-01
-9.973765611648559570e-01
-9.790463447570800781e-01
-9.096319675445556641e-01
-9.081182479858398438e-01
-1.684316247701644897e-01
-8.971716761589050293e-01
-9.839031696319580078e-01
-9.877202510833740234e-01
-9.905918240547180176e-01
-9.775882363319396973e-01
-6.720861196517944336e-01
-9.950445294380187988e-01
-8.805512785911560059e-01
-9.621036648750305176e-01
-9.804307222366333008e-01
-9.866301417350769043e-01
-9.699704051017761230e-01
-9.894716143608093262e-01
-9.960908293724060059e-01
-9.973893165588378906e-01
-9.940306544303894043e-01
-9.863198995590209961e-01
-9.974054694175720215e-01
-9.590185284614562988e-01
-9.814676046371459961e-01
-9.596416354179382324e-01
-9.657068252563476562e-01
-9.828889369964599609e-01
-9.469667077064514160e-01
-7.107192277908325195e-01
-9.381408691406250000e-01
-9.676010608673095703e-01
-9.959126710891723633e-01
-9.968745708465576172e-01
-9.984107613563537598e-01
-9.893277883529663086e-01
-9.850710630416870117e-01
-9.976418614387512207e-01
-9.779326915740966797e-01
-7.608871459960937500e-01
-9.911996126174926758e-01
-9.090692400932312012e-01
-9.886183738708496094e-01
-9.871248006820678711e-01
-9.596279859542846680e-01
-9.765194058418273926e-01
-9.854044914245605469e-01
-9.834551215171813965e-01
-9.605525732040405273e-01
-9.165083169937133789e-01
-9.101384878158569336e-01
-4.146315455436706543e-01
-9.911271333694458008e-01
-9.914506673812866211e-01
-8.533680438995361328e-01
-9.252685904502868652e-01
-9.984508752822875977e-01
-9.299250841140747070e-01
-9.024244546890258789e-01
-9.765361547470092773e-01
-9.412789344787597656e-01
-9.827598333358764648e-01
-9.859456419944763184e-01
-9.898176789283752441e-01
-6.817610263824462891e-01
-9.986706376075744629e-01
-9.848425984382629395e-01
-9.840391874313354492e-01
-9.442931413650512695e-01
-7.819855213165283203e-01
-9.764986038208007812e-01
-8.939250707626342773e-01
-9.959211945533752441e-01
-8.959105610847473145e-01
-9.728405475616455078e-01
-9.835317730903625488e-01
-9.970964789390563965e-01
-9.761455059051513672e-01
-9.740810990333557129e-01
-6.986923813819885254e-01
-7.277945876121520996e-01
-9.457781314849853516e-01
-9.856541752815246582e-01
-9.939920902252197266e-01
-9.967138171195983887e-01
-8.715506196022033691e-01
-9.848678112030029297e-01
-9.907398223876953125e-01
-9.860756397247314453e-01
-9.618791341781616211e-01
-9.643240571022033691e-01
-9.627640843391418457e-01
-9.831169843673706055e-01
-9.651444554328918457e-01
-8.686108589172363281e-01
-9.082980155944824219e-01
-9.969955682754516602e-01
-9.938167929649353027e-01
-9.879735112190246582e-01
-9.860213994979858398e-01
-9.820333123207092285e-01
-9.876219034194946289e-01
-8.543601036071777344e-01
-9.854331016540527344e-01
-9.452306628227233887e-01
-9.775266647338867188e-01
-9.639685750007629395e-01
-9.974912405014038086e-01
-9.880998730659484863e-01
-9.914045929908752441e-01
-9.136469960212707520e-01
-9.563825726509094238e-01
-9.860473275184631348e-01
-9.460057616233825684e-01
-9.833260774612426758e-01
-9.456490874290466309e-01
-9.726625084877014160e-01
-9.544574022293090820e-01
-9.963607192039489746e-01
-9.752258658409118652e-01
-9.519759416580200195e-01
-9.937567710876464844e-01
-9.920638203620910645e-01
-9.818709492683410645e-01
-8.622386455535888672e-01
-9.917008280754089355e-01
-9.800335764884948730e-01
-9.156453609466552734e-01
-9.964984655380249023e-01
-9.898917078971862793e-01
-9.941255450248718262e-01
-9.945565462112426758e-01
-9.900061488151550293e-01
-9.850840568542480469e-01
-9.591624140739440918e-01
-9.970284104347229004e-01
-4.017480313777923584e-01
-7.075596451759338379e-01
-8.146870136260986328e-01
-9.947313666343688965e-01
-9.407882094383239746e-01
-9.935049414634704590e-01
-9.927955269813537598e-01
-9.965124130249023438e-01
-9.817911982536315918e-01
-9.372364282608032227e-01
-9.677315354347229004e-01
-8.882609009742736816e-01
-9.981772899627685547e-01
-9.867085814476013184e-01
-9.986885190010070801e-01
-9.792459607124328613e-01
-7.415387034416198730e-01
-9.986444115638732910e-01
-9.677029252052307129e-01
-7.474096417427062988e-01
-9.540882110595703125e-01
-9.271128773689270020e-01
-9.662967920303344727e-01
-9.804662466049194336e-01
-9.938623309135437012e-01
-9.831250905990600586e-01
-9.992809295654296875e-01
-9.370570778846740723e-01
-5.615696310997009277e-01
-9.922837018966674805e-01
-9.814268946647644043e-01
-9.687606096267700195e-01
-9.859338998794555664e-01
-9.303159713745117188e-01
-9.667791724205017090e-01
-9.879770278930664062e-01
-9.837226271629333496e-01
-9.973255395889282227e-01
-9.293443560600280762e-01
-9.463000893592834473e-01
-9.800361394882202148e-01
-9.747500419616699219e-01
-9.898692965507507324e-01
-8.538185954093933105e-01
-9.995878338813781738e-01
-9.725998640060424805e-01
-8.379866480827331543e-01
-9.116871356964111328e-01
-9.964218735694885254e-01
-9.890497922897338867e-01
-8.478208780288696289e-01
-9.050217270851135254e-01
-9.950962066650390625e-01
-9.777798652648925781e-01
-9.452600479125976562e-01
-9.987224936485290527e-01
-9.715530872344970703e-01
-9.850623011589050293e-01
-9.947379231452941895e-01
-9.577005505561828613e-01
-9.881966710090637207e-01
-9.514406323432922363e-01
-9.749477505683898926e-01
-9.946517348289489746e-01
-9.649977087974548340e-01
-9.860397577285766602e-01
-9.987808465957641602e-01
-9.990550875663757324e-01
-9.854608178138732910e-01
-9.706154465675354004e-01
-9.970525503158569336e-01
-9.901388883590698242e-01
-9.992001652717590332e-01
-4.950226843357086182e-01
-9.765509963035583496e-01
-9.943683147430419922e-01
-9.761774539947509766e-01
-6.235721111297607422e-01
-9.966050386428833008e-01
-8.225946426391601562e-01
-8.676873445510864258e-01
-9.950117468833923340e-01
-9.968556165695190430e-01
-9.808908104896545410e-01
-9.840372204780578613e-01
-9.877591133117675781e-01
-9.542350769042968750e-01
-9.458988904953002930e-01
-9.838066697120666504e-01
-9.820693135261535645e-01
-9.916054010391235352e-01
-9.843421578407287598e-01
-9.952722191810607910e-01
-9.973439574241638184e-01
-9.614773988723754883e-01
-9.392235279083251953e-01
-9.923769235610961914e-01
-9.878467321395874023e-01
-9.794331192970275879e-01
-9.527111649513244629e-01
-9.771389961242675781e-01
-9.986675381660461426e-01
-9.869756102561950684e-01
-9.923108220100402832e-01
-4.934020042419433594e-01
-9.872098565101623535e-01
-9.687110781669616699e-01
-9.628155827522277832e-01
-9.911386370658874512e-01
-9.351488947868347168e-01
-9.656081199645996094e-01
-9.940050840377807617e-01
-9.985140562057495117e-01
-9.920409917831420898e-01
-9.881313443183898926e-01
-9.985901117324829102e-01
-9.764229059219360352e-01
-9.626094698905944824e-01
-9.706181287765502930e-01
-9.988681674003601074e-01
-9.238947033882141113e-01
-9.833979606628417969e-01
-8.019519448280334473e-01
-9.850245118141174316e-01
-8.940037488937377930e-01
-9.680479764938354492e-01
-9.745799899101257324e-01
-9.038462638854980469e-01
-9.655499458312988281e-01
-9.968759417533874512e-01
-9.978822469711303711e-01
-9.826022386550903320e-01
-8.922104239463806152e-01
-8.770996928215026855e-01
-9.819847345352172852e-01
-9.637812972068786621e-01
-9.873751401901245117e-01
-9.990224242210388184e-01
-9.979719519615173340e-01
-8.271030783653259277e-01
-9.945790767669677734e-01
-9.743342399597167969e-01
-9.184544086456298828e-01
-9.366483688354492188e-01
-9.841122031211853027e-01
-9.399402737617492676e-01
-9.522907137870788574e-01
-9.916947484016418457e-01
-7.137425541877746582e-01
-9.973708987236022949e-01
-9.891999363899230957e-01
-9.712564349174499512e-01
-9.900753498077392578e-01
-9.832889437675476074e-01
-9.773996472358703613e-01
-9.980644583702087402e-01
-9.653303623199462891e-01
-9.664905071258544922e-01
-9.981161355972290039e-01
-7.552218437194824219e-01
-9.956498146057128906e-01
-5.099651217460632324e-01
-8.688256740570068359e-01
-8.948736786842346191e-01
-9.373079538345336914e-01
-9.362794160842895508e-01
-9.974502921104431152e-01
-9.959399700164794922e-01
-4.221103787422180176e-01
-9.959090948104858398e-01
-8.432913422584533691e-01
-9.430041909217834473e-01
-9.689486622810363770e-01
-9.490588903427124023e-01
-9.830452203750610352e-01
-9.836547970771789551e-01
-9.754174351692199707e-01
-9.901076555252075195e-01
-8.401074409484863281e-01
-9.090427756309509277e-01
-6.839083433151245117e-01
-9.974520802497863770e-01
-9.719521403312683105e-01
-9.726584553718566895e-01
-9.987236857414245605e-01
-8.938153982162475586e-01
-9.969403147697448730e-01
-9.794144034385681152e-01
-8.844191431999206543e-01
-9.169088006019592285e-01
-9.727795124053955078e-01
-9.535374641418457031e-01
-9.743461012840270996e-01
-8.312209844589233398e-01
-9.701294898986816406e-01
-8.757923841476440430e-01
-9.952814579010009766e-01
-9.187974929809570312e-01
-8.811354041099548340e-01
-9.823260307312011719e-01
-4.216805994510650635e-01
-9.947974085807800293e-01
-9.709520936012268066e-01
-9.083755016326904297e-01
-9.972833395004272461e-01
-9.522948861122131348e-01
-9.307357072830200195e-01
-9.803655147552490234e-01
-9.759994149208068848e-01
-9.607803225517272949e-01
-9.803575873374938965e-01
-9.972867965698242188e-01
-9.200802445411682129e-01
-9.388620853424072266e-01
-9.933363199234008789e-01
-9.677324891090393066e-01
-9.555798768997192383e-01
-9.778863191604614258e-01
-9.692682027816772461e-01
-9.440037608146667480e-01
-9.958885908126831055e-01
-9.773594141006469727e-01
-9.618049860000610352e-01
-7.249929308891296387e-01
-9.757357835769653320e-01
-9.141026735305786133e-01
-9.901142716407775879e-01
-6.651421785354614258e-01
-9.736540317535400391e-01
-9.559973478317260742e-01
-9.909442663192749023e-01
-9.785186052322387695e-01
-9.774177670478820801e-01
-9.641068577766418457e-01
-9.474483728408813477e-01
-9.346758723258972168e-01
-7.867159843444824219e-01
-9.606982469558715820e-01
-7.738037705421447754e-01
-9.891303181648254395e-01
-9.136449098587036133e-01
-9.750833511352539062e-01
-9.917514324188232422e-01
-9.937232136726379395e-01
-9.962706565856933594e-01
-9.511750340461730957e-01
-9.826369881629943848e-01
-9.941932559013366699e-01
-9.964438676834106445e-01
-9.909035563468933105e-01
-9.528371095657348633e-01
-8.285408616065979004e-01
-9.759773612022399902e-01
-9.742037653923034668e-01
-9.510615468025207520e-01
-9.826632738113403320e-01
-8.442950844764709473e-01
-9.829825758934020996e-01
-9.836468696594238281e-01
-9.810853004455566406e-01
-9.855465888977050781e-01
-7.803547978401184082e-01
-9.765213131904602051e-01
-9.415712952613830566e-01
-9.856510758399963379e-01
-9.928866028785705566e-01
-9.856575131416320801e-01
-9.303231835365295410e-01
-9.328132271766662598e-01
-9.941427111625671387e-01
-9.756543040275573730e-01
-6.925173401832580566e-01
-9.430418014526367188e-01
-1.511249989271163940e-01
-9.537037611007690430e-01
-9.891170859336853027e-01
-9.990170001983642578e-01
-8.857866525650024414e-01
-9.442188739776611328e-01
-6.106484532356262207e-01
-9.864848852157592773e-01
-9.962290525436401367e-01
-9.473307132720947266e-01
-9.962077140808105469e-01
-9.647525548934936523e-01
-9.200665950775146484e-01
-9.968501329421997070e-01
-9.717183113098144531e-01
-9.887223839759826660e-01
-9.666756987571716309e-01
-9.934208393096923828e-01
-9.728332757949829102e-01
-9.968194961547851562e-01
-9.351101517677307129e-01
-9.767732024192810059e-01
-9.850237965583801270e-01
-9.920110702514648438e-01
-9.913285374641418457e-01
-9.664975404739379883e-01
-9.827278852462768555e-01
-9.946138858795166016e-01
-9.753513932228088379e-01
-9.902147054672241211e-01
-8.087735176086425781e-01
-9.585825204849243164e-01
-9.757373332977294922e-01
-9.881370663642883301e-01
-7.316982746124267578e-01
-9.857659339904785156e-01
-9.257344603538513184e-01
-9.721460342407226562e-01
-9.925786256790161133e-01
-9.963762760162353516e-01
-9.515669345855712891e-01
-8.453403711318969727e-01
-9.908707141876220703e-01
-9.874376654624938965e-01
-9.345318078994750977e-01
-9.914706349372863770e-01
-9.918013811111450195e-01
-9.962168335914611816e-01
-9.745648503303527832e-01
-9.644644260406494141e-01
-9.964439272880554199e-01
-9.986636638641357422e-01
-9.956654906272888184e-01
-9.745589494705200195e-01
-9.721274971961975098e-01
-9.430208206176757812e-01
-9.835134744644165039e-01
-9.550544023513793945e-01
-9.852624535560607910e-01
-9.348722100257873535e-01
-9.877417087554931641e-01
-9.934254884719848633e-01
-9.223514795303344727e-01
-9.861412048339843750e-01
-9.221984744071960449e-01
-9.866319894790649414e-01
-9.825078845024108887e-01
-9.439913034439086914e-01
-9.740458130836486816e-01
-9.416080713272094727e-01
-3.074336647987365723e-01
-9.235606789588928223e-01
-7.921818494796752930e-01
-9.942351579666137695e-01
-9.519445896148681641e-01
-9.925956130027770996e-01
-9.446756243705749512e-01
-8.534026145935058594e-01
-9.950214624404907227e-01
-9.928192496299743652e-01
-9.748125672340393066e-01
-9.153923392295837402e-01
-9.937322735786437988e-01
-8.450258970260620117e-01
-8.786104917526245117e-01
-9.983903169631958008e-01
-9.975035786628723145e-01
-9.876542091369628906e-01
-9.738521575927734375e-01
-9.942144155502319336e-01
-9.479064345359802246e-01
-9.199815988540649414e-01
-8.779268860816955566e-01
-9.321231245994567871e-01
-9.056836962699890137e-01
-9.930540323257446289e-01
-9.894557595252990723e-01
-9.584529399871826172e-01
-3.508702814579010010e-01
-9.194229245185852051e-01
-9.738152623176574707e-01
-8.464428782463073730e-01
-9.437996149063110352e-01
-9.394786953926086426e-01
-9.746269583702087402e-01
-1.428459286689758301e-01
-9.980148673057556152e-01
-5.700988769531250000e-01
-9.724016189575195312e-01
-9.540421366691589355e-01
-9.865265488624572754e-01
-9.983448386192321777e-01
-9.922063946723937988e-01
-9.052974581718444824e-01
-9.662790298461914062e-01
-9.978880882263183594e-01
-9.683351516723632812e-01
-9.637292027473449707e-01
-9.849013686180114746e-01
-9.749115109443664551e-01
-9.743696451187133789e-01
-9.832862019538879395e-01
-9.742091298103332520e-01
-5.870175957679748535e-01
-9.933915734291076660e-01
-9.840863943099975586e-01
-9.945647716522216797e-01
-9.710060358047485352e-01
-9.145861864089965820e-01
-4.899373948574066162e-01
-9.029542803764343262e-01
-9.804970622062683105e-01
-9.347012639045715332e-01
-9.487916231155395508e-01
-7.498201727867126465e-01
-9.952921271324157715e-01
-9.018538594245910645e-01
-9.967318773269653320e-01
-9.484318494796752930e-01
-9.567300677299499512e-01
-9.943999648094177246e-01
-9.975512623786926270e-01
-8.245598077774047852e-01
-9.932031035423278809e-01
-9.942573904991149902e-01
-9.941782355308532715e-01
-9.206770062446594238e-01
-9.942435622215270996e-01
-9.958951473236083984e-01
-9.586876630783081055e-01
-9.574796557426452637e-01
-9.726895689964294434e-01
-9.156880974769592285e-01
-8.782085180282592773e-01
-9.983673095703125000e-01
-9.408034086227416992e-01
-9.816598296165466309e-01
-9.218044877052307129e-01
-9.913967847824096680e-01
-9.741955399513244629e-01
-9.554360508918762207e-01
-8.521799445152282715e-01
-8.177453279495239258e-01
-9.955808520317077637e-01
-9.903660416603088379e-01
-9.662488102912902832e-01
-9.981337189674377441e-01
-9.709706902503967285e-01
