-1.033920669555664062e+01
9.769053649902343750e+01
9.839900207519531250e+01
-5.448668670654296875e+01
9.421494293212890625e+01
-9.589035797119140625e+01
5.390297317504882812e+01
-3.850932312011718750e+01
-5.532931137084960938e+01
9.903415679931640625e+01
9.808062744140625000e+01
9.000052642822265625e+01
-9.017625427246093750e+01
-4.426821899414062500e+01
9.274343872070312500e+01
-2.062891197204589844e+01
9.591623687744140625e+01
8.737760925292968750e+01
-7.838694763183593750e+01
7.106436729431152344e+00
-9.555249786376953125e+01
-4.206424331665039062e+01
9.643621826171875000e+01
9.583256530761718750e+01
-2.119852304458618164e+00
9.802969360351562500e+01
-6.774600982666015625e+01
9.937149047851562500e+01
6.929204559326171875e+01
-7.463066864013671875e+01
-8.246640777587890625e+01
9.756280517578125000e+01
9.632705688476562500e+01
-8.093692779541015625e+01
5.422595214843750000e+01
7.350123882293701172e+00
-9.866328430175781250e+01
-9.879479217529296875e+01
-7.384259796142578125e+01
9.489485931396484375e+01
3.386518478393554688e+01
-7.125937652587890625e+01
9.117234039306640625e+01
-2.972849082946777344e+01
9.632653808593750000e+01
3.848712539672851562e+01
-9.807102966308593750e+01
-8.307419586181640625e+01
9.660575103759765625e+01
8.347111511230468750e+01
-9.030094909667968750e+01
9.635425567626953125e+01
-9.039112854003906250e+01
2.898170661926269531e+01
-7.708811187744140625e+01
8.425331115722656250e+01
-7.452178955078125000e+01
8.769768524169921875e+01
-1.371068668365478516e+01
9.848155975341796875e+01
8.041349029541015625e+01
-9.197918701171875000e+01
6.210238265991210938e+01
-9.737065124511718750e+01
-5.969564819335937500e+01
9.767243957519531250e+01
9.935263061523437500e+01
2.786518859863281250e+01
-9.852931976318359375e+01
-9.094151306152343750e+01
1.651911735534667969e+01
-7.757476806640625000e+01
2.816535758972167969e+01
-9.009434700012207031e+00
9.813625335693359375e+01
7.304519653320312500e+01
-7.477433013916015625e+01
-4.038863372802734375e+01
9.824852752685546875e+01
6.599301147460937500e+01
-9.035679626464843750e+01
8.067855072021484375e+01
-6.092235565185546875e+01
9.569829559326171875e+01
-1.262234306335449219e+01
9.873463439941406250e+01
3.915346145629882812e+01
-9.858857727050781250e+01
-5.514296340942382812e+01
9.763785552978515625e+01
8.679261779785156250e+01
-8.376179504394531250e+01
5.428099060058593750e+01
-9.639704895019531250e+01
-1.467496585845947266e+01
9.859341430664062500e+01
9.745629119873046875e+01
5.550308990478515625e+01
-9.662274932861328125e+01
-9.301206970214843750e+01
2.572929763793945312e+01
-8.496132659912109375e+01
8.157534790039062500e+01
4.390877914428710938e+01
-9.501469421386718750e+01
-8.265483856201171875e+01
9.972515106201171875e+01
9.266171264648437500e+01
-8.551365661621093750e+01
8.332207489013671875e+01
1.391981124877929688e+01
-8.976779937744140625e+01
-9.815996551513671875e+01
9.584853363037109375e+01
-1.242092227935791016e+01
9.735919189453125000e+01
8.672923278808593750e+01
-8.796450042724609375e+01
-1.889338302612304688e+01
9.970269775390625000e+01
9.931877136230468750e+01
-5.752472686767578125e+01
9.657022094726562500e+01
-2.940294075012207031e+01
9.503853607177734375e+01
8.769869995117187500e+01
-8.652021026611328125e+01
-4.367010116577148438e+01
9.692392730712890625e+01
8.616909027099609375e+01
-6.586281585693359375e+01
7.071185302734375000e+01
-9.840083312988281250e+01
7.646644592285156250e+01
-8.913671875000000000e+01
8.270928192138671875e+01
-9.597975921630859375e+01
8.544525909423828125e+01
-6.926509094238281250e+01
9.322669219970703125e+01
2.234380912780761719e+01
-9.795152282714843750e+01
-9.066532135009765625e+01
9.866465759277343750e+01
9.335373687744140625e+01
-7.098535919189453125e+01
7.406642913818359375e+01
-9.068295288085937500e+01
9.379810333251953125e+01
-5.390394973754882812e+01
9.703764343261718750e+01
-5.375928115844726562e+01
9.862241363525390625e+01
6.382956695556640625e+01
-9.575280761718750000e+01
2.899086380004882812e+01
-9.471808624267578125e+01
-5.428229522705078125e+01
9.739474487304687500e+01
9.219642639160156250e+01
-9.070337677001953125e+01
9.682001495361328125e+01
-8.442509460449218750e+01
9.489479064941406250e+01
-3.767066955566406250e+01
9.822378540039062500e+01
-4.599019241333007812e+01
9.902876281738281250e+01
8.902357482910156250e+01
-8.986711120605468750e+01
3.281212997436523438e+01
-9.349160003662109375e+01
-4.008426284790039062e+01
9.667971038818359375e+01
8.013813018798828125e+01
-6.074296188354492188e+01
8.650612640380859375e+01
-5.049589157104492188e+01
9.840847778320312500e+01
-2.087077713012695312e+01
9.662121582031250000e+01
4.323925971984863281e+00
-9.660429382324218750e+01
-7.012970733642578125e+01
9.879201507568359375e+01
9.212531280517578125e+01
-8.019335937500000000e+01
5.709582138061523438e+01
-8.403719329833984375e+01
8.917137145996093750e+01
-5.254494476318359375e+01
9.761152648925781250e+01
-3.891670227050781250e+01
9.871473693847656250e+01
7.696205139160156250e+01
-8.861389160156250000e+01
6.742887115478515625e+01
-9.868395233154296875e+01
-6.302696990966796875e+01
9.717266082763671875e+01
7.708759307861328125e+01
-7.255146789550781250e+01
9.098743438720703125e+01
-3.997712326049804688e+01
9.586547088623046875e+01
-5.485307693481445312e+01
8.026106262207031250e+01
2.921606063842773438e+01
-9.523025512695312500e+01
-4.974530029296875000e+01
9.895209503173828125e+01
9.843811035156250000e+01
-7.869375610351562500e+01
6.209104156494140625e+01
-9.271712493896484375e+01
9.449373626708984375e+01
-8.550160217285156250e+01
7.931217193603515625e+01
-6.957456207275390625e+01
9.593575286865234375e+01
1.944727706909179688e+01
-9.716513824462890625e+01
-7.620001220703125000e+01
9.662155151367187500e+01
8.214627838134765625e+01
-7.263299560546875000e+01
6.127315902709960938e+01
-9.470619964599609375e+01
3.475114059448242188e+01
-9.916975402832031250e+01
-9.915502548217773438e+00
9.370179748535156250e+01
9.880246734619140625e+01
2.659749984741210938e+01
-9.608612060546875000e+01
-9.338085937500000000e+01
9.677978515625000000e+01
3.985760116577148438e+01
-9.283301544189453125e+01
3.427656173706054688e+01
-9.132518768310546875e+01
3.844782257080078125e+01
-9.635149383544921875e+01
-8.560736846923828125e+01
9.168208312988281250e+01
9.007823181152343750e+01
-7.576121330261230469e+00
9.567316436767578125e+01
-6.929787158966064453e+00
9.667016601562500000e+01
8.580751037597656250e+01
-8.368463134765625000e+01
2.024939918518066406e+01
-9.875127410888671875e+01
1.407389831542968750e+01
-9.390819549560546875e+01
-1.775050735473632812e+01
9.864590454101562500e+01
9.873922729492187500e+01
5.079796218872070312e+01
-9.556706237792968750e+01
-7.881465911865234375e+01
8.733262634277343750e+01
-8.430377960205078125e+01
9.867410278320312500e+01
9.720199584960937500e+01
-7.503285217285156250e+01
-8.862321853637695312e+00
9.977656555175781250e+01
9.290627288818359375e+01
2.599099540710449219e+01
-9.843225097656250000e+01
-9.747849273681640625e+01
4.689376449584960938e+01
-9.719561767578125000e+01
7.355559539794921875e+01
-6.522882080078125000e+01
9.756247711181640625e+01
2.279800033569335938e+01
-9.127560424804687500e+01
-8.406363677978515625e+01
8.269330596923828125e+01
-2.854052162170410156e+01
9.768480682373046875e+01
9.115957641601562500e+01
-8.190887451171875000e+01
9.440207672119140625e+01
-9.513943481445312500e+01
9.178776550292968750e+01
-3.419964981079101562e+01
9.640370941162109375e+01
-7.509057617187500000e+01
9.956195068359375000e+01
-5.296772003173828125e+01
9.826656341552734375e+01
9.331960296630859375e+01
-9.498768615722656250e+01
2.884374237060546875e+01
-9.716160583496093750e+01
-8.506610107421875000e+01
9.493730163574218750e+01
8.039486694335937500e+01
-6.884259033203125000e+01
7.314707946777343750e+01
-7.435702514648437500e+01
9.756455993652343750e+01
-7.213200378417968750e+01
9.847254180908203125e+01
-2.645273590087890625e+01
9.892021179199218750e+01
7.381682586669921875e+01
-8.370241546630859375e+01
-2.084895324707031250e+01
9.898229980468750000e+01
9.913318634033203125e+01
-5.035567855834960938e+01
8.532634735107421875e+01
-8.830948638916015625e+01
9.431507873535156250e+01
-6.201336288452148438e+01
9.493483734130859375e+01
1.557638359069824219e+01
-9.304377746582031250e+01
-8.729031372070312500e+01
9.517678833007812500e+01
-1.667438507080078125e+01
9.127201080322265625e+01
8.049465179443359375e+01
-6.470015716552734375e+01
9.550134277343750000e+01
-8.582158660888671875e+01
5.643041229248046875e+01
-8.892368316650390625e+01
9.383776092529296875e+01
-4.834574890136718750e+01
8.548533630371093750e+01
-1.430311203002929688e+01
9.787383270263671875e+01
6.975337219238281250e+01
-8.584539794921875000e+01
-3.630876541137695312e+01
9.924596405029296875e+01
8.494512939453125000e+01
-9.465546417236328125e+01
9.223179626464843750e+01
-5.151491165161132812e+01
9.396751403808593750e+01
-8.610280609130859375e+01
9.158148956298828125e+01
-2.475573348999023438e+01
9.367310333251953125e+01
7.694159698486328125e+01
-8.785778045654296875e+01
-2.615578842163085938e+01
9.635393524169921875e+01
8.629337310791015625e+01
-8.408950805664062500e+01
8.802252960205078125e+01
-7.450042724609375000e+01
7.809816741943359375e+01
-7.622003173828125000e+01
7.194357299804687500e+01
-7.557159423828125000e+01
9.863329315185546875e+01
6.940467834472656250e+01
-9.789187622070312500e+01
-9.697937011718750000e+01
8.678668212890625000e+01
1.059289646148681641e+01
-8.985092163085937500e+01
-5.241547393798828125e+01
9.934326934814453125e+01
9.920293426513671875e+01
-2.604924201965332031e+01
9.911969757080078125e+01
7.678818511962890625e+01
-9.505003356933593750e+01
-9.696567535400390625e+01
6.947513580322265625e+01
-7.683444976806640625e+01
8.581167602539062500e+01
6.107832717895507812e+01
-8.005947113037109375e+01
-6.820791625976562500e+01
9.472007751464843750e+01
8.736072540283203125e+01
-9.707110595703125000e+01
7.924802398681640625e+01
-9.249579620361328125e+01
8.786908721923828125e+01
-6.472875976562500000e+01
8.234365844726562500e+01
-6.056843948364257812e+01
9.833389282226562500e+01
8.103158569335937500e+01
-9.337747955322265625e+01
-7.879640197753906250e+01
9.638831329345703125e+01
9.462781524658203125e+01
-8.680222320556640625e+01
7.988691711425781250e+01
-8.391275024414062500e+01
8.927227783203125000e+01
-7.498519134521484375e+01
9.719718933105468750e+01
-5.755208206176757812e+01
9.713320159912109375e+01
9.302999877929687500e+01
-8.968585968017578125e+01
1.540446472167968750e+01
-7.897496032714843750e+01
-2.924422073364257812e+01
9.184457397460937500e+01
9.572374725341796875e+01
-8.734072875976562500e+01
8.627458953857421875e+01
-7.421419525146484375e+01
9.739786529541015625e+01
1.580738162994384766e+01
-9.462374114990234375e+01
-8.897002410888671875e+01
7.653810119628906250e+01
-7.677433013916015625e+01
9.503627777099609375e+01
7.904924011230468750e+01
-9.673143005371093750e+01
8.543701171875000000e+00
-9.122593688964843750e+01
-6.387304687500000000e+01
9.890380859375000000e+01
9.749221801757812500e+01
-4.205945968627929688e+01
9.492436218261718750e+01
-2.195660781860351562e+01
9.854080963134765625e+01
9.877864837646484375e+01
-8.856369018554687500e+01
-5.488035583496093750e+01
9.924241638183593750e+01
7.022405242919921875e+01
-8.283151245117187500e+01
3.788579559326171875e+01
-9.238164520263671875e+01
8.256099700927734375e+01
-6.123731613159179688e+01
9.711646270751953125e+01
-8.955017089843750000e+01
9.747711944580078125e+01
-4.467113113403320312e+01
9.911091613769531250e+01
8.316025543212890625e+01
-7.886547851562500000e+01
5.504894256591796875e+01
-9.095157623291015625e+01
-4.338109016418457031e+00
9.287290954589843750e+01
9.675666809082031250e+01
-6.158161926269531250e+01
9.675046539306640625e+01
-7.564186859130859375e+01
9.701329040527343750e+01
-7.320238590240478516e+00
9.329142761230468750e+01
8.679734802246093750e+01
-9.721086883544921875e+01
3.133108329772949219e+01
-9.805866241455078125e+01
-7.649320220947265625e+01
9.450557708740234375e+01
-7.373492240905761719e+00
9.844287872314453125e+01
9.751108551025390625e+01
6.843768310546875000e+01
-9.772505187988281250e+01
-8.659093475341796875e+01
-2.181760311126708984e+00
9.679690551757812500e+01
9.195005035400390625e+01
5.058262252807617188e+01
-9.539089202880859375e+01
-8.466851043701171875e+01
9.671671295166015625e+01
9.734032440185546875e+01
-6.411728668212890625e+01
2.547041130065917969e+01
-9.709683227539062500e+01
-2.057561302185058594e+01
9.876530456542968750e+01
9.111508178710937500e+01
-5.178179931640625000e+01
9.822694396972656250e+01
-1.213348770141601562e+01
9.498674774169921875e+01
1.665254783630371094e+01
-9.824726104736328125e+01
-5.899147415161132812e+01
9.336393737792968750e+01
4.311616516113281250e+01
-9.343136596679687500e+01
-1.489121150970458984e+01
9.967696380615234375e+01
9.845601654052734375e+01
8.150536346435546875e+01
-9.306781768798828125e+01
-9.804525756835937500e+01
-2.370135784149169922e+00
9.749648284912109375e+01
9.880322265625000000e+01
5.083815002441406250e+01
-9.779976654052734375e+01
-7.831163024902343750e+01
9.589536285400390625e+01
2.672951889038085938e+01
-9.156685638427734375e+01
-2.072893905639648438e+01
9.723379516601562500e+01
9.708135986328125000e+01
4.136480331420898438e+01
-9.277735137939453125e+01
-9.678320312500000000e+01
8.838327789306640625e+01
-9.310935211181640625e+01
7.445355987548828125e+01
7.126811218261718750e+01
-9.822775268554687500e+01
-4.131698989868164062e+01
9.878347778320312500e+01
9.445690155029296875e+01
-9.275568389892578125e+01
8.422029876708984375e+01
-7.593151855468750000e+01
9.552100372314453125e+01
-7.827308654785156250e+01
9.541564941406250000e+01
1.173444938659667969e+01
-9.969674682617187500e+01
-9.701915740966796875e+01
7.641774749755859375e+01
4.806359863281250000e+01
-9.885694885253906250e+01
-7.889585876464843750e+01
9.843484497070312500e+01
9.561244964599609375e+01
-5.751448440551757812e+01
9.288558197021484375e+01
-2.508008766174316406e+01
9.926852416992187500e+01
-1.624144172668457031e+01
9.920500946044921875e+01
8.342522430419921875e+01
-9.553597259521484375e+01
-4.976174926757812500e+01
9.627645111083984375e+01
8.938484191894531250e+01
-8.999861907958984375e+01
5.286170959472656250e+01
-8.099893188476562500e+01
9.353452301025390625e+01
-9.169499206542968750e+01
4.737976074218750000e+01
-5.057810974121093750e+01
9.778972625732421875e+01
1.062555122375488281e+01
-9.788487243652343750e+01
-8.994361877441406250e+01
9.850955200195312500e+01
8.873599243164062500e+01
-9.714904785156250000e+01
5.973047637939453125e+01
-9.766969299316406250e+01
5.039027404785156250e+01
-9.691399383544921875e+01
7.608644866943359375e+01
-9.199296569824218750e+01
9.591540527343750000e+01
2.649142456054687500e+01
-9.498049926757812500e+01
-7.885266876220703125e+01
9.369671630859375000e+01
8.486150360107421875e+01
-9.143186950683593750e+01
3.605621337890625000e+01
-8.994885253906250000e+01
9.346054077148437500e+01
-8.944373321533203125e+01
8.784156799316406250e+01
-1.817533874511718750e+01
9.720815277099609375e+01
-4.138328075408935547e+00
9.846841430664062500e+01
9.461803436279296875e+01
-6.689582824707031250e+01
6.782004547119140625e+01
-9.646597290039062500e+01
3.958191680908203125e+01
-9.760374450683593750e+01
7.055038452148437500e+01
-5.372336959838867188e+01
9.656049346923828125e+01
-9.660417938232421875e+01
9.651218414306640625e+01
-1.301502323150634766e+01
9.614050292968750000e+01
7.720727539062500000e+01
-9.323592376708984375e+01
4.401365661621093750e+01
-9.417359161376953125e+01
-3.479892730712890625e+01
9.809400939941406250e+01
8.944967651367187500e+01
-2.083142662048339844e+01
9.303112030029296875e+01
-4.715868377685546875e+01
9.803747558593750000e+01
4.103338241577148438e+01
-9.724914550781250000e+01
-9.016220855712890625e+01
4.157659149169921875e+01
8.813679504394531250e+01
-9.774407196044921875e+01
-3.107270812988281250e+01
9.658209991455078125e+01
8.368708801269531250e+01
-9.543563842773437500e+01
9.410670471191406250e+01
-8.768353271484375000e+01
9.687605285644531250e+01
-9.541241645812988281e+00
9.772634887695312500e+01
3.242274093627929688e+01
-9.128107452392578125e+01
-8.765194702148437500e+01
9.143153381347656250e+01
8.931330871582031250e+01
-9.334297180175781250e+01
3.713005065917968750e+01
-9.631588745117187500e+01
5.062550735473632812e+01
-9.436132049560546875e+01
7.193684387207031250e+01
-8.799131011962890625e+01
6.129962158203125000e+01
-6.233046722412109375e+01
9.930824279785156250e+01
7.178089904785156250e+01
-9.472611236572265625e+01
-5.927599716186523438e+01
9.752413177490234375e+01
9.778176879882812500e+01
-9.466040802001953125e+01
7.397887420654296875e+01
-7.419881439208984375e+01
9.828421783447265625e+01
6.304359436035156250e-01
-9.451725769042968750e+01
2.143580627441406250e+01
-9.375530242919921875e+01
-7.782167911529541016e+00
8.427674865722656250e+01
9.761727142333984375e+01
-1.674412727355957031e+01
9.639306640625000000e+01
7.162955403327941895e-01
-9.755092620849609375e+01
-9.299069976806640625e+01
6.964118957519531250e+01
4.506764602661132812e+01
-9.821263122558593750e+01
-8.136813354492187500e+01
9.734223937988281250e+01
9.191471862792968750e+01
-1.140409278869628906e+01
9.426737976074218750e+01
4.973233032226562500e+01
-9.895261383056640625e+01
-9.886104583740234375e+01
2.899461364746093750e+01
-6.240378570556640625e+01
9.228802490234375000e+01
7.692160797119140625e+01
-9.730541992187500000e+01
-5.785341262817382812e+01
8.384384155273437500e+01
3.323892974853515625e+01
-6.322951507568359375e+01
9.707627868652343750e+01
-7.343788909912109375e+01
9.322583007812500000e+01
-6.614246368408203125e+01
7.287155151367187500e+01
-1.150517106056213379e+00
9.343441772460937500e+01
9.506507873535156250e+01
-7.979853820800781250e+01
3.071182441711425781e+01
-9.807252502441406250e+01
5.496693134307861328e+00
-9.735906982421875000e+01
-7.951413726806640625e+01
8.125183868408203125e+01
9.507853698730468750e+01
-7.128651618957519531e+00
9.816447448730468750e+01
-3.872112655639648438e+01
8.872085571289062500e+01
7.548840332031250000e+01
-9.874022674560546875e+01
-7.554715728759765625e+01
9.531214904785156250e+01
8.121686553955078125e+01
-8.069085693359375000e+01
3.137530708312988281e+01
-9.773710632324218750e+01
6.778342437744140625e+01
-9.889009094238281250e+01
7.966030883789062500e+01
-9.787639617919921875e+01
6.709018707275390625e+01
-7.268946838378906250e+01
9.860812377929687500e+01
3.739479064941406250e+01
-9.656597900390625000e+01
-3.612560272216796875e+01
9.782853698730468750e+01
8.947208404541015625e+01
-8.278202819824218750e+01
8.813273620605468750e+01
-9.529689788818359375e+01
8.660810852050781250e+01
-8.917005920410156250e+01
9.115148925781250000e+01
1.569848632812500000e+01
-9.383273315429687500e+01
-6.200656890869140625e+01
9.270050811767578125e+01
6.707090759277343750e+01
-9.855868530273437500e+01
-1.996001815795898438e+01
9.564484405517578125e+01
9.849559783935546875e+01
-3.120042610168457031e+01
9.625972747802734375e+01
1.570351696014404297e+01
-9.489619445800781250e+01
-7.590100860595703125e+01
8.884424591064453125e+01
2.027885818481445312e+01
-9.677478790283203125e+01
-5.644229507446289062e+01
7.748036193847656250e+01
7.659238433837890625e+01
-9.436753845214843750e+01
-2.182989883422851562e+01
9.728186035156250000e+01
8.785485839843750000e+01
-6.434174346923828125e+01
9.638316345214843750e+01
2.472138786315917969e+01
-9.933083343505859375e+01
-8.105146026611328125e+01
9.642812347412109375e+01
6.520056724548339844e+00
-9.826854705810546875e+01
-9.298459625244140625e+01
8.393579864501953125e+01
5.878495025634765625e+01
-9.566886138916015625e+01
7.378918457031250000e+01
-8.293408203125000000e+01
7.203466796875000000e+01
-8.514190673828125000e+01
4.452274322509765625e+01
-2.128619956970214844e+01
9.505537414550781250e+01
8.815441894531250000e+01
-8.220064544677734375e+01
-2.023263359069824219e+01
8.973796081542968750e+01
9.401949310302734375e+01
-3.783831405639648438e+01
8.533406829833984375e+01
-8.147342681884765625e+01
9.224948883056640625e+01
-1.288496398925781250e+01
9.820008850097656250e+01
3.572048950195312500e+01
-9.526570892333984375e+01
-8.820011901855468750e+01
9.465100860595703125e+01
3.075806808471679688e+01
-9.547511291503906250e+01
-5.366551208496093750e+01
8.698419952392578125e+01
9.129039001464843750e+01
-6.567343902587890625e+01
8.631269073486328125e+01
2.400722122192382812e+01
-9.802629852294921875e+01
-9.760556793212890625e+01
4.768069839477539062e+01
-4.043594741821289062e+01
6.941752624511718750e+01
6.602726745605468750e+01
-9.703810882568359375e+01
-8.473120117187500000e+01
9.292268371582031250e+01
7.580080413818359375e+01
-9.340597534179687500e+01
5.595476150512695312e+01
-8.858515930175781250e+01
5.745241546630859375e+01
-9.353018188476562500e+01
8.405957794189453125e+01
-3.856380462646484375e+01
9.681414794921875000e+01
7.742487335205078125e+01
-8.960882568359375000e+01
-6.284878921508789062e+01
8.077597045898437500e+01
9.356385803222656250e+01
-6.021792888641357422e+00
8.254998016357421875e+01
-8.596992492675781250e+01
4.759596633911132812e+01
-7.079138183593750000e+01
7.989559936523437500e+01
-1.974011993408203125e+01
6.955636596679687500e+01
6.055068969726562500e+01
-9.787759399414062500e+01
-5.953430938720703125e+01
7.143708038330078125e+01
9.625561523437500000e+01
-8.122399139404296875e+01
5.528998947143554688e+01
-8.328096008300781250e+01
8.752554321289062500e+01
-8.187339782714843750e+01
8.592032623291015625e+01
-6.986647033691406250e+01
5.218775177001953125e+01
5.818044662475585938e+01
-9.344074249267578125e+01
-2.862225723266601562e+01
9.618600463867187500e+01
9.288856506347656250e+01
-8.631787872314453125e+01
9.310713195800781250e+01
-8.613974761962890625e+01
8.771380615234375000e+01
-8.843190002441406250e+01
7.599896240234375000e+01
-7.963263702392578125e+01
9.187548065185546875e+01
5.935527038574218750e+01
-9.293266296386718750e+01
-8.569587707519531250e+01
9.736652374267578125e+01
3.685118865966796875e+01
-9.658291625976562500e+01
-6.675030517578125000e+01
9.450693511962890625e+01
9.261128997802734375e+01
2.932214164733886719e+01
-9.801228332519531250e+01
-9.875789642333984375e+01
6.750498962402343750e+01
-9.245449066162109375e+01
8.184352111816406250e+01
-1.858476448059082031e+01
9.037242126464843750e+01
7.490855407714843750e+01
-9.652577209472656250e+01
1.085267543792724609e+01
-9.646717834472656250e+01
4.456963062286376953e+00
-9.801851654052734375e+01
-9.008555603027343750e+01
9.156678771972656250e+01
9.586709594726562500e+01
-5.715269470214843750e+01
9.849777984619140625e+01
-7.365219879150390625e+01
9.711656188964843750e+01
-5.679199600219726562e+01
9.794612121582031250e+01
9.348358154296875000e+01
-8.868013763427734375e+01
4.770523452758789062e+01
-9.151367187500000000e+01
3.333933639526367188e+01
-9.557192993164062500e+01
5.929505920410156250e+01
-8.774681854248046875e+01
4.278659820556640625e+01
-9.361118316650390625e+01
6.887171173095703125e+01
-4.788074493408203125e+01
7.625777435302734375e+01
6.470498657226562500e+01
-9.680554199218750000e+01
4.487424087524414062e+01
-9.813890075683593750e+01
-3.209353256225585938e+01
9.791153717041015625e+01
7.341655731201171875e+01
-8.978001403808593750e+01
7.792448425292968750e+01
-6.946271514892578125e+01
9.274247741699218750e+01
4.843179321289062500e+01
-9.845026397705078125e+01
-9.582312774658203125e+01
6.259166717529296875e+01
3.643545913696289062e+01
-9.272840118408203125e+01
-6.881114959716796875e+01
9.195879364013671875e+01
7.487200927734375000e+01
-9.367755889892578125e+01
8.316205596923828125e+01
-9.255577087402343750e+01
4.373049926757812500e+01
-5.685878372192382812e+01
8.078897857666015625e+01
7.057324981689453125e+01
-8.022340393066406250e+01
-6.103045272827148438e+01
9.450531005859375000e+01
8.862155914306640625e+01
-9.774965667724609375e+01
6.523411560058593750e+01
-9.313146209716796875e+01
6.012337112426757812e+01
-9.388654327392578125e+01
9.416647338867187500e+01
-7.408227539062500000e+01
7.519390869140625000e+01
2.119644165039062500e+01
-9.894566345214843750e+01
-4.432557678222656250e+01
9.683900451660156250e+01
7.066918945312500000e+01
-9.380596160888671875e+01
6.457174682617187500e+01
-6.073196411132812500e+01
-1.215648174285888672e+01
8.585689544677734375e+01
9.524921417236328125e+01
4.181455230712890625e+01
-9.861695861816406250e+01
5.022374343872070312e+01
-9.672299957275390625e+01
-9.267426300048828125e+01
4.898444366455078125e+01
8.672994995117187500e+01
-9.549340057373046875e+01
3.047560501098632812e+01
-8.741384124755859375e+01
7.083023834228515625e+01
-9.492224121093750000e+01
6.434065246582031250e+01
-9.638220977783203125e+01
7.700295257568359375e+01
-2.232208061218261719e+01
7.598484802246093750e+01
8.246908569335937500e+01
-8.893024444580078125e+01
4.994946479797363281e+00
-9.575430297851562500e+01
-6.667023468017578125e+01
8.121360778808593750e+01
9.400684356689453125e+01
-8.145651245117187500e+01
6.462186431884765625e+01
-8.653437042236328125e+01
8.873223876953125000e+01
-3.605151367187500000e+01
9.720242309570312500e+01
4.073785400390625000e+01
-9.744641876220703125e+01
2.823061370849609375e+01
-9.615370941162109375e+01
-7.894410705566406250e+01
9.199920654296875000e+01
9.312092590332031250e+01
4.569691848754882812e+01
-8.738183593750000000e+01
-9.168389129638671875e+01
7.559892272949218750e+01
-8.201885223388671875e+01
5.657141876220703125e+01
-2.889400959014892578e+00
8.445281219482421875e+01
1.470899772644042969e+01
-6.969394683837890625e+01
7.413361358642578125e+01
-9.648750305175781250e+01
3.629911804199218750e+01
-9.130014038085937500e+01
5.901947784423828125e+01
-9.655790710449218750e+01
5.439406585693359375e+01
-1.415185070037841797e+01
9.697362518310546875e+01
-2.977889442443847656e+01
9.718717193603515625e+01
5.655688476562500000e+01
-9.381163787841796875e+01
4.130278015136718750e+01
-9.773873138427734375e+01
-1.230804347991943359e+01
9.567818450927734375e+01
8.695088958740234375e+01
5.027455520629882812e+01
-7.664353942871093750e+01
-8.934180450439453125e+01
9.129634857177734375e+01
-6.152616119384765625e+01
9.419113922119140625e+01
3.698712539672851562e+01
-8.993859863281250000e+01
1.863695335388183594e+01
-9.551820373535156250e+01
-3.765565872192382812e+00
9.436238098144531250e+01
8.023751068115234375e+01
8.494564056396484375e+01
-9.026171875000000000e+01
-6.014603805541992188e+01
9.557864379882812500e+01
5.871285629272460938e+01
-9.760081481933593750e+01
-4.870426177978515625e+01
2.305946159362792969e+01
9.066769409179687500e+01
-9.208025360107421875e+01
3.008658981323242188e+01
-7.310698699951171875e+01
8.492984771728515625e+01
-8.248571777343750000e+01
4.257012557983398438e+01
-6.870914459228515625e+01
6.591876220703125000e+01
3.747094726562500000e+01
-9.225236511230468750e+01
-7.465431213378906250e+01
9.585279846191406250e+01
9.525760650634765625e+01
-9.382747650146484375e+01
5.182550048828125000e+01
-3.365402984619140625e+01
4.384662628173828125e+01
-7.627712249755859375e+01
4.899361419677734375e+01
-9.410742187500000000e+01
8.262399291992187500e+01
7.832165718078613281e+00
-9.545231628417968750e+01
-8.261663055419921875e+01
8.852237701416015625e+01
3.365690612792968750e+01
-8.897390747070312500e+01
4.377635574340820312e+01
-8.813617706298828125e+01
4.096376037597656250e+01
-9.409132385253906250e+01
4.410076522827148438e+01
-4.554998397827148438e+01
8.690306854248046875e+01
3.402979660034179688e+01
-9.541011810302734375e+01
-7.574821472167968750e+01
8.042880249023437500e+01
6.988845825195312500e+01
-7.283585357666015625e+01
2.807473564147949219e+01
-9.704904174804687500e+01
4.270427703857421875e+01
-8.876560974121093750e+01
5.540545654296875000e+01
-7.563859558105468750e+01
7.854073333740234375e+01
7.959530639648437500e+01
-9.716283416748046875e+01
-1.316098690032958984e+01
8.594355010986328125e+01
8.851433563232421875e+01
-4.015305042266845703e-01
-4.395394134521484375e+01
8.982541656494140625e+01
7.324059295654296875e+01
-7.785705566406250000e+01
-6.535896301269531250e+01
9.750557708740234375e+01
7.470861053466796875e+01
-8.999428558349609375e+01
5.027042007446289062e+01
-9.502102661132812500e+01
5.766072082519531250e+01
-6.994033050537109375e+01
7.886969757080078125e+01
-5.590023422241210938e+01
8.966403198242187500e+01
3.987775421142578125e+01
-6.104933547973632812e+01
-7.152703094482421875e+01
9.885862731933593750e+01
8.475541687011718750e+01
-7.908606719970703125e+01
4.633264923095703125e+01
-9.740325927734375000e+01
-3.205450439453125000e+01
9.502770996093750000e+01
8.738892364501953125e+01
-2.269576072692871094e+01
9.796489715576171875e+01
9.236564636230468750e+01
-9.710557556152343750e+01
-8.480175781250000000e+01
8.901020050048828125e+01
-4.836044311523437500e+00
9.430636596679687500e+01
6.031724166870117188e+01
-9.159689331054687500e+01
4.905015563964843750e+01
-5.920067596435546875e+01
1.203197193145751953e+01
-9.096768188476562500e+01
5.055981826782226562e+01
-7.795143890380859375e+01
9.288092803955078125e+01
-5.570109939575195312e+01
9.539395904541015625e+01
3.579984188079833984e+00
-9.653807067871093750e+01
-6.669076538085937500e+01
8.709194946289062500e+01
6.566904449462890625e+01
-9.710738372802734375e+01
-6.485619354248046875e+01
9.128858184814453125e+01
9.578372192382812500e+01
-8.214678192138671875e+01
9.294879150390625000e+01
-2.265117263793945312e+01
9.392903137207031250e+01
5.082266235351562500e+01
-9.496085357666015625e+01
-8.463890838623046875e+01
8.639701080322265625e+01
9.202832031250000000e+01
-7.618740081787109375e+01
8.664364624023437500e+01
-8.727953338623046875e+01
5.398693561553955078e+00
-9.792625427246093750e+01
7.747558593750000000e+01
-8.506055450439453125e+01
9.379712677001953125e+01
4.219610214233398438e+01
-9.642201995849609375e+01
-9.767626190185546875e+01
7.013960266113281250e+01
-3.817726516723632812e+01
8.962084960937500000e+01
7.900236511230468750e+01
-3.691901397705078125e+01
6.987876129150390625e+01
-9.406090545654296875e+01
8.970158386230468750e+01
-5.939514160156250000e+01
7.273065185546875000e+01
-4.383673477172851562e+01
-1.779090690612792969e+01
9.919055938720703125e+01
9.769419860839843750e+01
9.965879821777343750e+01
1.024937057495117188e+01
-9.534461212158203125e+01
-9.762259674072265625e+01
-9.441703796386718750e+01
5.436770248413085938e+01
4.256305694580078125e+01
-9.791562652587890625e+01
4.149752044677734375e+01
-9.456439208984375000e+01
-5.166736221313476562e+01
7.732593536376953125e+01
5.353437042236328125e+01
-8.625279998779296875e+01
8.848593902587890625e+01
5.043708038330078125e+01
-9.543348693847656250e+01
-3.525407791137695312e+01
9.302861785888671875e+01
5.967665863037109375e+01
-7.713109588623046875e+01
8.033523559570312500e+01
-9.476332855224609375e+01
3.688233947753906250e+01
-9.126247406005859375e+01
3.515233230590820312e+01
-5.617121505737304688e+01
9.014533233642578125e+01
-3.821292877197265625e+01
9.083850860595703125e+01
8.096281433105468750e+01
-7.803083038330078125e+01
9.160660552978515625e+01
-9.677613067626953125e+01
4.891222381591796875e+01
-9.695542907714843750e+01
-1.206971740722656250e+01
9.369279479980468750e+01
9.293238830566406250e+01
-1.518212985992431641e+01
9.834792327880859375e+01
6.008537292480468750e+00
-9.772563934326171875e+01
-9.562176513671875000e+01
9.091800689697265625e+01
-1.918781518936157227e+00
7.245626831054687500e+01
8.119995880126953125e+01
-8.474327087402343750e+01
-3.294878005981445312e+00
9.021813201904296875e+01
9.276792144775390625e+01
-7.284353637695312500e+01
9.543645477294921875e+01
-5.121562576293945312e+01
7.711190032958984375e+01
-9.975336074829101562e+00
9.595973968505859375e+01
5.204185104370117188e+01
-8.768409729003906250e+01
-9.093173980712890625e+01
6.496927642822265625e+01
-2.145766639709472656e+01
9.456717681884765625e+01
2.584512901306152344e+01
-9.866012573242187500e+01
7.910397338867187500e+01
-9.446614074707031250e+01
-1.080607414245605469e+01
8.719422912597656250e+01
7.724441528320312500e+01
2.574837875366210938e+01
-9.317993927001953125e+01
-7.198097229003906250e+01
8.958287048339843750e+01
4.598752593994140625e+01
-9.915914154052734375e+01
-4.079783630371093750e+01
7.712207794189453125e+01
4.820881652832031250e+01
-5.359917831420898438e+01
4.042570114135742188e+01
-8.486719512939453125e+01
7.192798614501953125e+01
-9.190503692626953125e+01
5.462633132934570312e+00
-9.906402587890625000e+01
-1.611472892761230469e+01
9.601480102539062500e+01
9.582474517822265625e+01
9.943481445312500000e+01
9.872599029541015625e+01
9.947582244873046875e+01
9.875009918212890625e+01
9.363352203369140625e+01
-3.218451309204101562e+01
-8.026264190673828125e+01
5.432984828948974609e+00
-8.448068237304687500e+01
3.040657997131347656e+01
-6.863809967041015625e+01
9.455815887451171875e+01
3.842493820190429688e+01
8.009753227233886719e+00
-9.432585144042968750e+01
-5.374559020996093750e+01
6.899704742431640625e+01
3.744642639160156250e+01
-3.533090353012084961e+00
6.032221221923828125e+01
6.224774169921875000e+01
-4.163147354125976562e+01
4.640261840820312500e+01
2.693863296508789062e+01
-8.172019195556640625e+01
-1.307621765136718750e+01
9.352661895751953125e+01
8.719400024414062500e+01
-1.798013496398925781e+01
9.416970825195312500e+01
8.872096252441406250e+01
-4.661546325683593750e+01
9.757452392578125000e+01
2.757749938964843750e+01
-9.678208923339843750e+01
-9.099675178527832031e+00
8.787422180175781250e+01
5.281830978393554688e+01
-9.553235626220703125e+01
-2.235119819641113281e+01
9.927362823486328125e+01
8.899695587158203125e+01
9.610066986083984375e+01
-3.077031898498535156e+01
5.847099304199218750e+01
-8.124750518798828125e+01
-6.581963348388671875e+01
8.613618469238281250e+01
4.555018615722656250e+01
-5.770448303222656250e+01
9.290258789062500000e+01
7.427124786376953125e+01
-9.196157073974609375e+01
-7.666303157806396484e+00
8.962411499023437500e+01
6.526898956298828125e+01
-8.783976745605468750e+01
8.124320220947265625e+01
1.140039539337158203e+01
-7.598504638671875000e+01
-5.649074554443359375e+00
7.539942169189453125e+01
8.338449096679687500e+01
-2.855843544006347656e+01
8.785690307617187500e+01
4.093416213989257812e+01
-9.510234069824218750e+01
-1.084771633148193359e+01
6.974011993408203125e+01
-2.243436813354492188e+01
5.946415710449218750e+01
9.213344573974609375e+01
4.312451553344726562e+01
-9.614875030517578125e+01
-6.493140411376953125e+01
4.546709060668945312e+01
-6.147262954711914062e+01
7.261696624755859375e+01
-1.519551563262939453e+01
8.566281127929687500e+01
7.384267425537109375e+01
-9.716604614257812500e+01
-5.708092498779296875e+01
8.562459564208984375e+01
7.452715301513671875e+01
-7.061511993408203125e+01
7.537881469726562500e+01
-2.380049133300781250e+01
9.689412689208984375e+01
5.426116180419921875e+01
-9.558750152587890625e+01
-9.230912780761718750e+01
8.532604217529296875e+01
-7.436123657226562500e+01
5.184656906127929688e+01
3.499337387084960938e+01
-8.702304077148437500e+01
6.859872341156005859e+00
-9.862571716308593750e+01
-6.795764160156250000e+01
4.186230087280273438e+01
-7.475177049636840820e-01
8.201949310302734375e+01
8.025311279296875000e+01
-6.465991020202636719e+00
9.592350769042968750e+01
7.991774559020996094e+00
-9.825965118408203125e+01
-8.906984710693359375e+01
6.917856597900390625e+01
-7.462554931640625000e+01
7.694905853271484375e+01
-1.791393661499023438e+01
8.195190429687500000e+01
3.267265701293945312e+01
-9.290906524658203125e+01
-7.016876220703125000e+01
7.974195098876953125e+01
4.718796157836914062e+01
-9.016553497314453125e+01
8.520495605468750000e+01
-7.669297790527343750e+01
9.516528320312500000e+01
-7.707369232177734375e+01
9.266548156738281250e+01
-7.451406002044677734e+00
8.522160339355468750e+01
8.769085693359375000e+01
-6.854823303222656250e+01
5.415310287475585938e+01
-9.205840301513671875e+01
-4.686267852783203125e+01
9.598892211914062500e+01
7.959233093261718750e+01
-7.595781326293945312e+00
8.665428924560546875e+01
9.127188110351562500e+01
-9.761311340332031250e+01
-9.648989105224609375e+01
8.272496032714843750e+01
-8.326493835449218750e+01
8.793547058105468750e+01
6.244664764404296875e+01
-6.300396347045898438e+01
-4.799002647399902344e+00
9.490040588378906250e+01
8.375463104248046875e+01
-7.865171813964843750e+01
4.290264129638671875e+01
-9.156558990478515625e+01
3.573568344116210938e+01
-9.568193054199218750e+01
9.760301208496093750e+01
-3.707314300537109375e+01
9.540160369873046875e+01
6.745578002929687500e+01
-9.504934692382812500e+01
-6.252114868164062500e+01
8.554657745361328125e+01
8.501708984375000000e+01
-8.930406188964843750e+01
9.181118011474609375e+01
-5.398988723754882812e+01
5.617633438110351562e+01
-7.664652252197265625e+01
-2.705938577651977539e+00
9.313421630859375000e+01
9.207339477539062500e+01
8.989681243896484375e+01
-7.890531921386718750e+01
4.729163360595703125e+01
-9.753160095214843750e+01
2.548678874969482422e+00
-9.828029632568359375e+01
-3.652562141418457031e+00
9.530641174316406250e+01
8.268019104003906250e+01
-8.257041931152343750e+01
9.260611724853515625e+01
-9.103629302978515625e+01
4.019301986694335938e+01
-7.283409118652343750e+01
9.080731964111328125e+01
-3.046903610229492188e+01
9.191445159912109375e+01
6.557846832275390625e+01
-8.953324890136718750e+01
1.585876941680908203e+01
-9.464154815673828125e+01
-8.548824310302734375e+01
9.775302124023437500e+01
-9.667377471923828125e+00
9.407168579101562500e+01
8.836676788330078125e+01
-7.649508666992187500e+01
9.901290893554687500e+01
-2.303816604614257812e+01
9.836592102050781250e+01
9.934302330017089844e+00
-9.454593658447265625e+01
-5.080793380737304688e+01
9.385580444335937500e+01
5.942417907714843750e+01
-7.253474426269531250e+01
8.947451782226562500e+01
-9.591477966308593750e+01
-2.777648925781250000e+01
8.995999908447265625e+01
9.740586090087890625e+01
-6.371342468261718750e+01
9.457074737548828125e+01
8.501556396484375000e+01
-7.364609527587890625e+01
-7.746798706054687500e+01
9.174474334716796875e+01
5.096062850952148438e+01
-9.291883850097656250e+01
1.406138706207275391e+01
-8.970099639892578125e+01
-1.597263622283935547e+01
9.911932373046875000e+01
7.991869354248046875e+01
5.287053680419921875e+01
-8.550315856933593750e+01
-8.780519104003906250e+01
4.773043823242187500e+01
-1.874053764343261719e+01
9.158364868164062500e+01
5.709809494018554688e+01
-7.392484283447265625e+01
-4.152066421508789062e+01
9.053185272216796875e+01
9.685894775390625000e+01
-3.619500732421875000e+01
5.429372024536132812e+01
-5.635121917724609375e+01
8.132968139648437500e+01
-2.765328598022460938e+01
9.855126953125000000e+01
-8.547760009765625000e+01
8.452342987060546875e+01
2.845454692840576172e+00
-8.846215057373046875e+01
5.857932567596435547e+00
-9.027823638916015625e+01
-6.165426254272460938e+01
9.038790893554687500e+01
4.699796295166015625e+01
-7.268340301513671875e+01
6.678062438964843750e+01
-4.910954284667968750e+01
9.224574279785156250e+01
-3.568086242675781250e+01
9.255549621582031250e+01
-4.716065979003906250e+01
9.365511322021484375e+01
1.237576770782470703e+01
-9.577986907958984375e+01
-6.880492687225341797e+00
9.282333374023437500e+01
5.883617401123046875e+01
-9.722613334655761719e+00
8.782192230224609375e+01
-8.871635437011718750e+01
4.037254333496093750e+01
-9.610362243652343750e+01
8.571184539794921875e+01
-3.682553768157958984e+00
9.435417175292968750e+01
1.494417476654052734e+01
-8.147880554199218750e+01
-4.095885086059570312e+01
8.590996551513671875e+01
9.008247375488281250e+00
-7.911220550537109375e+01
-2.842527580261230469e+01
9.943486022949218750e+01
9.163688659667968750e+01
-7.385888671875000000e+01
3.539585494995117188e+01
1.534669399261474609e+01
-7.266264343261718750e+01
-7.924163818359375000e+01
9.563134002685546875e+01
-5.156010818481445312e+01
9.811112976074218750e+01
7.544633483886718750e+01
-8.298709106445312500e+01
6.750891876220703125e+01
-9.375039672851562500e+01
8.066390991210937500e+01
-9.468028259277343750e+01
2.522436141967773438e+00
-7.041007232666015625e+01
5.590267181396484375e+01
-5.576346969604492188e+01
9.838078308105468750e+01
-2.653247070312500000e+01
9.921175384521484375e+01
8.366697692871093750e+01
-6.699773406982421875e+01
6.961697387695312500e+01
-9.127691650390625000e+01
4.720500183105468750e+01
-8.759613800048828125e+01
6.556308746337890625e+01
-9.677870941162109375e+01
9.592495727539062500e+01
-2.306642532348632812e+01
8.349830627441406250e+01
5.556092834472656250e+01
-9.039205932617187500e+01
-7.272151184082031250e+01
9.290327453613281250e+01
6.097212982177734375e+01
-9.449050903320312500e+01
4.967932891845703125e+01
-8.670099639892578125e+01
2.580831718444824219e+01
-4.997008895874023438e+01
6.383069229125976562e+01
-7.954342651367187500e+01
9.399255371093750000e+01
2.168309241533279419e-01
-2.932066345214843750e+01
9.786860656738281250e+01
3.422449111938476562e+01
-1.445456600189208984e+01
-7.143421936035156250e+01
9.478240203857421875e+01
8.694047546386718750e+01
-7.423591613769531250e+01
4.559689712524414062e+01
-5.387612152099609375e+01
7.799748420715332031e+00
-9.691635131835937500e+01
9.344984436035156250e+01
-4.903557968139648438e+01
9.806658172607421875e+01
3.118662834167480469e+01
-8.709504699707031250e+01
-7.109687042236328125e+01
9.777690124511718750e+01
7.686661529541015625e+01
-5.075528717041015625e+01
8.963474273681640625e+01
-7.141481781005859375e+01
7.403898620605468750e+01
-9.048259735107421875e+01
8.068717956542968750e+01
-3.068429565429687500e+01
9.865138244628906250e+01
-4.580268096923828125e+01
9.970687103271484375e+01
7.864173889160156250e+01
-8.382563018798828125e+01
-1.074301815032958984e+01
9.214868927001953125e+01
9.365978240966796875e+01
-6.141727066040039062e+01
9.172479248046875000e+01
-6.473608398437500000e+01
9.864972686767578125e+01
-3.096217536926269531e+01
7.236940002441406250e+01
-8.801904296875000000e+01
9.572666168212890625e+01
4.650189208984375000e+01
-9.184804534912109375e+01
-4.620052719116210938e+01
9.716365051269531250e+01
9.246049499511718750e+01
-7.500511169433593750e+01
8.615753173828125000e+01
-9.265729522705078125e+01
-2.767642974853515625e+01
9.852067565917968750e+01
9.909326171875000000e+01
-6.829338836669921875e+01
9.855986022949218750e+01
5.571183395385742188e+01
-6.940799713134765625e+01
-4.458341979980468750e+01
9.246845245361328125e+01
6.545487976074218750e+01
-9.726435089111328125e+01
-8.500808715820312500e+01
9.245909118652343750e+01
9.477723693847656250e+01
-8.542630004882812500e+01
9.772283172607421875e+01
-4.993371963500976562e+01
9.148619079589843750e+01
-3.415481746196746826e-01
4.869400501251220703e+00
-8.205651855468750000e+01
-3.852006149291992188e+01
9.955619049072265625e+01
9.697103881835937500e+01
8.434506988525390625e+01
-8.966005706787109375e+01
-9.025109100341796875e+01
8.111152648925781250e+01
-8.495195007324218750e+01
8.278392791748046875e+01
-5.629718399047851562e+01
9.808110809326171875e+01
8.708224487304687500e+01
-8.298019409179687500e+01
-1.063673496246337891e+01
9.614648437500000000e+01
7.423690795898437500e+01
-4.533977127075195312e+01
8.331598663330078125e+01
-8.759045410156250000e+01
9.819396972656250000e+01
-1.456303024291992188e+01
9.768547821044921875e+01
6.777989864349365234e+00
-8.599425506591796875e+01
-6.368202590942382812e+01
9.789914703369140625e+01
6.316886520385742188e+01
-9.325405883789062500e+01
-1.047055339813232422e+01
9.811601257324218750e+01
9.198041534423828125e+01
-4.894259262084960938e+01
9.766330718994140625e+01
-1.042832183837890625e+01
9.650658416748046875e+01
9.018090057373046875e+01
-6.725374603271484375e+01
-3.227447128295898438e+01
9.875999450683593750e+01
7.808456420898437500e+01
-5.577781677246093750e+01
5.175693511962890625e+01
-7.793186950683593750e+01
9.408780670166015625e+01
-6.148294830322265625e+01
9.605664825439453125e+01
-1.847959709167480469e+01
9.028057861328125000e+01
1.521876716613769531e+01
-9.500493621826171875e+01
-6.181793975830078125e+01
9.933795928955078125e+01
3.462977600097656250e+01
-9.331215667724609375e+01
3.001951789855957031e+01
-7.436675262451171875e+01
-4.944578552246093750e+01
9.846244812011718750e+01
9.748661041259765625e+01
2.411077117919921875e+01
-9.131939697265625000e+01
-4.758232879638671875e+01
9.365864562988281250e+01
-7.213160705566406250e+01
8.958567047119140625e+01
9.768029785156250000e+01
-8.209510040283203125e+01
9.615675354003906250e+01
-6.563981628417968750e+01
8.293000030517578125e+01
-1.294323921203613281e+01
9.832762145996093750e+01
-1.601460814476013184e+00
9.141105651855468750e+01
-2.890413665771484375e+01
9.955828094482421875e+01
7.166392517089843750e+01
-5.561985397338867188e+01
-3.993947219848632812e+01
9.639270019531250000e+01
4.841501235961914062e+01
-7.212145233154296875e+01
7.897435760498046875e+01
-4.773442077636718750e+01
7.147499847412109375e+01
-8.111851501464843750e+01
7.731001281738281250e+01
-7.869354248046875000e+01
8.756699371337890625e+01
-5.129057693481445312e+01
9.852120971679687500e+01
8.201094818115234375e+01
-5.250088119506835938e+01
6.882366180419921875e+01
-9.759886932373046875e+01
-8.302736663818359375e+01
9.891213989257812500e+01
8.900110626220703125e+01
2.504097747802734375e+01
-9.647406768798828125e+01
-9.500826263427734375e+01
-7.930210876464843750e+01
9.482244873046875000e+01
8.883232116699218750e+01
-8.858227539062500000e+01
9.710288238525390625e+01
-1.323609799146652222e-01
1.285814094543457031e+01
-8.954810333251953125e+01
5.067599773406982422e+00
-9.435727691650390625e+01
-3.846993255615234375e+01
9.748578643798828125e+01
9.603567504882812500e+01
-7.099401950836181641e+00
9.909440612792968750e+01
-2.724516105651855469e+01
9.472421264648437500e+01
4.629074478149414062e+01
-9.630608367919921875e+01
-6.331219482421875000e+01
9.364938354492187500e+01
9.186045074462890625e+01
-9.121863555908203125e+01
6.705753326416015625e+01
-8.458808898925781250e+01
8.693887710571289062e+00
-9.527985382080078125e+01
7.951980113983154297e+00
-6.058532714843750000e+01
9.472303771972656250e+01
-8.214860534667968750e+01
9.756246185302734375e+01
1.442767524719238281e+01
-8.840222167968750000e+01
-4.688620758056640625e+01
9.878878021240234375e+01
5.284209823608398438e+01
-8.460285186767578125e+01
1.250666427612304688e+01
-8.802059936523437500e+01
6.181858825683593750e+01
-7.779012298583984375e+01
5.848110961914062500e+01
-9.330902099609375000e+01
7.945707702636718750e+01
2.934816837310791016e+00
-9.138867187500000000e+01
-9.465755462646484375e+01
9.272886657714843750e+01
-3.663895416259765625e+01
9.941422271728515625e+01
9.514073944091796875e+01
1.442298603057861328e+01
-9.073515319824218750e+01
-6.273260879516601562e+01
-7.867664337158203125e+01
9.631581115722656250e+01
9.722474670410156250e+01
6.425218963623046875e+01
-7.618203735351562500e+01
-1.757594871520996094e+01
9.836356353759765625e+01
9.409511566162109375e+01
-4.988653564453125000e+01
-9.949422836303710938e+00
9.897460174560546875e+01
9.800279998779296875e+01
-4.736658477783203125e+01
9.814141082763671875e+01
3.133209609985351562e+01
-4.166395187377929688e+01
-6.070758056640625000e+01
9.206874847412109375e+01
8.732252120971679688e+00
-9.671751403808593750e+01
-7.181288909912109375e+01
9.876000976562500000e+01
3.959617233276367188e+01
-8.410195922851562500e+01
-2.317669153213500977e+00
9.780833435058593750e+01
9.646207427978515625e+01
3.848841857910156250e+01
-9.591973876953125000e+01
-6.855828857421875000e+01
9.407485198974609375e+01
-4.223604965209960938e+01
9.912526702880859375e+01
9.649704742431640625e+01
-7.320607757568359375e+01
-9.999309539794921875e+00
9.977284240722656250e+01
9.547579956054687500e+01
-8.543253326416015625e+01
9.630214691162109375e+01
-2.131574440002441406e+01
9.658795928955078125e+01
-4.215361785888671875e+01
9.673496246337890625e+01
9.214987182617187500e+01
-9.296928405761718750e+01
-3.097235488891601562e+01
9.823083496093750000e+01
5.215920639038085938e+01
-9.294212341308593750e+01
-3.759233474731445312e+01
9.882147216796875000e+01
9.963209533691406250e+01
4.105225753784179688e+01
-6.565028381347656250e+01
-8.546530151367187500e+01
3.041153907775878906e+01
-8.723551177978515625e+01
6.588298797607421875e+01
1.368675994873046875e+01
-9.815645599365234375e+01
-9.324537658691406250e+01
9.565608978271484375e+01
-3.837496185302734375e+01
9.867025756835937500e+01
8.904346466064453125e+01
-6.957757568359375000e+01
9.105883026123046875e+01
-2.526532745361328125e+01
7.317220306396484375e+01
-5.840185165405273438e+01
9.799289703369140625e+01
1.884970092773437500e+01
-9.051783752441406250e+01
-2.167034530639648438e+01
9.313948059082031250e+01
9.384859466552734375e+01
-8.933545684814453125e+01
-2.328254127502441406e+01
8.531056976318359375e+01
9.794460296630859375e+01
-3.223022460937500000e+01
9.839877319335937500e+01
6.766188049316406250e+01
-9.661392211914062500e+01
-8.452820587158203125e+01
8.178501129150390625e+01
2.801386070251464844e+01
-7.184537506103515625e+01
-7.728116607666015625e+01
9.917642974853515625e+01
9.149596405029296875e+01
-8.096752166748046875e+01
-1.870001983642578125e+01
9.598087310791015625e+01
9.732253265380859375e+01
-5.819108963012695312e+01
9.875235748291015625e+01
1.785872578620910645e-01
-3.283141708374023438e+01
9.766217041015625000e+01
-1.280504322052001953e+01
9.497850799560546875e+01
5.107769393920898438e+01
-9.098307037353515625e+01
-1.497977828979492188e+01
9.964318847656250000e+01
8.551852416992187500e+01
-7.033466339111328125e+01
8.382987976074218750e+01
-7.081285095214843750e+01
2.844535446166992188e+01
5.585675811767578125e+01
-9.215579986572265625e+01
-6.765718841552734375e+01
8.144884490966796875e+01
-5.446653366088867188e+01
9.426193237304687500e+01
2.864674949645996094e+01
-8.922137451171875000e+01
1.107037925720214844e+01
-8.940045928955078125e+01
-2.983247947692871094e+01
8.828854370117187500e+01
9.697236633300781250e+01
4.111238479614257812e+01
-9.626651763916015625e+01
-7.147961425781250000e+01
9.227165222167968750e+01
-2.983717918395996094e+01
9.601840209960937500e+01
9.627758026123046875e+01
-9.159091186523437500e+01
9.169757080078125000e+01
-7.875827026367187500e+01
9.072918701171875000e+01
-2.983398056030273438e+01
8.599758911132812500e+01
4.720237731933593750e+01
-9.149345397949218750e+01
-8.798113250732421875e+01
9.235569000244140625e+01
7.505482482910156250e+01
-6.257009506225585938e+01
-4.845132446289062500e+01
9.921154022216796875e+01
9.908953094482421875e+01
1.634312272071838379e+00
-9.363644409179687500e+01
-8.102191925048828125e+01
4.775960922241210938e+01
-7.838196563720703125e+01
5.363642120361328125e+01
-8.001007080078125000e+01
9.771607971191406250e+01
6.840396881103515625e+01
-7.704011535644531250e+01
-7.909264373779296875e+01
7.679670715332031250e+01
-9.021398544311523438e+00
8.823929595947265625e+01
9.616664886474609375e+01
-4.468692779541015625e+01
9.254695892333984375e+01
1.080016613006591797e+01
-7.983181762695312500e+01
-8.661113739013671875e+01
6.669784545898437500e+01
-8.173262786865234375e+01
2.359813308715820312e+01
-6.978658294677734375e+01
9.230350494384765625e+01
1.685260772705078125e+01
-8.326362609863281250e+01
-7.598995208740234375e+01
7.818875885009765625e+01
-4.922336578369140625e+00
9.860924530029296875e+01
9.867173004150390625e+01
-5.709977722167968750e+01
9.945405578613281250e+01
-8.941270446777343750e+01
9.657006835937500000e+01
-2.132809066772460938e+01
8.776972961425781250e+01
1.375786495208740234e+01
-9.807187652587890625e+01
-7.013582611083984375e+01
9.899782562255859375e+01
7.363094329833984375e+01
-9.349038696289062500e+01
6.886799621582031250e+01
-8.936514282226562500e+01
5.585681915283203125e+01
-9.500119018554687500e+01
4.766563034057617188e+01
-8.322123718261718750e+01
5.805558013916015625e+01
1.883162307739257812e+01
-9.854454803466796875e+01
-9.820877838134765625e+01
6.115085983276367188e+01
-1.647709083557128906e+01
9.905564117431640625e+01
9.849817657470703125e+01
-9.674871063232421875e+01
2.738710021972656250e+01
-8.282173156738281250e+01
5.307699584960937500e+01
-8.971750640869140625e+01
7.481663513183593750e+01
-9.402252960205078125e+01
9.397657012939453125e+01
9.299395561218261719e+00
-9.183864593505859375e+01
-7.340399932861328125e+01
9.885888671875000000e+01
8.406201171875000000e+01
-7.557415008544921875e+01
5.076873397827148438e+01
-9.537101745605468750e+01
5.311337947845458984e+00
-8.618685913085937500e+01
-1.301950263977050781e+01
9.857221984863281250e+01
9.928320312500000000e+01
7.628496551513671875e+01
-7.550371551513671875e+01
1.766971588134765625e+01
