-8.564803600311279297e-01
9.989316463470458984e-01
-9.701698422431945801e-01
9.988102912902832031e-01
9.415067434310913086e-01
-9.608675837516784668e-01
9.989245533943176270e-01
4.105335772037506104e-01
5.015562772750854492e-01
-9.693064093589782715e-01
9.986845254898071289e-01
6.866396069526672363e-01
-9.444839358329772949e-01
9.990521073341369629e-01
-9.816051721572875977e-01
9.988202452659606934e-01
9.538903832435607910e-01
-4.633680582046508789e-01
9.989088773727416992e-01
-9.822496175765991211e-01
9.989843368530273438e-01
6.647238731384277344e-01
-9.817358851432800293e-01
9.986653923988342285e-01
1.542990803718566895e-01
-6.468546986579895020e-01
9.985286593437194824e-01
-9.590829014778137207e-01
9.987345933914184570e-01
9.469802975654602051e-01
-8.326358795166015625e-01
9.992238879203796387e-01
-3.151614964008331299e-01
9.993639588356018066e-01
-9.233219623565673828e-01
9.988874793052673340e-01
7.479814887046813965e-01
-8.351833820343017578e-01
9.991960525512695312e-01
-5.405185818672180176e-01
9.992741346359252930e-01
5.542465448379516602e-01
-8.026944994926452637e-01
9.988702535629272461e-01
5.139303803443908691e-01
-9.913451075553894043e-01
9.982217550277709961e-01
6.493390202522277832e-01
-9.122546315193176270e-01
9.983919262886047363e-01
-8.552331924438476562e-01
9.977607131004333496e-01
6.051460504531860352e-01
-7.726544141769409180e-01
9.993067979812622070e-01
-9.466201663017272949e-01
9.984883069992065430e-01
9.564752578735351562e-01
-9.057647585868835449e-01
9.991979002952575684e-01
-9.249324798583984375e-01
9.988105893135070801e-01
9.605639576911926270e-01
-8.813467621803283691e-01
9.987700581550598145e-01
4.154037833213806152e-01
7.735434174537658691e-01
-9.845612645149230957e-01
9.984624385833740234e-01
4.249047935009002686e-01
-9.592960476875305176e-01
9.980184435844421387e-01
-9.787368774414062500e-01
9.989181160926818848e-01
7.227383852005004883e-01
-9.419386982917785645e-01
9.992110729217529297e-01
8.565928936004638672e-01
-9.928586483001708984e-01
9.990986585617065430e-01
6.491584181785583496e-01
-8.875597715377807617e-01
9.988850355148315430e-01
-9.227508902549743652e-01
9.987332224845886230e-01
7.515794038772583008e-01
-7.530823349952697754e-01
9.991512894630432129e-01
-9.831427931785583496e-01
9.987263083457946777e-01
9.421607851982116699e-01
-8.282859921455383301e-01
9.994022846221923828e-01
-9.273505210876464844e-01
9.991195201873779297e-01
9.393423795700073242e-01
-7.916621565818786621e-01
9.989835023880004883e-01
-9.760625958442687988e-01
9.992249608039855957e-01
9.117595553398132324e-01
-9.581103920936584473e-01
9.989030957221984863e-01
-9.360162019729614258e-01
9.987276196479797363e-01
9.658557176589965820e-01
-6.852309107780456543e-01
9.991514086723327637e-01
-9.790104627609252930e-01
9.988445043563842773e-01
8.958438634872436523e-01
-9.801184535026550293e-01
9.990106821060180664e-01
3.363867402076721191e-01
-7.569447159767150879e-01
9.984855651855468750e-01
6.392331123352050781e-01
-9.853825569152832031e-01
9.986509680747985840e-01
4.433343708515167236e-01
-8.781471252441406250e-01
9.989741444587707520e-01
6.810312271118164062e-01
-9.877644777297973633e-01
9.989641308784484863e-01
6.576687693595886230e-01
-9.192792177200317383e-01
9.982430338859558105e-01
-7.852913141250610352e-01
9.987930059432983398e-01
5.003640055656433105e-01
-8.191967010498046875e-01
9.990583062171936035e-01
-3.452868759632110596e-01
9.993514418601989746e-01
5.238229036331176758e-01
-9.215853810310363770e-01
9.991188049316406250e-01
5.742985010147094727e-01
-9.600644707679748535e-01
9.987031817436218262e-01
6.984241008758544922e-01
-8.694326877593994141e-01
9.988521933555603027e-01
2.776903212070465088e-01
-4.000187814235687256e-01
9.989960789680480957e-01
-9.601036906242370605e-01
9.990094304084777832e-01
5.562791228294372559e-01
-9.780011773109436035e-01
9.990803599357604980e-01
5.753921270370483398e-01
-7.507067918777465820e-01
9.986287355422973633e-01
9.151878952980041504e-01
-9.935704469680786133e-01
9.979735016822814941e-01
4.385699927806854248e-01
-7.935018539428710938e-01
9.983677268028259277e-01
-9.229779243469238281e-01
9.984636306762695312e-01
6.408334374427795410e-01
-8.972740173339843750e-01
9.989988207817077637e-01
-1.521426588296890259e-01
9.990919232368469238e-01
-9.905261993408203125e-01
9.988436698913574219e-01
8.518511056900024414e-01
-8.906349539756774902e-01
-9.910965561866760254e-01
-9.981689453125000000e-01
-9.989039897918701172e-01
-9.993658065795898438e-01
-9.992507100105285645e-01
-9.895101189613342285e-01
5.036491751670837402e-01
9.582578539848327637e-01
7.700452804565429688e-01
8.984634876251220703e-01
8.626220226287841797e-01
8.646810650825500488e-01
8.088567256927490234e-01
7.722737789154052734e-01
5.262770056724548340e-01
-4.404239058494567871e-01
4.698435664176940918e-01
6.707396358251571655e-02
6.714966613799333572e-03
2.612241506576538086e-01
2.594996392726898193e-01
2.071693241596221924e-01
1.647877097129821777e-01
-1.211645826697349548e-01
4.380322396755218506e-01
3.599770665168762207e-01
6.432876456528902054e-03
6.028330326080322266e-01
-5.914088487625122070e-01
8.682534098625183105e-01
2.330744564533233643e-01
-2.021699398756027222e-01
6.559365391731262207e-01
-5.830531716346740723e-01
8.744806647300720215e-01
4.705540239810943604e-01
-2.334493100643157959e-01
7.857428193092346191e-01
-8.370367288589477539e-01
9.274772405624389648e-01
4.852876067161560059e-01
-8.224271535873413086e-01
9.868069887161254883e-01
5.677974820137023926e-01
-3.034637868404388428e-02
6.340723633766174316e-01
-9.401859045028686523e-01
9.760853052139282227e-01
5.811213254928588867e-01
-1.064321771264076233e-01
-1.792636513710021973e-01
7.923836112022399902e-01
-9.640237092971801758e-01
9.859326481819152832e-01
6.570518612861633301e-01
-9.260464310646057129e-01
9.952878355979919434e-01
6.552526354789733887e-01
-5.389988422393798828e-01
9.882619380950927734e-01
2.301567196846008301e-01
-9.832446575164794922e-01
9.971083998680114746e-01
7.365559339523315430e-01
-9.971890449523925781e-01
9.968858957290649414e-01
6.176733374595642090e-01
-9.966205358505249023e-01
9.978913664817810059e-01
7.947856187820434570e-01
-9.971185326576232910e-01
9.968948364257812500e-01
5.359413027763366699e-01
-9.939867258071899414e-01
9.978279471397399902e-01
7.122067213058471680e-01
-9.972687959671020508e-01
9.978973269462585449e-01
7.445921301841735840e-01
-9.964068531990051270e-01
9.983490705490112305e-01
7.151236534118652344e-01
-9.974830150604248047e-01
9.981053471565246582e-01
-6.004784703254699707e-01
9.965108633041381836e-01
-9.935590028762817383e-01
9.978504180908203125e-01
8.674976825714111328e-01
-9.975184202194213867e-01
9.988374114036560059e-01
8.071533441543579102e-01
-9.921415448188781738e-01
9.987248778343200684e-01
8.299129009246826172e-01
-9.971719980239868164e-01
9.983078837394714355e-01
3.828443884849548340e-01
-9.262201189994812012e-01
9.980732202529907227e-01
5.775681138038635254e-01
-9.916151762008666992e-01
9.983956217765808105e-01
5.736501216888427734e-01
-9.341084957122802734e-01
9.991229176521301270e-01
7.509942650794982910e-01
-9.954188466072082520e-01
9.983758330345153809e-01
-9.026466608047485352e-01
9.988340735435485840e-01
8.911499977111816406e-01
-9.941876530647277832e-01
9.986218214035034180e-01
8.413586616516113281e-01
-9.906587600708007812e-01
9.986646175384521484e-01
7.484180927276611328e-01
-9.719052314758300781e-01
9.985129237174987793e-01
-9.860308766365051270e-01
9.993326067924499512e-01
9.578010439872741699e-01
-9.686163067817687988e-01
9.991466999053955078e-01
-9.864475727081298828e-01
9.992109537124633789e-01
9.316304922103881836e-01
-9.806361198425292969e-01
9.988213181495666504e-01
4.205270409584045410e-01
8.877549767494201660e-01
-9.982026815414428711e-01
9.989019036293029785e-01
4.905532896518707275e-01
-8.580303192138671875e-01
9.970826506614685059e-01
-9.971781969070434570e-01
9.988911747932434082e-01
5.318307876586914062e-01
1.260615587234497070e-01
-9.569205045700073242e-01
9.986136555671691895e-01
3.892409503459930420e-01
-6.171620637178421021e-02
9.938937425613403320e-01
-9.965294599533081055e-01
9.992899298667907715e-01
5.433786511421203613e-01
-1.805489957332611084e-01
8.298092484474182129e-01
-9.974809288978576660e-01
9.991326928138732910e-01
2.966353297233581543e-01
-9.260040521621704102e-01
9.989748001098632812e-01
8.207743763923645020e-01
-9.948782324790954590e-01
9.991298317909240723e-01
5.460438728332519531e-01
-8.084189891815185547e-01
9.986678361892700195e-01
-9.598114490509033203e-01
9.989246129989624023e-01
9.478061199188232422e-01
5.059420466423034668e-01
-9.151164293289184570e-01
9.982903003692626953e-01
-6.624055653810501099e-02
9.909696578979492188e-01
-9.980273842811584473e-01
9.989046454429626465e-01
4.855140447616577148e-01
-6.748302578926086426e-01
9.978904128074645996e-01
-9.978402853012084961e-01
9.989346861839294434e-01
2.729050219058990479e-01
-3.593877553939819336e-01
9.985352158546447754e-01
-9.971072077751159668e-01
9.981918334960937500e-01
7.517219781875610352e-01
-9.443009495735168457e-01
9.992052316665649414e-01
-2.197211682796478271e-01
9.981970191001892090e-01
-9.164867401123046875e-01
9.984214901924133301e-01
9.946852326393127441e-01
-9.968168139457702637e-01
9.988163113594055176e-01
5.194910168647766113e-01
-9.185844063758850098e-01
9.990436434745788574e-01
4.239313900470733643e-01
-8.811334371566772461e-01
9.988831877708435059e-01
5.969814062118530273e-01
-7.238264679908752441e-01
9.983623027801513672e-01
-9.401533007621765137e-01
9.982717633247375488e-01
6.797470450401306152e-01
-9.544393420219421387e-01
9.982972145080566406e-01
9.888851642608642578e-01
-9.965574145317077637e-01
9.990340471267700195e-01
4.119542539119720459e-01
-9.586493968963623047e-01
9.993396997451782227e-01
1.968885213136672974e-01
8.537940979003906250e-01
-9.949058890342712402e-01
9.991785883903503418e-01
2.250071465969085693e-01
2.198986262083053589e-01
-9.502850174903869629e-01
9.992285370826721191e-01
5.430390834808349609e-01
-9.794383645057678223e-01
9.991350173950195312e-01
7.619417905807495117e-01
-9.483846426010131836e-01
9.987288117408752441e-01
5.994687080383300781e-01
-8.655127882957458496e-01
9.990380406379699707e-01
6.550571322441101074e-01
-9.116406440734863281e-01
9.990628361701965332e-01
7.564545273780822754e-01
-9.913650155067443848e-01
9.991015791893005371e-01
5.878181457519531250e-01
-9.795542955398559570e-01
9.989413022994995117e-01
4.114449024200439453e-01
-7.531660795211791992e-01
9.991590976715087891e-01
-6.315388679504394531e-01
9.991669058799743652e-01
-4.522734582424163818e-01
9.981792569160461426e-01
-1.124732270836830139e-01
9.989686608314514160e-01
-9.948186874389648438e-01
9.989812374114990234e-01
5.840959548950195312e-01
-9.313291311264038086e-01
9.983469843864440918e-01
-8.933640718460083008e-01
9.992272853851318359e-01
8.838534951210021973e-01
2.909944355487823486e-01
-8.801050782203674316e-01
9.990100264549255371e-01
1.225916389375925064e-02
9.758102297782897949e-01
-9.971659183502197266e-01
9.984732866287231445e-01
4.242672324180603027e-01
-5.309128761291503906e-01
9.979687333106994629e-01
-9.972921013832092285e-01
9.988028407096862793e-01
3.896533548831939697e-01
-8.564117550849914551e-01
9.989552497863769531e-01
-9.947072863578796387e-01
9.988270998001098633e-01
8.716560602188110352e-01
3.559318780899047852e-01
-7.397195100784301758e-01
9.990147352218627930e-01
-9.802412390708923340e-01
9.989632368087768555e-01
9.452992081642150879e-01
-1.025110408663749695e-01
9.924228787422180176e-01
-9.968066811561584473e-01
9.993109703063964844e-01
3.540401458740234375e-01
-9.915661215782165527e-01
9.985410571098327637e-01
3.157437145709991455e-01
-8.545877337455749512e-01
9.984144568443298340e-01
6.365593671798706055e-01
-9.732623696327209473e-01
9.989060163497924805e-01
8.743713498115539551e-01
-8.161729574203491211e-01
9.987189769744873047e-01
-9.968119263648986816e-01
9.989663958549499512e-01
8.784839510917663574e-01
-7.961850166320800781e-01
9.983947873115539551e-01
-9.852354526519775391e-01
9.990982413291931152e-01
9.210652112960815430e-01
-5.858449339866638184e-01
9.980210065841674805e-01
-9.956298470497131348e-01
9.986872673034667969e-01
7.995478510856628418e-01
-8.171159029006958008e-01
9.988800287246704102e-01
-9.966468811035156250e-01
9.990447759628295898e-01
6.351983547210693359e-01
-7.244606018066406250e-01
9.987164735794067383e-01
-9.842177629470825195e-01
9.987267851829528809e-01
8.985528349876403809e-01
-6.717739701271057129e-01
9.991432428359985352e-01
-9.930053949356079102e-01
9.993886351585388184e-01
9.055448174476623535e-01
-9.730346202850341797e-01
9.986500740051269531e-01
-7.069184780120849609e-01
9.986835718154907227e-01
1.932221651077270508e-01
9.974215626716613770e-01
-9.950736761093139648e-01
9.992997050285339355e-01
4.803827404975891113e-01
-3.530394434928894043e-01
9.954104423522949219e-01
-9.977748990058898926e-01
9.987522363662719727e-01
2.195694744586944580e-01
-9.535968303680419922e-01
9.990264177322387695e-01
-5.420189499855041504e-01
9.990697503089904785e-01
-9.866823554039001465e-01
9.989048242568969727e-01
9.663516283035278320e-01
-8.675870895385742188e-01
9.994347691535949707e-01
-3.615303635597229004e-01
9.991793036460876465e-01
7.328736186027526855e-01
-9.805253744125366211e-01
9.993323087692260742e-01
6.995385885238647461e-01
-2.672723531723022461e-01
3.017585277557373047e-01
-9.802813529968261719e-01
9.987482428550720215e-01
6.812326908111572266e-01
-9.767582416534423828e-01
9.988921284675598145e-01
9.726057052612304688e-01
-9.952890276908874512e-01
9.990303516387939453e-01
3.564876914024353027e-01
-9.456677436828613281e-01
9.988942146301269531e-01
5.044402480125427246e-01
-9.952179193496704102e-01
9.993029832839965820e-01
7.393966317176818848e-01
-9.364358186721801758e-01
9.984582066535949707e-01
9.491513967514038086e-01
-9.983690977096557617e-01
9.990816116333007812e-01
1.340397000312805176e-01
9.508678317070007324e-01
-9.525361657142639160e-01
9.836528301239013672e-01
-9.881959557533264160e-01
9.986882209777832031e-01
4.994440078735351562e-01
-2.098319530487060547e-01
8.816680908203125000e-01
-9.966281056404113770e-01
9.987162947654724121e-01
2.546671032905578613e-01
-8.660306334495544434e-01
9.987089037895202637e-01
7.370595335960388184e-01
-9.931973218917846680e-01
9.986305236816406250e-01
6.258568167686462402e-01
-8.539001345634460449e-01
9.989386200904846191e-01
-7.696895599365234375e-01
9.989275336265563965e-01
8.670053482055664062e-01
-4.519947767257690430e-01
9.988254308700561523e-01
-9.950740337371826172e-01
9.992340803146362305e-01
8.115164041519165039e-01
-9.153767824172973633e-01
9.990267753601074219e-01
4.854189753532409668e-01
-9.894753098487854004e-01
9.988750815391540527e-01
6.494808793067932129e-01
-1.994606405496597290e-01
-2.658094093203544617e-02
9.391204118728637695e-01
-9.970368742942810059e-01
9.990335106849670410e-01
5.280066132545471191e-01
-9.750951528549194336e-01
9.991385936737060547e-01
-9.936010241508483887e-01
9.988491535186767578e-01
9.652318954467773438e-01
1.812462657690048218e-01
-7.557705044746398926e-01
9.990312457084655762e-01
-9.640259742736816406e-01
9.987856745719909668e-01
9.523063898086547852e-01
-2.122715860605239868e-01
9.989774227142333984e-01
-9.959710240364074707e-01
9.987034797668457031e-01
5.707154870033264160e-01
-9.787830710411071777e-01
9.988366961479187012e-01
-4.528054296970367432e-01
9.988415241241455078e-01
-9.964280128479003906e-01
9.992996454238891602e-01
8.622874617576599121e-01
-7.322223186492919922e-01
9.988282322883605957e-01
-9.959958791732788086e-01
9.987663626670837402e-01
8.151009082794189453e-01
-6.792764067649841309e-01
9.990109205245971680e-01
-9.939569830894470215e-01
9.991316795349121094e-01
8.754451870918273926e-01
-8.958129286766052246e-01
9.986912608146667480e-01
-9.859642386436462402e-01
9.986752271652221680e-01
9.297010898590087891e-01
-6.292477846145629883e-01
9.991298913955688477e-01
-9.959463477134704590e-01
9.989024996757507324e-01
6.932228803634643555e-01
-8.171027302742004395e-01
9.984602928161621094e-01
-9.804705381393432617e-01
9.987444281578063965e-01
9.155716300010681152e-01
2.949504852294921875e-01
-8.524625897407531738e-01
9.990416169166564941e-01
-2.066976130008697510e-01
9.983873963356018066e-01
-9.948112964630126953e-01
9.988330006599426270e-01
5.017433166503906250e-01
-8.819116950035095215e-01
9.990706443786621094e-01
-9.918842911720275879e-01
9.987580180168151855e-01
9.460141062736511230e-01
1.875837706029415131e-02
-3.027284741401672363e-01
9.990078210830688477e-01
-9.972525835037231445e-01
9.990027546882629395e-01
6.865583062171936035e-01
-9.521493911743164062e-01
9.989939928054809570e-01
-7.554722428321838379e-01
9.992425441741943359e-01
8.309928178787231445e-01
-6.989176869392395020e-01
9.990792870521545410e-01
-9.934999942779541016e-01
9.990954995155334473e-01
8.382205963134765625e-01
-9.643544554710388184e-01
9.992119073867797852e-01
6.263603568077087402e-01
-9.861118793487548828e-01
9.989761114120483398e-01
5.898984670639038086e-01
-7.234171032905578613e-01
9.990329742431640625e-01
-9.948093891143798828e-01
9.987744092941284180e-01
8.033277392387390137e-01
-9.012438058853149414e-01
9.990951418876647949e-01
-8.503761291503906250e-01
9.990868568420410156e-01
9.179650545120239258e-01
-7.178393602371215820e-01
9.992438554763793945e-01
-9.878319501876831055e-01
9.992460012435913086e-01
9.033515453338623047e-01
-9.860965013504028320e-01
9.987315535545349121e-01
6.147484183311462402e-01
-9.501564502716064453e-01
9.987137317657470703e-01
5.355556607246398926e-01
-9.903112053871154785e-01
9.989127516746520996e-01
4.504084289073944092e-01
-6.335319876670837402e-01
9.990005493164062500e-01
5.634350180625915527e-01
-9.961081147193908691e-01
9.991890788078308105e-01
3.831538558006286621e-01
2.293313890695571899e-01
-8.517836928367614746e-01
9.989901185035705566e-01
5.273635983467102051e-01
-9.931761026382446289e-01
9.992960095405578613e-01
5.357533693313598633e-01
-6.354985237121582031e-01
9.992167353630065918e-01
-9.909981489181518555e-01
9.992123246192932129e-01
9.276153445243835449e-01
-4.577353894710540771e-01
9.994198083877563477e-01
-9.891317486763000488e-01
9.990360736846923828e-01
7.792760133743286133e-01
-9.471036195755004883e-01
9.984726309776306152e-01
-9.234179258346557617e-01
9.994083642959594727e-01
9.284300804138183594e-01
-4.117639660835266113e-01
9.985244274139404297e-01
-9.966421723365783691e-01
9.988753795623779297e-01
4.149771630764007568e-01
-9.143629074096679688e-01
9.986493587493896484e-01
2.777195572853088379e-01
-8.033548295497894287e-02
9.973002672195434570e-01
-9.967041015625000000e-01
9.988468885421752930e-01
4.218744933605194092e-01
-2.215965539216995239e-01
9.928386211395263672e-01
-9.975912570953369141e-01
9.987907409667968750e-01
-9.650764986872673035e-03
9.385312795639038086e-01
-9.960874319076538086e-01
9.976738095283508301e-01
2.657218575477600098e-01
-9.914448261260986328e-01
9.989669919013977051e-01
3.121891617774963379e-01
-8.243211507797241211e-01
9.988208413124084473e-01
-6.442525386810302734e-01
9.982108473777770996e-01
9.844169616699218750e-01
-9.453843235969543457e-01
9.991148710250854492e-01
9.136018157005310059e-01
-8.888217806816101074e-01
9.991056323051452637e-01
-9.591633677482604980e-01
9.991196393966674805e-01
9.401588439941406250e-01
3.505248576402664185e-02
-4.424956738948822021e-01
9.989407062530517578e-01
-9.957482814788818359e-01
9.991139769554138184e-01
5.443842411041259766e-01
-7.563852518796920776e-02
8.301976323127746582e-01
-9.968019723892211914e-01
9.992173910140991211e-01
3.020116090774536133e-01
-9.319248795509338379e-01
9.981814026832580566e-01
-7.557894587516784668e-01
9.990597367286682129e-01
-8.251135349273681641e-01
9.990175366401672363e-01
9.985438585281372070e-01
-9.842244982719421387e-01
9.992173910140991211e-01
9.228057265281677246e-01
-6.626929044723510742e-01
9.991988539695739746e-01
-9.955869317054748535e-01
9.988191723823547363e-01
7.670586705207824707e-01
-7.326651215553283691e-01
9.990012049674987793e-01
-7.371219992637634277e-01
9.991698861122131348e-01
4.522759318351745605e-01
-9.484298825263977051e-01
9.988457560539245605e-01
6.230883598327636719e-01
-8.784353137016296387e-01
9.992195367813110352e-01
-9.601415395736694336e-01
9.992230534553527832e-01
9.265962839126586914e-01
1.681319773197174072e-01
-5.641080141067504883e-01
9.990168213844299316e-01
-9.951032996177673340e-01
9.992182254791259766e-01
7.170793414115905762e-01
-8.361259698867797852e-01
9.988840222358703613e-01
-9.849611520767211914e-01
9.991450905799865723e-01
9.598908424377441406e-01
-2.520990371704101562e-01
9.986900091171264648e-01
-9.972078800201416016e-01
9.990946054458618164e-01
5.104420185089111328e-01
-9.837759137153625488e-01
9.986885786056518555e-01
2.362895309925079346e-01
-7.901110649108886719e-01
9.989310503005981445e-01
-9.421048164367675781e-01
9.989486336708068848e-01
8.733123540878295898e-01
-9.539693593978881836e-01
9.985337257385253906e-01
9.129661917686462402e-01
-9.684951901435852051e-01
9.988163113594055176e-01
6.998708844184875488e-01
-9.659561514854431152e-01
9.987175464630126953e-01
-1.757958829402923584e-01
9.986019730567932129e-01
-9.644885063171386719e-01
9.989021420478820801e-01
7.248966097831726074e-01
-9.969739317893981934e-01
9.987112283706665039e-01
3.250959217548370361e-01
-8.169966936111450195e-01
9.989290237426757812e-01
5.172458291053771973e-01
-9.930084943771362305e-01
9.993014931678771973e-01
6.132312417030334473e-01
-7.211759686470031738e-01
9.987461566925048828e-01
-9.938430190086364746e-01
9.991781711578369141e-01
7.929682135581970215e-01
-4.016431570053100586e-01
9.994531273841857910e-01
-9.948114156723022461e-01
9.988659024238586426e-01
7.560032010078430176e-01
-9.437165856361389160e-01
9.991467595100402832e-01
-9.693293571472167969e-01
9.988073706626892090e-01
9.519418478012084961e-01
2.556704878807067871e-01
-7.352695465087890625e-01
9.989732503890991211e-01
-9.925376772880554199e-01
9.992297291755676270e-01
9.185761213302612305e-01
2.238454371690750122e-01
-9.065435528755187988e-01
9.990786910057067871e-01
-9.912133812904357910e-01
9.990627169609069824e-01
9.404537677764892578e-01
1.112140119075775146e-01
-7.848666906356811523e-01
9.989745616912841797e-01
-9.916080832481384277e-01
9.990976452827453613e-01
9.500645995140075684e-01
1.597885638475418091e-01
-7.753866314888000488e-01
9.990674853324890137e-01
-9.480762481689453125e-01
9.988293051719665527e-01
9.688859581947326660e-01
1.100153625011444092e-01
-6.041000485420227051e-01
9.991469383239746094e-01
-9.949766397476196289e-01
9.988279938697814941e-01
8.485503196716308594e-01
-8.994387388229370117e-01
9.993544220924377441e-01
-9.831745028495788574e-01
9.989852905273437500e-01
9.173227548599243164e-01
-4.145782291889190674e-01
9.994865655899047852e-01
-9.920254945755004883e-01
9.993047714233398438e-01
5.670576095581054688e-01
-9.214623570442199707e-01
9.983777999877929688e-01
-9.644184112548828125e-01
9.986525177955627441e-01
6.967115402221679688e-01
-6.890289783477783203e-01
9.989717006683349609e-01
5.243279933929443359e-01
2.109086364507675171e-01
8.947170376777648926e-01
-9.972465038299560547e-01
9.979185461997985840e-01
1.003283485770225525e-01
-8.549970984458923340e-01
9.979003071784973145e-01
2.354492396116256714e-01
-9.710118174552917480e-01
9.990615844726562500e-01
5.324625372886657715e-01
-9.819162487983703613e-01
9.989500641822814941e-01
7.960515618324279785e-01
-9.189878106117248535e-01
9.990761280059814453e-01
4.257043302059173584e-01
9.582222104072570801e-01
-9.972788095474243164e-01
9.989821910858154297e-01
2.107093781232833862e-01
2.579597532749176025e-01
-9.215335845947265625e-01
9.989209771156311035e-01
2.979075014591217041e-01
-2.096426635980606079e-01
9.987928271293640137e-01
-9.961100816726684570e-01
9.991589784622192383e-01
4.975361227989196777e-01
6.360118091106414795e-02
-5.270779132843017578e-01
9.990717172622680664e-01
-9.933101534843444824e-01
9.992043375968933105e-01
9.377084970474243164e-01
-7.955748438835144043e-01
9.991343617439270020e-01
-9.865478873252868652e-01
9.981542825698852539e-01
9.436677694320678711e-01
-9.449339509010314941e-01
9.989557266235351562e-01
7.496687173843383789e-01
-9.734236001968383789e-01
9.987394213676452637e-01
6.056116223335266113e-01
-7.908588647842407227e-01
9.991357922554016113e-01
-9.892255663871765137e-01
9.990339279174804688e-01
8.428773283958435059e-01
-5.379152894020080566e-01
9.993564486503601074e-01
-9.959533810615539551e-01
9.989451169967651367e-01
5.830451846122741699e-01
-9.299792051315307617e-01
9.987838268280029297e-01
9.342582821846008301e-01
-9.968366026878356934e-01
9.988832473754882812e-01
3.713139295578002930e-01
-8.193922042846679688e-01
9.986343383789062500e-01
-9.976622462272644043e-01
9.991577267646789551e-01
7.360193729400634766e-01
1.746069788932800293e-01
-7.619072198867797852e-01
9.988389015197753906e-01
-9.813537597656250000e-01
9.990631341934204102e-01
9.438126087188720703e-01
3.101697862148284912e-01
-5.770659446716308594e-01
9.993767142295837402e-01
-9.943077564239501953e-01
9.987383484840393066e-01
8.306690454483032227e-01
-9.044516086578369141e-01
9.987207055091857910e-01
-9.621444940567016602e-01
9.989779591560363770e-01
8.843525648117065430e-01
-6.508557796478271484e-01
9.990483522415161133e-01
-9.907819628715515137e-01
9.991547465324401855e-01
8.590677380561828613e-01
-9.386053681373596191e-01
9.989502429962158203e-01
9.806351065635681152e-01
-9.965559840202331543e-01
9.984227418899536133e-01
3.994407057762145996e-01
-9.470896124839782715e-01
9.982798099517822266e-01
4.103378951549530029e-01
-9.953348040580749512e-01
9.992856383323669434e-01
3.790104687213897705e-01
-9.535508602857589722e-02
7.909370064735412598e-01
-9.954499006271362305e-01
9.991686344146728516e-01
4.670334160327911377e-01
-9.639821052551269531e-01
9.986317157745361328e-01
-8.634127974510192871e-01
9.990284442901611328e-01
9.819883704185485840e-01
-9.773885011672973633e-01
9.989151358604431152e-01
9.669967889785766602e-01
-5.037440061569213867e-01
9.991359114646911621e-01
-9.954046607017517090e-01
9.991921782493591309e-01
7.400847077369689941e-01
-9.033387899398803711e-01
9.989320635795593262e-01
-9.949819445610046387e-01
9.989102482795715332e-01
8.764011859893798828e-01
-2.148924618959426880e-01
1.040468961000442505e-01
2.277772128582000732e-01
-3.374592065811157227e-01
9.990668296813964844e-01
-9.938381910324096680e-01
9.989227652549743652e-01
9.127728343009948730e-01
-3.100879676640033722e-02
-5.896481275558471680e-01
9.994094967842102051e-01
-9.938777685165405273e-01
9.988092780113220215e-01
9.389880299568176270e-01
-8.728935122489929199e-01
9.989807009696960449e-01
-9.460182189941406250e-01
9.985937476158142090e-01
9.367662668228149414e-01
-6.550281643867492676e-01
9.994912743568420410e-01
-9.894179105758666992e-01
9.988414049148559570e-01
8.927955031394958496e-01
-8.840737938880920410e-01
9.993141293525695801e-01
-9.861580729484558105e-01
9.994313716888427734e-01
9.222856760025024414e-01
-5.735303163528442383e-01
9.992405772209167480e-01
-9.924206733703613281e-01
9.988938570022583008e-01
6.863378286361694336e-01
-9.839274287223815918e-01
9.992000460624694824e-01
4.859636723995208740e-01
-9.577186107635498047e-01
9.987328052520751953e-01
5.940237045288085938e-01
-9.801256060600280762e-01
9.988861083984375000e-01
6.173464059829711914e-01
-8.952080011367797852e-01
9.982740879058837891e-01
4.923211038112640381e-01
-9.482843875885009766e-01
9.987913966178894043e-01
6.780875921249389648e-01
-6.936084032058715820e-01
9.990898370742797852e-01
8.626968860626220703e-01
-9.979360103607177734e-01
9.987977147102355957e-01
4.744759202003479004e-01
-8.777441978454589844e-01
9.986101984977722168e-01
-9.752223491668701172e-01
9.986513257026672363e-01
5.197975635528564453e-01
-5.536478012800216675e-02
-2.040623277425765991e-01
9.989381432533264160e-01
-9.962642788887023926e-01
9.993537068367004395e-01
6.701772212982177734e-01
-6.361696124076843262e-01
9.992237687110900879e-01
-9.922223687171936035e-01
9.989525675773620605e-01
9.087428450584411621e-01
-6.174557209014892578e-01
9.990990757942199707e-01
-9.932504296302795410e-01
9.990037083625793457e-01
7.430025339126586914e-01
-9.118241071701049805e-01
9.989156723022460938e-01
-6.257932186126708984e-01
9.988511204719543457e-01
5.798603892326354980e-01
-4.461126625537872314e-01
9.994325637817382812e-01
-9.900707006454467773e-01
9.990868568420410156e-01
6.925996541976928711e-01
-9.176078438758850098e-01
9.988442063331604004e-01
-9.787986874580383301e-01
9.989459514617919922e-01
9.465360045433044434e-01
-8.173915743827819824e-01
9.992435574531555176e-01
-9.781215786933898926e-01
9.992268681526184082e-01
9.340947866439819336e-01
-9.654772281646728516e-01
9.991239309310913086e-01
6.056295633316040039e-01
-8.609358668327331543e-01
9.993521571159362793e-01
5.047438740730285645e-01
-8.215373158454895020e-01
9.987637996673583984e-01
-9.474514722824096680e-01
9.989869594573974609e-01
9.415194392204284668e-01
2.209496498107910156e-01
-8.508946299552917480e-01
9.988677501678466797e-01
-4.919717311859130859e-01
9.991488456726074219e-01
3.837989568710327148e-01
-9.674617052078247070e-01
9.991071224212646484e-01
4.818419218063354492e-01
-8.164372444152832031e-01
9.990252256393432617e-01
5.681620836257934570e-01
-9.880725741386413574e-01
9.987685680389404297e-01
5.831581354141235352e-01
-7.068950533866882324e-01
9.989741444587707520e-01
-9.926422238349914551e-01
9.990710020065307617e-01
9.069526791572570801e-01
-6.927254199981689453e-01
9.991229176521301270e-01
-9.844927787780761719e-01
9.991993308067321777e-01
9.289404749870300293e-01
-8.777744174003601074e-01
9.990233778953552246e-01
-9.738867878913879395e-01
9.988057613372802734e-01
9.011114239692687988e-01
-8.382493853569030762e-01
9.990794658660888672e-01
-4.421674609184265137e-01
9.992196559906005859e-01
2.833299040794372559e-01
-5.773122310638427734e-01
9.989360570907592773e-01
-9.920522570610046387e-01
9.991483688354492188e-01
9.053816199302673340e-01
4.467826709151268005e-02
-8.120133280754089355e-01
9.987401366233825684e-01
-9.943946599960327148e-01
9.985722303390502930e-01
9.443569779396057129e-01
-1.604188382625579834e-01
2.631272673606872559e-01
-7.783716320991516113e-01
9.994040727615356445e-01
6.986206173896789551e-01
-9.622055888175964355e-01
9.992193579673767090e-01
6.720242500305175781e-01
-7.444204688072204590e-01
9.992231726646423340e-01
-9.902537465095520020e-01
9.984294772148132324e-01
9.222906231880187988e-01
-9.014813303947448730e-01
9.990326762199401855e-01
-9.284515380859375000e-01
9.992392063140869141e-01
9.511709809303283691e-01
-5.460070967674255371e-01
9.992845058441162109e-01
-9.943166375160217285e-01
9.990290999412536621e-01
7.444701194763183594e-01
-9.616489410400390625e-01
9.989275336265563965e-01
-9.570623636245727539e-01
9.986431002616882324e-01
8.179761171340942383e-01
-8.927281498908996582e-01
9.987916350364685059e-01
6.152352690696716309e-01
-9.584131836891174316e-01
9.989259243011474609e-01
6.591514348983764648e-01
-8.759542703628540039e-01
9.989582300186157227e-01
6.067012548446655273e-01
-9.922550916671752930e-01
9.988921880722045898e-01
5.730430483818054199e-01
-1.461684852838516235e-01
4.936379492282867432e-01
-9.927995204925537109e-01
9.986290931701660156e-01
5.348038077354431152e-01
-9.336915612220764160e-01
9.985381960868835449e-01
-9.180800914764404297e-01
9.987989068031311035e-01
8.660895824432373047e-01
-8.113800287246704102e-01
9.987151026725769043e-01
9.203987121582031250e-01
-9.824793338775634766e-01
9.984723329544067383e-01
8.299174308776855469e-01
-5.766491293907165527e-01
9.986239671707153320e-01
-9.968603849411010742e-01
9.991836547851562500e-01
1.960852742195129395e-01
-8.973459601402282715e-01
9.989919066429138184e-01
4.239223301410675049e-01
-9.142494797706604004e-01
9.987593293190002441e-01
6.971177458763122559e-01
-9.795917272567749023e-01
9.985186457633972168e-01
7.948854565620422363e-01
-6.605498194694519043e-01
9.989544153213500977e-01
-9.931586980819702148e-01
9.982258081436157227e-01
9.086835384368896484e-01
8.665592223405838013e-02
-6.685151457786560059e-01
9.985629320144653320e-01
-9.921899437904357910e-01
9.992029070854187012e-01
8.815372586250305176e-01
3.923820704221725464e-02
-6.926503181457519531e-01
9.989851117134094238e-01
-9.925367832183837891e-01
9.991841316223144531e-01
9.337067008018493652e-01
-1.957220584154129028e-02
-5.797802805900573730e-01
9.987260103225708008e-01
-9.869357943534851074e-01
9.991422295570373535e-01
9.080164432525634766e-01
-5.362532138824462891e-01
9.992551803588867188e-01
-9.944340586662292480e-01
9.988721609115600586e-01
7.129057645797729492e-01
-9.804928898811340332e-01
9.992129206657409668e-01
5.223900675773620605e-01
-9.198508262634277344e-01
9.983663558959960938e-01
3.528546988964080811e-01
3.485866785049438477e-01
-7.932074666023254395e-01
9.990469813346862793e-01
6.133400797843933105e-01
-9.825674891471862793e-01
9.988224506378173828e-01
4.039293825626373291e-01
-5.049653053283691406e-01
9.990640878677368164e-01
-9.888378381729125977e-01
9.990839958190917969e-01
9.362683296203613281e-01
3.606067225337028503e-02
-6.489877700805664062e-01
9.986581206321716309e-01
-9.914379715919494629e-01
9.990481734275817871e-01
9.235751032829284668e-01
-8.728863000869750977e-01
9.992064237594604492e-01
-9.770064353942871094e-01
9.986491799354553223e-01
9.584463238716125488e-01
-7.847682237625122070e-01
9.992756247520446777e-01
-9.564573764801025391e-01
9.989658594131469727e-01
9.364046454429626465e-01
-6.527805328369140625e-01
9.988344311714172363e-01
-9.886507391929626465e-01
9.991649985313415527e-01
5.636864304542541504e-01
-8.484272360801696777e-01
9.990904331207275391e-01
-7.241742610931396484e-01
9.989545345306396484e-01
5.943822264671325684e-01
-8.265351653099060059e-01
9.991097450256347656e-01
6.340757608413696289e-01
-8.862222433090209961e-01
9.985288977622985840e-01
5.407521724700927734e-01
-9.343674182891845703e-01
9.990127086639404297e-01
-5.102037191390991211e-01
9.987584352493286133e-01
4.785026311874389648e-01
-7.132147550582885742e-01
9.990836977958679199e-01
-3.718939125537872314e-01
9.992086887359619141e-01
-9.884612560272216797e-01
9.990202784538269043e-01
6.525856852531433105e-01
-8.112041354179382324e-01
9.992092251777648926e-01
4.859631359577178955e-01
-9.822450280189514160e-01
9.988059997558593750e-01
6.813425421714782715e-01
-3.809884190559387207e-01
9.968011379241943359e-01
-9.933842420578002930e-01
9.987887740135192871e-01
3.056449592113494873e-01
-7.814376950263977051e-01
9.983770251274108887e-01
-9.747319221496582031e-01
9.988274574279785156e-01
6.870989799499511719e-01
-9.231640696525573730e-01
9.988786578178405762e-01
8.206919431686401367e-01
-8.873279094696044922e-01
9.990873336791992188e-01
5.958409905433654785e-01
-8.244597315788269043e-01
9.990997314453125000e-01
-1.475106775760650635e-01
9.994068741798400879e-01
-9.869909286499023438e-01
9.990738630294799805e-01
8.372505307197570801e-01
-9.505172967910766602e-01
9.983822703361511230e-01
-9.864485263824462891e-01
9.990184903144836426e-01
8.828311562538146973e-01
-6.599711775779724121e-01
9.991933107376098633e-01
-9.929884076118469238e-01
9.988712072372436523e-01
6.261375546455383301e-01
-9.598641991615295410e-01
9.992153048515319824e-01
4.195431172847747803e-01
-6.046446561813354492e-01
9.991111159324645996e-01
5.613761544227600098e-01
-9.711369276046752930e-01
9.987565875053405762e-01
5.365732908248901367e-01
-8.550255894660949707e-01
9.993921518325805664e-01
-9.782553911209106445e-01
9.988812208175659180e-01
9.413827657699584961e-01
-6.103729605674743652e-01
9.991374015808105469e-01
-9.895861744880676270e-01
9.989250302314758301e-01
8.585451245307922363e-01
-9.233001470565795898e-01
9.990659356117248535e-01
9.594848752021789551e-01
-9.957997798919677734e-01
9.984216690063476562e-01
2.681466639041900635e-01
-5.497494339942932129e-01
9.986433982849121094e-01
-9.927095174789428711e-01
9.991406202316284180e-01
3.352855145931243896e-01
-9.593902230262756348e-01
9.986910223960876465e-01
3.518686294555664062e-01
3.183790147304534912e-01
-3.452324541285634041e-03
9.970979690551757812e-01
-9.935862421989440918e-01
9.990162849426269531e-01
4.882826805114746094e-01
-5.436211824417114258e-01
9.990311264991760254e-01
-9.919269680976867676e-01
9.985644221305847168e-01
5.972266197204589844e-01
-8.649154305458068848e-01
9.992833137512207031e-01
-9.490815997123718262e-01
9.987180233001708984e-01
9.722884893417358398e-01
-6.206363439559936523e-01
9.992956519126892090e-01
-9.757832288742065430e-01
9.990386962890625000e-01
9.078867435455322266e-01
-9.807893037796020508e-01
9.989664554595947266e-01
5.184921026229858398e-01
-6.743984222412109375e-01
9.988592267036437988e-01
-9.301190972328186035e-01
9.990392923355102539e-01
7.196519970893859863e-01
-6.935733556747436523e-01
9.988532662391662598e-01
-9.886867403984069824e-01
9.990503787994384766e-01
9.277044534683227539e-01
-9.260969161987304688e-01
9.990544319152832031e-01
-9.022517204284667969e-01
9.989220499992370605e-01
9.315071105957031250e-01
-5.959902405738830566e-01
9.990896582603454590e-01
-9.894840717315673828e-01
9.988991022109985352e-01
7.624636292457580566e-01
-9.431775808334350586e-01
9.989753961563110352e-01
2.052033990621566772e-01
-1.905553489923477173e-01
9.982841014862060547e-01
-9.942585825920104980e-01
9.986766576766967773e-01
3.865915536880493164e-01
-4.247342050075531006e-01
9.985686540603637695e-01
-9.963415861129760742e-01
9.990161657333374023e-01
3.737288713455200195e-01
-8.758971691131591797e-01
9.990978837013244629e-01
-6.494055986404418945e-01
9.990680813789367676e-01
9.853684902191162109e-01
-9.832013249397277832e-01
9.985736608505249023e-01
5.851924419403076172e-01
-9.503152370452880859e-01
9.987418055534362793e-01
4.375706017017364502e-01
-4.648044705390930176e-01
9.992045164108276367e-01
-9.937895536422729492e-01
9.989005923271179199e-01
9.207850098609924316e-01
-4.686228334903717041e-01
9.968928694725036621e-01
-9.953818917274475098e-01
9.991436004638671875e-01
4.262736737728118896e-01
-9.713409543037414551e-01
9.993906617164611816e-01
3.282964527606964111e-01
-8.866981267929077148e-01
9.986676573753356934e-01
3.740190863609313965e-01
9.259595274925231934e-01
-9.954255223274230957e-01
9.986363053321838379e-01
4.125336110591888428e-01
-7.870826721191406250e-01
9.989556074142456055e-01
-9.917840361595153809e-01
9.989457130432128906e-01
9.115252494812011719e-01
-8.835657835006713867e-01
9.993785023689270020e-01
-9.716354012489318848e-01
9.992282986640930176e-01
9.653527736663818359e-01
-9.772374629974365234e-01
9.989541769027709961e-01
8.292190432548522949e-01
-9.627391099929809570e-01
9.990617036819458008e-01
5.730342268943786621e-01
-7.997649312019348145e-01
9.991004467010498047e-01
-9.837505221366882324e-01
9.993175268173217773e-01
9.389202594757080078e-01
-6.849056482315063477e-01
9.991939067840576172e-01
-9.937267899513244629e-01
9.991677403450012207e-01
6.167594194412231445e-01
-9.412484169006347656e-01
9.991744756698608398e-01
4.123684167861938477e-01
-7.163928747177124023e-01
9.991744160652160645e-01
-6.453181505203247070e-01
9.989483356475830078e-01
-4.528468251228332520e-01
9.993656873703002930e-01
8.072465658187866211e-03
9.993574023246765137e-01
-9.924966096878051758e-01
9.983504414558410645e-01
6.853349208831787109e-01
-5.102424621582031250e-01
9.979553818702697754e-01
-9.943403005599975586e-01
9.990906119346618652e-01
3.038721680641174316e-01
-9.425268173217773438e-01
9.990440607070922852e-01
3.775954246520996094e-01
-9.294217824935913086e-01
9.991055727005004883e-01
4.402555227279663086e-01
2.952607870101928711e-01
5.823804140090942383e-01
-9.898561835289001465e-01
9.991518855094909668e-01
6.670481562614440918e-01
-9.188185334205627441e-01
9.990230202674865723e-01
2.178190797567367554e-01
9.488381147384643555e-01
-9.958287477493286133e-01
9.979599714279174805e-01
3.314308822154998779e-01
-8.712027668952941895e-01
9.990020394325256348e-01
-9.555252194404602051e-01
9.991046190261840820e-01
9.883750677108764648e-01
-9.941316246986389160e-01
9.986516833305358887e-01
6.124707460403442383e-01
-8.266971707344055176e-01
9.992612600326538086e-01
-2.440629750490188599e-01
9.988198280334472656e-01
-9.953888654708862305e-01
9.989190101623535156e-01
7.786642313003540039e-01
-3.805755972862243652e-01
9.882459640502929688e-01
-9.921327233314514160e-01
9.989968538284301758e-01
1.812302917242050171e-01
-9.027438163757324219e-01
9.991458058357238770e-01
4.801314473152160645e-01
-8.747794032096862793e-01
9.985294938087463379e-01
2.246539443731307983e-01
9.983363747596740723e-01
-9.887549877166748047e-01
9.986138939857482910e-01
5.788112282752990723e-01
-8.738268613815307617e-01
9.988383650779724121e-01
-9.882562160491943359e-01
9.990893602371215820e-01
9.492403268814086914e-01
-9.224228262901306152e-01
9.991641044616699219e-01
-9.417003989219665527e-01
9.989990592002868652e-01
9.690159559249877930e-01
-8.226283192634582520e-01
9.992005228996276855e-01
-8.973935246467590332e-01
9.990791082382202148e-01
9.299994707107543945e-01
-9.752886891365051270e-01
9.991962909698486328e-01
7.605541348457336426e-01
-9.706823229789733887e-01
9.989860057830810547e-01
3.676130473613739014e-01
-8.519647717475891113e-01
9.991324543952941895e-01
5.082290172576904297e-01
-9.174995422363281250e-01
9.986988902091979980e-01
5.496374368667602539e-01
-7.222591042518615723e-01
9.989666938781738281e-01
-6.769109368324279785e-01
9.992333650588989258e-01
5.536481738090515137e-01
-9.846475124359130859e-01
9.990453124046325684e-01
4.803548157215118408e-01
-6.552783250808715820e-01
9.991164803504943848e-01
-9.905592799186706543e-01
9.987557530403137207e-01
9.107342958450317383e-01
-6.549404263496398926e-01
9.994165897369384766e-01
-9.789446592330932617e-01
9.991478919982910156e-01
8.657492399215698242e-01
-9.725449681282043457e-01
9.989836812019348145e-01
5.730887055397033691e-01
-9.316297769546508789e-01
9.990819692611694336e-01
3.851459920406341553e-01
-7.373333573341369629e-01
9.990416765213012695e-01
-6.634657382965087891e-01
9.990828633308410645e-01
9.895533323287963867e-01
-9.932222962379455566e-01
9.981158375740051270e-01
4.253005683422088623e-01
-7.999382615089416504e-01
9.983276128768920898e-01
-9.239219427108764648e-01
9.988551139831542969e-01
6.420490741729736328e-01
-8.482413887977600098e-01
9.991866946220397949e-01
-9.613220095634460449e-01
9.991429448127746582e-01
9.782028198242187500e-01
-9.042628407478332520e-01
9.988731741905212402e-01
-6.215731501579284668e-01
9.992970228195190430e-01
6.530646681785583496e-01
-6.455528736114501953e-01
9.991657733917236328e-01
4.407618045806884766e-01
-8.140902519226074219e-01
9.986907839775085449e-01
2.928003966808319092e-01
-7.939390540122985840e-01
9.987840652465820312e-01
-9.786418080329895020e-01
9.987407922744750977e-01
9.375430345535278320e-01
2.310090959072113037e-01
-7.269735932350158691e-01
9.993540644645690918e-01
-8.309931159019470215e-01
9.990560412406921387e-01
7.470124959945678711e-01
-9.362864494323730469e-01
9.990429878234863281e-01
7.023079991340637207e-01
-9.891031980514526367e-01
9.989054203033447266e-01
6.159772872924804688e-01
-5.720252394676208496e-01
9.972246289253234863e-01
-9.950332045555114746e-01
9.989426136016845703e-01
4.155113399028778076e-01
-8.252490162849426270e-01
9.985527992248535156e-01
-9.876784682273864746e-01
9.991240501403808594e-01
8.866042494773864746e-01
-8.648127913475036621e-01
9.991888403892517090e-01
9.791998267173767090e-01
-9.959164261817932129e-01
9.990172386169433594e-01
5.647460818290710449e-01
-6.216250658035278320e-01
9.987261295318603516e-01
-9.903184175491333008e-01
9.979570508003234863e-01
4.523016214370727539e-01
-7.077317237854003906e-01
9.992755055427551270e-01
-6.866605877876281738e-01
9.988852143287658691e-01
3.881861269474029541e-01
-6.466700434684753418e-01
9.985939264297485352e-01
-9.239937663078308105e-01
9.990127086639404297e-01
9.616772532463073730e-01
-8.705038428306579590e-01
9.992339015007019043e-01
-9.312157034873962402e-01
9.990826249122619629e-01
9.397959709167480469e-01
-9.658189415931701660e-01
9.984580278396606445e-01
6.199845671653747559e-01
-7.115417122840881348e-01
9.987117648124694824e-01
9.219683408737182617e-01
-9.956967234611511230e-01
9.980441331863403320e-01
2.446681559085845947e-01
-9.806299209594726562e-01
9.981214404106140137e-01
-8.202641010284423828e-01
9.988154172897338867e-01
8.093132376670837402e-01
-9.909557700157165527e-01
9.986722469329833984e-01
5.566900968551635742e-01
-6.192724704742431641e-01
9.990147948265075684e-01
-9.454864263534545898e-01
9.988340139389038086e-01
4.827229678630828857e-01
-8.720650672912597656e-01
9.990194439888000488e-01
-8.440135717391967773e-01
9.985691905021667480e-01
9.431740045547485352e-01
-8.478184938430786133e-01
9.991325139999389648e-01
8.020495772361755371e-01
-9.492524862289428711e-01
9.992215037345886230e-01
4.901160299777984619e-01
-9.238618016242980957e-01
9.989065527915954590e-01
4.211007058620452881e-01
-5.534023642539978027e-01
9.994217157363891602e-01
-9.840151071548461914e-01
9.989475011825561523e-01
9.281660318374633789e-01
-1.377581804990768433e-02
-6.633591651916503906e-01
9.990289211273193359e-01
-9.916217327117919922e-01
9.992073774337768555e-01
9.465247392654418945e-01
-3.402644991874694824e-01
9.918427467346191406e-01
-9.913321137428283691e-01
9.986445307731628418e-01
1.537899523973464966e-01
-7.937359809875488281e-01
9.982913136482238770e-01
2.895262539386749268e-01
-7.546451687812805176e-01
9.987266063690185547e-01
4.880214035511016846e-01
4.081914573907852173e-02
9.986325502395629883e-01
-9.921014904975891113e-01
9.986346960067749023e-01
4.054877161979675293e-01
-8.879107236862182617e-01
9.987598061561584473e-01
-9.862464070320129395e-01
9.988910555839538574e-01
9.339538812637329102e-01
-4.924745485186576843e-02
-5.825516581535339355e-01
9.994457364082336426e-01
-9.799248576164245605e-01
9.991134405136108398e-01
9.654843807220458984e-01
-9.275799989700317383e-01
9.991446137428283691e-01
-2.768335640430450439e-01
9.993036389350891113e-01
-6.702265143394470215e-01
9.991423487663269043e-01
5.250918865203857422e-01
-7.498790621757507324e-01
9.991108775138854980e-01
-9.727532863616943359e-01
9.984839558601379395e-01
9.610643982887268066e-01
-6.898419857025146484e-01
9.990057349205017090e-01
-9.866370558738708496e-01
9.987950325012207031e-01
6.893529891967773438e-01
-9.723652601242065430e-01
9.993218183517456055e-01
-9.170184135437011719e-01
9.989061355590820312e-01
8.395650982856750488e-01
-9.778078794479370117e-01
9.990374445915222168e-01
8.606711030006408691e-01
-9.777478575706481934e-01
9.986985921859741211e-01
6.088136434555053711e-01
-9.604996442794799805e-01
9.990144968032836914e-01
7.259776592254638672e-01
-9.897646903991699219e-01
9.989849328994750977e-01
4.632659554481506348e-01
-8.660748600959777832e-01
9.989484548568725586e-01
-9.843674302101135254e-01
9.984710812568664551e-01
8.755918145179748535e-01
-7.963929176330566406e-01
9.990345835685729980e-01
-9.747757911682128906e-01
9.990423917770385742e-01
9.569884538650512695e-01
-9.598615169525146484e-01
9.991493225097656250e-01
-3.383987247943878174e-01
9.990869760513305664e-01
-7.966220378875732422e-01
9.990876317024230957e-01
9.608746170997619629e-01
-9.876561164855957031e-01
9.986162185668945312e-01
5.676994323730468750e-01
-8.785113096237182617e-01
9.986447095870971680e-01
-9.181312918663024902e-01
9.990774393081665039e-01
6.199787855148315430e-01
-9.457625746726989746e-01
9.993168711662292480e-01
7.445131540298461914e-01
-9.947612881660461426e-01
9.987466335296630859e-01
6.726328730583190918e-01
-7.736917138099670410e-01
9.989644289016723633e-01
-9.188304543495178223e-01
9.987012147903442383e-01
3.812591433525085449e-01
-7.035876512527465820e-01
9.986351728439331055e-01
-7.954576015472412109e-01
9.991027116775512695e-01
9.359301924705505371e-01
-5.275570750236511230e-01
9.991587996482849121e-01
-9.899279475212097168e-01
9.989694356918334961e-01
8.091294765472412109e-01
-9.676673412322998047e-01
9.989480972290039062e-01
-9.050036668777465820e-01
9.991048574447631836e-01
8.541217446327209473e-01
-8.105227351188659668e-01
9.990329742431640625e-01
5.628966093063354492e-01
-9.763494133949279785e-01
9.985354542732238770e-01
6.320177316665649414e-01
-4.288130402565002441e-01
9.972934126853942871e-01
-9.916070699691772461e-01
9.984252452850341797e-01
4.600402414798736572e-01
-9.650952219963073730e-01
9.985674619674682617e-01
-6.320140957832336426e-01
9.986591339111328125e-01
-9.647398591041564941e-01
9.988098144531250000e-01
9.674962759017944336e-01
-9.468078017234802246e-01
9.992083311080932617e-01
4.153990149497985840e-01
9.710285067558288574e-01
-9.913462400436401367e-01
9.989883899688720703e-01
3.863067328929901123e-01
3.893885910511016846e-01
-9.724957942962646484e-01
9.965888857841491699e-01
-9.320499300956726074e-01
9.986232519149780273e-01
2.655006647109985352e-01
-8.295127153396606445e-01
9.992410540580749512e-01
2.602459788322448730e-01
9.975859522819519043e-01
-9.867056608200073242e-01
9.989845752716064453e-01
7.064228653907775879e-01
-8.728042840957641602e-01
9.989625215530395508e-01
-9.914505481719970703e-01
9.984624385833740234e-01
8.768075704574584961e-01
-9.498494863510131836e-01
9.989576935768127441e-01
-9.671769738197326660e-01
9.991968870162963867e-01
9.774647951126098633e-01
-7.115800380706787109e-01
9.990510344505310059e-01
-9.643864631652832031e-01
9.987980723381042480e-01
9.601395130157470703e-01
-8.096557259559631348e-01
9.989417195320129395e-01
-9.648310542106628418e-01
9.988970160484313965e-01
9.694489836692810059e-01
-9.038347601890563965e-01
9.992778301239013672e-01
-9.692209362983703613e-01
9.991282224655151367e-01
9.342171549797058105e-01
-9.651577472686767578e-01
9.992063045501708984e-01
6.603969335556030273e-01
-9.758105874061584473e-01
9.988963603973388672e-01
4.643931090831756592e-01
-8.947592377662658691e-01
9.987646937370300293e-01
-9.848806262016296387e-01
9.988881349563598633e-01
9.595185518264770508e-01
-8.779770731925964355e-01
9.990333914756774902e-01
-2.454582303762435913e-01
9.991807937622070312e-01
-9.914726018905639648e-01
9.988576769828796387e-01
8.390269875526428223e-01
-2.968630194664001465e-01
8.658256530761718750e-01
-9.936339855194091797e-01
9.983093738555908203e-01
4.760611355304718018e-01
-9.735834002494812012e-01
9.982954859733581543e-01
-8.478246927261352539e-01
9.992698431015014648e-01
-9.467167258262634277e-01
9.989533424377441406e-01
9.695829153060913086e-01
-7.481105923652648926e-01
9.991084933280944824e-01
9.755869507789611816e-01
-9.935109615325927734e-01
9.989368319511413574e-01
6.870890855789184570e-01
-8.708401322364807129e-01
9.984424710273742676e-01
-9.442206025123596191e-01
9.988743066787719727e-01
6.197046041488647461e-01
-9.204751253128051758e-01
9.990553259849548340e-01
9.637738764286041260e-02
9.925254583358764648e-01
-9.947990179061889648e-01
9.983337521553039551e-01
4.114845991134643555e-01
-9.670463204383850098e-01
9.986273646354675293e-01
-9.719433784484863281e-01
9.989503622055053711e-01
7.705830335617065430e-01
-9.426624774932861328e-01
9.992021918296813965e-01
8.789420723915100098e-01
-9.401381015777587891e-01
9.990669488906860352e-01
8.588681221008300781e-01
-8.351756930351257324e-01
9.985722899436950684e-01
-9.795314073562622070e-01
9.992221593856811523e-01
6.992915868759155273e-01
-9.676922559738159180e-01
9.989039301872253418e-01
-8.496804833412170410e-01
9.992417693138122559e-01
8.452666997909545898e-01
-9.700215458869934082e-01
9.985655546188354492e-01
6.612873673439025879e-01
-8.151881694793701172e-01
9.988985657691955566e-01
5.251806974411010742e-01
-9.464213252067565918e-01
9.989123344421386719e-01
5.244157314300537109e-01
-8.646638989448547363e-01
9.990184307098388672e-01
8.729689717292785645e-01
-9.783036708831787109e-01
9.983089566230773926e-01
3.478771746158599854e-01
-8.969706296920776367e-01
9.990135431289672852e-01
-7.684195041656494141e-02
9.983530044555664062e-01
-9.902546405792236328e-01
9.990280270576477051e-01
4.420093894004821777e-01
-8.618899583816528320e-01
9.984382390975952148e-01
-9.852366447448730469e-01
9.988130331039428711e-01
