-5.246306610107421875e+01
8.982621765136718750e+01
1.323944759368896484e+01
-9.182445526123046875e+01
4.491445541381835938e+01
-9.931095886230468750e+01
-8.120613098144531250e+01
9.987596130371093750e+01
9.307678985595703125e+01
2.700025177001953125e+01
-9.560066223144531250e+01
-6.118942642211914062e+01
9.517024230957031250e+01
8.565552520751953125e+01
-5.754098129272460938e+01
8.301566314697265625e+01
-7.767301940917968750e+01
-2.249536895751953125e+01
9.933191680908203125e+01
5.599693679809570312e+01
8.758769989013671875e+01
-6.617149353027343750e+01
4.191209030151367188e+01
-9.820459747314453125e+01
-1.713869667053222656e+01
7.472262573242187500e+01
3.304885482788085938e+01
-9.614590454101562500e+01
-9.030023956298828125e+01
9.714042663574218750e+01
1.833314323425292969e+01
-6.130364990234375000e+01
8.034545898437500000e+01
-9.493140411376953125e+01
7.529738616943359375e+01
-3.772346115112304688e+01
9.903738403320312500e+01
-6.663938903808593750e+01
8.897592163085937500e+01
9.068468475341796875e+01
-8.912357330322265625e+01
4.921382904052734375e+01
6.118853759765625000e+01
-9.725482177734375000e+01
-5.446549606323242188e+01
-2.516105461120605469e+01
2.537222862243652344e+01
8.768775939941406250e+01
-9.298879241943359375e+01
-3.254816293716430664e+00
9.929273223876953125e+01
9.796484375000000000e+01
8.784951782226562500e+01
-8.592647552490234375e+01
4.004666900634765625e+01
-3.976673889160156250e+01
1.166679000854492188e+01
-9.758524322509765625e+01
-1.753705024719238281e+01
9.745492553710937500e+01
4.965706634521484375e+01
-4.870765686035156250e+01
7.700141143798828125e+01
2.571391344070434570e+00
-2.878038597106933594e+01
3.461896896362304688e+01
-8.049427032470703125e+01
-8.528103637695312500e+01
7.194373321533203125e+01
-9.009068298339843750e+01
9.567912292480468750e+01
7.755788421630859375e+01
-7.522222900390625000e+01
3.175742721557617188e+01
-7.634016418457031250e+01
-7.972909545898437500e+01
9.168069458007812500e+01
3.328343582153320312e+01
-4.624832153320312500e+00
-1.797617530822753906e+01
8.147524261474609375e+01
8.704406738281250000e+01
8.513792419433593750e+01
9.087161254882812500e+01
-9.983702087402343750e+01
-7.042245483398437500e+01
-8.175880432128906250e+01
4.773239135742187500e+01
9.399343872070312500e+01
-9.838893890380859375e+01
-8.948397827148437500e+01
4.694098663330078125e+01
-4.674812316894531250e+01
7.438473510742187500e+01
9.524623107910156250e+01
-6.501795291900634766e+00
9.833580017089843750e+01
2.585420036315917969e+01
-4.864643096923828125e+01
6.025739288330078125e+01
-8.526859283447265625e+01
9.287042617797851562e+00
-8.401320648193359375e+01
-2.814476776123046875e+01
-6.710192871093750000e+01
9.743072509765625000e+01
9.937178802490234375e+01
7.160668182373046875e+01
-9.822351074218750000e+01
9.174474334716796875e+01
9.267205810546875000e+01
-5.780588531494140625e+01
-5.621246719360351562e+01
7.052679443359375000e+01
-3.059307289123535156e+01
3.645287322998046875e+01
-8.605431365966796875e+01
9.618010711669921875e+01
-2.482334899902343750e+01
7.963902282714843750e+01
9.572531890869140625e+01
-8.943106079101562500e+01
2.574353599548339844e+01
-6.476700592041015625e+01
3.256739044189453125e+01
-8.981298828125000000e+01
7.994583892822265625e+01
-9.765238952636718750e+01
2.891121292114257812e+01
6.425459289550781250e+01
7.551690101623535156e+00
-9.987701416015625000e+01
-9.921798706054687500e+01
-6.567939758300781250e+01
-8.797637176513671875e+01
9.194065093994140625e+01
4.648167419433593750e+01
-4.964469146728515625e+01
6.849633216857910156e+00
1.967672920227050781e+01
-9.889045715332031250e+01
7.559178924560546875e+01
-9.423264503479003906e+00
6.143928909301757812e+01
-8.761746215820312500e+01
-8.505628204345703125e+01
9.958393859863281250e+01
6.078412628173828125e+01
3.221344757080078125e+01
-8.122040557861328125e+01
-4.101953506469726562e+01
9.556324005126953125e+01
-9.185153198242187500e+01
9.004454803466796875e+01
-1.522810745239257812e+01
9.303530120849609375e+01
9.507836151123046875e+01
-1.683365821838378906e+01
-1.874448585510253906e+01
9.947993469238281250e+01
5.020451354980468750e+01
1.238500022888183594e+01
-7.793595123291015625e+01
-7.732167053222656250e+01
-6.482272338867187500e+01
9.803826141357421875e+01
7.798474121093750000e+01
-1.068666839599609375e+01
9.993187713623046875e+01
8.925192260742187500e+01
9.111260986328125000e+01
-9.774803924560546875e+01
-5.548996734619140625e+01
-7.781479644775390625e+01
8.872223663330078125e+01
8.626497650146484375e+01
-6.639810180664062500e+01
8.640276336669921875e+01
8.398545074462890625e+01
-9.826478576660156250e+01
-9.553491210937500000e+01
9.406826019287109375e+01
-8.704173278808593750e+01
7.817269897460937500e+01
8.012191772460937500e+01
-9.860876464843750000e+01
-4.657025909423828125e+01
4.792977142333984375e+01
8.090248870849609375e+01
-7.392238616943359375e+01
7.807359313964843750e+01
9.839046478271484375e+00
-9.921443176269531250e+01
-1.304131603240966797e+01
8.369812774658203125e+01
1.166293525695800781e+01
-9.801387786865234375e+01
-9.951625823974609375e+01
8.393877410888671875e+01
-3.255430603027343750e+01
9.923436737060546875e+01
1.303293228149414062e+01
1.186720085144042969e+01
-9.129758453369140625e+01
-8.996673583984375000e+01
4.090970230102539062e+01
-7.325971984863281250e+01
6.854069232940673828e-01
-8.876725769042968750e+01
5.281356048583984375e+01
-9.782527923583984375e+01
-6.486646652221679688e+00
9.994286346435546875e+01
9.932148742675781250e+01
9.817073059082031250e+01
8.104394531250000000e+01
-9.483299255371093750e+01
-6.335186386108398438e+01
8.477519989013671875e+01
-5.359910202026367188e+01
7.376394653320312500e+01
-1.712593460083007812e+01
8.184225463867187500e+01
1.248647928237915039e+00
1.941591858863830566e+00
-9.913562774658203125e+01
-9.996701812744140625e+01
-9.318228149414062500e+01
5.357895660400390625e+01
-9.246383666992187500e+01
1.418382930755615234e+01
-6.878118896484375000e+01
-2.042876243591308594e+01
9.983567810058593750e+01
9.741077423095703125e+01
8.029050445556640625e+01
-4.646216201782226562e+01
9.972737884521484375e+01
7.848426818847656250e+01
-8.542201232910156250e+01
-7.390211486816406250e+01
9.859727478027343750e+01
8.745674133300781250e+01
-9.163513946533203125e+01
-1.044130516052246094e+01
8.238124084472656250e+01
9.153378295898437500e+01
-9.461782073974609375e+01
-6.390894699096679688e+01
9.989072418212890625e+01
2.370024299621582031e+01
9.914753723144531250e+01
-9.119792938232421875e+01
-5.392599868774414062e+01
9.933604431152343750e+01
-3.423281478881835938e+01
8.563186645507812500e+01
4.935474777221679688e+01
9.941408157348632812e+00
-9.977816009521484375e+01
-4.718354034423828125e+01
-4.567467117309570312e+01
6.652864074707031250e+01
2.939335107803344727e-01
8.575149536132812500e+01
-9.009359741210937500e+01
9.557022857666015625e+01
8.106136322021484375e+01
-9.914572143554687500e+01
8.937171936035156250e+00
-8.733829498291015625e+01
-8.958661651611328125e+01
5.805145645141601562e+01
-6.036391830444335938e+01
-1.262710285186767578e+01
9.636569976806640625e+01
5.417277908325195312e+01
4.657938003540039062e+01
2.704491233825683594e+01
-8.913537597656250000e+01
-9.795506286621093750e+01
-8.268890380859375000e+01
5.900642776489257812e+01
1.090343189239501953e+01
-4.255091094970703125e+01
4.996440887451171875e+01
-8.221524047851562500e+01
8.543016052246093750e+01
-8.245287322998046875e+01
-9.218742370605468750e+01
9.735110473632812500e+01
9.148438262939453125e+01
1.218525600433349609e+01
-9.183985137939453125e+01
2.260156631469726562e+01
-6.398426818847656250e+01
7.232685089111328125e+01
9.568267822265625000e+01
-8.429615020751953125e+01
-9.164427185058593750e+01
-5.999081802368164062e+01
9.705087280273437500e+01
9.927860260009765625e+01
-5.703989505767822266e+00
9.561576843261718750e+01
4.323273468017578125e+01
-8.276515960693359375e+01
1.102656745910644531e+01
-9.664308166503906250e+01
-2.078701972961425781e+01
8.112535095214843750e+01
4.101224899291992188e+01
-9.648967742919921875e+01
-8.881247711181640625e+01
9.678310394287109375e+01
6.023954772949218750e+01
-2.636630249023437500e+01
7.677181243896484375e+01
-4.107175064086914062e+01
3.973359298706054688e+01
4.681363296508789062e+01
-9.331343841552734375e+01
5.682913589477539062e+01
-8.366101837158203125e+01
9.149771118164062500e+01
2.808669281005859375e+01
-9.746898651123046875e+01
-9.711250305175781250e+01
-8.535232543945312500e+01
5.607667541503906250e+01
1.125735664367675781e+01
-7.371191406250000000e+01
9.037809753417968750e+01
-2.137117767333984375e+01
8.981632995605468750e+01
2.759264945983886719e+01
-9.493224334716796875e+01
-5.647757720947265625e+01
9.687709808349609375e+01
-2.246801185607910156e+01
9.838539123535156250e+01
9.941431427001953125e+01
6.869739532470703125e+01
1.861355400085449219e+01
-9.919846343994140625e+01
-9.816265869140625000e+01
-9.895617675781250000e+01
-7.754118347167968750e+01
7.568534088134765625e+01
1.287393283843994141e+01
-9.636925506591796875e+01
-9.004733276367187500e+01
5.542779541015625000e+01
9.777474212646484375e+01
9.296398162841796875e+01
-9.501851654052734375e+01
-2.893522453308105469e+01
9.037669372558593750e+01
7.018750000000000000e+01
-9.493535614013671875e+01
-8.075317382812500000e+01
6.900246429443359375e+01
-2.950859069824218750e+01
9.943108367919921875e+01
9.572581481933593750e+01
6.061270141601562500e+01
-1.964715766906738281e+01
-1.090241527557373047e+01
9.991448211669921875e+01
2.640959262847900391e+00
-6.488315105438232422e+00
-7.591706848144531250e+01
8.696468353271484375e+01
7.073344421386718750e+01
6.031567382812500000e+01
-9.832884979248046875e+01
-9.051909637451171875e+01
-5.393354415893554688e+01
3.244302368164062500e+01
4.025568771362304688e+01
-9.910516357421875000e+01
-7.438686370849609375e+01
9.191268157958984375e+01
2.324282264709472656e+01
-3.009560394287109375e+01
9.586595153808593750e+01
9.362409210205078125e+01
-7.607105255126953125e+01
3.665208053588867188e+01
-7.052802276611328125e+01
8.304738616943359375e+01
-9.507354736328125000e+01
-6.051604843139648438e+01
8.379678344726562500e+01
2.107142639160156250e+01
-9.020913696289062500e+01
8.463809204101562500e+01
-7.733096313476562500e+01
8.629831695556640625e+01
8.613644409179687500e+01
-6.898020935058593750e+01
-9.206718444824218750e+01
8.941970825195312500e+01
5.550127029418945312e+01
-4.393371200561523438e+01
1.044243240356445312e+01
-8.896711730957031250e+01
-1.251351261138916016e+01
9.804251098632812500e+01
9.249350738525390625e+01
-1.309618949890136719e+01
9.862474060058593750e+01
-2.423911333084106445e+00
9.977220153808593750e+01
7.738112640380859375e+01
-7.807910919189453125e+01
-6.182665252685546875e+01
9.889315032958984375e+01
-7.728492736816406250e+01
9.701142120361328125e+01
8.075572204589843750e+01
1.700644254684448242e+00
-6.232376098632812500e+01
2.892473983764648438e+01
-9.905197906494140625e+01
-3.050834274291992188e+01
-3.185645294189453125e+01
4.540056610107421875e+01
8.509310913085937500e+01
-6.891110992431640625e+01
9.780339813232421875e+01
-6.317754364013671875e+01
6.766661071777343750e+01
2.221477508544921875e+01
-7.088423156738281250e+01
1.736411476135253906e+01
-9.192029571533203125e+01
-8.805747985839843750e+01
9.290567779541015625e+01
8.852970886230468750e+01
-7.495102691650390625e+01
6.336665725708007812e+01
-9.651236724853515625e+01
5.118405914306640625e+01
1.647341251373291016e+00
-9.806517028808593750e+01
-4.630659103393554688e+01
9.745435333251953125e+01
-3.639359283447265625e+01
6.823228454589843750e+01
-4.267401885986328125e+01
9.890707397460937500e+01
7.057238769531250000e+01
-1.375829887390136719e+01
8.639477539062500000e+01
-6.100071716308593750e+01
5.680416870117187500e+01
-8.833592224121093750e+01
8.510988616943359375e+01
9.108645629882812500e+01
-9.824163055419921875e+01
7.958677673339843750e+01
-9.580915069580078125e+01
-9.278751373291015625e+01
6.688764953613281250e+01
-5.895668411254882812e+01
4.386864089965820312e+01
5.545365142822265625e+01
-9.528147888183593750e+01
6.939859008789062500e+01
-4.771606445312500000e+01
1.387569046020507812e+01
1.617759323120117188e+01
-7.285391998291015625e+01
-8.469229125976562500e+01
8.757740020751953125e+01
-5.881306457519531250e+01
8.767814636230468750e+01
-5.626530456542968750e+01
5.810291290283203125e+01
4.461451721191406250e+01
4.138189697265625000e+01
-9.546186828613281250e+01
2.199348449707031250e+01
-9.951502990722656250e+01
-9.547029113769531250e+01
-9.811485290527343750e+01
-1.222797489166259766e+01
4.932241439819335938e+01
9.585566711425781250e+01
-4.831582260131835938e+01
9.945978546142578125e+01
9.775116729736328125e+01
6.378702545166015625e+01
-3.452885437011718750e+01
2.881468057632446289e+00
-6.455085754394531250e+01
-3.054236793518066406e+01
4.735593414306640625e+01
9.794055175781250000e+01
-9.864143371582031250e+01
4.826503372192382812e+01
-6.058942031860351562e+01
3.928799057006835938e+01
-6.248996353149414062e+01
9.702460479736328125e+01
-7.004299163818359375e+01
-7.034197998046875000e+01
9.675125122070312500e+01
3.856260681152343750e+01
6.145382690429687500e+01
-8.979585266113281250e+01
9.005332946777343750e+01
-9.631182861328125000e+01
-9.260758972167968750e+01
5.363539695739746094e+00
4.413538742065429688e+01
-9.096305084228515625e+01
-6.269704055786132812e+01
9.687591552734375000e+01
3.702347183227539062e+01
3.398534774780273438e+01
-9.978410339355468750e+01
-8.674378395080566406e+00
-8.043235778808593750e+01
9.502830505371093750e+01
-1.726308822631835938e+01
9.842149353027343750e+01
7.448135375976562500e+01
2.569952392578125000e+01
-9.182847595214843750e+01
-6.821936798095703125e+01
9.213227844238281250e+01
-7.999871063232421875e+01
6.782968139648437500e+01
9.556766510009765625e+01
-4.816121673583984375e+01
8.385247802734375000e+01
-9.240136718750000000e+01
9.483276367187500000e+01
-1.416803550720214844e+01
-7.195281982421875000e+01
9.722599029541015625e+01
7.805432891845703125e+01
-5.035810470581054688e+01
2.966758918762207031e+01
9.778511810302734375e+01
-8.727825164794921875e+01
4.152106857299804688e+01
-8.417895507812500000e+01
4.512758636474609375e+01
-9.693747711181640625e+01
-8.897602844238281250e+01
6.022756195068359375e+01
-5.846936035156250000e+01
9.790423583984375000e+01
7.512031555175781250e+01
-8.821399688720703125e+01
-1.028155708312988281e+01
9.924992370605468750e+01
8.346868133544921875e+01
4.191759872436523438e+01
-8.802169799804687500e+01
-1.573058724403381348e+00
9.983293151855468750e+01
-2.002567863464355469e+01
9.441453552246093750e+01
9.427227020263671875e+01
-6.380847167968750000e+01
9.521897125244140625e+01
9.558544158935546875e+01
-9.126454162597656250e+01
-8.272953796386718750e+01
8.246321868896484375e+01
-2.158616638183593750e+01
7.299517822265625000e+01
-5.551791381835937500e+01
7.482890319824218750e+01
-7.235319137573242188e+00
-3.272935104370117188e+01
8.229998016357421875e+01
8.311433410644531250e+01
7.681902313232421875e+01
-9.529333496093750000e+01
7.090182495117187500e+01
-4.214300155639648438e+01
9.781639862060546875e+01
1.101877880096435547e+01
-8.984610748291015625e+01
5.558483600616455078e+00
-8.933103942871093750e+01
4.288044738769531250e+01
-8.843327331542968750e+01
-6.580812072753906250e+01
5.431024551391601562e+01
-1.436164617538452148e+00
3.534737396240234375e+01
-2.564568901062011719e+01
9.290853118896484375e+01
4.093479919433593750e+01
-3.867602539062500000e+01
4.734053421020507812e+01
-4.090198898315429688e+01
7.596673583984375000e+01
-6.225220108032226562e+01
9.487098693847656250e+01
5.389962005615234375e+01
3.198864173889160156e+01
-9.942161560058593750e+01
-9.565159606933593750e+01
-9.858570861816406250e+01
4.003982162475585938e+01
-4.368191528320312500e+01
9.615586853027343750e+01
3.398092651367187500e+01
-9.764982604980468750e+01
-2.266780662536621094e+01
5.471684265136718750e+01
3.412856292724609375e+01
-6.891926574707031250e+01
1.701021766662597656e+01
-4.169805145263671875e+01
8.933322143554687500e+01
3.819407653808593750e+01
5.801533699035644531e+00
-9.244785308837890625e+01
-9.712666320800781250e+01
-2.762215995788574219e+01
-1.478413391113281250e+01
9.440292358398437500e+01
5.106283664703369141e+00
2.391196250915527344e+01
-3.581440353393554688e+01
3.388921737670898438e+01
-2.918807029724121094e+01
1.623715019226074219e+01
7.692600250244140625e+01
-7.673393249511718750e+01
1.989888787269592285e+00
-9.997782135009765625e+01
-9.802774810791015625e+01
1.195087528228759766e+01
-1.608590126037597656e+01
3.905037307739257812e+01
5.862728500366210938e+01
-9.936207580566406250e+01
-7.918971252441406250e+01
4.916146850585937500e+01
-2.485908699035644531e+01
9.244845581054687500e+01
9.298211669921875000e+01
7.810563659667968750e+01
-9.769435882568359375e+01
-5.023534774780273438e+01
3.722430801391601562e+01
1.046705436706542969e+01
3.993119430541992188e+01
-9.941854858398437500e+01
-7.308463287353515625e+01
1.346826362609863281e+01
-9.925840759277343750e+01
-9.134228515625000000e+01
-4.070988845825195312e+01
9.583966827392578125e+01
9.943563079833984375e+01
9.793742370605468750e+01
7.404319763183593750e+01
-8.973649597167968750e+01
-7.279898834228515625e+01
7.081822204589843750e+01
6.921630096435546875e+01
-2.409242439270019531e+01
-9.892966461181640625e+01
9.529580688476562500e+01
-6.700138092041015625e+01
8.991499328613281250e+01
-2.567521286010742188e+01
9.673213958740234375e+01
7.093726348876953125e+01
-3.695735549926757812e+01
9.150529479980468750e+01
2.519003486633300781e+01
-9.943518066406250000e+01
-5.354897308349609375e+01
5.563438415527343750e+01
-9.680221557617187500e+01
9.825476837158203125e+01
8.503333091735839844e+00
-7.265420532226562500e+01
-2.438996696472167969e+01
8.700978851318359375e+01
8.985609436035156250e+01
-8.009104156494140625e+01
-3.507876586914062500e+01
5.646840286254882812e+01
-7.166654205322265625e+01
9.831883239746093750e+01
8.688002014160156250e+01
1.335842800140380859e+01
-9.984822082519531250e+01
2.425707340240478516e+00
-9.315615081787109375e+01
-8.039717102050781250e+01
7.443936157226562500e+01
6.940020561218261719e+00
-6.159077835083007812e+01
-4.708631134033203125e+01
-2.473355865478515625e+01
9.798120117187500000e+01
9.373642730712890625e+01
9.900395202636718750e+01
9.494815826416015625e+01
-6.956875610351562500e+01
-4.323749542236328125e+01
9.920980072021484375e+01
8.777349090576171875e+01
-8.724916076660156250e+01
-6.924343109130859375e-01
3.811515045166015625e+01
3.020543670654296875e+01
-9.644400787353515625e+01
-8.867963790893554688e+00
7.647557830810546875e+01
-4.668145751953125000e+01
8.820697021484375000e+01
9.539274597167968750e+01
6.983232879638671875e+01
-9.595929718017578125e+01
-7.571430969238281250e+01
9.627546310424804688e+00
-1.083553314208984375e+01
-4.494132995605468750e+01
9.439604949951171875e+01
9.894668579101562500e+01
8.843863677978515625e+01
-8.910502624511718750e+01
-6.663833618164062500e+01
2.541921806335449219e+01
-4.372206115722656250e+01
9.043446350097656250e+01
1.518170356750488281e+01
-6.792032623291015625e+01
-1.069829940795898438e+01
9.746217346191406250e+01
8.946681213378906250e+01
7.859198760986328125e+01
3.997067642211914062e+01
-9.964644622802734375e+01
-9.054747009277343750e+01
-9.897985839843750000e+01
-5.374104309082031250e+01
-2.614174842834472656e+01
9.988706207275390625e+01
9.740321350097656250e+01
9.714166259765625000e+01
6.693482208251953125e+01
5.639213180541992188e+01
-9.884435272216796875e+01
-9.810820007324218750e+01
-6.396464538574218750e+01
6.986581420898437500e+01
-6.674579620361328125e+01
9.528630065917968750e+01
-9.106091308593750000e+01
3.458367538452148438e+01
-8.233554077148437500e+01
-2.613926315307617188e+01
9.963437652587890625e+01
4.335113906860351562e+01
9.942664337158203125e+01
6.286657333374023438e+01
-6.645312500000000000e+01
-5.413360595703125000e+01
9.957292938232421875e+01
7.454163360595703125e+01
-1.840705394744873047e+00
5.693731307983398438e+01
-7.960423278808593750e+01
6.691918182373046875e+01
-9.318673706054687500e+01
5.159420394897460938e+01
-7.676641082763671875e+01
1.029874515533447266e+01
4.973013401031494141e+00
-9.799773406982421875e+01
-9.651396179199218750e+01
9.059126281738281250e+01
-9.388273620605468750e+01
6.866426849365234375e+01
7.368044257164001465e-01
-9.865937805175781250e+01
-3.811450576782226562e+01
9.966844940185546875e+01
8.882115936279296875e+01
8.061677551269531250e+01
-5.158666229248046875e+01
-3.583178329467773438e+01
-6.678828716278076172e+00
9.915281677246093750e+01
9.411518096923828125e+01
9.919754791259765625e+01
-7.670976257324218750e+01
8.574458312988281250e+01
6.851553344726562500e+01
-8.088314056396484375e+01
1.905463027954101562e+01
-9.845717620849609375e+01
-8.008577728271484375e+01
3.141695261001586914e+00
-3.285168075561523438e+01
-6.477353668212890625e+01
9.961216735839843750e+01
2.085344696044921875e+01
-5.481645965576171875e+01
9.988595581054687500e+01
9.030029296875000000e+01
7.561199188232421875e+01
-9.888662719726562500e+01
-7.824296569824218750e+01
-6.597961425781250000e+01
9.381458282470703125e+01
-5.315649414062500000e+01
8.106506347656250000e+01
8.148699188232421875e+01
2.973692321777343750e+01
-4.782703399658203125e+01
-9.872080993652343750e+01
8.057018280029296875e+01
-5.416759109497070312e+01
-3.072534561157226562e+01
7.315255737304687500e+01
7.255999755859375000e+01
-3.764295578002929688e+01
9.416164398193359375e+01
-4.358514785766601562e+00
9.238205718994140625e+01
9.593898010253906250e+01
-4.488378524780273438e+01
9.362693786621093750e+01
-5.577194213867187500e+01
3.097877740859985352e+00
-9.101893615722656250e+01
-3.268243408203125000e+01
9.954450988769531250e+01
7.849742126464843750e+01
8.906761169433593750e+01
-9.861557769775390625e+01
-1.898291778564453125e+01
8.624269866943359375e+01
1.931450843811035156e+00
-6.826745605468750000e+01
8.943172454833984375e+01
1.402948760986328125e+01
-9.911531066894531250e+01
-8.484089660644531250e+01
-7.168797302246093750e+01
9.270614624023437500e+01
-5.026652908325195312e+01
8.878254699707031250e+01
9.147436523437500000e+01
5.362618637084960938e+01
4.527934265136718750e+01
-9.994770050048828125e+01
-8.472890472412109375e+01
-9.401272583007812500e+01
9.342821502685546875e+01
-7.513472747802734375e+01
-4.742447662353515625e+01
3.401634597778320312e+01
9.215657043457031250e+01
4.605301666259765625e+01
-8.890714263916015625e+01
6.540526580810546875e+01
-9.198943328857421875e+01
-9.193009185791015625e+01
7.358189392089843750e+01
-1.677172851562500000e+01
9.867203521728515625e+01
4.044302749633789062e+01
-7.968237304687500000e+01
6.355954360961914062e+01
1.834905433654785156e+01
-2.119230461120605469e+01
-6.519284057617187500e+01
9.916296958923339844e+00
-6.881042480468750000e+01
8.115721130371093750e+01
2.172571182250976562e+01
-9.582291412353515625e+01
-9.229725646972656250e+01
9.649752044677734375e+01
-8.662823486328125000e+01
9.830139923095703125e+01
3.458912277221679688e+01
4.807315444946289062e+01
-9.940023803710937500e+01
-8.568767547607421875e+01
9.717272186279296875e+01
4.249322509765625000e+01
-5.761684036254882812e+01
-6.991633605957031250e+01
9.471330261230468750e+01
-2.678733444213867188e+01
9.592653656005859375e+01
8.846507263183593750e+01
-5.187225341796875000e+01
9.421589660644531250e+01
-3.788400268554687500e+01
6.649357604980468750e+01
-1.498777675628662109e+01
9.313790130615234375e+01
-2.686983680725097656e+01
9.801786041259765625e+01
9.899473571777343750e+01
-2.236060142517089844e+01
-6.855174064636230469e+00
9.623373413085937500e+01
-2.224254035949707031e+01
9.952809906005859375e+01
9.917951965332031250e+01
6.800202941894531250e+01
-7.164034271240234375e+01
-5.198178100585937500e+01
8.772028350830078125e+01
4.427960968017578125e+01
-6.053133010864257812e+01
7.455058288574218750e+01
-8.114952850341796875e+01
-5.767247676849365234e+00
5.132360458374023438e+01
7.577883148193359375e+01
-1.611946105957031250e+01
5.104328536987304688e+01
-3.809763336181640625e+01
-6.038987731933593750e+01
9.596240234375000000e+01
8.616429901123046875e+01
7.184294128417968750e+01
-4.173167800903320312e+01
-8.598416900634765625e+01
9.829878997802734375e+01
9.442807006835937500e+01
-7.087804412841796875e+01
9.782958984375000000e+01
1.030644893646240234e+01
-9.862203979492187500e+01
-8.895066070556640625e+01
5.869345855712890625e+01
-9.195587158203125000e+01
8.484429168701171875e+01
4.866382980346679688e+01
-9.954216766357421875e+01
-9.725469207763671875e+01
-4.952240371704101562e+01
9.518978881835937500e+01
9.422642517089843750e+01
6.083153915405273438e+01
-7.694294738769531250e+01
-6.641953277587890625e+01
9.607540893554687500e+01
8.964656829833984375e+01
-1.226133155822753906e+01
-8.946486663818359375e+01
9.998263549804687500e+01
9.839849090576171875e+01
8.361974334716796875e+01
-8.321668243408203125e+01
8.298650360107421875e+01
6.014476394653320312e+01
-8.886783599853515625e+01
-4.656356430053710938e+01
1.128569006919860840e+00
-8.458551025390625000e+01
-2.462577056884765625e+01
6.124789810180664062e+01
9.773970031738281250e+01
-9.832195281982421875e+01
-1.108938789367675781e+01
9.701116180419921875e+01
9.661309051513671875e+01
-6.294145584106445312e+01
9.681838989257812500e+01
1.318981456756591797e+01
-7.943841552734375000e+01
2.146867370605468750e+01
-7.467082214355468750e+01
8.247336578369140625e+01
-9.989350128173828125e+01
7.408104705810546875e+01
-4.511869430541992188e+01
1.840273857116699219e+01
-9.440116882324218750e+01
-1.937409341335296631e-01
2.746630191802978516e+00
-1.800735855102539062e+01
7.714208221435546875e+01
9.495672607421875000e+01
-9.156689453125000000e+01
-6.255017089843750000e+01
9.581082153320312500e+01
9.238339996337890625e+01
4.364249038696289062e+01
-9.948560333251953125e+01
-8.349072265625000000e+01
7.081156921386718750e+01
9.342035675048828125e+01
-9.656459045410156250e+01
-4.188002777099609375e+01
6.168427276611328125e+01
-1.202504825592041016e+01
9.722389984130859375e+01
2.473401069641113281e+01
-9.042041778564453125e+01
8.634811401367187500e+01
-3.832846450805664062e+01
-5.390131378173828125e+01
9.882907104492187500e+01
9.934480285644531250e+01
7.698219299316406250e+01
-9.699001312255859375e+01
-3.516458892822265625e+01
9.926229095458984375e+01
-4.386534881591796875e+01
8.653061676025390625e+01
9.577039337158203125e+01
9.462927246093750000e+01
-9.016452789306640625e+01
-5.390176010131835938e+01
-5.822521591186523438e+01
9.148542785644531250e+01
9.263130187988281250e+01
-2.969621086120605469e+01
5.903946304321289062e+01
8.861663055419921875e+01
1.334456801414489746e+00
-9.844607543945312500e+01
-9.279476165771484375e+01
-7.550688171386718750e+01
4.747711563110351562e+01
-5.661578750610351562e+01
8.699636840820312500e+01
6.890673065185546875e+01
-8.500331115722656250e+01
-9.482341766357421875e+01
9.878354644775390625e+01
5.694981765747070312e+01
-4.853837966918945312e+01
4.710853576660156250e+01
2.568225479125976562e+01
-9.905402374267578125e+01
-8.837087249755859375e+01
9.011448669433593750e+01
5.990580368041992188e+01
-9.225875091552734375e+01
-7.093743896484375000e+01
2.225551223754882812e+01
-7.252721405029296875e+01
5.806535339355468750e+01
4.045185089111328125e+00
-9.233123779296875000e+01
9.532929992675781250e+01
-1.592373847961425781e+01
2.878993988037109375e+01
-2.077007865905761719e+01
9.390576171875000000e+01
8.156990051269531250e+01
8.520217132568359375e+01
-9.866062927246093750e+01
-8.113655853271484375e+01
3.924177551269531250e+01
8.336948394775390625e+01
-9.979453277587890625e+01
-9.889257812500000000e+01
-6.589016723632812500e+01
9.379991149902343750e+01
-8.378266143798828125e+01
9.769467163085937500e+01
8.484294891357421875e+01
7.250923156738281250e+01
-7.841533660888671875e+01
-3.671638107299804688e+01
9.954254150390625000e+01
2.714074611663818359e+00
-9.612930297851562500e+01
-9.095666503906250000e+01
8.916660308837890625e+01
9.748753356933593750e+01
5.509791564941406250e+01
-8.403433990478515625e+01
-2.279419517517089844e+01
5.898472213745117188e+01
-5.715055465698242188e+01
3.343941116333007812e+01
-5.082934951782226562e+01
7.342734527587890625e+01
4.065772247314453125e+01
-8.836873626708984375e+01
7.552252960205078125e+01
-4.178147125244140625e+01
8.622422790527343750e+01
-5.639646530151367188e+01
8.677325439453125000e+01
-9.259567260742187500e+01
7.178293609619140625e+01
-8.430217742919921875e+01
6.075853729248046875e+01
5.275391387939453125e+01
-8.614386749267578125e+01
-8.383324432373046875e+01
2.782161331176757812e+01
7.693865966796875000e+01
-9.408259582519531250e+01
-9.487722015380859375e+01
8.829732513427734375e+01
8.749095916748046875e+01
-9.055943298339843750e+01
9.448252868652343750e+01
-8.968569946289062500e+01
8.851907348632812500e+01
1.491014957427978516e+01
-9.515481567382812500e+01
-8.209445190429687500e+01
7.776391601562500000e+01
8.570577239990234375e+01
2.463420677185058594e+01
-9.745809936523437500e+01
-9.472992706298828125e+01
3.730118560791015625e+01
-8.577613830566406250e+01
4.557197570800781250e+01
-5.332340621948242188e+01
2.876665115356445312e+00
-2.804133605957031250e+01
5.341287231445312500e+01
-5.980241298675537109e-01
3.000681400299072266e+00
6.410699462890625000e+01
-8.016639709472656250e+01
-3.490947341918945312e+01
9.361965942382812500e+01
4.626572418212890625e+01
-9.428932189941406250e+01
-1.126987934112548828e+01
-3.065793275833129883e+00
9.852844238281250000e+01
9.957641601562500000e+01
6.152822494506835938e+01
9.963889312744140625e+01
3.486874008178710938e+01
-9.847225189208984375e+01
-8.890190124511718750e+01
1.702431797981262207e+00
-4.285275650024414062e+01
5.250363922119140625e+01
-9.621038055419921875e+01
-5.560446548461914062e+01
4.814229583740234375e+01
-8.754241180419921875e+01
9.244911193847656250e+01
-4.442585754394531250e+01
8.093755340576171875e+01
7.875997924804687500e+01
6.547940063476562500e+01
-9.847580718994140625e+01
8.588448333740234375e+01
-9.685990142822265625e+01
-7.025609588623046875e+01
5.892186737060546875e+01
8.960006713867187500e+00
-9.429410552978515625e+01
-1.256727981567382812e+01
8.855973815917968750e+01
-1.740475654602050781e+01
9.813069915771484375e+01
3.432323455810546875e+01
-3.991491317749023438e+01
7.288184356689453125e+01
7.621425628662109375e+01
-9.665460968017578125e+01
-1.419448375701904297e+01
7.664014434814453125e+01
7.804322814941406250e+01
-7.819961547851562500e+01
-7.365628814697265625e+01
9.179203033447265625e+01
6.372663879394531250e+01
-3.104732131958007812e+01
5.434016418457031250e+01
-5.648816299438476562e+01
9.019485473632812500e+01
-9.085874938964843750e+01
-1.243396282196044922e+01
7.230102539062500000e+01
9.397022247314453125e+01
8.209202575683593750e+01
-3.342450714111328125e+01
-7.075306701660156250e+01
9.500305175781250000e+01
9.421415710449218750e+01
-3.923114776611328125e+01
-3.035337638854980469e+01
9.921128082275390625e+01
9.901110839843750000e+01
9.306887054443359375e+01
-1.817997360229492188e+01
-9.207099151611328125e+01
6.646292114257812500e+01
-2.642730522155761719e+01
9.893034362792968750e+01
-5.889929294586181641e+00
8.440921020507812500e+01
-5.553067779541015625e+01
8.123342895507812500e+01
6.835716247558593750e+01
-7.969509124755859375e+01
4.436701774597167969e+00
-5.824468231201171875e+01
8.830093383789062500e+01
5.054449462890625000e+01
-9.608749389648437500e+01
-9.782342529296875000e+01
8.335172271728515625e+01
-6.259125900268554688e+01
8.620405578613281250e+01
3.234901809692382812e+01
-9.229757690429687500e+01
-7.233394622802734375e+01
9.545405578613281250e+01
-2.820898628234863281e+01
9.842746734619140625e+01
9.209996032714843750e+01
1.560213088989257812e+01
-8.994486999511718750e+01
-6.952886962890625000e+01
7.326479339599609375e+01
8.084612274169921875e+01
-9.909248352050781250e+01
-1.443723583221435547e+01
9.882913970947265625e+01
9.596269989013671875e+01
-5.122627639770507812e+01
8.158705139160156250e+01
1.749555397033691406e+01
-9.717070007324218750e+01
-9.550392913818359375e+01
8.618379211425781250e+01
-5.469175720214843750e+01
8.946979522705078125e+01
-5.453802490234375000e+01
-7.556900787353515625e+01
9.603992462158203125e+01
5.261841583251953125e+01
5.298056030273437500e+01
-9.286843872070312500e+01
9.252451324462890625e+01
-3.979760360717773438e+01
-4.210877990722656250e+01
9.129915618896484375e+01
2.984817886352539062e+01
7.417376518249511719e+00
-9.902713775634765625e+01
3.149762535095214844e+01
-9.835034179687500000e+01
-5.280310440063476562e+01
8.492508697509765625e+01
-7.028199768066406250e+01
6.853955078125000000e+01
-9.888015747070312500e+01
7.420665740966796875e+01
-8.906335830688476562e+00
8.025503540039062500e+01
6.033047485351562500e+01
-1.156929588317871094e+01
8.498033142089843750e+01
-9.207003784179687500e+01
8.551012420654296875e+01
4.672219848632812500e+01
-9.887824249267578125e+01
-8.335865783691406250e+01
-5.904610061645507812e+01
9.574636077880859375e+01
6.316083145141601562e+01
8.857635498046875000e+01
-5.118844604492187500e+01
5.377550888061523438e+01
-3.080029869079589844e+01
9.256385040283203125e+01
7.149868774414062500e+01
-8.938537597656250000e+01
-5.875268554687500000e+01
9.764443969726562500e+01
-1.451801776885986328e+01
9.357507324218750000e+01
-8.680429840087890625e+01
9.723831176757812500e+01
8.245452880859375000e+01
-4.660704421997070312e+01
7.517986297607421875e+01
-5.752503204345703125e+01
-7.142442703247070312e+00
9.643196868896484375e+01
9.794033813476562500e+01
8.430596923828125000e+01
-5.492409896850585938e+01
-7.505761718750000000e+01
8.513776397705078125e+01
-6.095396423339843750e+01
9.379615783691406250e+01
-3.298673033714294434e-01
-3.948539352416992188e+01
9.496875000000000000e+01
8.797389984130859375e+01
5.111705017089843750e+01
-9.791437530517578125e+01
-9.320704650878906250e+01
9.792289733886718750e+01
-9.034684753417968750e+01
9.450609588623046875e+01
-4.185680007934570312e+01
9.836564636230468750e+01
9.404917955398559570e-01
5.438094711303710938e+01
-4.036157608032226562e+01
-7.175315856933593750e+01
-1.485983467102050781e+01
7.947231292724609375e+01
-8.865059661865234375e+01
9.716799926757812500e+01
9.194871520996093750e+01
-3.389506912231445312e+01
9.982797241210937500e+01
-9.403897857666015625e+01
9.396969604492187500e+01
-5.203438949584960938e+01
7.195390319824218750e+01
-3.618209838867187500e+00
9.927770233154296875e+01
-4.234521102905273438e+01
9.135320281982421875e+01
9.191533660888671875e+01
7.910429382324218750e+01
-5.585006332397460938e+01
-5.981907653808593750e+01
1.414033317565917969e+01
-3.508005142211914062e+01
8.412881469726562500e+01
-9.009394836425781250e+01
-6.815741729736328125e+01
9.163471221923828125e+01
-8.114688873291015625e+01
9.787351226806640625e+01
7.843199157714843750e+01
9.516883850097656250e+01
9.095068359375000000e+01
-9.925809478759765625e+01
-9.564155578613281250e+01
1.344205856323242188e+01
-9.454154968261718750e+01
-9.877026367187500000e+01
6.829302978515625000e+01
-7.716924285888671875e+01
-2.395287704467773438e+01
9.988824462890625000e+01
9.401902008056640625e+01
8.181603240966796875e+01
8.798226165771484375e+01
2.335433721542358398e+00
-7.226982879638671875e+01
-8.934545898437500000e+01
-6.116992187500000000e+01
8.852661132812500000e+00
-8.395171356201171875e+01
-1.392610645294189453e+01
8.608088684082031250e+01
7.966558074951171875e+01
1.140352153778076172e+01
-4.499985504150390625e+01
8.431282043457031250e+01
-4.250246047973632812e+01
9.321268463134765625e+01
-8.928147888183593750e+01
6.079559326171875000e+01
-9.865680694580078125e+01
-2.755667877197265625e+01
8.643884277343750000e+01
7.901226043701171875e+01
-2.475664520263671875e+01
2.991757392883300781e+01
6.649240112304687500e+01
-7.012062835693359375e+01
-7.102142333984375000e+01
9.269936370849609375e+01
9.823245239257812500e+01
-8.755792999267578125e+01
-9.993655395507812500e+01
-9.993765258789062500e+01
-9.998418426513671875e+01
-9.993622589111328125e+01
-9.892208862304687500e+01
-9.776052856445312500e+01
-9.981494903564453125e+01
-9.982691955566406250e+01
-9.992341613769531250e+01
-9.975651550292968750e+01
-8.432125854492187500e+01
-7.174920654296875000e+01
9.975865173339843750e+01
9.953294372558593750e+01
9.971134185791015625e+01
9.995883941650390625e+01
9.988499450683593750e+01
9.996124267578125000e+01
9.996341705322265625e+01
9.981743621826171875e+01
9.962928009033203125e+01
9.969562530517578125e+01
9.749787902832031250e+01
9.992195129394531250e+01
9.788787078857421875e+01
9.636063385009765625e+01
9.749791717529296875e+01
-9.944818115234375000e+01
-9.998855590820312500e+01
-9.998294830322265625e+01
-9.982527160644531250e+01
-9.988737487792968750e+01
-9.992839813232421875e+01
-9.949316406250000000e+01
-7.754910278320312500e+01
-9.063669586181640625e+01
3.362007856369018555e+00
6.990598297119140625e+01
-2.481724166870117188e+01
9.694262695312500000e+01
7.927768707275390625e+01
8.973256683349609375e+01
5.059277343750000000e+01
-9.690296936035156250e+01
-8.187394714355468750e+01
9.713236236572265625e+01
3.252387237548828125e+01
-6.345000457763671875e+01
-5.270547103881835938e+01
7.593708038330078125e+01
-7.078015899658203125e+01
7.719979858398437500e+01
-2.315929985046386719e+01
8.963954925537109375e+01
4.142655563354492188e+01
3.265976715087890625e+01
-8.770558166503906250e+01
-8.737047576904296875e+01
-8.370111846923828125e+01
9.970167541503906250e+01
9.746199035644531250e+01
-1.810001754760742188e+01
8.887006378173828125e+01
8.387911224365234375e+01
-4.363609695434570312e+01
-2.769470787048339844e+01
9.941835021972656250e+01
7.986441802978515625e+01
-9.382513427734375000e+01
7.850569152832031250e+01
6.234964752197265625e+01
-9.654634094238281250e+01
-3.859695434570312500e+01
3.736579895019531250e+01
-7.979385375976562500e+01
1.968880653381347656e+01
-2.708402061462402344e+01
1.035617470741271973e+00
-6.895736694335937500e+01
7.026126098632812500e+01
4.778663253784179688e+01
-6.546469116210937500e+01
9.823172760009765625e+01
-7.071572875976562500e+01
7.882883453369140625e+01
-2.239650726318359375e+01
1.594638061523437500e+01
4.863738641142845154e-02
-6.996047210693359375e+01
1.745205307006835938e+01
-5.814869880676269531e+00
8.722232818603515625e+01
2.381461143493652344e+01
-1.358382987976074219e+01
2.350816726684570312e+01
4.783099746704101562e+01
-9.796686553955078125e+01
-9.703891754150390625e+01
-7.293137359619140625e+01
9.322998046875000000e+01
-5.422830581665039062e+01
4.560265350341796875e+01
-9.370571136474609375e+01
6.230183792114257812e+01
9.832294464111328125e+01
-2.451481437683105469e+01
9.839160156250000000e+01
9.828417205810546875e+01
-5.230691528320312500e+01
-3.358014297485351562e+01
2.148158645629882812e+01
3.622416687011718750e+01
-7.018615722656250000e+01
5.945183181762695312e+01
-3.723160552978515625e+01
3.819311523437500000e+01
1.427766704559326172e+01
-3.676774215698242188e+01
5.474049377441406250e+01
-9.182081604003906250e+01
-9.895397949218750000e+01
-3.276904296875000000e+01
9.910630035400390625e+01
9.168780517578125000e+01
2.719486618041992188e+01
-9.080408477783203125e+01
5.029039382934570312e+01
-9.694877624511718750e+01
-6.647209167480468750e+01
7.861722564697265625e+01
-5.401421737670898438e+01
7.901114654541015625e+01
-2.180545043945312500e+01
9.714517211914062500e+01
2.745251274108886719e+01
-4.848143386840820312e+01
5.041872406005859375e+01
-6.987451016902923584e-02
2.801178741455078125e+01
-9.130571746826171875e+01
8.455554199218750000e+01
-9.905032348632812500e+01
-8.141500091552734375e+01
1.690019607543945312e+01
-8.336326599121093750e+01
9.923728179931640625e+01
8.830223083496093750e+01
8.076924133300781250e+01
-9.091961669921875000e+01
-4.961773300170898438e+01
6.977699279785156250e+01
4.823671340942382812e+01
-9.750882720947265625e+01
-9.609440612792968750e+01
-4.199162292480468750e+01
4.587004089355468750e+01
1.799494934082031250e+01
-6.617243194580078125e+01
8.670732879638671875e+01
1.463036823272705078e+01
-9.539878082275390625e+01
-1.104215431213378906e+01
7.093624877929687500e+01
7.560976409912109375e+01
-9.772690582275390625e+01
9.391913604736328125e+01
-4.999494934082031250e+01
-4.333101272583007812e+01
9.858021545410156250e+01
9.854358673095703125e+01
8.151565551757812500e+01
-6.994861602783203125e+01
8.487704467773437500e+01
9.364482760429382324e-02
-7.482131958007812500e+01
9.567245483398437500e+01
-9.615096282958984375e+01
-9.425366210937500000e+01
9.638921356201171875e+01
2.675964736938476562e+01
-7.612886047363281250e+01
5.180418395996093750e+01
-7.473438262939453125e+01
6.728170776367187500e+01
8.574028778076171875e+01
-9.600720977783203125e+01
-2.062115097045898438e+01
6.683535766601562500e+01
-6.572291564941406250e+01
6.073048019409179688e+01
4.889635467529296875e+01
-5.500875091552734375e+01
-5.368162918090820312e+01
9.715158081054687500e+01
1.315828132629394531e+01
-2.485569190979003906e+01
9.719079589843750000e+01
-1.930103874206542969e+01
7.614675140380859375e+01
9.396175384521484375e+01
-9.092797851562500000e+01
4.784641265869140625e+01
-4.812940216064453125e+01
-6.550422668457031250e+01
9.710671234130859375e+01
9.532283782958984375e+01
-2.044726943969726562e+01
2.484163856506347656e+01
-1.843848466873168945e+00
6.751174163818359375e+01
1.296107959747314453e+01
-9.959857940673828125e+01
-8.448217773437500000e+01
6.870182037353515625e+01
-3.889064550399780273e+00
6.572308349609375000e+01
-6.066267395019531250e+01
8.811261749267578125e+01
9.235404014587402344e+00
1.013261032104492188e+01
-9.755442047119140625e+01
-4.733221435546875000e+01
-6.577280426025390625e+01
9.593035125732421875e+01
-5.193904495239257812e+01
4.619346618652343750e+01
8.662335968017578125e+01
-9.730847167968750000e+01
-8.124183654785156250e+00
8.865802001953125000e+01
8.737415313720703125e+01
6.500856018066406250e+01
-7.217880249023437500e+01
-1.873018646240234375e+01
9.132130432128906250e+01
1.292271614074707031e+01
-9.451417541503906250e+01
-2.246050453186035156e+01
8.766976928710937500e+01
9.839717864990234375e+01
-4.182100677490234375e+01
8.611122131347656250e+01
1.797206306457519531e+01
-1.732933998107910156e+01
-4.872441482543945312e+01
2.915536499023437500e+01
1.634245872497558594e+01
-8.658135986328125000e+01
-5.279165649414062500e+01
6.688245296478271484e+00
8.364817810058593750e+01
-9.910309600830078125e+01
6.881340789794921875e+01
-4.192477035522460938e+01
-5.129121017456054688e+01
9.598867034912109375e+01
2.343687295913696289e+00
-3.760370635986328125e+01
4.578956604003906250e+00
-5.343237686157226562e+01
1.302287817001342773e+00
3.445731353759765625e+01
-9.869644927978515625e+01
-8.986492919921875000e+01
9.453869628906250000e+01
6.020407104492187500e+01
-4.148101425170898438e+01
-8.408745574951171875e+01
9.988227844238281250e+01
6.434126281738281250e+01
4.893258285522460938e+01
-9.819789123535156250e+01
-1.746226668357849121e+00
-1.735975837707519531e+01
9.601711273193359375e+01
5.531070327758789062e+01
-6.164020919799804688e+01
-7.472875118255615234e+00
9.324388122558593750e+01
9.553382110595703125e+01
9.971549224853515625e+01
-3.997950363159179688e+01
7.056040954589843750e+01
8.762031555175781250e+01
-9.396468353271484375e+01
-8.488628387451171875e+01
3.486627960205078125e+01
-3.975241470336914062e+01
8.907371520996093750e+01
3.352864837646484375e+01
-7.550753021240234375e+01
-9.265296173095703125e+01
5.329942703247070312e+01
-7.789457702636718750e+01
8.220396423339843750e+01
9.620313262939453125e+01
-9.038154602050781250e+01
-5.522308349609375000e+01
9.444075775146484375e+01
9.129924774169921875e+01
1.131977844238281250e+01
-8.275046539306640625e+01
-7.792646026611328125e+01
1.168071365356445312e+01
-9.298773193359375000e+01
6.510112762451171875e+01
-9.857044219970703125e+01
-1.589177697896957397e-01
9.877593231201171875e+01
8.258520507812500000e+01
-7.562527465820312500e+01
9.857514190673828125e+01
8.535235595703125000e+01
-9.412870025634765625e+01
-8.437971496582031250e+01
-2.214908599853515625e-02
8.372259521484375000e+01
-3.310828924179077148e+00
2.065404129028320312e+01
-7.061592102050781250e+01
8.203395080566406250e+01
7.402998352050781250e+01
-8.449639129638671875e+01
7.759416198730468750e+01
-9.537498474121093750e+01
9.070571899414062500e+01
7.179048061370849609e+00
-9.858322906494140625e+01
-9.963887023925781250e+01
-9.661128234863281250e+01
9.182638549804687500e+01
6.096892547607421875e+01
5.720331192016601562e+01
-8.864220428466796875e+01
-6.475414276123046875e+01
6.943470001220703125e+01
-9.185552978515625000e+01
8.688967132568359375e+01
6.158575439453125000e+01
7.839828491210937500e+01
-9.923156738281250000e+01
7.984352111816406250e+01
-4.255401229858398438e+01
-9.886421966552734375e+01
5.440682220458984375e+01
5.861273956298828125e+01
-9.010591888427734375e+01
-2.732151794433593750e+01
8.405540466308593750e+01
8.038852691650390625e+01
-9.651659393310546875e+01
4.033590316772460938e+00
-1.580892753601074219e+01
-5.648587226867675781e+00
9.914907836914062500e+01
9.468161773681640625e+01
-8.358146667480468750e+00
3.066271781921386719e+01
9.186405181884765625e+01
5.795902252197265625e+00
-9.669487762451171875e+01
-9.929141998291015625e+01
-8.341568756103515625e+01
-4.384521102905273438e+01
9.740817260742187500e+01
4.999339294433593750e+01
4.451504898071289062e+01
-6.910540771484375000e+01
6.567319488525390625e+01
-9.824530029296875000e+01
-9.537944793701171875e+01
8.859284210205078125e+01
1.859159278869628906e+01
-7.920790863037109375e+01
-3.905162811279296875e+01
9.999649047851562500e+01
9.955484008789062500e+01
4.934733581542968750e+01
-9.688150024414062500e+01
2.949198532104492188e+01
2.647071266174316406e+01
-9.785678100585937500e+01
-9.510158538818359375e+01
-9.582323455810546875e+01
-5.154326629638671875e+01
-5.650685882568359375e+01
9.749598693847656250e+01
9.913508605957031250e+01
9.971676635742187500e+01
9.337429046630859375e+01
9.713907623291015625e+01
-6.212742996215820312e+01
-7.932777404785156250e+01
7.201682281494140625e+01
-3.943852996826171875e+01
4.393503189086914062e+01
-9.290967559814453125e+01
7.227242279052734375e+01
-4.640123748779296875e+01
-6.906703948974609375e+01
8.597126770019531250e+01
9.341966247558593750e+01
4.640227127075195312e+01
-6.076996994018554688e+01
-5.866753005981445312e+01
4.308387756347656250e+01
-8.093074798583984375e+01
9.635718536376953125e+01
7.365017700195312500e+01
-8.787283325195312500e+01
-6.064905548095703125e+01
9.437633514404296875e+01
8.712471771240234375e+01
-2.189896011352539062e+01
9.163381195068359375e+01
-9.238444519042968750e+01
5.138583755493164062e+01
-7.735778045654296875e+01
9.578446197509765625e+01
9.473787689208984375e+01
-6.080205535888671875e+01
2.006742286682128906e+01
-8.016242980957031250e+01
-6.023274230957031250e+01
9.384207916259765625e+01
2.217560386657714844e+01
-9.237848663330078125e+01
-6.272374343872070312e+01
9.825785827636718750e+01
-2.477347373962402344e+01
9.853797149658203125e+01
4.505892562866210938e+01
8.171622467041015625e+01
1.380460834503173828e+01
-9.867631530761718750e+01
-9.720236968994140625e+01
-8.294565582275390625e+01
9.702198791503906250e+01
9.656732559204101562e+00
-9.962438964843750000e+01
-8.597705078125000000e+01
3.027171516418457031e+01
8.603773498535156250e+01
-9.123674774169921875e+01
8.562248992919921875e+01
-8.430560302734375000e+01
8.825656127929687500e+01
7.753556823730468750e+01
-8.564495849609375000e+01
-9.152109527587890625e+01
9.663599395751953125e+01
-6.721859741210937500e+01
4.866770935058593750e+01
7.094959259033203125e+00
-3.356116104125976562e+01
-4.034029388427734375e+01
9.997312164306640625e+01
9.658490753173828125e+01
5.091427993774414062e+01
-9.947573089599609375e+01
2.610585403442382812e+01
-8.404950714111328125e+01
-9.951974487304687500e+01
1.202149868011474609e+00
-4.624193572998046875e+01
6.672279357910156250e+01
-3.651255035400390625e+01
9.134909820556640625e+01
6.206280517578125000e+01
-8.014834594726562500e+01
-3.333019018173217773e+00
9.947604370117187500e+01
9.700613403320312500e+01
-2.966231346130371094e+01
7.164479064941406250e+01
9.315525054931640625e+01
-7.822585296630859375e+01
-9.152358055114746094e+00
9.698986053466796875e+01
-5.764297103881835938e+01
6.121002578735351562e+01
-5.279648208618164062e+01
9.656391906738281250e+01
8.350502777099609375e+01
-5.680068206787109375e+01
9.643824768066406250e+01
-9.728377532958984375e+01
9.639746856689453125e+01
2.762716484069824219e+01
-9.990901184082031250e+01
-9.914206695556640625e+01
-3.832281112670898438e+01
9.972508239746093750e+01
9.453216552734375000e+01
8.084085845947265625e+01
-8.542562866210937500e+01
9.150394439697265625e+01
-9.718806457519531250e+01
-4.252201461791992188e+01
9.092149353027343750e+01
4.527015686035156250e+01
8.780911254882812500e+01
-9.385793304443359375e+01
-6.848165893554687500e+01
-8.100617980957031250e+01
9.877216339111328125e+01
9.727598571777343750e+01
7.348966979980468750e+01
8.520784759521484375e+01
-5.855078125000000000e+01
-8.677057647705078125e+01
9.200312042236328125e+01
-7.414817047119140625e+01
9.010327911376953125e+01
-9.266158294677734375e+01
-1.657699394226074219e+01
9.241795349121093750e+01
9.114160919189453125e+01
-2.912264823913574219e+01
9.764266967773437500e+01
-2.404050445556640625e+01
9.881133270263671875e+01
3.150477409362792969e+01
2.497970962524414062e+01
8.307104110717773438e+00
-9.998185729980468750e+01
-9.044324493408203125e+01
-4.665084075927734375e+01
-9.514421844482421875e+01
-9.730861663818359375e+00
4.528456497192382812e+01
-2.697517585754394531e+01
9.878556060791015625e+01
9.794703674316406250e+01
8.444087982177734375e+01
1.783200263977050781e+01
-8.617612457275390625e+01
-6.314759826660156250e+01
-1.048228740692138672e+01
9.357949829101562500e+01
8.896404266357421875e+01
-2.474711418151855469e+01
6.396487426757812500e+01
3.374970245361328125e+01
-4.671083831787109375e+01
-9.488038635253906250e+01
9.749962615966796875e+01
-8.608799934387207031e+00
9.428137207031250000e+01
7.820140075683593750e+01
-8.325263214111328125e+01
-2.013237380981445312e+01
1.974686241149902344e+01
-8.155480957031250000e+01
9.599694824218750000e+01
7.936774444580078125e+01
3.873368453979492188e+01
-5.825501251220703125e+01
-6.506021118164062500e+01
9.930621337890625000e+01
-1.597411632537841797e+01
9.780220031738281250e+01
4.854884338378906250e+01
-6.467063903808593750e+01
-4.765358352661132812e+01
9.650469970703125000e+01
6.656582641601562500e+01
-4.131286621093750000e+01
4.645925903320312500e+01
6.290107345581054688e+01
-9.980662536621093750e+01
-2.241126823425292969e+01
7.183542633056640625e+01
-5.953009128570556641e+00
-5.972507095336914062e+01
9.610777282714843750e+01
8.234494018554687500e+01
1.203459739685058594e+01
-5.366627502441406250e+01
-4.936864852905273438e+01
8.514341735839843750e+01
8.555706787109375000e+01
-7.656715393066406250e+01
-2.283258628845214844e+01
9.093643188476562500e+01
6.786860656738281250e+01
-7.115262603759765625e+01
4.710254287719726562e+01
9.015158081054687500e+01
-9.451993560791015625e+01
-2.447822570800781250e+01
4.340385055541992188e+01
-4.732243347167968750e+01
4.368415832519531250e+01
5.731881332397460938e+01
-9.700805664062500000e+01
2.120226860046386719e+01
-9.095014953613281250e+01
-6.157322692871093750e+01
3.821826171875000000e+01
-6.972352600097656250e+01
9.342005157470703125e+01
-4.460189819335937500e+01
8.777619934082031250e+01
9.314229583740234375e+01
1.332367992401123047e+01
-9.858793640136718750e+01
9.820655822753906250e+01
-9.791892242431640625e+01
-4.305548858642578125e+01
-1.116005611419677734e+01
-4.213729858398437500e+01
9.554060363769531250e+01
9.139854431152343750e+01
7.003324127197265625e+01
9.365259552001953125e+01
-4.183558273315429688e+01
7.649917602539062500e+01
-9.265781402587890625e+01
6.582147216796875000e+01
-5.196292495727539062e+01
-7.939728546142578125e+01
3.972182464599609375e+01
-9.806491851806640625e+01
-5.292864799499511719e+00
9.986840057373046875e+01
8.817145538330078125e+01
8.668038177490234375e+01
4.753707504272460938e+01
1.501781105995178223e+00
-9.430892181396484375e+01
-9.934454345703125000e+01
-8.804216003417968750e+01
-9.438882446289062500e+01
9.675444793701171875e+01
2.697290802001953125e+01
-9.550540161132812500e+01
-7.339360046386718750e+01
9.842288208007812500e+01
-3.457763290405273438e+01
9.807269287109375000e+01
9.721721649169921875e+01
-7.416841888427734375e+01
6.988072967529296875e+01
8.935600280761718750e+01
8.744213867187500000e+01
-8.419219970703125000e+01
1.016480255126953125e+01
-9.869037628173828125e+01
-9.786035156250000000e+01
-6.830667114257812500e+01
-4.839662170410156250e+01
9.679092407226562500e+01
9.822348022460937500e+01
