-9.298847317695617676e-01
9.523575901985168457e-01
-5.208917856216430664e-01
-8.198399543762207031e-01
3.025530464947223663e-02
9.432128667831420898e-01
2.950692772865295410e-01
-7.499214410781860352e-01
7.821543216705322266e-01
-9.026505351066589355e-01
-5.112838745117187500e-01
3.531786501407623291e-01
-5.976825356483459473e-01
6.024613976478576660e-01
8.603963255882263184e-01
-9.754073619842529297e-01
-6.472448110580444336e-01
-2.491263300180435181e-01
-5.186237394809722900e-02
-7.045923471450805664e-01
1.554838418960571289e-01
-2.950016856193542480e-01
-7.897178530693054199e-01
5.395383834838867188e-01
-3.272486031055450439e-01
4.517506808042526245e-02
-7.401392459869384766e-01
-1.299334466457366943e-01
6.171633005142211914e-01
-4.839050173759460449e-01
7.055073380470275879e-01
-9.284842014312744141e-01
1.749494224786758423e-01
2.822670936584472656e-01
2.642784118652343750e-01
9.899544119834899902e-01
-6.492370963096618652e-01
-9.684002995491027832e-01
8.658716082572937012e-01
6.107582449913024902e-01
8.064673542976379395e-01
-5.984043478965759277e-01
7.131367176771163940e-02
8.954160213470458984e-01
6.706800460815429688e-01
7.308111190795898438e-01
6.705216169357299805e-01
2.553919255733489990e-01
-5.169338583946228027e-01
-9.480728507041931152e-01
6.336572170257568359e-01
8.852427005767822266e-01
-7.652737498283386230e-01
7.190085649490356445e-01
2.728952467441558838e-01
8.555246591567993164e-01
4.630626738071441650e-01
-7.686432003974914551e-01
-2.533415257930755615e-01
9.620414376258850098e-01
6.299806833267211914e-01
5.680887494236230850e-03
3.399861752986907959e-01
2.625192999839782715e-01
2.570959329605102539e-01
-1.821022778749465942e-01
9.458715319633483887e-01
5.029174685478210449e-01
6.438449621200561523e-01
-9.304296225309371948e-02
-5.299364328384399414e-01
6.200332641601562500e-01
-7.312738895416259766e-02
1.254430860280990601e-01
9.834930896759033203e-01
7.564539909362792969e-01
9.039330482482910156e-01
3.576751649379730225e-01
3.339682817459106445e-01
8.832041025161743164e-01
-3.848592042922973633e-01
6.234790682792663574e-01
1.573348045349121094e-01
-4.171643406152725220e-02
-6.222233772277832031e-01
-9.116575717926025391e-01
-8.894988298416137695e-01
-9.349357485771179199e-01
9.813195466995239258e-01
7.738453745841979980e-01
1.611005514860153198e-01
-9.170228838920593262e-01
2.321138828992843628e-01
-4.781130254268646240e-01
-1.236907243728637695e-01
-8.499889969825744629e-01
-9.410794973373413086e-01
-9.850553870201110840e-01
9.691482782363891602e-02
-2.364082932472229004e-01
2.734555006027221680e-01
-9.167215228080749512e-01
-9.391893148422241211e-01
-5.611813068389892578e-01
6.131349802017211914e-01
3.679906427860260010e-01
2.073163725435733795e-02
-8.869291543960571289e-01
1.704497039318084717e-01
4.637461304664611816e-01
-6.934742927551269531e-01
-9.306606054306030273e-01
9.521949291229248047e-01
-7.229421734809875488e-01
-2.109267562627792358e-01
-2.399111241102218628e-01
7.664240598678588867e-01
-6.538893580436706543e-01
6.564973592758178711e-01
-8.976916074752807617e-01
-9.502328634262084961e-01
5.894538760185241699e-01
8.654046654701232910e-01
-8.521467447280883789e-01
-6.200475692749023438e-01
9.822197556495666504e-01
3.323640823364257812e-01
-9.265550374984741211e-01
-4.313434958457946777e-01
-4.450026154518127441e-02
-3.848336338996887207e-01
-9.621819257736206055e-01
8.740451931953430176e-01
7.103095054626464844e-01
5.811603069305419922e-01
6.613481640815734863e-01
6.049022078514099121e-01
-1.740940660238265991e-01
-6.492011547088623047e-01
8.172235637903213501e-02
-5.294309854507446289e-01
-7.147761434316635132e-02
-8.675595521926879883e-01
-4.524293243885040283e-01
5.997480750083923340e-01
8.828370571136474609e-01
-2.682549059391021729e-01
7.251897454261779785e-01
-4.073782265186309814e-01
8.729833960533142090e-01
-2.013681530952453613e-01
-2.896547913551330566e-01
-5.051978826522827148e-01
-5.541132092475891113e-01
-6.833250522613525391e-01
-7.057440280914306641e-01
9.671723246574401855e-01
5.635497570037841797e-01
-4.132339358329772949e-02
9.164988398551940918e-01
7.611320614814758301e-01
3.464703261852264404e-02
3.836353421211242676e-01
-3.519335761666297913e-02
9.537928700447082520e-01
9.592877030372619629e-01
9.624715447425842285e-01
4.702797830104827881e-01
-1.614048033952713013e-01
4.060093164443969727e-01
8.729515671730041504e-01
3.137291595339775085e-02
9.883800745010375977e-01
2.037165872752666473e-02
7.845887541770935059e-01
-2.223782092332839966e-01
1.251263618469238281e-01
-8.637292385101318359e-01
-4.110077917575836182e-01
-1.024753898382186890e-01
-5.003007650375366211e-01
-8.736472725868225098e-01
9.748064875602722168e-01
-2.819556556642055511e-02
-8.737588524818420410e-01
5.171711444854736328e-01
7.525517344474792480e-01
-9.284611344337463379e-01
7.208286523818969727e-01
6.340429782867431641e-01
-2.446085661649703979e-01
6.843438744544982910e-01
7.275364398956298828e-01
3.210126161575317383e-01
8.917795419692993164e-01
8.630735874176025391e-01
1.710001826286315918e-01
8.558309674263000488e-01
9.538266658782958984e-01
6.459422111511230469e-01
8.206268548965454102e-01
9.387789368629455566e-01
-8.850225210189819336e-01
2.636201679706573486e-01
-1.919310986995697021e-01
-2.980359643697738647e-02
-7.806853652000427246e-01
4.493055492639541626e-02
-3.280657827854156494e-01
7.609434723854064941e-01
3.585900068283081055e-01
7.019053101539611816e-01
-9.256882071495056152e-01
-1.852422505617141724e-01
8.907202482223510742e-01
6.127312183380126953e-01
7.716493606567382812e-01
-9.447225332260131836e-01
-1.133829876780509949e-01
3.758992254734039307e-01
9.381785392761230469e-01
9.344969987869262695e-01
5.438656806945800781e-01
7.203357815742492676e-01
5.312051773071289062e-01
3.750145733356475830e-01
7.250216007232666016e-01
2.731439173221588135e-01
-8.731757402420043945e-01
4.085992574691772461e-01
8.614822626113891602e-01
6.431519389152526855e-01
7.648168206214904785e-01
9.322012066841125488e-01
-8.212304115295410156e-01
3.858736753463745117e-01
5.911966562271118164e-01
6.551840901374816895e-01
-5.273446440696716309e-01
-8.062547445297241211e-01
9.886540770530700684e-01
9.530117511749267578e-01
-1.576009541749954224e-01
9.674103260040283203e-01
9.857126474380493164e-01
-9.878381341695785522e-02
9.163440465927124023e-01
5.488265156745910645e-01
7.273651361465454102e-01
-1.109602972865104675e-01
6.956188678741455078e-01
5.588462352752685547e-01
-1.650356650352478027e-01
-2.581360936164855957e-01
5.105330944061279297e-01
8.625335693359375000e-01
3.003874719142913818e-01
9.959074258804321289e-01
6.782533228397369385e-02
6.482945680618286133e-01
5.701854228973388672e-01
-7.264052629470825195e-01
-3.160758912563323975e-01
-6.307932734489440918e-01
-9.534708857536315918e-01
-7.483346462249755859e-01
-2.360420972108840942e-01
9.405778646469116211e-01
-9.067931771278381348e-01
-8.330394029617309570e-01
-9.254669547080993652e-01
-5.903120636940002441e-01
-9.036700725555419922e-01
7.821430563926696777e-01
-3.286968171596527100e-01
3.217720687389373779e-01
5.043576359748840332e-01
7.390851378440856934e-01
-9.196796417236328125e-01
-5.617835521697998047e-01
5.447432398796081543e-01
-9.935510903596878052e-02
-3.741043806076049805e-01
-5.554187297821044922e-02
-4.105732142925262451e-01
5.163241922855377197e-02
-1.251831836998462677e-02
-8.358743190765380859e-01
7.940545678138732910e-01
2.096724957227706909e-01
-8.124737143516540527e-01
5.681247115135192871e-01
4.573589563369750977e-01
-8.644652366638183594e-01
-2.701007761061191559e-03
-9.624646902084350586e-01
-9.544335007667541504e-01
-4.760460257530212402e-01
-8.485507965087890625e-01
-7.345546483993530273e-01
-9.325597286224365234e-01
-6.101602911949157715e-01
3.803143501281738281e-01
-9.667392969131469727e-01
-7.173382639884948730e-01
-2.927604913711547852e-01
-5.583262443542480469e-01
5.577040910720825195e-01
-3.695124089717864990e-01
-6.472587585449218750e-01
3.104763627052307129e-01
-7.874498963356018066e-01
9.935693740844726562e-01
8.203676342964172363e-01
-7.369670867919921875e-01
8.175176382064819336e-01
7.263246178627014160e-01
7.349144220352172852e-01
4.435476362705230713e-01
4.603383839130401611e-01
-7.121894955635070801e-01
-2.233902215957641602e-01
2.429967969655990601e-01
7.078085541725158691e-01
-7.466935515403747559e-01
2.623640894889831543e-01
-5.814918875694274902e-01
2.723005712032318115e-01
4.444933310151100159e-02
-3.991400301456451416e-01
2.285387814044952393e-01
-2.448768615722656250e-01
-1.147044152021408081e-01
-9.611146450042724609e-01
-4.222343564033508301e-01
-3.745117485523223877e-01
-8.695157766342163086e-01
-9.604303836822509766e-01
8.303857445716857910e-01
3.102883696556091309e-01
8.802534341812133789e-01
-2.422399967908859253e-01
5.293730497360229492e-01
8.982107639312744141e-01
-6.712486743927001953e-01
-3.613711893558502197e-01
-3.492293357849121094e-01
8.476224541664123535e-02
7.148232311010360718e-02
-3.366243541240692139e-01
-2.223637551069259644e-01
-6.863935589790344238e-01
7.961345314979553223e-01
-4.405485689640045166e-01
-9.238028526306152344e-01
3.371217101812362671e-02
1.957389861345291138e-01
1.709700673818588257e-01
-9.455415606498718262e-01
-8.581346273422241211e-01
-8.412588238716125488e-01
-9.492160081863403320e-01
4.555296599864959717e-01
-2.954354323446750641e-02
2.492178380489349365e-01
-6.505204737186431885e-02
-9.112023711204528809e-01
7.803601622581481934e-01
-6.797773241996765137e-01
1.399112492799758911e-01
1.700651347637176514e-01
-8.097680807113647461e-01
-2.107107043266296387e-01
9.711278676986694336e-01
-2.891970276832580566e-01
-7.414803504943847656e-01
-5.343304276466369629e-01
-4.380491077899932861e-01
9.794672727584838867e-01
6.039421558380126953e-01
-8.974034190177917480e-01
6.988559365272521973e-01
-6.630110144615173340e-01
8.375197649002075195e-01
-8.820232152938842773e-01
-6.029988527297973633e-01
-4.975644648075103760e-01
1.245149224996566772e-01
9.563080072402954102e-01
-3.633925020694732666e-01
-8.803278207778930664e-01
-9.650680422782897949e-01
-4.101947844028472900e-01
-9.393041729927062988e-01
-2.667458355426788330e-01
7.054609656333923340e-01
6.029600650072097778e-02
1.132759451866149902e-01
9.354083985090255737e-02
-8.538104891777038574e-01
2.965605556964874268e-01
3.930297195911407471e-01
-7.045181989669799805e-01
4.818421304225921631e-01
-8.841701149940490723e-01
-9.886370897293090820e-01
-9.460915625095367432e-02
-3.630031943321228027e-01
8.382214903831481934e-01
-3.819810748100280762e-01
3.806568086147308350e-01
-4.176109135150909424e-01
8.714708089828491211e-01
7.934529781341552734e-01
-3.832690715789794922e-01
7.360363602638244629e-01
9.827306270599365234e-01
-4.913164079189300537e-01
-5.818045735359191895e-01
-6.600975394248962402e-01
7.113493233919143677e-02
5.993153452873229980e-01
-1.509704589843750000e-01
2.688138186931610107e-01
9.551116824150085449e-01
5.285272002220153809e-01
-6.280633211135864258e-01
-2.414930164813995361e-01
-4.545568823814392090e-01
-4.728907719254493713e-02
6.538396477699279785e-01
8.355997204780578613e-01
-8.332112431526184082e-01
4.248492419719696045e-01
3.716523349285125732e-01
8.639891147613525391e-01
9.837915897369384766e-01
7.951110601425170898e-01
9.496580958366394043e-01
-5.713248252868652344e-01
-7.702271342277526855e-01
4.902549088001251221e-01
-6.516648530960083008e-01
6.510520726442337036e-02
-2.942987978458404541e-01
9.291544556617736816e-01
3.876171112060546875e-01
8.244973421096801758e-01
-4.530946537852287292e-02
6.016778945922851562e-01
6.510352492332458496e-01
8.087846636772155762e-01
5.479891300201416016e-01
7.735112309455871582e-01
4.975329935550689697e-01
-9.275780320167541504e-01
2.827473580837249756e-01
6.859686970710754395e-01
5.602871775627136230e-01
-1.422362960875034332e-02
7.470847964286804199e-01
6.183859705924987793e-01
1.927622780203819275e-02
-3.519695997238159180e-01
-2.225228995084762573e-01
5.930820703506469727e-01
-6.536292433738708496e-01
-3.841938376426696777e-01
4.208395779132843018e-01
-9.754795432090759277e-01
3.878362476825714111e-01
1.700926274061203003e-01
2.292735427618026733e-01
5.432362556457519531e-01
-6.406533718109130859e-01
-3.957991898059844971e-01
8.546301126480102539e-01
9.875993132591247559e-01
-8.254766464233398438e-01
9.011688828468322754e-01
-3.776022493839263916e-01
4.512535035610198975e-01
-3.880345448851585388e-02
-3.138713836669921875e-01
6.354162096977233887e-01
-1.094812676310539246e-01
8.530274629592895508e-01
9.956084489822387695e-01
4.874195158481597900e-01
4.738132059574127197e-01
6.565394997596740723e-01
7.572613358497619629e-01
8.865240812301635742e-01
-1.737653464078903198e-01
-6.158433556556701660e-01
6.535816788673400879e-01
5.669301152229309082e-01
7.510256171226501465e-01
3.356248736381530762e-01
-6.921224594116210938e-01
9.546250104904174805e-01
1.734098047018051147e-01
7.150710821151733398e-01
7.938917279243469238e-01
-3.261743187904357910e-01
-1.661821268498897552e-02
-1.212975010275840759e-01
9.852285385131835938e-01
8.979834318161010742e-01
-4.952174127101898193e-01
5.625458359718322754e-01
-2.685102522373199463e-01
1.295865029096603394e-01
6.398914456367492676e-01
-5.235026478767395020e-01
-1.673274785280227661e-01
6.295821070671081543e-01
-5.515449047088623047e-01
2.322203367948532104e-01
-4.112607240676879883e-01
-9.505183100700378418e-01
3.183449208736419678e-01
-1.839299052953720093e-01
-6.579542160034179688e-01
5.726427957415580750e-02
-9.882727861404418945e-01
8.806334733963012695e-01
9.074593186378479004e-01
-9.128104448318481445e-01
6.059044599533081055e-01
-5.147660896182060242e-02
-6.804127991199493408e-02
7.745913267135620117e-01
-6.653495430946350098e-01
8.014675974845886230e-01
-5.008533596992492676e-01
3.634162619709968567e-02
4.991606771945953369e-01
3.065131604671478271e-01
8.085643649101257324e-01
-2.139764577150344849e-01
9.201797246932983398e-01
1.990439891815185547e-01
-9.591988921165466309e-01
-9.138849377632141113e-01
-7.357512116432189941e-01
-2.822092473506927490e-01
-6.522410511970520020e-01
2.748687863349914551e-01
-1.014700233936309814e-01
9.485463500022888184e-01
-5.540586709976196289e-01
3.985376656055450439e-01
-4.472865462303161621e-01
-2.712732255458831787e-01
1.200392320752143860e-01
6.740644574165344238e-01
5.719989538192749023e-01
2.818419635295867920e-01
2.509293258190155029e-01
8.309434652328491211e-01
-3.615391254425048828e-01
-7.862139344215393066e-01
9.920778274536132812e-01
-7.953528761863708496e-01
-2.777132391929626465e-01
-6.200178265571594238e-01
4.881785425823181868e-04
-7.700187563896179199e-01
1.277574300765991211e-01
-8.519797325134277344e-01
-3.012260654941201210e-03
-9.289318919181823730e-01
-6.088384985923767090e-01
-6.508671045303344727e-01
5.200329422950744629e-01
-8.143877387046813965e-01
-4.499699473381042480e-01
-6.492604613304138184e-01
-1.173626333475112915e-01
-6.490505933761596680e-01
3.781879842281341553e-01
7.172688841819763184e-01
-8.055179715156555176e-01
-5.316280722618103027e-01
-4.050568044185638428e-01
4.779216274619102478e-02
8.495675325393676758e-01
-2.629657983779907227e-01
-4.996834695339202881e-02
1.754542440176010132e-01
-7.550540566444396973e-01
2.876172363758087158e-01
-5.670806765556335449e-01
-8.195629119873046875e-01
6.642643213272094727e-01
7.214421033859252930e-01
2.658294141292572021e-01
-7.334121465682983398e-01
3.220114111900329590e-01
-8.181090354919433594e-01
7.812055945396423340e-01
-8.410718441009521484e-01
4.516565501689910889e-01
3.392483294010162354e-02
-9.085476994514465332e-01
-9.191290140151977539e-01
-9.296239614486694336e-01
7.196328043937683105e-01
-2.249186038970947266e-01
-7.962360382080078125e-01
2.160215377807617188e-01
-5.015811324119567871e-01
-9.404340982437133789e-01
6.971265077590942383e-01
-6.265372633934020996e-01
8.766994476318359375e-01
2.857835292816162109e-01
4.412324428558349609e-01
5.559467673301696777e-01
-9.783775210380554199e-01
3.751330077648162842e-02
6.814955472946166992e-01
5.677949190139770508e-01
-9.942222833633422852e-01
-2.616036236286163330e-01
-5.721357464790344238e-01
-8.099238872528076172e-01
4.294774532318115234e-01
-9.251440167427062988e-01
5.697764158248901367e-01
-7.636660933494567871e-01
-4.977094829082489014e-01
-2.136313468217849731e-01
6.906578540802001953e-01
-7.129120230674743652e-01
2.121729403734207153e-01
-9.634266495704650879e-01
3.731324970722198486e-01
-9.285210967063903809e-01
-8.963272571563720703e-01
-7.795776724815368652e-01
5.180832147598266602e-01
4.236666858196258545e-01
-8.557006716728210449e-01
-7.522860169410705566e-01
5.880805253982543945e-01
6.491157412528991699e-01
6.138252615928649902e-01
-1.393285691738128662e-01
2.972409725189208984e-01
1.586586087942123413e-01
1.875426918268203735e-01
1.074991747736930847e-01
5.673515200614929199e-01
-6.388769745826721191e-01
6.625001430511474609e-01
1.248540952801704407e-01
7.327332347631454468e-02
-5.302101373672485352e-01
-8.185163736343383789e-01
-4.417185485363006592e-01
-4.054603278636932373e-01
-7.113982439041137695e-01
9.187747240066528320e-01
-4.562384784221649170e-01
2.188509553670883179e-01
-4.939904510974884033e-01
-2.840848565101623535e-01
-4.119895696640014648e-01
5.756838917732238770e-01
-5.513453483581542969e-01
-5.753325223922729492e-01
-6.856418251991271973e-01
-2.395998239517211914e-01
6.978179812431335449e-01
7.233439087867736816e-01
-1.621921807527542114e-01
5.921846628189086914e-01
-3.763361871242523193e-01
-9.275900125503540039e-01
6.448571681976318359e-01
8.893932700157165527e-01
2.279714494943618774e-01
-7.389571070671081543e-01
-9.113317131996154785e-01
8.901082873344421387e-01
-7.228839993476867676e-01
1.655023992061614990e-01
-7.719837427139282227e-01
-8.390056490898132324e-01
8.844687342643737793e-01
-9.446856975555419922e-01
4.237705767154693604e-01
9.460477530956268311e-02
-6.352979540824890137e-01
-4.265609979629516602e-01
-5.846991539001464844e-01
-8.487519025802612305e-01
-3.784857094287872314e-01
-8.686304688453674316e-01
8.476260900497436523e-01
-1.414617449045181274e-01
-5.945364236831665039e-01
6.053882241249084473e-01
1.965760588645935059e-01
2.233143895864486694e-03
4.110697507858276367e-01
-3.076689243316650391e-01
8.345436453819274902e-01
-7.755081057548522949e-01
-8.875048756599426270e-01
-8.537176251411437988e-01
7.722361087799072266e-01
8.919499814510345459e-02
-8.813552260398864746e-01
6.529228091239929199e-01
-9.004333019256591797e-01
7.171837091445922852e-01
4.941895902156829834e-01
4.347310364246368408e-01
5.522786974906921387e-01
-2.504109740257263184e-01
5.384619235992431641e-01
4.686085581779479980e-01
9.115976095199584961e-01
1.973283709958195686e-03
8.810619115829467773e-01
-3.085028827190399170e-01
-6.362123489379882812e-01
3.271863162517547607e-01
-3.128155693411827087e-02
1.416226476430892944e-01
4.278650581836700439e-01
-7.296416163444519043e-01
-1.131369620561599731e-01
2.892464399337768555e-01
-2.657537162303924561e-01
-3.977307081222534180e-01
5.576495528221130371e-01
-9.677870273590087891e-01
-2.452169060707092285e-01
-7.411947846412658691e-01
8.438990116119384766e-01
6.862232089042663574e-01
4.644801020622253418e-01
-9.817664623260498047e-01
-6.665382385253906250e-01
2.817181646823883057e-01
3.035930693149566650e-01
8.585758209228515625e-01
2.842158675193786621e-01
-9.327383041381835938e-01
-7.425889372825622559e-01
3.388118147850036621e-01
-9.191640019416809082e-01
9.216189384460449219e-01
-3.105081617832183838e-01
-3.509125113487243652e-01
6.699903011322021484e-01
-4.323124587535858154e-01
1.914050579071044922e-01
1.321216076612472534e-01
6.115792989730834961e-01
4.972332417964935303e-01
9.465330243110656738e-01
-8.194732069969177246e-01
-4.828467220067977905e-02
-6.361598372459411621e-01
9.310075044631958008e-01
3.346106708049774170e-01
-4.161645770072937012e-01
4.131998419761657715e-01
9.075119495391845703e-01
5.988500118255615234e-01
8.470478057861328125e-01
-7.215970158576965332e-01
-5.699366927146911621e-01
5.563124269247055054e-02
9.231095910072326660e-01
-9.752739667892456055e-01
-5.827419161796569824e-01
6.607623696327209473e-01
5.605123043060302734e-01
-7.498166561126708984e-01
9.767120480537414551e-01
-8.409128189086914062e-01
-6.918303966522216797e-01
-3.337849378585815430e-01
3.979958593845367432e-01
1.374830454587936401e-01
-1.295700073242187500e-01
-5.302584767341613770e-01
-6.024867296218872070e-01
-1.631514281034469604e-01
-6.866505146026611328e-01
-3.540223240852355957e-01
-5.494709610939025879e-01
-5.261804461479187012e-01
-9.864022135734558105e-01
-7.769613265991210938e-01
-6.259140968322753906e-01
-1.203979775309562683e-01
-8.355914354324340820e-01
4.509500563144683838e-01
-8.204908967018127441e-01
3.699492216110229492e-01
-3.147419095039367676e-01
-8.998678922653198242e-01
6.842427253723144531e-01
-8.137043118476867676e-01
-2.597520351409912109e-01
-5.769623517990112305e-01
-3.609223961830139160e-01
-4.576368033885955811e-01
-7.760905623435974121e-01
8.839678764343261719e-01
-7.904528975486755371e-01
-7.243183255195617676e-01
-4.809347093105316162e-01
-8.020991086959838867e-01
-1.144001781940460205e-01
-1.258351057767868042e-01
-7.562251091003417969e-01
-9.109013676643371582e-01
8.303232192993164062e-01
-7.061854004859924316e-01
1.838968545198440552e-01
9.612832665443420410e-01
-8.302468657493591309e-01
-1.627226918935775757e-01
-3.196119144558906555e-02
8.599168062210083008e-01
9.181239455938339233e-02
-9.295926094055175781e-01
-8.451452851295471191e-01
1.889672279357910156e-01
-4.445922076702117920e-01
-4.037602543830871582e-01
-7.454232573509216309e-01
3.130183368921279907e-02
-3.915818035602569580e-01
5.454024672508239746e-01
-3.964992165565490723e-01
-9.762395620346069336e-01
-2.545662224292755127e-01
-5.773578882217407227e-01
4.181335568428039551e-01
-2.927092015743255615e-01
9.156435132026672363e-01
4.822125434875488281e-01
-9.199018478393554688e-01
-1.065908968448638916e-01
5.374348163604736328e-01
-9.110836982727050781e-01
9.611185789108276367e-01
-1.421613395214080811e-01
6.400296092033386230e-01
-9.321126341819763184e-02
6.515253782272338867e-01
1.730803102254867554e-01
-7.416368722915649414e-01
-8.674586415290832520e-01
-5.975852012634277344e-01
6.961615681648254395e-01
2.240453660488128662e-01
1.312567144632339478e-01
-1.239786148071289062e-01
-6.853095293045043945e-01
7.377887964248657227e-01
-9.547479748725891113e-01
-6.348052620887756348e-01
-7.011085748672485352e-01
1.737776100635528564e-01
-5.532304048538208008e-01
9.881376028060913086e-01
9.127389192581176758e-01
8.090825676918029785e-01
-4.559969305992126465e-01
4.884567558765411377e-01
-9.835359454154968262e-01
6.394986510276794434e-01
9.462423324584960938e-01
-3.461695462465286255e-02
6.446166634559631348e-01
8.546333312988281250e-01
-4.891695082187652588e-01
-9.385883212089538574e-01
8.106228709220886230e-01
-6.888742558658123016e-03
4.462593197822570801e-01
3.494423925876617432e-01
-4.559589922428131104e-01
6.413401961326599121e-01
1.316893249750137329e-01
-3.646484017372131348e-02
-9.703418612480163574e-01
-5.832730978727340698e-02
4.718983769416809082e-01
-3.929695785045623779e-01
-3.360124826431274414e-01
-6.496506929397583008e-01
2.681771218776702881e-01
-4.066597819328308105e-01
-3.692266047000885010e-01
-7.181469202041625977e-01
-5.145204663276672363e-01
-3.056986033916473389e-01
-8.270919919013977051e-01
9.149225950241088867e-01
1.734067797660827637e-01
-8.866226077079772949e-01
-7.184714078903198242e-01
7.624446153640747070e-01
7.604752182960510254e-01
-9.324812144041061401e-02
-6.256676465272903442e-02
-5.521225333213806152e-01
6.441181898117065430e-01
-8.351352810859680176e-01
1.516538113355636597e-01
4.119861125946044922e-01
-5.864080786705017090e-01
1.746821850538253784e-01
-8.647294044494628906e-01
6.378188729286193848e-01
-8.438803553581237793e-01
2.317015975713729858e-01
-3.665203452110290527e-01
-6.561816930770874023e-01
-7.325164675712585449e-01
8.452044725418090820e-01
-3.015158176422119141e-01
7.996796369552612305e-01
3.247865140438079834e-01
3.419992923736572266e-01
2.375045418739318848e-01
6.781722307205200195e-01
-1.732221841812133789e-01
-6.710168719291687012e-01
-6.061577796936035156e-01
-1.760823577642440796e-01
-8.640704751014709473e-01
-7.469525337219238281e-01
-8.359154462814331055e-01
-7.473486661911010742e-01
5.767204165458679199e-01
-6.782755851745605469e-01
9.022862315177917480e-01
-3.200906813144683838e-01
-6.751393079757690430e-01
-7.321423888206481934e-01
-3.905702233314514160e-01
1.055575441569089890e-02
-6.416568160057067871e-01
1.174911111593246460e-01
-5.000297427177429199e-01
-8.152799010276794434e-01
-7.117064297199249268e-02
1.590275019407272339e-01
-3.847679495811462402e-01
1.287772506475448608e-01
-5.432109236717224121e-01
7.050430774688720703e-02
-3.874401375651359558e-02
-7.882276177406311035e-01
-9.738993048667907715e-01
9.847652912139892578e-01
-3.815850615501403809e-01
3.600920140743255615e-01
1.403379887342453003e-01
-5.709741711616516113e-01
1.023767590522766113e-01
7.801346778869628906e-01
-8.461239933967590332e-01
-8.131945729255676270e-01
-3.134774267673492432e-01
7.288622856140136719e-01
-5.768206715583801270e-01
9.281653165817260742e-01
3.598136603832244873e-01
-3.917232155799865723e-01
9.328527450561523438e-01
4.882646799087524414e-01
8.120309710502624512e-01
-8.892155289649963379e-01
-3.058496117591857910e-01
7.475472092628479004e-01
6.340277194976806641e-01
-4.928364455699920654e-01
-6.041117906570434570e-01
-2.612539529800415039e-01
6.439458727836608887e-01
7.655615806579589844e-01
7.346165776252746582e-01
5.385152101516723633e-01
5.949493646621704102e-01
-9.516221880912780762e-01
-5.967345088720321655e-02
6.857384443283081055e-01
9.583703279495239258e-01
6.136757135391235352e-01
-9.727950692176818848e-01
-8.858421444892883301e-01
5.612378716468811035e-01
-7.242688536643981934e-01
-8.653888702392578125e-01
-7.705276608467102051e-01
2.057521343231201172e-01
-8.551458716392517090e-01
2.214429378509521484e-01
7.891743183135986328e-01
4.315809905529022217e-01
1.247221305966377258e-01
-4.259887039661407471e-01
-5.777140259742736816e-01
-7.322055697441101074e-01
9.833509325981140137e-01
9.090346097946166992e-01
9.769307971000671387e-01
8.779892325401306152e-01
-5.423241257667541504e-01
-4.353270530700683594e-01
-5.238583683967590332e-01
-7.901175022125244141e-01
7.494676709175109863e-01
-9.482911229133605957e-02
-3.328343629837036133e-01
1.159169003367424011e-01
-6.006067395210266113e-01
9.809869527816772461e-01
9.121426939964294434e-01
-8.607959151268005371e-01
1.846529543399810791e-01
-2.390229552984237671e-01
7.436549663543701172e-01
9.802489280700683594e-01
-7.637088298797607422e-01
9.111337363719940186e-02
-2.985199689865112305e-01
2.445528060197830200e-01
6.779171228408813477e-01
-1.198411062359809875e-01
4.925985634326934814e-01
7.970320582389831543e-01
5.978704690933227539e-01
6.836326122283935547e-01
9.713473320007324219e-01
2.517995834350585938e-01
-3.421968519687652588e-01
6.678221225738525391e-01
-2.237695753574371338e-01
-6.986051797866821289e-01
7.189013361930847168e-01
-6.727996468544006348e-01
3.255492150783538818e-01
4.493317008018493652e-01
-3.018659055233001709e-01
-8.775033354759216309e-01
-5.100260972976684570e-01
-4.213748276233673096e-01
-9.810551404953002930e-01
-7.711706161499023438e-01
-6.013957858085632324e-01
-4.628508388996124268e-01
-9.550896883010864258e-01
-6.570420861244201660e-01
-9.468650817871093750e-01
5.235425829887390137e-01
-8.717930912971496582e-01
9.199591279029846191e-01
-4.453793168067932129e-01
-3.661108613014221191e-01
-9.850848317146301270e-01
-9.666390419006347656e-01
1.328200194984674454e-02
5.090796388685703278e-03
2.927795946598052979e-01
-7.792271971702575684e-01
-7.815451025962829590e-01
-2.440419048070907593e-02
7.819343209266662598e-01
-3.608185946941375732e-01
-8.850907087326049805e-01
9.128651022911071777e-01
-6.496636271476745605e-01
2.615762948989868164e-01
-8.094210028648376465e-01
-4.038285613059997559e-01
-8.806304931640625000e-01
-7.622532248497009277e-01
-1.308663040399551392e-01
8.275647461414337158e-02
2.792427539825439453e-01
-2.893395721912384033e-02
6.047365069389343262e-01
-7.826386136002838612e-04
-2.244669795036315918e-01
-8.735559582710266113e-01
5.039510726928710938e-01
-9.569749236106872559e-01
1.370620727539062500e-01
-2.948596179485321045e-01
-8.343762159347534180e-01
-8.355886340141296387e-01
5.585168600082397461e-01
-9.346418976783752441e-01
2.919987142086029053e-01
6.310802102088928223e-01
1.977063268423080444e-01
4.088715910911560059e-01
-5.728441476821899414e-01
9.656589031219482422e-01
-5.323680043220520020e-01
-3.722118139266967773e-01
9.205629825592041016e-01
8.018620610237121582e-01
-4.122239947319030762e-01
3.657300472259521484e-01
4.865106344223022461e-01
3.597802221775054932e-01
4.974775314331054688e-01
-9.381706118583679199e-01
-2.638012766838073730e-01
4.369251430034637451e-01
2.620561420917510986e-01
6.105210185050964355e-01
3.573447763919830322e-01
6.421382427215576172e-01
2.397065162658691406e-01
-7.804290056228637695e-01
8.092029690742492676e-01
-7.562459707260131836e-01
-5.905307531356811523e-01
2.977876663208007812e-01
9.763474464416503906e-01
9.085070490837097168e-01
-9.650558829307556152e-01
-6.795830726623535156e-01
4.219942390918731689e-01
9.788031578063964844e-01
3.596228063106536865e-01
6.000625491142272949e-01
8.176630139350891113e-01
-8.201907873153686523e-01
-3.520119786262512207e-01
-5.887635350227355957e-01
7.875055670738220215e-01
4.356417357921600342e-01
2.077910304069519043e-01
3.924771845340728760e-01
7.956628799438476562e-01
6.261174082756042480e-01
-9.581533074378967285e-01
-4.397088587284088135e-01
-9.897619485855102539e-01
6.427689194679260254e-01
4.934279918670654297e-01
5.081720352172851562e-01
9.187425374984741211e-01
1.846221238374710083e-01
-3.428311049938201904e-01
-2.045987844467163086e-01
3.343170881271362305e-01
7.864219546318054199e-01
-9.763100147247314453e-01
-9.771075099706649780e-02
-9.262774586677551270e-01
-4.791085720062255859e-01
9.919751286506652832e-01
6.521848440170288086e-01
-7.738277316093444824e-02
8.827130198478698730e-01
-4.852222204208374023e-01
2.401026487350463867e-01
-2.939023077487945557e-01
8.666356801986694336e-01
-3.307040035724639893e-01
-9.042591452598571777e-01
-7.622764706611633301e-01
-3.473184108734130859e-01
-4.741250872611999512e-01
5.149071291089057922e-02
7.342084646224975586e-01
2.512589991092681885e-01
-5.500852465629577637e-01
3.622969388961791992e-01
-9.034266471862792969e-01
4.294489026069641113e-01
-5.682600140571594238e-01
-4.500102698802947998e-01
-9.120872616767883301e-01
6.164557114243507385e-02
-4.572063088417053223e-01
5.849623680114746094e-01
-9.637310504913330078e-01
7.464133203029632568e-02
-3.608612418174743652e-01
-7.234460115432739258e-01
-5.804013609886169434e-01
-7.093471884727478027e-01
-9.633784890174865723e-01
-9.781408905982971191e-01
-3.840018808841705322e-01
2.793456315994262695e-01
8.458294868469238281e-01
6.033294796943664551e-01
-8.071585893630981445e-01
8.069259524345397949e-01
-8.570488691329956055e-01
-3.421438857913017273e-02
6.142744794487953186e-02
-6.972388625144958496e-01
5.579509735107421875e-01
-7.835466265678405762e-01
-4.600445926189422607e-01
-8.255264163017272949e-01
-4.921848475933074951e-01
6.011851429939270020e-01
-6.119798421859741211e-01
2.738356590270996094e-01
-4.221256673336029053e-01
3.704754402860999107e-03
4.287818074226379395e-01
9.755751490592956543e-01
-7.104630470275878906e-01
2.210947275161743164e-01
-8.529537320137023926e-01
9.701945185661315918e-01
-1.099823266267776489e-01
5.193536281585693359e-01
2.040482014417648315e-01
7.055557966232299805e-01
1.344749480485916138e-01
3.849796950817108154e-01
-4.996441602706909180e-01
7.127187252044677734e-01
7.973870635032653809e-01
6.559690237045288086e-01
2.061541080474853516e-01
7.941219806671142578e-01
-8.307369947433471680e-01
-3.734754323959350586e-01
-2.718288898468017578e-01
-2.058056592941284180e-01
-5.675679445266723633e-01
-5.460938811302185059e-01
2.123153060674667358e-01
-8.508104085922241211e-01
2.484008371829986572e-01
-3.550779521465301514e-01
1.081836521625518799e-01
5.581049919128417969e-01
-6.532561182975769043e-01
-4.030877053737640381e-01
3.502686023712158203e-01
7.952142357826232910e-01
4.408901631832122803e-01
7.770860791206359863e-01
1.143270283937454224e-01
-6.371692419052124023e-01
1.959979087114334106e-01
-2.627769112586975098e-01
7.407476305961608887e-01
7.279315590858459473e-01
-4.439456760883331299e-01
3.386155068874359131e-01
-1.297852694988250732e-01
-8.177137374877929688e-01
-4.422284960746765137e-01
-6.186881661415100098e-01
-5.391608476638793945e-01
9.324483275413513184e-01
8.527848720550537109e-01
-1.863873451948165894e-01
2.478760331869125366e-01
-8.361789584159851074e-01
-8.071088790893554688e-01
9.834440350532531738e-01
-7.986201643943786621e-01
1.194575875997543335e-01
-6.136426925659179688e-01
-3.865445554256439209e-01
-3.680117726325988770e-01
4.758292436599731445e-01
8.671097159385681152e-01
4.259383380413055420e-01
-5.173938274383544922e-01
-4.074502885341644287e-01
2.203752994537353516e-01
-5.257949233055114746e-01
-5.972179174423217773e-01
-6.407032012939453125e-01
6.883891224861145020e-01
-7.387763857841491699e-01
-6.718295812606811523e-01
8.804449439048767090e-01
-2.036383301019668579e-01
-7.613207697868347168e-01
-9.985033869743347168e-01
4.815452396869659424e-01
8.619723916053771973e-01
4.017516076564788818e-01
8.296880722045898438e-01
-4.099021553993225098e-01
-6.095559597015380859e-01
8.426564335823059082e-01
3.719807267189025879e-01
7.286753654479980469e-01
-7.765675783157348633e-01
7.581158280372619629e-01
-7.107851505279541016e-01
7.978363037109375000e-01
-4.830015897750854492e-01
-5.075254440307617188e-01
6.389548778533935547e-01
6.068925261497497559e-01
2.791270613670349121e-01
6.435545086860656738e-01
-6.360344290733337402e-01
6.533463001251220703e-01
-2.298192977905273438e-01
-3.001973628997802734e-01
1.035610958933830261e-01
-3.471712172031402588e-01
-6.891749501228332520e-01
-7.711670398712158203e-01
-5.298574566841125488e-01
-6.823070645332336426e-01
6.802293658256530762e-01
3.870895206928253174e-01
8.586236834526062012e-01
-6.663723587989807129e-01
-5.402665138244628906e-01
5.747629404067993164e-01
-2.538484930992126465e-01
-6.332512497901916504e-01
-8.581831455230712891e-01
9.359334707260131836e-01
5.401163697242736816e-01
2.234808802604675293e-01
1.085581704974174500e-01
5.246599316596984863e-01
6.930703520774841309e-01
-7.866731882095336914e-01
-7.596170306205749512e-01
5.770064592361450195e-01
3.411298096179962158e-01
1.985642872750759125e-02
5.661926865577697754e-01
-9.270642995834350586e-01
3.531381785869598389e-01
8.017095923423767090e-01
-8.372446298599243164e-01
-5.275657176971435547e-01
-3.132710754871368408e-01
-4.872965812683105469e-01
5.035740137100219727e-01
4.536026120185852051e-01
3.294004499912261963e-01
5.716993212699890137e-01
-1.207951903343200684e-01
4.557588100433349609e-01
1.068353056907653809e-01
7.425129413604736328e-01
8.508524894714355469e-01
-9.005686640739440918e-01
3.153969049453735352e-01
9.811651706695556641e-02
-9.496284127235412598e-01
3.006339669227600098e-01
-9.689043164253234863e-01
-6.281946897506713867e-01
-4.605950415134429932e-01
-1.274759024381637573e-01
2.006331682205200195e-01
-2.378011196851730347e-01
9.826346039772033691e-01
-7.876974940299987793e-01
-6.752123832702636719e-01
1.021481305360794067e-01
8.981462121009826660e-01
-6.672329306602478027e-01
1.461369991302490234e-01
-7.521991133689880371e-01
-8.443404436111450195e-01
-3.070293366909027100e-01
-8.304469585418701172e-01
4.110493659973144531e-01
7.879310101270675659e-02
-5.660169124603271484e-01
-8.745914101600646973e-01
6.150312423706054688e-01
1.718674451112747192e-01
-7.981261014938354492e-01
-3.385867178440093994e-01
9.111599326133728027e-01
-8.081085681915283203e-01
-4.788074493408203125e-01
-8.960472941398620605e-01
-6.909773349761962891e-01
-1.733416467905044556e-01
-6.494304537773132324e-01
7.653319835662841797e-01
-4.160102307796478271e-01
6.920747160911560059e-01
-3.090897500514984131e-01
3.922033607959747314e-01
4.895951449871063232e-01
6.725741028785705566e-01
-8.421176671981811523e-01
5.102224946022033691e-01
1.680468171834945679e-01
9.986151456832885742e-01
-3.111780881881713867e-01
1.538253724575042725e-01
4.433028399944305420e-02
-6.222627162933349609e-01
-1.348460614681243896e-01
-2.784233987331390381e-01
2.894850969314575195e-01
-5.691059827804565430e-01
1.742240637540817261e-01
5.863198041915893555e-01
-9.131746292114257812e-01
1.299366205930709839e-01
7.646504640579223633e-01
3.955382406711578369e-01
-4.453163146972656250e-01
-4.844625890254974365e-01
6.260229945182800293e-01
-5.845302939414978027e-01
-3.580735623836517334e-01
6.501213461160659790e-02
9.711257219314575195e-01
5.292224511504173279e-02
-6.137969493865966797e-01
-1.280239224433898926e-01
7.357638478279113770e-01
5.947820544242858887e-01
3.449612259864807129e-01
-6.523504853248596191e-01
-7.006903290748596191e-01
7.134694457054138184e-01
-3.534728288650512695e-01
-9.288502931594848633e-01
1.359300017356872559e-01
7.759758271276950836e-03
9.936787486076354980e-01
3.650780916213989258e-01
2.981606721878051758e-01
5.331178903579711914e-01
9.449813365936279297e-01
6.257677674293518066e-01
-3.633501827716827393e-01
-8.783370256423950195e-01
-2.507534325122833252e-01
-6.916334629058837891e-01
1.985492259263992310e-01
-4.648462533950805664e-01
7.649639248847961426e-01
5.179565548896789551e-01
-2.809157669544219971e-01
9.287441372871398926e-01
9.384581446647644043e-01
-5.953354835510253906e-01
8.589761853218078613e-01
3.165801763534545898e-01
-6.255782842636108398e-01
8.332594633102416992e-01
3.753394633531570435e-02
-6.260977387428283691e-01
4.413137137889862061e-01
-4.043129086494445801e-02
5.122828483581542969e-01
-7.334555387496948242e-01
3.828513324260711670e-01
-9.020848274230957031e-01
-9.408132433891296387e-01
-7.616801857948303223e-01
6.774402856826782227e-01
-9.064498543739318848e-01
-7.885408997535705566e-01
-9.327918291091918945e-01
-7.965327501296997070e-01
-4.414687454700469971e-01
7.832058072090148926e-01
8.605301380157470703e-01
-8.572143912315368652e-01
9.243494272232055664e-02
-4.196815490722656250e-01
2.204370349645614624e-01
6.568795442581176758e-01
-8.170365691184997559e-01
9.990132451057434082e-01
7.456791400909423828e-02
2.334749251604080200e-01
4.481400847434997559e-01
-7.350618392229080200e-02
-6.834387183189392090e-01
7.296725511550903320e-01
-9.457952976226806641e-01
9.877427220344543457e-01
-9.251446723937988281e-01
6.552127599716186523e-01
2.632444202899932861e-01
1.792120486497879028e-01
5.971623063087463379e-01
-5.716339349746704102e-01
-5.850775539875030518e-02
-8.369945883750915527e-01
6.941711306571960449e-01
-7.391352653503417969e-01
4.780550599098205566e-01
-9.255274534225463867e-01
8.724507689476013184e-01
8.460569381713867188e-01
2.152799814939498901e-01
2.065568044781684875e-02
-8.434727191925048828e-01
-1.023571491241455078e-01
-2.723003923892974854e-01
-8.058277964591979980e-01
3.449714183807373047e-01
1.839006086811423302e-03
1.550054848194122314e-01
-2.535477578639984131e-01
-8.974617719650268555e-01
2.882057130336761475e-01
8.838628530502319336e-01
9.629582166671752930e-01
-9.587876200675964355e-01
5.556917786598205566e-01
-4.618290066719055176e-01
6.080168485641479492e-01
4.323630630970001221e-01
-9.443402290344238281e-01
-5.374026298522949219e-01
-3.643822073936462402e-01
-9.180900454521179199e-01
5.528774857521057129e-01
6.886187195777893066e-01
9.930487871170043945e-01
2.804285585880279541e-01
-1.104402616620063782e-01
-7.048586010932922363e-01
-9.224892854690551758e-01
-9.143978357315063477e-01
-8.873366117477416992e-01
8.876866102218627930e-01
-3.394119143486022949e-01
-7.069225907325744629e-01
7.523074150085449219e-01
-2.711189091205596924e-01
-2.484590560197830200e-01
-2.996096312999725342e-01
6.542828679084777832e-01
-9.942668080329895020e-01
-9.019607305526733398e-01
-8.759246468544006348e-01
5.055356025695800781e-01
-9.921566247940063477e-01
8.314105868339538574e-01
4.452148452401161194e-02
-2.909696400165557861e-01
5.624350309371948242e-01
6.737616658210754395e-01
9.021886587142944336e-01
-8.594959378242492676e-01
5.613809823989868164e-01
2.600031495094299316e-01
2.633794546127319336e-01
-9.154994487762451172e-01
7.830059528350830078e-01
-6.045265793800354004e-01
6.856908798217773438e-01
-8.028596639633178711e-01
-1.304384768009185791e-01
-7.490342259407043457e-01
3.418557941913604736e-01
-5.276851654052734375e-01
-3.036334216594696045e-01
-8.964477777481079102e-01
-4.451935887336730957e-01
-2.783917486667633057e-01
-5.458673238754272461e-01
5.660175681114196777e-01
-7.633321285247802734e-01
2.581504881381988525e-01
-7.757093906402587891e-01
4.654273092746734619e-01
1.633673608303070068e-01
5.959580540657043457e-01
9.406802058219909668e-01
-7.856222987174987793e-01
8.192541003227233887e-01
8.121870756149291992e-01
8.810958266258239746e-01
-6.271923780441284180e-01
-8.656315803527832031e-01
7.598221302032470703e-01
1.398537456989288330e-01
-1.593654006719589233e-01
7.212535738945007324e-01
-8.462259918451309204e-02
2.303440868854522705e-01
7.416044473648071289e-01
-3.177150338888168335e-02
-7.208690643310546875e-01
1.764569431543350220e-01
-4.826745092868804932e-01
-1.678157299757003784e-01
-7.408337593078613281e-01
2.759865224361419678e-01
-9.343379735946655273e-01
7.112032175064086914e-01
-1.345610767602920532e-01
7.342781871557235718e-02
6.146789789199829102e-01
8.169649839401245117e-01
-5.414677262306213379e-01
4.287327229976654053e-01
-3.643657267093658447e-01
9.518244266510009766e-01
7.149556875228881836e-01
-6.379469633102416992e-01
-1.230581849813461304e-01
-9.959205985069274902e-01
-8.963733911514282227e-01
-7.789622545242309570e-01
1.531868427991867065e-01
9.017208218574523926e-01
7.780865430831909180e-01
5.362840890884399414e-01
-9.476996660232543945e-01
2.758415043354034424e-01
4.451507627964019775e-01
-8.988801836967468262e-01
2.979905605316162109e-01
4.141731187701225281e-02
-8.410093188285827637e-01
-7.416344285011291504e-01
-6.689010858535766602e-01
8.315549492835998535e-01
-6.221283674240112305e-01
7.662235759198665619e-03
-8.829830884933471680e-01
5.708230733871459961e-01
2.713311314582824707e-01
-4.399636089801788330e-01
8.619641661643981934e-01
-4.647669494152069092e-01
-5.817837715148925781e-01
1.533028334379196167e-01
3.653211295604705811e-01
2.716040313243865967e-01
-8.649241328239440918e-01
-8.580449819564819336e-01
2.790809571743011475e-01
1.886721402406692505e-01
-1.574762612581253052e-01
7.488601803779602051e-01
-7.830016016960144043e-01
5.335686206817626953e-01
4.143664836883544922e-01
5.591140389442443848e-01
-8.024131655693054199e-01
8.492417931556701660e-01
8.733782172203063965e-01
5.064914822578430176e-01
8.062105178833007812e-01
6.411369442939758301e-01
6.617889404296875000e-01
3.962548971176147461e-01
1.401729322969913483e-02
-3.272797465324401855e-01
-4.047107398509979248e-01
-7.229373455047607422e-01
-6.779685616493225098e-01
3.524387478828430176e-01
7.349411249160766602e-01
-2.033022195100784302e-01
7.552158236503601074e-01
4.537396132946014404e-02
-3.768147230148315430e-01
-2.247437834739685059e-03
-8.837131857872009277e-01
-8.923323154449462891e-01
-2.900175452232360840e-01
-5.163235068321228027e-01
-8.765954971313476562e-01
7.605997323989868164e-01
-7.714805006980895996e-01
-8.791289329528808594e-01
9.698889851570129395e-01
-7.190213203430175781e-01
3.203976750373840332e-01
9.966714978218078613e-01
8.722562789916992188e-01
-9.773713350296020508e-01
7.753353714942932129e-01
-3.719323873519897461e-01
-3.943297266960144043e-01
1.289933770895004272e-01
-6.007847785949707031e-01
-7.354927062988281250e-01
-2.044835686683654785e-01
-1.360462009906768799e-01
6.414165496826171875e-01
-1.707210578024387360e-02
1.459540128707885742e-01
-9.792404174804687500e-01
-4.399177432060241699e-01
-9.705860018730163574e-01
7.398017644882202148e-01
6.873804926872253418e-01
3.345204889774322510e-01
-5.276772975921630859e-01
-8.752967119216918945e-01
-1.147170886397361755e-01
-2.064867317676544189e-01
-6.931775063276290894e-02
1.574595272541046143e-01
6.489565372467041016e-01
-6.077831145375967026e-03
1.663036346435546875e-01
-6.750928759574890137e-01
-8.775289654731750488e-01
6.747416257858276367e-01
-6.425591111183166504e-01
9.821463227272033691e-01
1.724054515361785889e-01
4.778443872928619385e-01
4.396705701947212219e-02
6.735705733299255371e-01
6.065035238862037659e-02
8.263176679611206055e-01
6.959001421928405762e-01
-8.544697165489196777e-01
-6.314306706190109253e-02
-6.313401460647583008e-01
9.496601819992065430e-01
-9.254133105278015137e-01
-7.732106447219848633e-01
5.182996988296508789e-01
9.526904672384262085e-02
8.309402465820312500e-01
7.787975668907165527e-01
-7.320738434791564941e-01
8.582735061645507812e-01
9.147024750709533691e-01
6.232059597969055176e-01
9.203680157661437988e-01
-5.335373878479003906e-01
-7.835889607667922974e-02
4.885377585887908936e-01
-7.445183396339416504e-01
-2.510292530059814453e-01
9.678206443786621094e-01
8.437680602073669434e-01
9.259895086288452148e-01
8.501262068748474121e-01
5.181044340133666992e-01
7.685618400573730469e-01
2.019467577338218689e-02
-5.421742796897888184e-01
9.234012365341186523e-01
-9.342145919799804688e-01
-1.442865580320358276e-01
6.865884661674499512e-01
-1.844658553600311279e-01
3.029620945453643799e-01
-8.165795803070068359e-01
3.767757117748260498e-01
-5.406336188316345215e-01
-7.072725892066955566e-01
8.023518919944763184e-01
-2.018672078847885132e-01
4.624568819999694824e-01
1.561857908964157104e-01
9.864549636840820312e-01
6.298023462295532227e-01
9.777461886405944824e-01
7.183857560157775879e-01
-2.136485874652862549e-01
-5.142954364418983459e-02
-7.955870032310485840e-01
7.044489383697509766e-01
-6.754446029663085938e-01
4.050155580043792725e-01
-6.032245755195617676e-01
-9.238384962081909180e-01
-8.373932242393493652e-01
-8.156583905220031738e-01
5.614967942237854004e-01
-1.009775251150131226e-01
9.614318609237670898e-01
5.187633633613586426e-01
-3.937720358371734619e-01
8.771063089370727539e-01
-9.094560742378234863e-01
5.115115046501159668e-01
-5.943818092346191406e-01
5.602577328681945801e-01
-4.603010416030883789e-01
-3.238109648227691650e-01
1.389085352420806885e-01
4.657607674598693848e-01
-3.844493329524993896e-01
2.609828412532806396e-01
-7.737887501716613770e-01
5.774702429771423340e-01
7.908183932304382324e-01
-5.213854908943176270e-01
5.981984734535217285e-01
-8.806424736976623535e-01
-7.043783068656921387e-01
3.661765158176422119e-01
-9.376890063285827637e-01
-7.717179656028747559e-01
-7.495346665382385254e-01
-6.882463693618774414e-01
9.483689069747924805e-01
5.715259909629821777e-01
2.341968566179275513e-01
7.535102963447570801e-02
5.224218368530273438e-01
4.708777964115142822e-01
-9.483891129493713379e-01
6.172428131103515625e-01
-5.644699335098266602e-01
7.433893680572509766e-01
7.771363854408264160e-01
-2.049909681081771851e-01
5.287061333656311035e-01
9.900076389312744141e-01
2.671931684017181396e-01
-9.578660130500793457e-01
-1.114709451794624329e-01
9.456851482391357422e-01
-7.867907881736755371e-01
-4.897660315036773682e-01
-3.403088748455047607e-01
-4.918127954006195068e-01
-6.677510142326354980e-01
-9.627729058265686035e-01
2.584330141544342041e-01
6.608462929725646973e-01
-7.026983499526977539e-01
9.070078730583190918e-01
9.054789543151855469e-01
4.489177167415618896e-01
5.783097743988037109e-01
-2.768648788332939148e-02
5.298349261283874512e-01
-6.664323210716247559e-01
5.662915706634521484e-01
6.330757737159729004e-01
-4.386270940303802490e-01
9.629982113838195801e-01
-3.301422595977783203e-01
-4.068972468376159668e-01
-1.737435460090637207e-01
5.510685443878173828e-01
3.538995385169982910e-01
-8.396044969558715820e-01
3.268108665943145752e-01
2.674749493598937988e-01
-3.000718653202056885e-01
-8.910562992095947266e-01
8.877421021461486816e-01
-3.469458222389221191e-01
-6.691979765892028809e-01
-6.790220141410827637e-01
-4.545321464538574219e-01
-3.983528017997741699e-01
8.227735757827758789e-01
3.708752393722534180e-01
-1.336944103240966797e-01
8.897608518600463867e-01
8.751525282859802246e-01
4.091075956821441650e-01
4.522709250450134277e-01
6.217388510704040527e-01
-5.363438129425048828e-01
-5.414897203445434570e-02
-7.750055789947509766e-01
-9.244434237480163574e-01
-2.424264997243881226e-01
-8.632256388664245605e-01
8.084579706192016602e-01
-3.064761459827423096e-01
-7.148357629776000977e-01
7.396371364593505859e-01
1.547954976558685303e-01
-3.147470355033874512e-01
-2.422531992197036743e-01
-5.229022502899169922e-01
2.289611846208572388e-01
6.143078804016113281e-01
7.957589030265808105e-01
8.196853995323181152e-01
-5.755990147590637207e-01
-3.707618266344070435e-02
6.173966526985168457e-01
-9.005413651466369629e-01
-8.320149779319763184e-01
5.275697112083435059e-01
7.512895464897155762e-01
9.874808788299560547e-01
-9.833266735076904297e-01
4.392997920513153076e-01
5.330291986465454102e-01
1.181585565209388733e-01
4.388954937458038330e-01
-6.633958220481872559e-01
2.700330317020416260e-01
6.026864051818847656e-01
4.952151775360107422e-01
-8.559828996658325195e-01
-1.206890773028135300e-02
-8.030846714973449707e-01
8.079255223274230957e-01
-8.404972553253173828e-01
6.368542313575744629e-01
-6.818897128105163574e-01
2.462408393621444702e-01
1.956114470958709717e-01
-7.587267756462097168e-01
-8.549688458442687988e-01
-5.196231603622436523e-01
6.414756178855895996e-02
-9.698314070701599121e-01
8.703950792551040649e-02
1.268410682678222656e-01
4.617847800254821777e-01
-4.336285293102264404e-01
-7.765926718711853027e-01
-6.469259262084960938e-01
3.154198229312896729e-01
-7.358196973800659180e-01
9.587162137031555176e-01
7.120131850242614746e-01
-7.599955797195434570e-01
5.395304039120674133e-02
2.802726328372955322e-01
9.848966598510742188e-01
3.719093799591064453e-01
-4.745818078517913818e-01
1.136622279882431030e-01
5.797250270843505859e-01
5.770397186279296875e-01
3.432884812355041504e-01
-9.042404890060424805e-01
8.984866142272949219e-01
-4.407143890857696533e-01
3.944797515869140625e-01
-7.697377204895019531e-01
4.268720746040344238e-03
3.585298955440521240e-01
4.395524412393569946e-02
7.079017162322998047e-01
9.673992395401000977e-01
3.587282728403806686e-03
5.041203498840332031e-01
-1.809552013874053955e-01
-8.221325278282165527e-01
8.620653748512268066e-01
1.705290079116821289e-01
-1.382103264331817627e-01
5.167174935340881348e-01
6.822243332862854004e-01
8.380463719367980957e-01
-6.397963762283325195e-01
7.236640453338623047e-01
6.040922999382019043e-01
-7.669141888618469238e-02
3.164599835872650146e-01
9.360843300819396973e-01
-2.518231272697448730e-01
-2.044771239161491394e-02
-8.537032604217529297e-01
2.752940654754638672e-01
-9.425925612449645996e-01
4.292207658290863037e-01
-2.091953009366989136e-01
9.393491148948669434e-01
6.522437930107116699e-01
-1.515906602144241333e-01
3.651466369628906250e-01
5.553739070892333984e-01
-9.833281636238098145e-01
9.049122929573059082e-01
6.391879916191101074e-01
2.030323445796966553e-01
6.190918684005737305e-01
-2.423714660108089447e-02
-3.734654188156127930e-01
-9.505032896995544434e-01
6.159396171569824219e-01
4.685721397399902344e-01
-7.183111310005187988e-01
-8.821095228195190430e-01
6.296788454055786133e-01
7.564593553543090820e-01
1.463738083839416504e-01
-7.635203003883361816e-01
9.395847320556640625e-01
-9.204142093658447266e-01
9.196766018867492676e-01
-6.033495664596557617e-01
-1.044350415468215942e-01
-8.412682414054870605e-01
8.972294926643371582e-01
8.720121979713439941e-01
-2.120295464992523193e-01
2.153965085744857788e-01
-9.463850259780883789e-01
9.731312990188598633e-01
7.674471139907836914e-01
9.432649016380310059e-01
9.663532972335815430e-01
-7.861323356628417969e-01
-6.071627736091613770e-01
-7.085040211677551270e-02
-8.390820622444152832e-01
-7.545743584632873535e-01
3.225249350070953369e-01
-5.161831974983215332e-01
-6.575716137886047363e-01
-8.160526752471923828e-01
-6.628713607788085938e-01
7.176074981689453125e-01
4.233185350894927979e-01
-9.536987543106079102e-01
9.235345125198364258e-01
2.565093934535980225e-01
-3.939098715782165527e-01
-6.713751554489135742e-01
-8.829173445701599121e-01
3.571482002735137939e-01
-8.537758588790893555e-01
-8.498125672340393066e-01
-2.991101443767547607e-01
9.327376484870910645e-01
-9.345476627349853516e-01
-1.887602508068084717e-01
-7.429198622703552246e-01
