4.564745128154754639e-01
-9.047732949256896973e-01
-6.700075864791870117e-01
-3.932981491088867188e-01
-5.913546681404113770e-01
5.896414518356323242e-01
-9.484277367591857910e-01
-9.544602781534194946e-02
-7.855003476142883301e-01
6.945874094963073730e-01
-9.830541610717773438e-01
-8.607457876205444336e-01
-7.420272827148437500e-01
-5.849655866622924805e-01
2.173040658235549927e-01
7.185076475143432617e-01
-3.912059962749481201e-01
-3.352907299995422363e-01
-5.243155360221862793e-01
-6.243326067924499512e-01
-5.233052372932434082e-01
5.892149806022644043e-01
-4.568084180355072021e-01
-8.480305075645446777e-01
-7.869052886962890625e-01
6.316424608230590820e-01
5.706177353858947754e-01
-9.539552927017211914e-01
9.556022882461547852e-01
-9.868730902671813965e-01
9.086864590644836426e-01
1.221358701586723328e-01
-4.272642135620117188e-01
-2.553118765354156494e-01
-1.648597419261932373e-01
-6.419795751571655273e-01
-9.949906468391418457e-01
-7.248597145080566406e-01
-3.216893598437309265e-02
-2.556777298450469971e-01
-9.028251767158508301e-01
9.350086450576782227e-01
4.375781863927841187e-02
-3.941256701946258545e-01
1.328456252813339233e-01
1.411429643630981445e-01
1.183818578720092773e-01
-9.304663538932800293e-01
8.424586057662963867e-01
-1.504566818475723267e-01
-1.224441677331924438e-01
1.271941214799880981e-01
-9.040881991386413574e-01
-7.190373539924621582e-01
6.316309571266174316e-01
2.082047909498214722e-01
5.588158369064331055e-01
1.331226527690887451e-01
-5.801302194595336914e-01
6.647967696189880371e-01
-5.525334477424621582e-01
1.676942706108093262e-01
7.753807902336120605e-01
7.986637353897094727e-01
-8.033136129379272461e-01
8.331837654113769531e-01
5.652370452880859375e-01
1.548101305961608887e-01
9.670734405517578125e-01
3.937201797962188721e-01
3.906176686286926270e-01
-2.895517945289611816e-01
-9.134502410888671875e-01
7.480571866035461426e-01
5.545275211334228516e-01
7.078245282173156738e-01
5.461578723043203354e-03
1.710764318704605103e-01
7.676346898078918457e-01
2.021319568157196045e-01
1.822103559970855713e-01
9.716259837150573730e-01
-9.935587048530578613e-01
5.618453025817871094e-01
5.487339496612548828e-01
-8.402868509292602539e-01
-3.804452717304229736e-01
6.837536096572875977e-01
2.409234642982482910e-01
8.899201750755310059e-01
8.437579870223999023e-01
-7.979983091354370117e-01
3.376071155071258545e-01
7.328002452850341797e-01
-9.205667972564697266e-01
-2.695303261280059814e-01
9.922559261322021484e-01
-4.596390426158905029e-01
-8.897265195846557617e-01
2.424200475215911865e-01
3.825758993625640869e-01
3.883539140224456787e-01
-9.539533853530883789e-01
6.588234305381774902e-01
-2.130536176264286041e-02
-5.272819399833679199e-01
-4.434734582901000977e-01
8.777935504913330078e-01
6.233439445495605469e-01
-9.289329648017883301e-01
-1.237312555313110352e-01
-7.010735869407653809e-01
-5.548592209815979004e-01
6.753355264663696289e-01
-4.886450469493865967e-01
6.728202104568481445e-01
-7.922065258026123047e-01
-8.676171898841857910e-01
-6.360117346048355103e-03
-6.229330301284790039e-01
9.104533791542053223e-01
-4.694899916648864746e-01
-2.242114394903182983e-01
-6.989107131958007812e-01
2.780175395309925079e-02
-4.954261779785156250e-01
4.041048884391784668e-01
9.648193120956420898e-01
5.812663435935974121e-01
6.424343585968017578e-01
6.620811223983764648e-01
-3.760592341423034668e-01
9.790549278259277344e-01
-9.715867638587951660e-01
1.064117345958948135e-02
9.665302634239196777e-01
-1.379320174455642700e-01
6.198822855949401855e-01
9.772294163703918457e-01
-5.051693916320800781e-01
7.861435413360595703e-01
-4.634205698966979980e-01
-9.016925692558288574e-01
-6.649615764617919922e-01
3.846596181392669678e-01
7.567043900489807129e-01
8.734304904937744141e-01
-7.407803535461425781e-01
2.866988442838191986e-02
9.922574162483215332e-01
-9.387221932411193848e-01
6.862317919731140137e-01
-9.635409116744995117e-01
4.447510838508605957e-01
-8.631114363670349121e-01
-3.097388446331024170e-01
-1.205846741795539856e-01
9.000851511955261230e-01
6.658900380134582520e-01
-1.028142720460891724e-01
6.401973366737365723e-01
-9.580162167549133301e-01
-4.466424584388732910e-01
6.557660549879074097e-02
-6.966134905815124512e-01
-5.392194390296936035e-01
8.994303941726684570e-01
1.196648702025413513e-01
6.825051307678222656e-01
9.284301400184631348e-01
-3.256560862064361572e-02
1.270063966512680054e-01
-9.787237048149108887e-01
-1.000786721706390381e-01
-9.847568869590759277e-01
-2.579153478145599365e-01
-9.116181731224060059e-01
-8.978070616722106934e-01
-9.728046059608459473e-01
-6.085210442543029785e-01
5.242310762405395508e-01
-6.202962994575500488e-01
-8.138353824615478516e-01
-5.525309443473815918e-01
-9.291908144950866699e-01
-9.887191057205200195e-01
-3.360039591789245605e-01
9.202612638473510742e-01
-4.078333824872970581e-02
-8.792613148689270020e-01
-4.772866070270538330e-01
6.182279586791992188e-01
-3.217784166336059570e-01
-8.347207903861999512e-01
-8.213249444961547852e-01
-9.317883253097534180e-01
-7.055888772010803223e-01
-6.341328024864196777e-01
-2.267427928745746613e-02
2.894534170627593994e-01
-7.672570347785949707e-01
1.315773874521255493e-01
1.307307183742523193e-01
9.436370730400085449e-01
5.327897071838378906e-01
-3.255808949470520020e-01
-7.774062752723693848e-01
8.465178608894348145e-01
9.188217669725418091e-02
-5.081303715705871582e-01
-9.248019456863403320e-01
-2.867838740348815918e-01
3.260423243045806885e-01
-1.875859871506690979e-02
-9.736484885215759277e-01
4.795189797878265381e-01
-7.410399317741394043e-01
-9.094384312629699707e-01
1.250871121883392334e-01
-8.240092396736145020e-01
-9.644310474395751953e-01
-3.402377367019653320e-01
-9.068508148193359375e-01
-1.104474961757659912e-01
-5.568664073944091797e-01
8.078936487436294556e-02
-6.636805534362792969e-01
-5.855361819267272949e-01
1.145187988877296448e-01
-2.045897543430328369e-01
6.722620725631713867e-01
8.310973644256591797e-01
-9.517718553543090820e-01
-7.196748256683349609e-01
9.340646862983703613e-01
4.556504487991333008e-01
-1.911667585372924805e-01
-3.132704198360443115e-01
-5.554719567298889160e-01
1.618648171424865723e-01
4.351767301559448242e-01
-3.414621651172637939e-01
-9.815099835395812988e-01
-2.176864147186279297e-01
-9.796373844146728516e-01
-9.653344154357910156e-01
5.235193371772766113e-01
9.718289971351623535e-01
-1.356108188629150391e-01
8.617976903915405273e-01
4.209910035133361816e-01
6.648190617561340332e-01
3.705731928348541260e-01
4.940225183963775635e-01
-8.060701489448547363e-01
3.118148148059844971e-01
4.808026254177093506e-01
1.383403688669204712e-01
1.640466973185539246e-02
-6.954324841499328613e-01
8.182355165481567383e-01
-7.826108336448669434e-01
9.105873703956604004e-01
8.314909338951110840e-01
-8.056931942701339722e-02
-8.331544995307922363e-01
6.143428087234497070e-01
-4.004922509193420410e-01
-6.403725147247314453e-01
-5.692897439002990723e-01
7.421118617057800293e-01
-9.729667305946350098e-01
1.240358222275972366e-02
3.659342229366302490e-01
5.404394865036010742e-01
-1.000442579388618469e-01
-8.532006740570068359e-01
8.923123478889465332e-01
-5.910032987594604492e-01
-2.366961911320686340e-02
-8.314951658248901367e-01
-5.168319344520568848e-01
-7.152338624000549316e-01
-2.559592723846435547e-01
9.906266927719116211e-01
-1.994211524724960327e-01
9.350243806838989258e-01
9.372436404228210449e-01
-3.177625238895416260e-01
2.428885698318481445e-01
3.527252376079559326e-01
7.637266516685485840e-01
-9.376253485679626465e-01
-6.687509268522262573e-02
-3.216381072998046875e-01
-5.153182744979858398e-01
-7.020699381828308105e-01
9.695540666580200195e-01
-5.404967665672302246e-01
8.019595742225646973e-01
2.323718369007110596e-01
-3.764478266239166260e-01
-8.665491342544555664e-01
9.900537729263305664e-01
-8.976929783821105957e-01
6.634374260902404785e-01
-5.572955608367919922e-01
-9.105876684188842773e-01
-4.608747959136962891e-01
-3.339244723320007324e-01
-9.146415442228317261e-02
2.316306978464126587e-01
-6.945574283599853516e-01
-5.742719769477844238e-01
6.525785326957702637e-01
5.886729359626770020e-01
-4.904737174510955811e-01
-2.900157868862152100e-01
2.865342497825622559e-01
-9.220430850982666016e-01
-8.029072284698486328e-01
-6.350199580192565918e-01
-9.955917000770568848e-01
8.309481739997863770e-01
4.228065609931945801e-01
1.209665089845657349e-01
8.706424236297607422e-01
-3.330491483211517334e-01
-8.884838819503784180e-01
9.492120742797851562e-01
-9.546207785606384277e-01
-3.992715179920196533e-01
5.036466717720031738e-01
1.040372326970100403e-01
9.088540673255920410e-01
6.813989281654357910e-01
1.917893886566162109e-01
8.008412122726440430e-01
-7.952344417572021484e-02
1.848367452621459961e-01
-7.494565248489379883e-01
8.222922682762145996e-01
-8.442510962486267090e-01
-1.459645628929138184e-01
-6.961635351181030273e-01
-6.886133551597595215e-01
2.891862094402313232e-01
-6.285769939422607422e-01
6.268436312675476074e-01
1.445117294788360596e-01
-7.169787287712097168e-01
-3.653413951396942139e-01
-3.431977331638336182e-01
-8.846640586853027344e-01
-4.395781755447387695e-01
7.543194293975830078e-01
4.193549454212188721e-01
-1.114528551697731018e-01
-3.114658594131469727e-01
-7.114531099796295166e-02
3.066921234130859375e-01
-9.817587137222290039e-01
7.307208180427551270e-01
1.234154626727104187e-01
1.274366974830627441e-01
7.126311063766479492e-01
-3.765606582164764404e-01
8.840913325548171997e-02
-3.814596235752105713e-01
2.407172024250030518e-01
-9.500765204429626465e-01
-8.863490223884582520e-01
8.937150835990905762e-01
-6.522299051284790039e-01
-7.973833680152893066e-01
2.720681428909301758e-01
2.698337137699127197e-01
-9.818663001060485840e-01
-7.828436046838760376e-02
-5.563575625419616699e-01
5.840904712677001953e-01
-7.947248220443725586e-01
-2.293734401464462280e-01
-3.822334408760070801e-01
-4.867308735847473145e-01
5.039907097816467285e-01
5.113018751144409180e-01
8.112045526504516602e-01
-4.707983732223510742e-01
-9.953925013542175293e-01
-6.729855537414550781e-01
5.122209191322326660e-01
7.138870954513549805e-01
6.778890490531921387e-01
7.232277989387512207e-01
6.045032739639282227e-01
-2.029995769262313843e-01
-2.589477896690368652e-01
-2.300097048282623291e-01
-1.837812066078186035e-01
-7.039678692817687988e-01
8.476310372352600098e-01
8.716204762458801270e-01
7.248765230178833008e-01
4.671749174594879150e-01
6.186335086822509766e-01
-9.519044160842895508e-01
-5.021542906761169434e-01
-2.996242046356201172e-01
-9.121254682540893555e-01
-3.849193155765533447e-01
7.308788895606994629e-01
-8.402220606803894043e-01
6.822999715805053711e-01
-5.252318382263183594e-01
4.296419620513916016e-01
-9.001190662384033203e-01
-8.213346600532531738e-01
-2.573662400245666504e-01
-4.294937849044799805e-01
6.767684221267700195e-01
-3.755034208297729492e-01
-8.909913897514343262e-02
6.906223893165588379e-01
-9.373637437820434570e-01
-5.522074103355407715e-01
-3.382688462734222412e-01
7.659263610839843750e-01
3.365048468112945557e-01
6.643130779266357422e-01
4.030587673187255859e-01
9.627721905708312988e-01
8.086943626403808594e-01
6.605859994888305664e-01
-9.135769009590148926e-01
-9.622014760971069336e-01
-7.584964036941528320e-01
1.187073215842247009e-01
4.689638316631317139e-01
9.688247442245483398e-01
4.373167157173156738e-01
-8.397031426429748535e-01
7.337791323661804199e-01
5.077846646308898926e-01
-7.493176460266113281e-01
-5.580049753189086914e-01
-9.159414768218994141e-01
7.195753455162048340e-01
6.107552647590637207e-01
-8.853743076324462891e-01
-4.846677780151367188e-01
-6.094279289245605469e-01
9.349092245101928711e-01
-4.396735876798629761e-02
-7.030792236328125000e-01
-7.026927918195724487e-02
9.547094106674194336e-01
-6.780834794044494629e-01
-7.532381415367126465e-01
-7.644302248954772949e-01
2.658220231533050537e-01
-7.044595479965209961e-01
-9.316248893737792969e-01
8.661248087882995605e-01
-2.731012701988220215e-01
6.199128031730651855e-01
7.619318366050720215e-01
-6.354187130928039551e-01
9.678524732589721680e-01
6.771284937858581543e-01
3.701096475124359131e-01
-2.524531781673431396e-01
9.473657011985778809e-01
5.827374458312988281e-01
-9.913623929023742676e-01
5.744648575782775879e-01
-9.832573533058166504e-01
3.385635614395141602e-01
-9.829365015029907227e-01
2.200112640857696533e-01
5.496633052825927734e-01
4.548636078834533691e-01
2.144861370325088501e-01
-6.848080456256866455e-02
5.435738563537597656e-01
-2.949360311031341553e-01
-3.335849046707153320e-01
5.890677571296691895e-01
1.432358771562576294e-01
-9.462811350822448730e-01
-2.443368285894393921e-01
-9.847123026847839355e-01
-4.323320686817169189e-01
8.512985706329345703e-02
-4.166490733623504639e-01
8.466014266014099121e-01
3.637436926364898682e-01
-8.510941863059997559e-01
3.331916034221649170e-01
6.464346647262573242e-01
-4.741964936256408691e-01
-2.684133350849151611e-01
-3.647264540195465088e-01
2.451113015413284302e-01
7.312412261962890625e-01
9.532389044761657715e-01
-5.377864241600036621e-01
2.427427768707275391e-01
9.556170701980590820e-01
-8.532329201698303223e-01
8.086979985237121582e-01
-7.611619830131530762e-01
-5.879178047180175781e-01
-7.194857001304626465e-01
-1.546903103590011597e-01
6.297118663787841797e-01
-3.884857892990112305e-01
-5.651288628578186035e-01
-3.067773953080177307e-02
7.282059192657470703e-01
4.564445614814758301e-01
-6.860263943672180176e-01
-9.003821015357971191e-01
9.603868722915649414e-01
7.301195859909057617e-01
-2.842392027378082275e-01
-4.733125865459442139e-01
-2.645255029201507568e-01
8.241149783134460449e-01
4.983238279819488525e-01
-3.465663492679595947e-01
9.745093584060668945e-01
1.146474033594131470e-01
7.547973990440368652e-01
4.077441692352294922e-01
2.122469544410705566e-01
-5.382884144783020020e-01
-8.930278420448303223e-01
1.006746664643287659e-01
-5.357772111892700195e-01
9.308992028236389160e-01
4.296553432941436768e-01
-9.624494910240173340e-01
1.860183328390121460e-01
-3.964434862136840820e-01
9.820268750190734863e-01
5.339024066925048828e-01
4.153964221477508545e-01
7.132866382598876953e-01
-9.908143877983093262e-01
-5.506619811058044434e-01
-1.825828403234481812e-01
5.307500362396240234e-01
-8.123106360435485840e-01
3.807002305984497070e-01
1.583574563264846802e-01
-4.940196275711059570e-01
3.021450340747833252e-01
-8.273495435714721680e-01
9.323720335960388184e-01
6.438080668449401855e-01
2.468150407075881958e-01
5.387960076332092285e-01
-5.256906151771545410e-01
2.464104145765304565e-01
-7.597501873970031738e-01
-5.588521361351013184e-01
8.803375363349914551e-01
-9.529692530632019043e-01
3.855783641338348389e-01
7.653266787528991699e-01
-5.235398411750793457e-01
-6.855065822601318359e-01
9.515064358711242676e-01
8.560255169868469238e-01
5.259008705615997314e-02
-4.662012159824371338e-01
8.678794503211975098e-01
-7.683121562004089355e-01
8.545880317687988281e-01
-3.707156181335449219e-01
3.426484465599060059e-01
-8.774396032094955444e-02
6.713839769363403320e-01
-5.264483690261840820e-01
6.158725023269653320e-01
8.715087771415710449e-01
4.572458565235137939e-01
8.583709597587585449e-01
3.437994420528411865e-01
-4.241379797458648682e-01
2.777877748012542725e-01
-1.621453166007995605e-01
1.743895113468170166e-01
-8.870124816894531250e-01
-5.311316847801208496e-01
5.477237701416015625e-01
-7.503573894500732422e-01
-6.974457949399948120e-02
-9.696338176727294922e-01
9.570981860160827637e-01
-7.684348821640014648e-01
-2.694239914417266846e-01
-9.203899502754211426e-01
5.557023361325263977e-02
1.584169715642929077e-01
-5.742616057395935059e-01
6.643174290657043457e-01
2.353370748460292816e-02
-1.656357496976852417e-01
6.172902137041091919e-02
-2.413186281919479370e-01
9.284315705299377441e-01
4.456475973129272461e-01
-3.777737915515899658e-01
4.963961243629455566e-01
-8.691799640655517578e-01
-4.678303301334381104e-01
-8.270937204360961914e-01
-2.372834086418151855e-01
4.013872742652893066e-01
-2.876813896000385284e-02
-5.784632638096809387e-02
-3.347547650337219238e-01
-2.732884287834167480e-01
7.895841598510742188e-01
5.455952286720275879e-01
-6.014852523803710938e-01
7.339756488800048828e-01
-7.184093594551086426e-01
-8.620337247848510742e-01
-7.110152244567871094e-01
-7.452979087829589844e-01
9.276531934738159180e-01
8.914691209793090820e-01
5.780739188194274902e-01
-8.686170578002929688e-01
-7.927360534667968750e-01
8.109146952629089355e-01
-5.392188429832458496e-01
2.315489947795867920e-01
6.847174167633056641e-01
8.659251928329467773e-01
1.521928012371063232e-01
-4.171680510044097900e-01
6.929913163185119629e-01
6.715045571327209473e-01
1.991199105978012085e-01
9.048905372619628906e-01
3.778207600116729736e-01
9.495953917503356934e-01
7.402904629707336426e-01
8.853679150342941284e-02
9.112937450408935547e-01
6.430337429046630859e-01
7.458625435829162598e-01
-9.735766053199768066e-01
8.692385554313659668e-01
3.495293855667114258e-01
-2.157626897096633911e-01
-6.885059177875518799e-02
5.100182294845581055e-01
-4.602964818477630615e-01
-3.060540556907653809e-01
-1.380959153175354004e-01
-7.861410379409790039e-01
-9.514929652214050293e-01
8.013577461242675781e-01
4.233010858297348022e-02
-6.570402532815933228e-02
8.738921880722045898e-01
4.984317719936370850e-02
-9.032956361770629883e-01
-9.902067780494689941e-01
3.427471220493316650e-01
-3.314035534858703613e-01
-7.515076398849487305e-01
9.610220789909362793e-01
5.227636098861694336e-01
9.861394166946411133e-01
8.015781044960021973e-01
6.616628170013427734e-01
3.204219043254852295e-01
5.064280033111572266e-01
8.650431632995605469e-01
2.522462308406829834e-01
-4.148103296756744385e-01
8.661218285560607910e-01
4.104821085929870605e-01
-1.251554787158966064e-01
9.846020340919494629e-01
-9.137849211692810059e-01
-9.126095771789550781e-01
-3.113567531108856201e-01
-9.892370700836181641e-01
-4.355350136756896973e-01
9.294503331184387207e-01
-6.241167187690734863e-01
-2.189582288265228271e-01
-6.915500760078430176e-01
8.195815682411193848e-01
9.121948480606079102e-01
9.548292160034179688e-01
-5.097155570983886719e-01
3.120981752872467041e-01
-8.437570929527282715e-01
2.008836269378662109e-01
7.356113791465759277e-01
8.855710625648498535e-01
6.934508085250854492e-01
-8.806309700012207031e-01
-8.794558644294738770e-01
4.332380890846252441e-01
5.490465164184570312e-01
2.524209320545196533e-01
3.914514482021331787e-01
7.522916793823242188e-01
-8.763416409492492676e-01
2.208256721496582031e-02
-1.484680827707052231e-02
-7.806690931320190430e-01
3.702071905136108398e-01
-5.422421097755432129e-01
-4.147964119911193848e-01
3.219936415553092957e-02
6.359860897064208984e-01
-4.972544014453887939e-01
-4.706401526927947998e-01
-3.631878197193145752e-01
-2.066904753446578979e-01
-9.903573393821716309e-01
2.874421328306198120e-02
2.757112383842468262e-01
5.581884384155273438e-01
-2.464314103126525879e-01
8.504636883735656738e-01
3.380858004093170166e-01
9.043570160865783691e-01
-5.565571188926696777e-01
9.913785457611083984e-01
-6.805596947669982910e-01
-6.520923972129821777e-01
2.073090225458145142e-01
-9.680007696151733398e-01
9.965507388114929199e-01
-1.121208723634481430e-02
1.045622825622558594e-01
-7.398236393928527832e-01
9.856344200670719147e-03
1.275716722011566162e-01
-8.604906797409057617e-01
2.783381342887878418e-01
-7.461607456207275391e-01
4.538536965847015381e-01
2.756900489330291748e-01
-5.467393398284912109e-01
2.726835012435913086e-01
-1.156738102436065674e-01
3.884437680244445801e-01
6.887273788452148438e-01
-6.830224394798278809e-01
6.826041340827941895e-01
5.363280177116394043e-01
1.452537626028060913e-01
-4.827961027622222900e-01
-3.439202159643173218e-02
-3.218893408775329590e-01
-4.590187966823577881e-01
-5.573151707649230957e-01
8.659048080444335938e-01
5.665447711944580078e-01
8.509293198585510254e-01
4.630146920680999756e-01
-9.159624576568603516e-01
-4.646441936492919922e-01
7.039127945899963379e-01
-7.056269645690917969e-01
1.787072420120239258e-01
-8.687806725502014160e-01
-5.279121398925781250e-01
-7.968211770057678223e-01
7.437932491302490234e-01
6.835504770278930664e-01
-6.252605319023132324e-01
-8.282010555267333984e-01
6.947445273399353027e-01
-7.398664355278015137e-01
-2.022882997989654541e-01
-6.776110529899597168e-01
7.476068735122680664e-01
-9.911172986030578613e-01
-5.364782214164733887e-01
9.564839005470275879e-01
-1.891486048698425293e-01
-5.936159491539001465e-01
-5.106500983238220215e-01
9.805424511432647705e-02
3.658407330513000488e-01
-3.997506201267242432e-01
-6.966384053230285645e-01
8.458802700042724609e-01
9.722722768783569336e-01
-2.322056889533996582e-01
-7.326918095350265503e-02
-3.172002732753753662e-01
5.910788178443908691e-01
7.955431342124938965e-01
5.421982407569885254e-01
-9.048879146575927734e-01
-8.776946663856506348e-01
4.798494279384613037e-02
8.266372680664062500e-01
-4.510675668716430664e-01
9.274692535400390625e-01
4.830920696258544922e-02
4.962025582790374756e-01
8.951462507247924805e-01
5.692768469452857971e-02
-7.796992659568786621e-01
6.295682191848754883e-01
3.522115573287010193e-02
7.999681830406188965e-01
9.287768602371215820e-01
-1.387739479541778564e-01
6.625145077705383301e-01
-3.953579068183898926e-01
-4.669965803623199463e-01
9.477201700210571289e-01
-7.574827075004577637e-01
7.044866681098937988e-01
-6.861411333084106445e-01
-8.466123938560485840e-01
2.824275791645050049e-01
-3.584685623645782471e-01
-8.961397409439086914e-01
9.697752594947814941e-01
-1.408256143331527710e-01
-5.373380780220031738e-01
-9.726920723915100098e-01
3.083341717720031738e-01
1.840678304433822632e-01
-7.875896096229553223e-01
8.082870841026306152e-01
-6.588820815086364746e-01
-8.971666097640991211e-01
6.036680340766906738e-01
7.901971936225891113e-01
-3.756263852119445801e-01
6.548360586166381836e-01
-2.599234282970428467e-01
-7.930415868759155273e-01
-9.294908046722412109e-01
4.328068792819976807e-01
3.505706489086151123e-01
-9.313628673553466797e-01
7.190375328063964844e-01
2.684247195720672607e-01
5.429782271385192871e-01
6.790397763252258301e-01
-5.202159285545349121e-01
1.251805014908313751e-02
-6.595695614814758301e-01
5.424599647521972656e-01
-6.348775029182434082e-01
7.549749612808227539e-01
-2.749009244143962860e-02
-1.281953901052474976e-01
5.169954299926757812e-01
5.408463478088378906e-01
8.185967206954956055e-01
-4.235542714595794678e-01
-9.989805221557617188e-01
8.445236682891845703e-01
-8.602101206779479980e-01
2.468897849321365356e-01
9.923832416534423828e-01
-1.227367669343948364e-01
-2.080907821655273438e-01
-9.268566370010375977e-01
-7.308096289634704590e-01
2.520330548286437988e-01
-8.400346040725708008e-01
-5.683761239051818848e-01
9.182354211807250977e-01
-7.146472334861755371e-01
-7.461628913879394531e-01
-9.347889423370361328e-01
6.043365001678466797e-01
-3.518617525696754456e-02
1.432550549507141113e-01
7.158827185630798340e-01
4.746952056884765625e-01
1.404004245996475220e-01
2.061972469091415405e-01
-9.466212391853332520e-01
3.921788185834884644e-02
7.087058424949645996e-01
-6.766635775566101074e-01
-4.778964817523956299e-01
8.151169419288635254e-01
4.857301712036132812e-01
-5.404415130615234375e-01
6.215580105781555176e-01
7.706153392791748047e-01
7.103937268257141113e-01
4.773102104663848877e-01
8.617148399353027344e-01
4.381283819675445557e-01
-9.568823575973510742e-01
2.425641752779483795e-02
-2.787383198738098145e-01
8.888924717903137207e-01
-2.100023776292800903e-01
1.488035172224044800e-01
-4.150977823883295059e-03
-3.559898138046264648e-01
-4.640805721282958984e-01
4.408372044563293457e-01
-6.566462516784667969e-01
5.183354616165161133e-01
9.909098148345947266e-01
-3.253772556781768799e-01
6.796614527702331543e-01
6.858093142509460449e-01
-2.598427534103393555e-01
-7.297050952911376953e-01
-8.516584038734436035e-01
-8.884469270706176758e-01
-9.892203807830810547e-01
3.059893548488616943e-01
4.880976676940917969e-02
-8.415350317955017090e-01
6.493072509765625000e-01
-8.187316656112670898e-01
-3.678701817989349365e-01
-6.657978892326354980e-01
-6.065905094146728516e-01
2.917068004608154297e-01
-7.730494141578674316e-01
-9.234894514083862305e-01
4.913949966430664062e-01
-9.437204003334045410e-01
-6.483513116836547852e-01
5.582278370857238770e-01
-2.152988314628601074e-01
-1.270363926887512207e-01
-7.499532699584960938e-01
5.178913474082946777e-01
-5.260976552963256836e-01
-3.327120840549468994e-01
-9.600535035133361816e-01
1.218938082456588745e-02
-2.694898843765258789e-01
4.227353632450103760e-01
-8.760707378387451172e-01
-1.002034991979598999e-01
6.456957459449768066e-01
4.395778179168701172e-01
-3.874593079090118408e-01
5.867724865674972534e-02
-6.283411383628845215e-01
-2.024197429418563843e-01
-6.013023853302001953e-02
-7.772486209869384766e-01
9.801956415176391602e-01
8.564972877502441406e-01
-9.765805602073669434e-01
-3.554319217801094055e-02
-8.866159319877624512e-01
4.265401065349578857e-01
6.622893363237380981e-02
-6.706790924072265625e-01
-4.866871535778045654e-01
-5.777921676635742188e-01
2.252671718597412109e-01
-4.788512289524078369e-01
8.731054067611694336e-01
-3.403581678867340088e-01
-5.238712430000305176e-01
-9.399349093437194824e-01
-1.161673888564109802e-01
-5.978485941886901855e-01
3.991229236125946045e-01
-8.579668402671813965e-01
9.067001938819885254e-01
-8.044763803482055664e-01
-4.899531975388526917e-02
-5.902331471443176270e-01
-8.627060055732727051e-01
-2.105778455734252930e-01
5.676585435867309570e-01
-9.027207493782043457e-01
-8.526368737220764160e-01
-7.306705117225646973e-01
9.529098123311996460e-02
-1.660555154085159302e-01
7.219450473785400391e-01
-2.150446772575378418e-01
7.596518993377685547e-01
-9.076753854751586914e-01
4.326902329921722412e-01
5.943642258644104004e-01
8.186887502670288086e-01
2.791721820831298828e-01
-7.995426654815673828e-01
-5.970949530601501465e-01
8.388225436210632324e-01
5.677579045295715332e-01
8.913251161575317383e-01
5.011754035949707031e-01
1.930147260427474976e-01
-2.260427325963973999e-01
-1.744161844253540039e-01
6.262184381484985352e-01
7.720297574996948242e-01
7.078354954719543457e-01
-3.943876326084136963e-01
-7.930944561958312988e-01
4.618407040834426880e-02
-5.822524428367614746e-01
9.748683571815490723e-01
-9.267034530639648438e-01
5.597606897354125977e-01
-5.418082475662231445e-01
-2.131228446960449219e-01
-9.779867529869079590e-01
8.886554241180419922e-01
7.037225365638732910e-01
2.498487383127212524e-01
1.192843541502952576e-01
9.476235508918762207e-01
-8.245565891265869141e-01
-8.682618141174316406e-01
-3.222129046916961670e-01
9.259516596794128418e-01
-9.088899493217468262e-01
-8.685439825057983398e-01
1.844585835933685303e-01
3.848740458488464355e-01
-5.734096840023994446e-02
-9.134771227836608887e-01
9.352048635482788086e-01
-9.221268892288208008e-01
7.829279899597167969e-01
3.217141032218933105e-01
-6.854256391525268555e-01
3.671639561653137207e-01
7.934523224830627441e-01
-2.964315414428710938e-01
6.008445024490356445e-01
9.978089928627014160e-01
-2.934947907924652100e-01
-2.835821546614170074e-02
8.712798357009887695e-01
8.583540320396423340e-01
5.560645461082458496e-01
-2.121790796518325806e-01
-8.923945426940917969e-01
7.317215800285339355e-01
-9.850273728370666504e-01
9.068805575370788574e-01
-5.692766308784484863e-01
8.961428403854370117e-01
3.798433840274810791e-01
2.557724118232727051e-01
-1.432221010327339172e-02
-6.512375473976135254e-01
9.348540008068084717e-02
6.592322140932083130e-02
9.350807666778564453e-01
9.623049497604370117e-01
-4.644854366779327393e-01
2.983708381652832031e-01
9.917926192283630371e-01
-1.457399725914001465e-01
7.409725785255432129e-01
7.228539586067199707e-01
6.582434177398681641e-01
-4.195628166198730469e-01
-2.210145294666290283e-01
-7.281852886080741882e-03
1.202089153230190277e-02
7.663025856018066406e-01
-3.627527952194213867e-01
-8.202847838401794434e-01
4.429191648960113525e-01
-1.228741183876991272e-01
2.034231573343276978e-01
4.671050906181335449e-01
9.181701540946960449e-01
6.205300334841012955e-03
-6.964151263236999512e-01
7.030985355377197266e-01
-4.159826636314392090e-01
4.835060238838195801e-01
-2.135510742664337158e-01
9.933214187622070312e-01
8.275607824325561523e-01
-4.068996757268905640e-02
9.066035747528076172e-01
-7.072001695632934570e-01
-8.596601486206054688e-01
3.977301120758056641e-01
-4.214337170124053955e-01
-2.517173290252685547e-01
-8.793066740036010742e-01
6.486352682113647461e-01
6.818342208862304688e-01
-1.896191239356994629e-01
-3.414557278156280518e-01
9.413365125656127930e-01
1.616794168949127197e-01
9.604738354682922363e-01
-7.767315506935119629e-01
6.106305718421936035e-01
5.763393640518188477e-01
9.657813310623168945e-01
-8.299717307090759277e-01
-2.064670808613300323e-02
2.740961015224456787e-01
-6.322319507598876953e-01
6.878616809844970703e-01
-8.600988984107971191e-01
-4.670623540878295898e-01
7.326278090476989746e-01
7.843828797340393066e-01
-5.478703379631042480e-01
8.440304398536682129e-01
5.143157839775085449e-01
9.068961143493652344e-01
5.144494771957397461e-01
-2.760991752147674561e-01
-1.366668492555618286e-01
1.735453903675079346e-01
4.063290059566497803e-01
-7.095723748207092285e-01
-1.526760756969451904e-01
8.509156107902526855e-01
6.776379346847534180e-01
-5.510944724082946777e-01
9.892278909683227539e-01
9.063823223114013672e-01
3.180164694786071777e-01
6.184082850813865662e-02
-4.296541810035705566e-01
-6.388682723045349121e-01
-7.369434237480163574e-01
-2.992195785045623779e-01
6.501085311174392700e-02
8.859019279479980469e-01
9.721564054489135742e-01
8.069612979888916016e-01
6.186178326606750488e-01
7.032557725906372070e-01
4.536407068371772766e-02
-2.669845521450042725e-01
-6.034755110740661621e-01
9.604862928390502930e-01
1.249809637665748596e-01
8.030601143836975098e-01
-2.258254587650299072e-01
8.804252743721008301e-01
-1.279589384794235229e-01
-6.046423688530921936e-02
5.604769587516784668e-01
8.059073686599731445e-01
-6.780875921249389648e-01
-3.031160235404968262e-01
5.579487085342407227e-01
7.852135300636291504e-01
7.278085350990295410e-01
-3.537619411945343018e-01
-4.289872646331787109e-01
8.303829431533813477e-01
7.072290182113647461e-01
-5.244445204734802246e-01
3.778150677680969238e-01
-8.269475400447845459e-02
2.733617424964904785e-01
-1.174136716872453690e-02
5.635877847671508789e-01
7.600101828575134277e-01
9.674782156944274902e-01
-4.463817775249481201e-01
8.859819769859313965e-01
-4.577237963676452637e-01
5.680617690086364746e-01
-6.895163059234619141e-01
6.376414299011230469e-01
6.915476322174072266e-01
-8.045516014099121094e-01
9.415232539176940918e-01
-9.437947869300842285e-01
3.021868169307708740e-01
-2.627342045307159424e-01
6.392446756362915039e-01
4.524933099746704102e-01
8.814519643783569336e-01
4.441097080707550049e-01
9.429146051406860352e-01
2.329578250646591187e-01
1.144553944468498230e-01
1.985952407121658325e-01
-6.736581921577453613e-01
6.567422747611999512e-01
-9.601267576217651367e-01
-8.208143115043640137e-01
1.411608755588531494e-01
-8.626623153686523438e-01
-5.661970973014831543e-01
-6.198541522026062012e-01
9.484525918960571289e-01
2.582986652851104736e-01
2.584147267043590546e-02
-8.068659901618957520e-01
7.476481199264526367e-01
-9.252877831459045410e-01
-3.100111782550811768e-01
9.103750586509704590e-01
3.484900891780853271e-01
7.528005838394165039e-01
5.394713282585144043e-01
7.240570187568664551e-01
-4.824334084987640381e-01
6.333060264587402344e-01
-4.943017363548278809e-01
-5.987386107444763184e-01
4.091183245182037354e-01
1.959464401006698608e-01
4.096257388591766357e-01
8.527243137359619141e-02
-8.014541864395141602e-01
6.126272082328796387e-01
3.889808058738708496e-01
4.368493333458900452e-03
-7.485960125923156738e-01
3.813733756542205811e-01
8.767896890640258789e-01
3.110341429710388184e-01
5.800033807754516602e-01
7.941761016845703125e-01
7.983390688896179199e-01
4.030384421348571777e-01
4.464152157306671143e-01
1.239069458097219467e-02
2.367494702339172363e-01
-9.428548812866210938e-01
4.069184660911560059e-01
-3.027772605419158936e-01
-1.636730879545211792e-01
9.675398468971252441e-01
-6.890261769294738770e-01
-5.767663717269897461e-01
6.131548285484313965e-01
-3.437946736812591553e-01
8.723713159561157227e-01
8.712571263313293457e-01
4.311162829399108887e-01
7.446557879447937012e-01
-5.782818198204040527e-01
4.254989027976989746e-01
8.218570351600646973e-01
-2.094370722770690918e-01
6.068535447120666504e-01
-8.255369663238525391e-01
-1.865105330944061279e-01
9.243562221527099609e-01
5.676792860031127930e-01
-8.036263585090637207e-01
1.925353109836578369e-01
-7.813504338264465332e-01
3.282574713230133057e-01
-3.986235260963439941e-01
8.337357044219970703e-01
-6.688887476921081543e-01
-5.206808447837829590e-01
8.964893221855163574e-01
-8.975498676300048828e-01
-8.485904932022094727e-01
-5.802887678146362305e-01
6.789925694465637207e-01
-6.766350269317626953e-01
5.519090294837951660e-01
-8.222257494926452637e-01
-3.327401280403137207e-01
-7.918701767921447754e-01
6.438334584236145020e-01
-9.799424409866333008e-01
-9.534459561109542847e-02
-1.446021944284439087e-01
-5.300462245941162109e-01
4.276386797428131104e-01
9.581403732299804688e-01
-1.327539514750242233e-02
3.781170025467872620e-02
-6.062218546867370605e-01
7.483161687850952148e-01
-6.099196076393127441e-01
-8.335614204406738281e-01
-9.513495564460754395e-01
-7.358419299125671387e-01
-4.594668447971343994e-01
4.967625439167022705e-01
7.733066082000732422e-01
6.007840633392333984e-01
-7.895274162292480469e-01
8.230515122413635254e-01
-8.760575652122497559e-01
9.392974376678466797e-01
-2.186848670244216919e-01
7.028523683547973633e-01
5.013484954833984375e-01
6.304355859756469727e-01
5.554649829864501953e-01
-3.937887549400329590e-01
-8.439933061599731445e-01
-9.912788867950439453e-02
-8.008064627647399902e-01
4.114750921726226807e-01
9.645602107048034668e-01
9.749752879142761230e-01
-9.179541468620300293e-01
3.280335366725921631e-01
9.777235388755798340e-01
4.685796797275543213e-01
-5.687554925680160522e-02
-7.523919343948364258e-01
-7.269592285156250000e-01
8.414712548255920410e-01
-9.031354784965515137e-01
4.888568818569183350e-01
4.854405820369720459e-01
8.520519137382507324e-01
-8.938412070274353027e-01
3.627289831638336182e-01
-9.331507086753845215e-01
6.789411306381225586e-01
2.073836326599121094e-01
-3.700180053710937500e-01
7.657730579376220703e-01
-2.879182100296020508e-01
-2.292756587266921997e-01
-4.171963632106781006e-01
1.315940767526626587e-01
5.330817773938179016e-03
1.448183208703994751e-01
4.125265777111053467e-01
2.432356178760528564e-01
-5.427508950233459473e-01
6.703351140022277832e-01
5.441916584968566895e-01
4.391404986381530762e-01
7.713336348533630371e-01
-9.294477105140686035e-01
1.898054331541061401e-01
-4.776450991630554199e-01
-8.253328800201416016e-01
1.622492074966430664e-01
-3.280017971992492676e-01
8.694376349449157715e-01
6.519060134887695312e-01
2.822326421737670898e-01
8.580908775329589844e-01
3.989080786705017090e-01
-5.402035117149353027e-01
-5.111393332481384277e-01
9.826582074165344238e-01
8.568403124809265137e-01
-6.153298169374465942e-02
-2.419956773519515991e-01
-3.761398792266845703e-01
9.829416871070861816e-01
-2.371923476457595825e-01
3.403662145137786865e-01
8.885701298713684082e-01
-3.591524064540863037e-02
5.886788368225097656e-01
9.811930656433105469e-01
9.927610158920288086e-01
7.330685257911682129e-01
9.102860689163208008e-01
-4.019443392753601074e-01
8.937438726425170898e-01
5.099642276763916016e-01
1.847805082798004150e-01
-3.667043149471282959e-01
4.600434303283691406e-01
4.684610366821289062e-01
-2.534188330173492432e-01
-2.423091232776641846e-01
1.305813342332839966e-01
8.943361043930053711e-01
5.609642267227172852e-01
-8.029226660728454590e-01
9.451604485511779785e-01
5.355176925659179688e-01
2.513726055622100830e-01
-9.417396187782287598e-01
9.347907304763793945e-01
-3.000162839889526367e-01
-5.235488414764404297e-01
6.152314543724060059e-01
-2.488583475351333618e-01
-4.889373481273651123e-01
4.522707462310791016e-01
-7.166351675987243652e-01
4.151068925857543945e-01
2.299978435039520264e-01
5.118398070335388184e-01
9.400830268859863281e-01
-7.215706110000610352e-01
-7.730169892311096191e-01
3.523208498954772949e-01
-9.016523957252502441e-01
5.293305516242980957e-01
-8.953750133514404297e-01
-4.817263782024383545e-01
2.400520890951156616e-01
5.967454910278320312e-01
5.605934262275695801e-01
-8.796483278274536133e-01
3.484354317188262939e-01
8.060982227325439453e-01
-5.572662353515625000e-01
5.949710011482238770e-01
-9.046583175659179688e-01
-9.613593220710754395e-01
-6.424600481986999512e-01
-4.147842228412628174e-01
7.888633608818054199e-01
-6.901821494102478027e-01
6.956585049629211426e-01
-1.630799099802970886e-02
-8.134386539459228516e-01
-8.439489640295505524e-03
-9.534395337104797363e-01
-8.170202374458312988e-01
-3.252828419208526611e-01
1.741442978382110596e-01
-6.913344264030456543e-01
2.608442446216940880e-03
-8.106124997138977051e-01
-8.355858922004699707e-01
-4.658950865268707275e-01
-8.580054044723510742e-01
-4.159356355667114258e-01
-6.777538061141967773e-01
-8.871002197265625000e-01
-7.834870219230651855e-01
-7.277753353118896484e-01
8.416473865509033203e-01
7.473948001861572266e-01
6.852788329124450684e-01
-8.864561319351196289e-01
-9.454426765441894531e-01
-9.598302245140075684e-01
9.811658263206481934e-01
7.953003793954849243e-02
-3.873416483402252197e-01
-4.679242074489593506e-01
8.434596657752990723e-01
9.405399560928344727e-01
-7.972168326377868652e-01
-1.185399070382118225e-01
-5.902606844902038574e-01
-8.861310482025146484e-01
-1.515273600816726685e-01
-5.620107054710388184e-01
-3.670081198215484619e-01
-5.186820030212402344e-01
-7.369082570075988770e-01
2.031567990779876709e-01
-2.117538899183273315e-01
-7.446560859680175781e-01
6.555313467979431152e-01
-6.543139815330505371e-01
-3.065314590930938721e-01
8.409087657928466797e-01
-8.809792399406433105e-01
1.890328824520111084e-01
-8.043743968009948730e-01
-9.448872804641723633e-01
-5.120830535888671875e-01
-1.145188510417938232e-01
-3.003724291920661926e-02
9.266238212585449219e-01
5.291954278945922852e-01
1.892023533582687378e-01
-7.755668163299560547e-01
-2.537945099174976349e-02
9.095131754875183105e-01
9.081175923347473145e-01
-3.902817666530609131e-01
-9.386863112449645996e-01
7.314296960830688477e-01
7.856850624084472656e-01
-9.295089840888977051e-01
2.517186701297760010e-01
9.093008041381835938e-01
1.883772783912718296e-03
5.670446902513504028e-02
-7.881951928138732910e-01
-9.382039904594421387e-01
-5.626500248908996582e-01
-9.367809891700744629e-01
4.035307466983795166e-01
5.119614601135253906e-01
9.275653958320617676e-01
-7.452694177627563477e-01
8.597815632820129395e-01
7.452324628829956055e-01
8.837122321128845215e-01
9.191312789916992188e-01
-1.088244020938873291e-01
-7.162339687347412109e-01
-2.433344125747680664e-01
-7.077140808105468750e-01
-8.306676745414733887e-01
4.674279987812042236e-01
7.887063622474670410e-01
9.600196480751037598e-01
-1.097375601530075073e-01
6.237379908561706543e-01
6.921696662902832031e-01
4.434995353221893311e-01
4.262835681438446045e-01
7.421392202377319336e-01
5.196977853775024414e-01
3.074747622013092041e-01
5.578901767730712891e-01
-8.263082504272460938e-01
9.971035122871398926e-01
-5.337484478950500488e-01
6.951861977577209473e-01
5.332267284393310547e-01
-6.639287471771240234e-01
2.719232738018035889e-01
-5.350467190146446228e-02
1.023150980472564697e-01
-3.377292454242706299e-01
5.195310115814208984e-01
2.632909119129180908e-01
8.617393374443054199e-01
8.728132247924804688e-01
2.991790175437927246e-01
-1.171387434005737305e-01
2.079625725746154785e-01
1.376335620880126953e-01
4.765397012233734131e-01
6.246877908706665039e-01
5.875872969627380371e-01
4.871091339737176895e-03
-6.349924206733703613e-01
-9.758598208427429199e-01
-7.029678821563720703e-01
2.582074105739593506e-01
3.532258421182632446e-02
-7.223744392395019531e-01
-1.133916676044464111e-01
7.850775122642517090e-01
-8.013681769371032715e-01
7.355276942253112793e-01
5.129511952400207520e-01
7.856523990631103516e-01
-1.956016272306442261e-01
1.026414185762405396e-01
6.636420488357543945e-01
-5.019164085388183594e-01
6.394650936126708984e-01
-8.602814078330993652e-01
4.095010459423065186e-01
7.814561128616333008e-01
9.484258294105529785e-01
-5.104036927223205566e-01
9.267141819000244141e-01
-5.762045979499816895e-01
-6.187906861305236816e-01
7.623519897460937500e-01
8.747519850730895996e-01
-3.446562588214874268e-01
6.288114786148071289e-01
2.087113857269287109e-01
6.589602828025817871e-01
6.840055584907531738e-01
8.480712175369262695e-01
-7.407008409500122070e-01
-5.592933297157287598e-01
-7.973442077636718750e-01
4.092825651168823242e-01
7.546277046203613281e-01
8.117266297340393066e-01
8.282679319381713867e-01
-8.890208601951599121e-01
-9.693492054939270020e-01
3.747386336326599121e-01
4.674151837825775146e-01
9.358124732971191406e-01
-6.096190586686134338e-02
5.818659663200378418e-01
1.197309568524360657e-01
2.829510569572448730e-01
-9.336850047111511230e-01
9.660458564758300781e-02
2.723454236984252930e-01
1.893608421087265015e-01
-4.896752536296844482e-01
3.020749986171722412e-01
-2.019326761364936829e-02
5.499411225318908691e-01
8.540028333663940430e-01
-4.984644949436187744e-01
8.823142051696777344e-01
8.709577322006225586e-01
6.017027497291564941e-01
9.084805846214294434e-01
1.226010397076606750e-01
-8.564261794090270996e-01
3.392667695879936218e-02
3.107804656028747559e-01
5.768061876296997070e-01
-2.012883313000202179e-03
-7.111191004514694214e-02
-2.677581012248992920e-01
-5.432246327400207520e-01
-2.902081906795501709e-01
7.895590662956237793e-01
-8.681020140647888184e-01
5.960884094238281250e-01
-1.289075016975402832e-01
-6.911496520042419434e-01
1.549738645553588867e-01
5.358676612377166748e-02
-4.485889896750450134e-02
3.018047213554382324e-01
6.217991113662719727e-01
9.338624477386474609e-01
8.820930123329162598e-01
7.498772740364074707e-01
5.840140581130981445e-01
1.514464318752288818e-01
7.722693681716918945e-01
-7.871217131614685059e-01
7.800799012184143066e-01
3.850923180580139160e-01
2.647151350975036621e-01
9.229790568351745605e-01
-7.547841668128967285e-01
5.260205864906311035e-01
-4.620506465435028076e-01
6.086062788963317871e-01
-2.414147704839706421e-01
-7.388574630022048950e-02
-6.520191580057144165e-02
2.615655362606048584e-01
3.046530485153198242e-01
5.324248969554901123e-02
4.162025153636932373e-01
8.272280693054199219e-01
8.083797693252563477e-01
9.524046182632446289e-01
5.773913860321044922e-01
7.949582934379577637e-01
7.460874915122985840e-01
-9.444127678871154785e-01
2.121280580759048462e-01
-6.927011013031005859e-01
8.444231748580932617e-02
-2.195083349943161011e-01
7.896478176116943359e-01
-9.076505899429321289e-01
-8.572028875350952148e-01
9.685224890708923340e-01
-8.174941539764404297e-01
9.707568883895874023e-01
-4.824033677577972412e-01
2.044908702373504639e-01
7.449355125427246094e-01
-6.894857287406921387e-01
6.083753705024719238e-01
-2.576504647731781006e-01
-4.330812096595764160e-01
-1.219319179654121399e-01
9.252643585205078125e-01
-6.679726839065551758e-01
5.765142440795898438e-01
4.135822355747222900e-01
8.930097818374633789e-01
7.587122321128845215e-01
-1.395543217658996582e-01
-8.142727613449096680e-01
5.544198155403137207e-01
1.000465005636215210e-01
6.319468617439270020e-01
-6.626514792442321777e-01
7.612540721893310547e-01
-4.956259727478027344e-01
-7.381333708763122559e-01
2.204985171556472778e-01
-9.435474872589111328e-01
-9.297041296958923340e-01
4.308598041534423828e-01
-2.944319248199462891e-01
9.069609045982360840e-01
-3.227014243602752686e-01
5.646989494562149048e-02
-7.811011672019958496e-01
-9.590231776237487793e-01
5.178103446960449219e-01
-4.535819888114929199e-01
1.494862586259841919e-01
-4.789160788059234619e-01
-7.531239837408065796e-02
-6.634922623634338379e-01
-9.425095915794372559e-01
6.732378602027893066e-01
-8.832374811172485352e-01
1.022310629487037659e-01
1.507687866687774658e-01
3.660589158535003662e-01
-8.819482326507568359e-01
5.995087623596191406e-01
4.876430630683898926e-01
-8.537221550941467285e-01
6.269278526306152344e-01
3.235403895378112793e-01
-8.102462291717529297e-01
-5.866120457649230957e-01
4.264308512210845947e-01
2.059869021177291870e-01
4.376933872699737549e-01
-9.798884987831115723e-01
9.552215337753295898e-01
-9.682875275611877441e-01
4.151658713817596436e-01
6.561370491981506348e-01
-3.730365931987762451e-01
6.500144004821777344e-01
-7.470845580101013184e-01
-9.788542389869689941e-01
-4.732477292418479919e-02
3.445653915405273438e-01
-5.178698897361755371e-01
8.346114158630371094e-01
2.219208627939224243e-01
5.999029278755187988e-01
9.791192412376403809e-01
-9.895299077033996582e-01
2.345847338438034058e-01
-5.929371714591979980e-01
9.214325547218322754e-01
7.835551500320434570e-01
-6.138427257537841797e-01
-1.618615984916687012e-01
-6.285138130187988281e-01
-1.206265985965728760e-01
9.840953350067138672e-01
-7.274280190467834473e-01
5.461658835411071777e-01
7.745054364204406738e-01
3.096571266651153564e-01
-3.781680464744567871e-01
-6.482368111610412598e-01
9.336820840835571289e-01
1.988440304994583130e-01
7.392905950546264648e-01
2.786414921283721924e-01
-3.480635285377502441e-01
-6.449204683303833008e-01
-7.764178514480590820e-01
5.498946905136108398e-01
1.496629416942596436e-01
6.467395275831222534e-02
-8.831731677055358887e-01
9.571202844381332397e-02
4.321382939815521240e-01
-3.170314431190490723e-01
9.821171164512634277e-01
1.592620648443698883e-02
-8.136873245239257812e-01
-8.061130642890930176e-01
5.796476602554321289e-01
-4.841488003730773926e-01
-3.061760365962982178e-01
5.069460272789001465e-01
-9.761300086975097656e-01
-1.330709904432296753e-01
-4.200404137372970581e-02
4.921168461441993713e-02
7.246332168579101562e-01
9.822114109992980957e-01
4.958918392658233643e-01
-5.575727820396423340e-01
9.459215998649597168e-01
-2.676616013050079346e-01
3.257236480712890625e-01
-5.107577443122863770e-01
8.727547526359558105e-01
6.965490579605102539e-01
6.643963456153869629e-01
3.380049765110015869e-01
8.811249732971191406e-01
-6.513136625289916992e-01
5.639566481113433838e-02
5.030159354209899902e-01
-6.527374386787414551e-01
8.975079059600830078e-01
-5.063751339912414551e-02
-2.342008650302886963e-01
-9.655661582946777344e-01
-3.513786792755126953e-01
3.653472959995269775e-01
-4.519672393798828125e-01
1.069994419813156128e-01
-4.937125444412231445e-01
5.448541641235351562e-01
-5.270637869834899902e-01
6.409332156181335449e-02
-2.041614651679992676e-01
-6.520716100931167603e-02
-2.903818190097808838e-01
2.047550529241561890e-01
2.314928025007247925e-01
5.902326703071594238e-01
3.734342157840728760e-01
-6.616981029510498047e-01
-4.337789416313171387e-01
-9.338046312332153320e-01
1.649264432489871979e-02
-7.571271061897277832e-01
2.739450037479400635e-01
2.696293406188488007e-03
-9.026582539081573486e-02
4.440851211547851562e-01
7.904297113418579102e-01
3.475213348865509033e-01
7.630652189254760742e-01
6.882098317146301270e-01
-8.526988029479980469e-01
3.453158438205718994e-01
7.212852835655212402e-01
-8.018648624420166016e-01
3.367769122123718262e-01
-9.869453907012939453e-01
7.530105710029602051e-01
6.629307866096496582e-01
2.870131134986877441e-01
2.230207622051239014e-01
-2.136512845754623413e-01
5.725567340850830078e-01
7.432739138603210449e-01
2.811289131641387939e-01
2.904023043811321259e-02
-8.876776695251464844e-01
7.934836149215698242e-01
1.452336460351943970e-01
-8.685607910156250000e-01
9.590650796890258789e-01
7.278066277503967285e-01
9.317213892936706543e-01
-3.413214981555938721e-01
5.017259716987609863e-01
-3.555346131324768066e-01
6.137006282806396484e-01
4.086175560951232910e-01
-8.539814949035644531e-01
5.647506713867187500e-01
7.923601269721984863e-01
-8.961390852928161621e-01
9.457613825798034668e-01
9.228977560997009277e-01
5.233078002929687500e-01
8.402168154716491699e-01
4.784539043903350830e-01
-4.916869103908538818e-02
8.856383562088012695e-01
8.643194437026977539e-01
-9.392218589782714844e-01
-3.549841344356536865e-01
-7.652630209922790527e-01
-2.231195420026779175e-01
8.307277560234069824e-01
2.068227529525756836e-01
2.522751986980438232e-01
7.308372259140014648e-01
8.854349851608276367e-01
8.870149254798889160e-01
-9.290751218795776367e-01
-4.347478747367858887e-01
-7.308958172798156738e-01
-7.474110722541809082e-01
2.785547375679016113e-01
-5.554757714271545410e-01
6.669856905937194824e-01
-6.359426677227020264e-02
-5.141488313674926758e-01
7.628467082977294922e-01
9.427537322044372559e-01
7.454249262809753418e-01
1.208805143833160400e-01
-6.545616984367370605e-01
9.359589219093322754e-01
3.281723707914352417e-02
-3.021059744060039520e-02
-3.500138223171234131e-01
6.863446831703186035e-01
3.141910731792449951e-01
-8.180567622184753418e-01
5.254143476486206055e-01
3.510870337486267090e-01
1.459883004426956177e-01
9.887145161628723145e-01
9.065821766853332520e-01
-3.719097971916198730e-01
-4.416051879525184631e-02
-4.343209043145179749e-02
-6.523911952972412109e-01
5.532777309417724609e-01
6.972423195838928223e-01
-9.357019066810607910e-01
-4.995897412300109863e-01
2.952558994293212891e-01
-5.611804723739624023e-01
6.949715614318847656e-01
4.763195514678955078e-01
-1.604894101619720459e-01
3.190436661243438721e-01
1.942029595375061035e-01
9.384328126907348633e-01
9.697839617729187012e-01
1.980755925178527832e-01
-4.799733757972717285e-01
3.057480156421661377e-01
-6.785420179367065430e-01
-7.616153955459594727e-01
2.333583235740661621e-01
-8.021858334541320801e-01
-5.554369688034057617e-01
6.495205163955688477e-01
-3.010461330413818359e-01
-9.452950954437255859e-01
-3.778716325759887695e-01
2.802980244159698486e-01
9.953985363245010376e-02
-2.487817704677581787e-01
9.908429980278015137e-01
6.319258809089660645e-01
3.817465901374816895e-01
9.100331068038940430e-01
6.715519428253173828e-01
-6.868910789489746094e-01
7.977400422096252441e-01
7.111673951148986816e-01
9.144758582115173340e-01
-3.228465095162391663e-02
3.423340916633605957e-01
-9.472606182098388672e-01
9.621567130088806152e-01
-8.091557621955871582e-01
-5.222370848059654236e-02
1.073639467358589172e-01
8.686392307281494141e-01
-8.373151421546936035e-01
-7.794585824012756348e-01
8.779958486557006836e-01
9.459028244018554688e-01
8.645672202110290527e-01
-8.243009448051452637e-01
8.030098080635070801e-01
-9.515037536621093750e-01
2.535305917263031006e-01
-4.783377945423126221e-01
1.262114495038986206e-01
-9.493242204189300537e-02
3.895885646343231201e-01
5.960683822631835938e-01
-8.762038350105285645e-01
9.776141643524169922e-01
-8.641996420919895172e-03
-8.677693605422973633e-01
-2.988491393625736237e-02
-3.585603535175323486e-01
-6.831669211387634277e-01
-9.416726231575012207e-01
5.244300365447998047e-01
2.650922238826751709e-01
-9.738380312919616699e-01
-4.183897078037261963e-01
-5.193422436714172363e-01
4.580524265766143799e-01
6.720755100250244141e-01
-8.694007396697998047e-01
9.613656401634216309e-01
7.777858972549438477e-01
-1.600767523050308228e-01
-7.274662852287292480e-01
-3.622412383556365967e-01
7.039448618888854980e-01
-9.646673798561096191e-01
3.207566440105438232e-01
7.791702747344970703e-01
1.066379845142364502e-01
3.035948574542999268e-01
8.513094186782836914e-01
-2.758781313896179199e-01
-3.993503749370574951e-02
3.310080468654632568e-01
-1.411113142967224121e-01
9.873766899108886719e-01
-2.455566674470901489e-01
-8.647105693817138672e-01
-9.506319165229797363e-01
6.448389291763305664e-01
-7.210269570350646973e-01
5.337018370628356934e-01
9.607970118522644043e-01
9.331579804420471191e-01
-3.088284730911254883e-01
-9.020603895187377930e-01
4.733554720878601074e-01
9.697194695472717285e-01
5.955334901809692383e-01
2.049630582332611084e-01
1.609572470188140869e-01
3.410951495170593262e-01
-2.809305116534233093e-02
9.802016019821166992e-01
8.945392370223999023e-01
-1.707365363836288452e-01
3.191043734550476074e-01
3.017813861370086670e-01
-8.768467903137207031e-01
-7.037556171417236328e-01
-3.952362388372421265e-02
-7.396847009658813477e-01
4.741402566432952881e-01
6.671383976936340332e-01
7.363129258155822754e-01
4.489727020263671875e-01
4.073993861675262451e-01
9.588288664817810059e-01
9.672222137451171875e-01
9.285053610801696777e-01
5.087955594062805176e-01
-4.203225672245025635e-01
3.359736800193786621e-01
8.122947812080383301e-01
9.072966575622558594e-01
3.205883204936981201e-01
