8.515996932983398438e-01
-7.864837348461151123e-02
4.216896891593933105e-01
-7.006526589393615723e-01
8.364343047142028809e-01
-9.590686559677124023e-01
9.524310231208801270e-01
9.870101213455200195e-01
-4.467554986476898193e-01
-7.501612305641174316e-01
9.346004724502563477e-01
7.527168989181518555e-01
-7.018879652023315430e-01
9.407556056976318359e-02
-3.279547095298767090e-01
-2.033088058233261108e-01
8.712180852890014648e-01
-9.756135940551757812e-01
9.985034465789794922e-01
-8.998818397521972656e-01
4.823946654796600342e-01
-6.530041694641113281e-01
9.075558781623840332e-01
-1.851515322923660278e-01
8.213686347007751465e-01
-1.112232655286788940e-01
-6.825980544090270996e-01
7.582117319107055664e-01
-4.667077064514160156e-01
-8.870388269424438477e-01
2.865593694150447845e-02
-3.055427074432373047e-01
-5.003261379897594452e-03
-7.542530894279479980e-01
-1.212791800498962402e-01
-3.705634772777557373e-01
4.868390560150146484e-01
-8.470724821090698242e-01
-9.209977388381958008e-01
9.859794378280639648e-01
6.001922488212585449e-01
7.867448329925537109e-01
-2.706471383571624756e-01
-9.705305695533752441e-01
-8.789005279541015625e-01
-2.915273010730743408e-01
-4.882456958293914795e-01
9.306026101112365723e-01
8.855744600296020508e-01
-3.856520056724548340e-01
-7.752645015716552734e-01
5.791636109352111816e-01
-4.470500051975250244e-01
1.093800440430641174e-01
2.142648994922637939e-01
6.094797849655151367e-01
2.680272459983825684e-01
6.374456286430358887e-01
8.352895826101303101e-02
4.240455031394958496e-01
9.200187921524047852e-01
7.178378105163574219e-01
-2.676729857921600342e-01
7.810809016227722168e-01
2.442623525857925415e-01
-3.667127788066864014e-01
9.378890395164489746e-01
-5.682190060615539551e-01
3.383146226406097412e-01
6.003050208091735840e-01
4.245322942733764648e-01
-9.749214053153991699e-01
-9.454897642135620117e-01
9.535408020019531250e-01
-4.160874336957931519e-02
2.353444099426269531e-01
8.160225749015808105e-01
6.414558291435241699e-01
6.701646447181701660e-01
5.402792692184448242e-01
7.687884569168090820e-01
8.074187040328979492e-01
9.834641963243484497e-02
-7.939826250076293945e-01
-8.753105401992797852e-01
1.282298862934112549e-01
1.473967581987380981e-01
-1.728077232837677002e-01
8.431149125099182129e-01
-4.614564776420593262e-01
8.596755862236022949e-01
2.479840815067291260e-01
8.223962783813476562e-01
-5.296615362167358398e-01
-4.797076061367988586e-02
-6.307231783866882324e-01
-8.444731235504150391e-01
8.953258991241455078e-01
-4.147084951400756836e-01
4.777826666831970215e-01
8.770819306373596191e-01
-5.755893588066101074e-01
9.853919744491577148e-01
-8.466731309890747070e-01
9.985742568969726562e-01
-1.138403564691543579e-01
9.749405980110168457e-01
2.854773998260498047e-01
-3.915485441684722900e-01
-7.959270477294921875e-01
8.966336846351623535e-01
-5.069596171379089355e-01
8.837935328483581543e-01
-8.565335869789123535e-01
7.109665274620056152e-01
8.363235592842102051e-01
-6.036751270294189453e-01
8.592933416366577148e-01
-9.671661257743835449e-01
5.846476554870605469e-01
-5.365214347839355469e-01
9.594154357910156250e-01
2.901068925857543945e-01
-2.630997002124786377e-01
3.704211413860321045e-01
-4.408595561981201172e-01
6.692653894424438477e-01
9.952982068061828613e-01
-2.841200530529022217e-01
-2.236780375242233276e-01
-8.919278979301452637e-01
-1.426269561052322388e-01
-2.090570926666259766e-01
8.023009896278381348e-01
-6.794942021369934082e-01
7.352085709571838379e-01
6.806907653808593750e-01
-4.422762393951416016e-01
1.148064732551574707e-01
-7.400519251823425293e-01
-6.043939590454101562e-01
-6.056607961654663086e-01
2.900218963623046875e-01
-8.070471137762069702e-02
2.260570228099822998e-01
-7.453139424324035645e-01
7.684659957885742188e-01
-9.283441305160522461e-01
8.713232874870300293e-01
-1.613610684871673584e-01
5.166940689086914062e-01
6.027711033821105957e-01
6.871257424354553223e-01
-8.422109484672546387e-01
8.356730937957763672e-01
-9.105004072189331055e-01
8.338968157768249512e-01
-7.829327583312988281e-01
-7.753739356994628906e-01
-5.901641026139259338e-02
9.218191504478454590e-01
6.315762400627136230e-01
-4.882127046585083008e-01
8.003178834915161133e-01
6.606814861297607422e-01
2.878413796424865723e-01
1.949996352195739746e-01
1.221496760845184326e-01
1.441220790147781372e-01
9.801198840141296387e-01
4.334530606865882874e-02
-7.586556673049926758e-01
-5.905813574790954590e-01
-6.929064542055130005e-02
4.901023507118225098e-01
-1.593363583087921143e-01
-5.060686469078063965e-01
7.398799061775207520e-01
-2.106225192546844482e-01
-1.022683680057525635e-01
1.902960091829299927e-01
4.950196444988250732e-01
-4.686652123928070068e-01
7.435141801834106445e-01
-5.347871184349060059e-01
6.110271215438842773e-01
-2.537738084793090820e-01
5.598241090774536133e-01
-4.419567584991455078e-01
5.889507532119750977e-01
-2.773973643779754639e-01
9.034287929534912109e-02
1.497068703174591064e-01
7.409207224845886230e-01
-7.682010531425476074e-01
1.002248302102088928e-01
-6.398258209228515625e-01
-3.058193325996398926e-01
-9.684070348739624023e-01
-8.115306496620178223e-01
9.296292066574096680e-01
1.130427420139312744e-01
3.540512919425964355e-01
4.662918448448181152e-01
-8.527652025222778320e-01
9.746441841125488281e-01
5.439827442169189453e-01
-4.222169227432459593e-04
-8.053109645843505859e-01
7.037155628204345703e-01
-8.580179810523986816e-01
7.940338253974914551e-01
1.640215069055557251e-01
-3.021577298641204834e-01
6.822056770324707031e-01
-8.481374979019165039e-01
9.837192296981811523e-01
-3.495213985443115234e-01
5.533099770545959473e-01
-7.969279289245605469e-01
7.149753570556640625e-01
-1.866545081138610840e-01
-1.412976086139678955e-01
6.060909628868103027e-01
-7.418804764747619629e-01
9.771044254302978516e-01
-5.271703004837036133e-01
3.216479718685150146e-01
-4.218828082084655762e-01
9.414172172546386719e-01
6.874067187309265137e-01
-9.874404072761535645e-01
7.698702812194824219e-01
-8.617544770240783691e-01
-6.973783969879150391e-01
9.543194770812988281e-01
6.609698385000228882e-02
3.580029606819152832e-01
8.275408744812011719e-01
-2.606442272663116455e-01
7.321644425392150879e-01
6.474508643150329590e-01
8.015647530555725098e-01
-3.019558787345886230e-01
8.042039871215820312e-01
2.757933735847473145e-01
2.400481104850769043e-01
-6.000996828079223633e-01
4.242694675922393799e-01
-1.496008038520812988e-01
-9.473578929901123047e-01
9.025558829307556152e-01
-4.018558859825134277e-01
3.684475719928741455e-01
-5.480821132659912109e-01
5.391540527343750000e-01
8.379632234573364258e-01
3.589620590209960938e-01
-3.666201829910278320e-01
7.093252539634704590e-01
9.476463198661804199e-01
-1.962177753448486328e-01
2.094548940658569336e-01
8.399578928947448730e-01
-8.937318921089172363e-01
9.886538386344909668e-01
-4.191085100173950195e-01
8.570529818534851074e-01
1.148242354393005371e-01
9.726545214653015137e-01
9.614524245262145996e-01
8.212945461273193359e-01
-9.228329658508300781e-01
-7.719197273254394531e-01
-2.388042956590652466e-01
3.807725310325622559e-01
-4.512025713920593262e-01
-8.221333026885986328e-01
-7.214779257774353027e-01
5.273796916007995605e-01
-2.629401683807373047e-01
-7.806867957115173340e-01
7.417299747467041016e-01
9.033531546592712402e-01
6.676846742630004883e-01
-2.847913503646850586e-01
-9.508159160614013672e-01
3.861944079399108887e-01
6.624305248260498047e-01
9.165126085281372070e-01
-9.944832324981689453e-01
5.739036202430725098e-01
1.035753712058067322e-01
8.992063403129577637e-01
2.215413600206375122e-01
-3.003636300563812256e-01
7.574912905693054199e-01
4.577331244945526123e-01
-8.115090131759643555e-01
8.578169345855712891e-01
-1.080635339021682739e-01
9.560327529907226562e-01
9.079995751380920410e-01
-7.821031808853149414e-01
-3.135400414466857910e-01
9.608554840087890625e-01
4.485781192779541016e-01
5.753986239433288574e-01
7.777100801467895508e-01
-1.242864429950714111e-01
5.720597505569458008e-02
-6.992374658584594727e-01
9.602835774421691895e-01
4.401025176048278809e-02
4.875587821006774902e-01
7.071934342384338379e-01
-5.741019174456596375e-02
6.702850461006164551e-01
-1.587217897176742554e-01
9.292482733726501465e-01
-7.914569973945617676e-01
1.350236088037490845e-01
-1.744816005229949951e-01
5.594879984855651855e-01
-4.952631294727325439e-01
9.735260009765625000e-01
-7.895139455795288086e-01
7.633816599845886230e-01
-6.615441441535949707e-01
9.502012133598327637e-01
-5.361295118927955627e-02
-7.971597313880920410e-01
9.560772776603698730e-01
9.384694099426269531e-01
-4.372011125087738037e-01
1.833860278129577637e-01
-6.230596303939819336e-01
9.938418269157409668e-01
7.124752998352050781e-01
7.833645939826965332e-01
-4.602429568767547607e-01
-1.160548999905586243e-01
-4.214437901973724365e-01
6.145011782646179199e-01
3.699888885021209717e-01
7.709656357765197754e-01
-9.854055196046829224e-02
2.264173030853271484e-01
-4.706974327564239502e-01
7.713640928268432617e-01
-2.188500249758362770e-03
6.595662236213684082e-01
-6.341007351875305176e-01
-3.296235576272010803e-02
-9.055998921394348145e-01
7.091795653104782104e-02
5.808354020118713379e-01
-4.391444325447082520e-01
7.630065679550170898e-01
3.938601016998291016e-01
-4.467733204364776611e-01
-3.360307216644287109e-01
4.232296049594879150e-01
-5.887354016304016113e-01
-4.795686006546020508e-01
7.535226941108703613e-01
5.690627098083496094e-01
7.968389391899108887e-01
-9.351121783256530762e-01
5.615321993827819824e-01
8.675509691238403320e-01
-5.007372498512268066e-01
-2.878269553184509277e-01
-6.082787513732910156e-01
9.872896075248718262e-01
-4.099431633949279785e-01
9.976615309715270996e-01
8.668734878301620483e-02
3.240599632263183594e-01
8.858167529106140137e-01
5.511847138404846191e-01
-6.658151745796203613e-01
2.481526732444763184e-01
-7.364521026611328125e-01
4.963010847568511963e-01
-9.690464138984680176e-01
6.217501163482666016e-01
-8.309704661369323730e-01
-6.071508526802062988e-01
8.536355495452880859e-01
9.019213318824768066e-01
7.285827398300170898e-01
-3.612997233867645264e-01
8.431767821311950684e-01
6.813326478004455566e-01
-9.919226169586181641e-01
2.602727711200714111e-01
-1.230985745787620544e-01
6.862329244613647461e-01
9.641342759132385254e-01
9.194281101226806641e-01
7.609945535659790039e-01
5.065693259239196777e-01
-3.651918470859527588e-01
-6.007846593856811523e-01
-5.725415349006652832e-01
7.870616018772125244e-02
6.236388087272644043e-01
3.230211734771728516e-01
9.127553701400756836e-01
-6.662060022354125977e-01
8.972165584564208984e-01
-9.720951914787292480e-01
7.472889423370361328e-01
-9.015663266181945801e-01
4.370659291744232178e-01
2.221130877733230591e-01
-1.960394531488418579e-01
8.990619182586669922e-01
-2.889180779457092285e-01
-1.215694621205329895e-01
9.155124425888061523e-01
-8.998782038688659668e-01
8.184839487075805664e-01
-5.073373019695281982e-02
-3.475099205970764160e-01
9.901158809661865234e-01
-8.840419054031372070e-01
4.029072821140289307e-01
-6.721352040767669678e-02
3.990562558174133301e-01
-9.848759770393371582e-01
8.167133927345275879e-01
7.270151376724243164e-02
-6.468186974525451660e-01
6.809740066528320312e-01
-1.258054524660110474e-01
1.476492732763290405e-01
9.585973620414733887e-01
5.325959324836730957e-01
2.512503862380981445e-01
-3.931772410869598389e-01
8.988680839538574219e-01
5.407372713088989258e-01
-8.583281189203262329e-02
-9.828119277954101562e-01
-1.988944830372929573e-03
1.124655157327651978e-01
-6.677097678184509277e-01
8.609556555747985840e-01
-6.474304795265197754e-01
2.048123031854629517e-01
5.155097246170043945e-01
4.715304672718048096e-01
-7.967370152473449707e-01
5.220454931259155273e-01
-6.526002287864685059e-01
-2.127908617258071899e-01
-1.099096238613128662e-01
-1.205408424139022827e-01
3.697464764118194580e-01
8.100354671478271484e-01
4.113973975181579590e-01
-6.381664872169494629e-01
-9.766788482666015625e-01
3.906951844692230225e-01
2.840044200420379639e-01
9.555639624595642090e-01
4.509384036064147949e-01
-5.041136145591735840e-01
2.038653194904327393e-01
-4.041382372379302979e-01
-7.325178384780883789e-01
6.442488431930541992e-01
4.815621376037597656e-01
-3.069557547569274902e-01
-9.200522899627685547e-01
9.280846118927001953e-01
-4.794028699398040771e-01
9.590119719505310059e-01
-6.060923337936401367e-01
-2.073581665754318237e-01
9.736045598983764648e-01
5.716265439987182617e-01
3.888179659843444824e-01
-3.552649915218353271e-01
3.306118845939636230e-01
2.542332187294960022e-02
5.320706963539123535e-01
-1.538316309452056885e-01
-5.721296668052673340e-01
2.330685406923294067e-01
4.544375836849212646e-01
5.523502081632614136e-02
9.649436473846435547e-01
1.175902858376502991e-01
6.407056450843811035e-01
2.248869836330413818e-01
-8.789066672325134277e-01
9.441338777542114258e-01
-7.603036761283874512e-01
6.285011172294616699e-01
-3.277309536933898926e-01
-3.342115879058837891e-01
-1.548743247985839844e-01
9.280277490615844727e-01
-8.809868693351745605e-01
6.521117687225341797e-01
1.534864008426666260e-01
8.541076183319091797e-01
-4.406977891921997070e-01
2.073367685079574585e-01
