-5.540591478347778320e-01
5.725514888763427734e-01
-2.719177007675170898e-01
8.585361242294311523e-01
1.698676347732543945e-01
2.252009063959121704e-01
5.853038430213928223e-01
-3.092414438724517822e-01
8.315218091011047363e-01
4.823389053344726562e-01
7.956046462059020996e-01
-7.028358578681945801e-01
9.620894789695739746e-01
-5.810592770576477051e-01
7.576192021369934082e-01
-2.359758168458938599e-01
-3.317565619945526123e-01
9.887068271636962891e-01
9.213721156120300293e-01
1.924322545528411865e-01
-1.313014924526214600e-01
9.567192196846008301e-01
3.176543861627578735e-02
-6.085577607154846191e-01
9.646265506744384766e-01
3.707351982593536377e-01
-6.866853237152099609e-01
8.417301774024963379e-01
-5.878461152315139771e-02
9.641225337982177734e-01
-8.212635517120361328e-01
9.977941513061523438e-01
9.709097146987915039e-01
-5.681487321853637695e-01
7.754009366035461426e-01
-3.540294766426086426e-01
2.502299845218658447e-01
9.609733819961547852e-01
-2.856144607067108154e-01
4.892275035381317139e-01
1.891852319240570068e-01
-7.296728491783142090e-01
9.748299121856689453e-01
9.581903815269470215e-01
5.547344684600830078e-01
1.100678443908691406e-01
-5.655116960406303406e-02
5.794400349259376526e-02
4.584865868091583252e-01
7.145432233810424805e-01
-8.289732336997985840e-01
9.961239695549011230e-01
-1.184044331312179565e-01
9.566890597343444824e-01
-3.159648180007934570e-01
-6.778918206691741943e-02
7.563940882682800293e-01
1.820339858531951904e-01
8.591948151588439941e-01
-7.842961549758911133e-01
9.170293211936950684e-01
6.359966993331909180e-01
-7.832409739494323730e-01
7.245773673057556152e-01
9.595732688903808594e-01
-7.763498425483703613e-01
8.572058081626892090e-01
5.441914200782775879e-01
-3.681261241436004639e-01
2.901152074337005615e-01
-2.396021485328674316e-01
9.573920369148254395e-01
9.054841995239257812e-01
-5.273464322090148926e-01
8.602452874183654785e-01
3.762049674987792969e-01
-1.675404757261276245e-01
-5.066698789596557617e-01
9.558262228965759277e-01
9.538684785366058350e-02
-3.545548617839813232e-01
9.714835286140441895e-01
9.778407216072082520e-01
5.396458506584167480e-01
-5.430971384048461914e-01
5.878404974937438965e-01
8.141934275627136230e-01
-9.914188981056213379e-01
2.777822315692901611e-01
9.226222038269042969e-01
4.861828312277793884e-02
-3.397827744483947754e-01
6.672704815864562988e-01
8.560824394226074219e-01
-4.431570470333099365e-01
5.386775135993957520e-01
5.911560654640197754e-01
-7.529791593551635742e-01
9.816597700119018555e-01
7.014834880828857422e-01
-1.323436200618743896e-01
7.558892965316772461e-01
-7.759047746658325195e-01
8.665230274200439453e-01
-2.167535014450550079e-02
4.103645980358123779e-01
5.029585361480712891e-01
-3.370109498500823975e-01
6.325566768646240234e-01
8.448469638824462891e-01
-1.315695196390151978e-01
8.818866610527038574e-01
-5.494319796562194824e-01
8.629042506217956543e-01
7.934209108352661133e-01
-9.879890680313110352e-01
2.867651283740997314e-01
3.751298487186431885e-01
1.838798522949218750e-01
-7.695861458778381348e-01
9.989737868309020996e-01
3.825183510780334473e-01
9.806022047996520996e-01
8.212717175483703613e-01
-9.094872474670410156e-01
9.424740076065063477e-01
7.045485377311706543e-01
-1.246080324053764343e-01
-7.202057242393493652e-01
9.484168291091918945e-01
-4.344325885176658630e-02
9.930826425552368164e-01
-2.484255582094192505e-01
-3.794749379158020020e-01
9.941729307174682617e-01
9.434773325920104980e-01
-5.439538955688476562e-01
1.179743409156799316e-01
8.555668592453002930e-01
4.066919684410095215e-01
-4.784051775932312012e-01
9.479246735572814941e-01
-6.191808730363845825e-02
9.143368005752563477e-01
-7.115104198455810547e-01
-9.116934984922409058e-02
8.848227262496948242e-01
6.194009184837341309e-01
1.430169939994812012e-01
1.232613027095794678e-01
6.013222336769104004e-01
-1.399572640657424927e-01
1.140504479408264160e-01
7.992812991142272949e-01
3.278683125972747803e-01
-7.070274353027343750e-01
7.386643290519714355e-01
3.381707072257995605e-01
7.921181917190551758e-01
-5.788574814796447754e-01
8.701620101928710938e-01
5.456739068031311035e-01
-2.320423126220703125e-01
7.346886396408081055e-01
-5.937392711639404297e-01
4.702434837818145752e-01
-8.467070013284683228e-02
9.811795949935913086e-01
4.502367079257965088e-01
9.494041204452514648e-01
-7.861513495445251465e-01
5.954571962356567383e-01
-2.154527753591537476e-01
9.145971536636352539e-01
-7.549543976783752441e-01
6.608159542083740234e-01
3.420639634132385254e-01
8.125925064086914062e-01
3.667308017611503601e-02
-6.256751418113708496e-01
9.668172597885131836e-01
6.916221380233764648e-01
-5.363633036613464355e-01
9.228274822235107422e-01
8.502067923545837402e-01
-7.229038476943969727e-01
3.524522781372070312e-01
9.294399023056030273e-01
-7.311528325080871582e-01
9.879111647605895996e-01
6.699970364570617676e-01
-9.049521088600158691e-01
-1.039634458720684052e-02
9.859342575073242188e-01
9.043964743614196777e-01
6.136066913604736328e-01
-6.405827403068542480e-01
-1.172290816903114319e-01
7.319834828376770020e-01
8.387777805328369141e-01
-7.128232121467590332e-01
7.990959882736206055e-01
-3.317276537418365479e-01
8.628370761871337891e-01
6.975399255752563477e-01
-9.116979241371154785e-01
8.482639789581298828e-01
-6.029907464981079102e-01
9.962952136993408203e-01
9.876682162284851074e-01
8.967353105545043945e-01
-5.749464631080627441e-01
-8.067320585250854492e-01
8.508408069610595703e-01
9.890272617340087891e-01
8.107236027717590332e-01
-9.687579870223999023e-01
6.604934930801391602e-01
-5.186257511377334595e-02
7.997195124626159668e-01
-3.431929349899291992e-01
9.514266252517700195e-01
-2.129386365413665771e-01
-1.297443509101867676e-01
7.986746430397033691e-01
4.523550570011138916e-01
-3.628218173980712891e-01
6.178174614906311035e-01
5.778488516807556152e-01
-3.689994812011718750e-01
7.116431593894958496e-01
5.845312476158142090e-01
5.013597607612609863e-01
-7.103012502193450928e-02
-4.807304739952087402e-01
9.023069739341735840e-01
-5.859067440032958984e-01
7.122464776039123535e-01
9.555717110633850098e-01
7.502864301204681396e-02
2.876157164573669434e-01
8.878087401390075684e-01
-9.773472547531127930e-01
-1.627867072820663452e-01
9.986137747764587402e-01
9.906715154647827148e-01
4.457646310329437256e-01
-8.750348687171936035e-01
-7.698731422424316406e-01
9.607955813407897949e-01
9.974017143249511719e-01
9.968156814575195312e-01
-1.375685930252075195e-01
-3.490144610404968262e-01
9.275822639465332031e-01
3.964616358280181885e-01
-3.303140997886657715e-01
-6.115941405296325684e-01
9.997320175170898438e-01
9.971114993095397949e-01
8.285412788391113281e-01
-6.113213300704956055e-01
-6.537793278694152832e-01
9.521155953407287598e-01
9.525060057640075684e-01
-5.529817938804626465e-01
2.054274082183837891e-01
9.824729561805725098e-01
-8.695845007896423340e-01
9.954550266265869141e-01
9.626106023788452148e-01
-2.296313345432281494e-01
6.903426647186279297e-01
-8.598553538322448730e-01
9.689502716064453125e-01
7.742506861686706543e-01
-4.149030745029449463e-01
5.868127346038818359e-01
-2.823762297630310059e-01
-1.169755160808563232e-01
9.946921467781066895e-01
9.264506697654724121e-01
-1.158353239297866821e-01
-5.153629779815673828e-01
6.474721431732177734e-01
7.828578352928161621e-01
2.854529917240142822e-01
-8.982045650482177734e-01
9.275895953178405762e-01
4.489493668079376221e-01
3.592662513256072998e-01
3.328154385089874268e-01
-5.666834115982055664e-01
9.794431328773498535e-01
-6.802520751953125000e-01
9.898155927658081055e-01
8.460682630538940430e-01
4.839196801185607910e-01
-3.837557137012481689e-01
2.860727310180664062e-01
-1.340436190366744995e-01
8.083428144454956055e-01
9.304871559143066406e-01
-9.144801497459411621e-01
-4.546436965465545654e-01
9.980028271675109863e-01
9.841193556785583496e-01
7.206444740295410156e-01
-6.556146144866943359e-01
3.883583247661590576e-01
-3.804126977920532227e-01
9.892568588256835938e-01
2.350078672170639038e-01
8.100629448890686035e-01
-6.112822294235229492e-01
9.352461695671081543e-01
3.503144085407257080e-01
-9.792632460594177246e-01
9.835972189903259277e-01
9.685958623886108398e-01
1.926307976245880127e-01
-9.687212109565734863e-01
8.697031736373901367e-01
7.776589393615722656e-01
6.909812688827514648e-01
-8.530385494232177734e-01
8.802264928817749023e-01
-6.382108330726623535e-01
9.021118283271789551e-01
9.378145933151245117e-01
-2.158925682306289673e-01
4.189561009407043457e-01
-8.813672661781311035e-01
9.729660749435424805e-01
5.147264003753662109e-01
-3.429158926010131836e-01
8.715448379516601562e-01
6.486225128173828125e-01
1.591794490814208984e-01
-5.430397391319274902e-01
5.211572051048278809e-01
8.529132008552551270e-01
7.972362041473388672e-01
-9.235848188400268555e-01
8.917251825332641602e-01
2.625736407935619354e-02
-3.020135462284088135e-01
7.277427613735198975e-02
9.647546410560607910e-01
-4.600446298718452454e-02
9.565359950065612793e-01
-6.430181860923767090e-01
9.211087226867675781e-01
6.712085008621215820e-01
-5.671913623809814453e-01
5.596842169761657715e-01
6.072143912315368652e-01
7.186238765716552734e-01
-6.636177897453308105e-01
8.391479849815368652e-01
1.500812172889709473e-01
4.186716973781585693e-01
-8.044275045394897461e-01
8.260616660118103027e-01
8.532822132110595703e-01
-5.603632330894470215e-01
1.698985993862152100e-01
9.009191989898681641e-01
9.299668073654174805e-01
-9.862374663352966309e-01
9.596709012985229492e-01
-3.537874221801757812e-01
9.914124011993408203e-01
6.759794354438781738e-01
-9.577250480651855469e-01
6.814365386962890625e-01
4.659469723701477051e-01
6.024115681648254395e-01
-2.599823772907257080e-01
4.462092220783233643e-01
1.598089933395385742e-01
7.446974515914916992e-01
-5.103120207786560059e-01
8.676467090845108032e-02
9.597371220588684082e-01
-4.039365425705909729e-02
8.134023547172546387e-01
-6.627103686332702637e-01
8.545582890510559082e-01
8.568648099899291992e-01
-6.108463406562805176e-01
7.492396235466003418e-01
6.863409876823425293e-01
-9.464547038078308105e-01
6.410557031631469727e-01
2.093037813901901245e-01
7.108965516090393066e-01
9.635434150695800781e-01
-9.004307389259338379e-01
9.642866849899291992e-01
4.015478491783142090e-01
-1.725678890943527222e-01
-4.765009284019470215e-01
9.942699670791625977e-01
-5.623225867748260498e-02
-9.880612045526504517e-02
9.679958224296569824e-01
5.570950508117675781e-01
6.797093152999877930e-01
-9.767774343490600586e-01
9.281681776046752930e-01
7.996768355369567871e-01
7.060411572456359863e-01
-9.188567399978637695e-01
8.416461348533630371e-01
-7.372273802757263184e-01
9.057632684707641602e-01
7.452097535133361816e-01
-8.619663715362548828e-01
8.704677224159240723e-01
2.903622984886169434e-01
-5.323762893676757812e-01
9.123983979225158691e-01
8.294623494148254395e-01
-7.648828625679016113e-01
9.934072494506835938e-01
8.423830866813659668e-01
-5.589635968208312988e-01
5.841501355171203613e-01
-3.192878663539886475e-01
8.946284055709838867e-01
6.751314997673034668e-01
-2.748349010944366455e-01
6.867852807044982910e-01
-2.469357103109359741e-01
2.186958044767379761e-01
7.104508876800537109e-01
-1.330207139253616333e-01
2.599745392799377441e-01
-3.714819848537445068e-01
9.504421353340148926e-01
6.505826115608215332e-01
5.947512388229370117e-01
-9.295089244842529297e-01
9.953501820564270020e-01
6.115520000457763672e-01
7.326771020889282227e-01
-8.009477257728576660e-01
-8.788508363068103790e-03
7.854369282722473145e-01
1.126318722963333130e-01
3.396742045879364014e-01
-6.329153180122375488e-01
9.326959252357482910e-01
9.125900864601135254e-01
-4.532611966133117676e-01
9.435067772865295410e-01
4.233885705471038818e-01
-4.602757692337036133e-01
8.485734462738037109e-01
-3.161437511444091797e-01
5.370686054229736328e-01
-3.426565527915954590e-01
6.694780588150024414e-01
3.388878405094146729e-01
6.590018272399902344e-01
4.542235732078552246e-01
-8.583486676216125488e-01
9.316166639328002930e-01
8.318138122558593750e-01
1.876421868801116943e-01
-9.803405404090881348e-01
9.483965635299682617e-01
9.693990349769592285e-01
4.433786869049072266e-01
-2.396026551723480225e-01
-9.513473510742187500e-01
9.777442812919616699e-01
9.501929879188537598e-01
6.235247850418090820e-01
-5.216454267501831055e-01
-3.519256114959716797e-01
9.023756384849548340e-01
5.229347944259643555e-01
4.521312117576599121e-01
-4.938472211360931396e-01
8.787029385566711426e-01
-4.993217438459396362e-02
7.926208376884460449e-01
-9.434935450553894043e-01
9.628954529762268066e-01
9.919664859771728516e-01
-1.105505377054214478e-01
7.118530273437500000e-01
-6.982009410858154297e-01
-4.727629721164703369e-01
9.750325083732604980e-01
9.935379624366760254e-01
8.852836489677429199e-01
-9.057019352912902832e-01
-2.049257457256317139e-01
7.889752388000488281e-01
5.824207663536071777e-01
3.007150888442993164e-01
3.675061166286468506e-01
8.343586325645446777e-01
-3.098599314689636230e-01
-8.592777848243713379e-01
9.388228654861450195e-01
8.348207473754882812e-01
-1.370243132114410400e-01
-1.079891398549079895e-01
9.679552912712097168e-01
-5.405375361442565918e-02
5.282076001167297363e-01
-7.494547218084335327e-02
6.577671170234680176e-01
4.540473818778991699e-01
8.997178822755813599e-02
-9.029889106750488281e-01
9.926444292068481445e-01
8.933656811714172363e-01
4.804987311363220215e-01
-9.168336391448974609e-01
8.748927712440490723e-01
9.328377246856689453e-02
1.377563923597335815e-01
9.834781289100646973e-01
-4.747526645660400391e-01
4.376326501369476318e-01
4.961172938346862793e-01
8.907207846641540527e-01
-7.798469662666320801e-01
8.681183457374572754e-01
1.967265605926513672e-01
-4.095863401889801025e-01
8.893535137176513672e-01
9.147232770919799805e-01
-8.358553647994995117e-01
6.721665263175964355e-01
9.523395299911499023e-01
1.400967836380004883e-01
-9.060314297676086426e-01
2.095223665237426758e-01
8.055325150489807129e-01
8.285819888114929199e-01
6.087547540664672852e-01
-8.371390104293823242e-01
7.984003424644470215e-01
8.263829350471496582e-01
-1.472230553627014160e-01
-9.542393088340759277e-01
7.603138685226440430e-01
8.828303813934326172e-01
4.026879966259002686e-01
-3.072119951248168945e-01
5.079311728477478027e-01
9.010946750640869141e-01
-7.519847750663757324e-01
3.757673501968383789e-02
9.502360224723815918e-01
9.829350709915161133e-01
-1.237822100520133972e-01
-3.508692085742950439e-01
-5.887123346328735352e-01
9.899287819862365723e-01
8.444348573684692383e-01
9.182710051536560059e-01
-2.861079275608062744e-01
-2.182174772024154663e-01
6.840243935585021973e-01
7.077007293701171875e-01
-7.706133723258972168e-01
9.019788503646850586e-01
8.462222814559936523e-01
-1.226305379532277584e-03
-9.155909419059753418e-01
9.051277041435241699e-01
8.635343313217163086e-01
-9.379827231168746948e-02
-8.608113527297973633e-01
9.966269135475158691e-01
9.293347597122192383e-01
7.562709450721740723e-01
-8.447625637054443359e-01
8.147032260894775391e-01
1.246676146984100342e-01
-5.416675209999084473e-01
9.169657230377197266e-01
5.354523062705993652e-01
-5.252125859260559082e-01
8.461190462112426758e-01
-7.403866946697235107e-02
9.731320142745971680e-01
-4.499390721321105957e-01
2.926056683063507080e-01
9.312145113945007324e-01
2.108849436044692993e-01
-5.333373695611953735e-02
8.406588435173034668e-01
-9.265337586402893066e-01
9.523374438285827637e-01
9.915784597396850586e-01
-9.340254068374633789e-01
9.036910533905029297e-01
-4.634462762624025345e-03
3.116563260555267334e-01
9.297993183135986328e-01
-8.849155306816101074e-01
4.682185649871826172e-01
9.936972260475158691e-01
2.584544122219085693e-01
1.762940287590026855e-01
-7.462745308876037598e-01
9.688743948936462402e-01
8.926486372947692871e-01
-3.953093886375427246e-01
8.754366040229797363e-01
-7.108585834503173828e-01
9.570024013519287109e-01
6.078983545303344727e-01
-6.593651175498962402e-01
4.111805558204650879e-01
9.520303606986999512e-01
-9.279721379280090332e-01
9.921069741249084473e-01
8.445848822593688965e-01
-7.132403254508972168e-01
7.669316530227661133e-01
9.525439143180847168e-01
-8.899219036102294922e-01
9.044253826141357422e-01
2.402365207672119141e-01
5.646392107009887695e-01
-5.056235194206237793e-02
6.730968505144119263e-02
-8.701875209808349609e-01
9.823347926139831543e-01
9.830616116523742676e-01
9.586308002471923828e-01
4.006162583827972412e-01
-9.931985139846801758e-01
-1.138151362538337708e-01
8.830533623695373535e-01
9.607530832290649414e-01
8.065225481986999512e-01
-4.844511449337005615e-01
-6.472318172454833984e-01
7.757773399353027344e-01
-7.578886151313781738e-01
7.664956450462341309e-01
9.462505578994750977e-01
7.265650629997253418e-01
-5.949274897575378418e-01
8.883420825004577637e-01
-5.396199226379394531e-01
9.953859448432922363e-01
-6.966652274131774902e-01
9.605311751365661621e-01
5.819447040557861328e-01
7.472043633460998535e-01
-4.608913958072662354e-01
8.921605348587036133e-01
-9.723872542381286621e-01
-5.064993500709533691e-01
9.985188841819763184e-01
9.921430349349975586e-01
9.945754408836364746e-01
4.591308832168579102e-01
-9.074020981788635254e-01
4.469699561595916748e-01
7.626791000366210938e-01
-5.683593153953552246e-01
8.625603318214416504e-01
3.979991674423217773e-01
6.388695240020751953e-01
-6.902469992637634277e-01
9.363034963607788086e-01
3.413576483726501465e-01
-8.034753203392028809e-01
9.787289053201675415e-02
9.912376999855041504e-01
7.891311049461364746e-01
-8.407450318336486816e-01
9.496370553970336914e-01
8.640607595443725586e-01
-9.306069016456604004e-01
7.684907317161560059e-01
9.278678894042968750e-01
4.886440336704254150e-01
-8.416121006011962891e-01
6.668092012405395508e-01
7.118097543716430664e-01
-4.307031340431421995e-04
1.736909002065658569e-01
-8.888234943151473999e-02
7.940753102302551270e-01
6.533065438270568848e-01
-5.876628160476684570e-01
-4.146468341350555420e-01
9.272537827491760254e-01
9.473714232444763184e-01
1.170094013214111328e-01
-9.146987199783325195e-01
7.428568005561828613e-01
9.386212229728698730e-01
9.884328842163085938e-01
-9.572563767433166504e-01
9.532100558280944824e-01
-8.491139411926269531e-01
9.645492434501647949e-01
8.697906136512756348e-01
-3.242671489715576172e-01
6.876764893531799316e-01
-3.575943112373352051e-01
-2.901567816734313965e-01
9.309386014938354492e-01
6.569294929504394531e-01
7.161899209022521973e-01
-7.283074855804443359e-01
6.910920143127441406e-01
-4.850310087203979492e-02
9.471815824508666992e-01
6.452577710151672363e-01
-5.904721021652221680e-01
-3.650573492050170898e-01
4.851669967174530029e-01
9.299674630165100098e-01
9.599575400352478027e-01
-6.210597753524780273e-01
3.044490218162536621e-01
5.271576046943664551e-01
-9.573798775672912598e-01
9.975889325141906738e-01
9.787754416465759277e-01
2.619898915290832520e-01
-3.486815392971038818e-01
6.598660945892333984e-01
2.980846539139747620e-02
-1.285385191440582275e-01
9.175419807434082031e-01
6.225503683090209961e-01
-6.932530403137207031e-01
-2.660811841487884521e-01
9.926646351814270020e-01
8.864794969558715820e-01
8.519990444183349609e-01
-8.699385523796081543e-01
3.474185466766357422e-01
4.725201725959777832e-01
-1.848045922815799713e-02
2.116742879152297974e-01
9.430032372474670410e-01
-5.557619929313659668e-01
9.460483789443969727e-01
1.050607860088348389e-01
1.722397804260253906e-01
-1.037801876664161682e-01
5.442800521850585938e-01
9.105364084243774414e-01
3.552640676498413086e-01
-6.267790794372558594e-01
-5.363900065422058105e-01
9.820887446403503418e-01
9.373246431350708008e-01
8.841401338577270508e-01
-7.904311418533325195e-01
-1.101027205586433411e-01
-3.271806240081787109e-02
9.679806232452392578e-01
1.642586737871170044e-01
9.131377935409545898e-01
-5.590088367462158203e-01
9.254478812217712402e-01
9.123566746711730957e-01
-4.902423620223999023e-01
-4.178902506828308105e-01
9.030424356460571289e-01
9.321945905685424805e-01
-7.967954874038696289e-01
2.014762759208679199e-01
9.644445776939392090e-01
5.320120453834533691e-01
-6.004288792610168457e-01
9.954427480697631836e-01
-6.524868011474609375e-01
9.535210728645324707e-01
2.659156024456024170e-01
1.553537547588348389e-01
2.746761441230773926e-01
-2.354334890842437744e-01
8.422756791114807129e-01
8.265249133110046387e-01
1.082878652960062027e-02
-6.119601130485534668e-01
-8.001939654350280762e-01
9.994325041770935059e-01
9.978516101837158203e-01
9.190376996994018555e-01
5.256748571991920471e-02
-4.066509902477264404e-01
9.201145768165588379e-01
2.198847681283950806e-01
2.352669686079025269e-01
3.752853274345397949e-01
-9.616050720214843750e-01
8.974371552467346191e-01
9.899970889091491699e-01
5.287463068962097168e-01
6.140792742371559143e-02
-9.676945209503173828e-01
9.966796636581420898e-01
-2.338184714317321777e-01
9.920739531517028809e-01
-2.213122248649597168e-01
9.791905283927917480e-01
-6.667947173118591309e-01
9.190130233764648438e-01
-4.713455587625503540e-02
8.300896883010864258e-01
-1.060337796807289124e-01
9.354247450828552246e-01
-3.325026035308837891e-01
6.644708514213562012e-01
3.321501016616821289e-01
-7.368031740188598633e-01
1.445779353380203247e-01
9.296836256980895996e-01
8.858530521392822266e-01
-5.956801176071166992e-01
9.821119308471679688e-01
-7.516130059957504272e-02
-1.395529955625534058e-01
-2.079495936632156372e-01
9.597390890121459961e-01
7.653537392616271973e-01
-3.644752800464630127e-01
9.626631140708923340e-01
-7.494538277387619019e-02
-9.595408439636230469e-01
9.461419582366943359e-01
9.407024979591369629e-01
7.448426485061645508e-01
6.398206353187561035e-01
-9.582164883613586426e-01
-4.819896817207336426e-01
9.928237795829772949e-01
7.717088460922241211e-01
3.344357013702392578e-01
3.645341992378234863e-01
-9.591321945190429688e-01
3.450181484222412109e-01
9.812815785408020020e-01
9.000629186630249023e-01
-5.257853269577026367e-01
-3.442173898220062256e-01
9.934177398681640625e-01
8.552771806716918945e-01
-4.767073690891265869e-02
2.195846475660800934e-02
-8.054609894752502441e-01
9.967317581176757812e-01
9.874243736267089844e-01
4.984115362167358398e-01
-9.560267329216003418e-01
9.666584134101867676e-01
8.039158582687377930e-01
6.109409779310226440e-02
-7.179903239011764526e-02
-9.307897686958312988e-01
9.777818918228149414e-01
9.850151538848876953e-01
7.365079522132873535e-01
-7.496947646141052246e-01
9.149001836776733398e-01
7.790468335151672363e-01
5.365682840347290039e-01
-9.965754747390747070e-01
2.053334265947341919e-01
7.499160170555114746e-01
8.357676863670349121e-01
-6.746793985366821289e-01
-5.697648525238037109e-01
7.622703909873962402e-01
8.241978287696838379e-01
9.651895165443420410e-01
-9.912974238395690918e-01
9.162837266921997070e-01
9.323751330375671387e-01
-8.530380725860595703e-01
-4.836887121200561523e-01
9.906719326972961426e-01
9.596414566040039062e-01
-4.059506356716156006e-01
9.475647807121276855e-01
1.996016688644886017e-02
2.505389153957366943e-01
-2.572636604309082031e-01
9.753515720367431641e-01
-3.573569059371948242e-01
9.574031233787536621e-01
8.793549537658691406e-01
4.900940954685211182e-01
-9.954224228858947754e-01
-1.012064293026924133e-01
9.456912875175476074e-01
-6.970474123954772949e-02
8.187841773033142090e-01
-5.199592113494873047e-01
9.163028597831726074e-01
-8.746981620788574219e-01
9.976167678833007812e-01
9.555416703224182129e-01
4.744468927383422852e-01
5.144045352935791016e-01
-8.942536115646362305e-01
4.860835969448089600e-01
-4.200026988983154297e-01
9.175737500190734863e-01
9.414001703262329102e-01
-3.133970201015472412e-01
2.415608465671539307e-01
9.027370214462280273e-01
-9.907028675079345703e-01
9.873510003089904785e-01
4.908989965915679932e-01
6.700016260147094727e-01
-8.550719618797302246e-01
-6.211624145507812500e-01
9.270506501197814941e-01
9.985363483428955078e-01
9.878468513488769531e-01
-7.006633281707763672e-01
3.688076734542846680e-01
9.848890304565429688e-01
3.260845243930816650e-01
-7.067067921161651611e-02
-6.580004096031188965e-01
9.767335653305053711e-01
8.742983341217041016e-01
-7.195610404014587402e-01
8.067230582237243652e-01
-8.122417330741882324e-01
9.615839123725891113e-01
9.480581283569335938e-01
5.123912692070007324e-01
-8.844178915023803711e-01
4.977987110614776611e-01
9.121309518814086914e-01
6.627416610717773438e-01
-9.670629501342773438e-01
8.569715619087219238e-01
8.861013650894165039e-01
-7.529568076133728027e-01
-4.754703119397163391e-02
9.645307660102844238e-01
3.271600976586341858e-02
4.620582163333892822e-01
8.816479444503784180e-01
-9.458833932876586914e-01
9.042210578918457031e-01
6.532890200614929199e-01
-4.457820951938629150e-01
8.220436573028564453e-01
5.840375423431396484e-01
-8.537592887878417969e-01
7.331188917160034180e-01
7.083606123924255371e-01
-2.626575529575347900e-01
2.834970057010650635e-01
-7.547880411148071289e-01
9.993733167648315430e-01
9.963889718055725098e-01
-6.190705299377441406e-01
9.918646812438964844e-01
7.497896552085876465e-01
4.141032099723815918e-01
-9.856855273246765137e-01
9.548732042312622070e-01
5.632202029228210449e-01
2.462559789419174194e-01
3.013106286525726318e-01
-7.478073239326477051e-01
7.020931839942932129e-01
3.312901258468627930e-01
6.663017272949218750e-01
-2.377489209175109863e-01
8.732732534408569336e-01
5.826807022094726562e-01
-7.964110970497131348e-01
3.784731030464172363e-01
7.163053154945373535e-01
6.735876202583312988e-01
5.049578547477722168e-01
-9.795622825622558594e-01
-5.177832245826721191e-01
9.865152239799499512e-01
9.638581275939941406e-01
6.896082758903503418e-01
-3.749734163284301758e-01
-2.880548536777496338e-01
9.686388969421386719e-01
-5.434166789054870605e-01
9.723743796348571777e-01
8.903508782386779785e-01
-5.855360031127929688e-01
6.676755547523498535e-01
6.545802354812622070e-01
-3.673852682113647461e-01
5.291808843612670898e-01
7.118659019470214844e-01
-6.870911121368408203e-01
-3.436169028282165527e-01
9.990590214729309082e-01
9.759496450424194336e-01
9.513382315635681152e-01
-8.756825327873229980e-01
8.556641638278961182e-02
-3.031981177628040314e-02
8.533741235733032227e-01
2.927663326263427734e-01
8.948470950126647949e-01
-4.347171783447265625e-01
-2.557253837585449219e-01
9.461486339569091797e-01
8.684727549552917480e-01
-3.793577551841735840e-01
4.135203957557678223e-01
-5.537168383598327637e-01
8.797470331192016602e-01
4.271694719791412354e-01
-9.134754538536071777e-01
9.963222742080688477e-01
8.965217471122741699e-01
8.533301353454589844e-01
-3.804086148738861084e-01
-7.661775350570678711e-01
8.834141492843627930e-01
7.103703618049621582e-01
8.685545325279235840e-01
1.525920480489730835e-01
-9.454319477081298828e-01
9.887062907218933105e-01
-2.007090672850608826e-02
-6.650426387786865234e-01
9.982417225837707520e-01
9.009118080139160156e-01
-6.744743585586547852e-01
8.768334388732910156e-01
1.771020293235778809e-01
5.721788406372070312e-01
-3.162083327770233154e-01
3.713315427303314209e-01
9.742234349250793457e-01
-2.482653558254241943e-01
5.133446455001831055e-01
-7.689353078603744507e-02
9.199301600456237793e-01
-6.219362020492553711e-01
3.027707934379577637e-01
8.053520321846008301e-01
8.030282258987426758e-01
5.176710709929466248e-02
-6.044724583625793457e-01
3.547724485397338867e-01
8.886032104492187500e-01
1.304145753383636475e-01
8.682402968406677246e-01
-9.647590517997741699e-01
7.070954442024230957e-01
5.871701836585998535e-01
1.402946412563323975e-01
-6.112391948699951172e-01
8.334660530090332031e-01
5.371083021163940430e-01
-1.604525446891784668e-01
8.301193714141845703e-01
3.769557476043701172e-01
-2.660082280635833740e-01
9.740947484970092773e-01
-2.562872469425201416e-01
2.140164971351623535e-01
3.976179957389831543e-01
8.867891430854797363e-01
1.245729401707649231e-01
-7.645491361618041992e-01
7.274044752120971680e-01
-3.938293457031250000e-01
8.924453258514404297e-01
6.759686470031738281e-01
-1.360737085342407227e-01
5.023971199989318848e-01
2.521742582321166992e-01
-1.832449138164520264e-01
7.467075586318969727e-01
8.565532565116882324e-01
-8.498634696006774902e-01
8.566447496414184570e-01
1.913738250732421875e-01
6.378962397575378418e-01
1.684169173240661621e-01
-3.879460394382476807e-01
4.355085194110870361e-01
5.966001749038696289e-01
6.722596287727355957e-01
8.616284281015396118e-02
-8.618420362472534180e-01
5.964073538780212402e-01
9.511222839355468750e-01
8.315986990928649902e-01
-9.198707938194274902e-01
-1.347052901983261108e-01
7.988241314888000488e-01
6.590531468391418457e-01
-2.159909158945083618e-02
4.083885252475738525e-01
7.857446074485778809e-01
5.640895366668701172e-01
8.847360312938690186e-02
-7.984651923179626465e-01
6.379571557044982910e-01
-1.391139477491378784e-01
8.755818009376525879e-01
9.224280118942260742e-01
2.026638537645339966e-01
-9.324437379837036133e-01
4.809633493423461914e-01
8.128380775451660156e-01
-4.967628046870231628e-02
9.496220946311950684e-01
-7.970222234725952148e-01
9.564095735549926758e-01
1.586440354585647583e-01
7.558474540710449219e-01
-6.919326186180114746e-01
9.493708014488220215e-01
5.717074871063232422e-02
2.128671556711196899e-01
5.748866200447082520e-01
-2.345217615365982056e-01
9.670714735984802246e-01
-6.535006165504455566e-01
7.383704185485839844e-01
-3.916214704513549805e-01
8.919908404350280762e-01
9.170495867729187012e-01
-7.811191082000732422e-01
8.975675106048583984e-01
2.709157764911651611e-02
5.228299498558044434e-01
9.249094724655151367e-01
-9.841626286506652832e-01
2.870710790157318115e-01
9.453105330467224121e-01
8.628594875335693359e-01
-7.789905071258544922e-01
-5.808338522911071777e-01
9.556907415390014648e-01
9.224581122398376465e-01
-2.987339161336421967e-02
-4.461929947137832642e-02
-1.488087773323059082e-01
9.943073987960815430e-01
8.641015291213989258e-01
-3.634566664695739746e-01
3.733659088611602783e-01
3.957194685935974121e-01
9.605742692947387695e-01
-3.162639737129211426e-01
8.091897964477539062e-01
-9.250357151031494141e-01
7.986560463905334473e-01
-2.562611699104309082e-01
9.102482795715332031e-01
1.803618967533111572e-01
-3.183344900608062744e-01
-2.674884498119354248e-01
9.951793551445007324e-01
5.972990393638610840e-01
6.560225486755371094e-01
-5.122838914394378662e-02
8.252494931221008301e-01
-8.401266336441040039e-01
9.765594601631164551e-01
9.046758413314819336e-01
-7.879014611244201660e-01
1.339115649461746216e-01
6.113532185554504395e-01
2.274118661880493164e-01
2.391383498907089233e-01
-2.943845987319946289e-01
5.884548425674438477e-01
9.059006571769714355e-01
-6.022469997406005859e-01
8.062467575073242188e-01
-1.101463362574577332e-01
5.388523340225219727e-01
5.751613378524780273e-01
3.477139472961425781e-01
-1.191345304250717163e-01
4.216041862964630127e-01
7.181936502456665039e-01
-8.149412274360656738e-01
8.612200617790222168e-01
8.970345854759216309e-01
2.212018519639968872e-01
-9.426001310348510742e-01
9.126651883125305176e-01
-9.651640802621841431e-02
3.605059683322906494e-01
9.618402123451232910e-01
1.406283229589462280e-01
-4.146957993507385254e-01
6.078248620033264160e-01
7.915065884590148926e-01
-5.289936065673828125e-01
8.906301856040954590e-01
-8.223102688789367676e-01
9.867109656333923340e-01
9.737218022346496582e-01
2.289883494377136230e-01
-9.118500351905822754e-01
7.878674268722534180e-01
6.305319666862487793e-01
6.274319291114807129e-01
-9.324175119400024414e-01
8.683737367391586304e-02
9.835144281387329102e-01
9.033121466636657715e-01
3.828120231628417969e-02
-6.096190214157104492e-01
8.917021751403808594e-01
6.522030234336853027e-01
-5.547939538955688477e-01
7.914310097694396973e-01
-3.560767769813537598e-01
7.732189893722534180e-01
7.934186458587646484e-01
-6.775488257408142090e-01
8.397393226623535156e-01
-4.877685308456420898e-01
9.727473258972167969e-01
1.175499632954597473e-01
9.731301069259643555e-01
-5.387871265411376953e-01
9.427635073661804199e-01
-5.348109602928161621e-01
5.720064043998718262e-01
-5.147385001182556152e-01
9.649854302406311035e-01
6.838973760604858398e-01
2.932302355766296387e-01
-2.784317731857299805e-01
7.452887296676635742e-01
-4.267178177833557129e-01
9.630671739578247070e-01
-2.961632907390594482e-01
2.189452201128005981e-01
8.682323694229125977e-01
7.687176465988159180e-01
-5.087801218032836914e-01
-8.725220561027526855e-01
9.907369613647460938e-01
9.721163511276245117e-01
5.785876512527465820e-01
1.269822418689727783e-01
-2.498959749937057495e-01
-2.828882932662963867e-01
7.501496076583862305e-01
-8.355055451393127441e-01
9.997298717498779297e-01
9.937030076980590820e-01
9.566761851310729980e-01
2.576352059841156006e-01
-7.678703665733337402e-01
9.391282200813293457e-01
-7.693919539451599121e-01
9.655001759529113770e-01
-4.841972887516021729e-02
8.016942143440246582e-01
8.259467482566833496e-01
-9.430234432220458984e-01
9.141254425048828125e-01
8.220618367195129395e-01
-9.733750820159912109e-01
9.704366922378540039e-01
-6.933004856109619141e-01
7.437836527824401855e-01
7.312837839126586914e-01
4.836400970816612244e-02
4.063659310340881348e-01
-7.887238860130310059e-01
8.944509625434875488e-01
9.169670939445495605e-01
-5.691121816635131836e-01
9.686767458915710449e-01
-7.521358132362365723e-01
9.572779536247253418e-01
3.729535937309265137e-01
3.008396625518798828e-01
9.298922419548034668e-01
-2.673625946044921875e-01
-1.258861422538757324e-01
-1.389104221016168594e-02
9.965282082557678223e-01
-1.699164062738418579e-01
5.136129856109619141e-01
-8.209048211574554443e-02
9.668000936508178711e-01
-8.142456412315368652e-01
9.960189461708068848e-01
9.492349028587341309e-01
8.338760137557983398e-01
-9.700433015823364258e-01
1.973736733198165894e-01
8.139851093292236328e-01
-5.425318479537963867e-01
-3.944944143295288086e-01
9.975362420082092285e-01
7.842993140220642090e-01
6.219557523727416992e-01
1.662223488092422485e-01
-7.267357110977172852e-01
-5.427539348602294922e-01
9.868210554122924805e-01
9.991888403892517090e-01
9.531582593917846680e-01
7.452812790870666504e-01
-9.792014956474304199e-01
-5.869704484939575195e-01
8.772783279418945312e-01
9.739025831222534180e-01
-5.513220429420471191e-01
7.102063298225402832e-01
1.801994889974594116e-01
9.502972960472106934e-01
9.965644776821136475e-02
-6.307704448699951172e-01
9.198630452156066895e-01
7.066190838813781738e-01
-8.869772553443908691e-01
6.246258020401000977e-01
6.904023289680480957e-01
8.949502110481262207e-01
-8.732730150222778320e-01
4.258723258972167969e-01
8.192264437675476074e-01
-1.239580735564231873e-01
-5.234555602073669434e-01
9.649059176445007324e-01
1.927834302186965942e-01
-2.756497263908386230e-01
9.557787775993347168e-01
5.681734681129455566e-01
1.202590689063072205e-01
9.131407141685485840e-01
-9.712925553321838379e-01
7.991058230400085449e-01
-2.165773957967758179e-01
9.317632913589477539e-01
9.009280800819396973e-02
6.699317693710327148e-02
-1.493121981620788574e-01
8.557477593421936035e-01
8.377847671508789062e-01
-6.548767685890197754e-01
7.796902060508728027e-01
3.602665960788726807e-01
-4.697134494781494141e-01
9.595667123794555664e-01
9.310196638107299805e-01
-8.410837501287460327e-02
-9.272673130035400391e-01
8.537583351135253906e-01
3.500945568084716797e-01
4.392570853233337402e-01
-3.167307674884796143e-01
9.474898576736450195e-01
-1.763243824243545532e-01
-3.765825629234313965e-01
9.791522622108459473e-01
5.473326444625854492e-01
8.185611367225646973e-01
-9.151089191436767578e-01
9.895344376564025879e-01
6.976729724556207657e-03
4.796246588230133057e-01
-7.209324240684509277e-01
9.989005327224731445e-01
8.589637279510498047e-01
6.645092368125915527e-01
-6.231142878532409668e-01
-4.468506574630737305e-01
9.107471108436584473e-01
8.895237445831298828e-01
4.931915700435638428e-01
-5.866857767105102539e-01
3.623250722885131836e-01
-2.573740184307098389e-01
5.727040171623229980e-01
8.763993382453918457e-01
5.506975054740905762e-01
-6.693779230117797852e-01
9.716433882713317871e-01
7.938635945320129395e-01
-9.614940285682678223e-01
-6.890468597412109375e-01
9.472388029098510742e-01
9.885274171829223633e-01
7.443205714225769043e-01
9.136106818914413452e-02
5.193743705749511719e-01
-9.770677685737609863e-01
-6.094593405723571777e-01
9.998657107353210449e-01
9.994330406188964844e-01
9.826809167861938477e-01
3.317059576511383057e-01
-6.007224321365356445e-01
3.158127665519714355e-01
-1.750758104026317596e-02
8.288709521293640137e-01
8.677077889442443848e-01
3.011239767074584961e-01
-9.857435822486877441e-01
2.783896625041961670e-01
9.419893622398376465e-01
6.690717935562133789e-01
-6.485091894865036011e-02
-9.061320424079895020e-01
9.035545587539672852e-01
1.373671740293502808e-01
9.740095734596252441e-01
8.135197758674621582e-01
-4.556376338005065918e-01
8.761087059974670410e-01
-8.694263696670532227e-01
7.787568569183349609e-01
-1.519116666167974472e-02
-2.144783884286880493e-01
9.647532701492309570e-01
7.562899589538574219e-01
2.068382799625396729e-01
1.614033579826354980e-01
-9.421116113662719727e-01
6.877508759498596191e-01
9.680585861206054688e-01
-1.108708158135414124e-01
9.571405053138732910e-01
-8.451730608940124512e-01
8.027698993682861328e-01
8.316445350646972656e-01
7.689331471920013428e-02
-4.677944779396057129e-01
8.344715833663940430e-01
-3.597802817821502686e-01
9.930743575096130371e-01
-4.714131057262420654e-01
9.314174652099609375e-01
8.277999758720397949e-01
3.156760334968566895e-01
-9.598479866981506348e-01
9.448282718658447266e-01
7.317237854003906250e-01
-9.256971478462219238e-01
2.880967557430267334e-01
8.040503263473510742e-01
7.572784423828125000e-01
-5.643483623862266541e-02
5.428450703620910645e-01
-3.289867639541625977e-01
9.736952185630798340e-01
-9.815709590911865234e-01
9.916406273841857910e-01
-6.181455031037330627e-02
4.383611381053924561e-01
6.365770697593688965e-01
-4.785806536674499512e-01
9.912460446357727051e-01
-2.568508386611938477e-01
3.820592761039733887e-01
9.299995303153991699e-01
8.394183516502380371e-01
-9.486680626869201660e-01
-4.149940013885498047e-01
9.977586269378662109e-01
9.942869544029235840e-01
4.958117306232452393e-01
-5.334022045135498047e-01
-3.363717496395111084e-01
4.785856604576110840e-01
6.460693478584289551e-01
-8.843144029378890991e-02
9.359340071678161621e-01
-2.736911177635192871e-01
7.194344997406005859e-01
7.363942265510559082e-01
3.458316326141357422e-01
-7.286121249198913574e-01
4.031244516372680664e-01
9.131069183349609375e-01
6.052242517471313477e-01
-7.628954052925109863e-01
1.014371439814567566e-01
7.302432656288146973e-01
-7.063162922859191895e-01
8.908277153968811035e-01
8.496656417846679688e-01
9.431561231613159180e-01
-8.600585460662841797e-01
9.849035143852233887e-01
-7.426157593727111816e-01
9.967650771141052246e-01
5.222244560718536377e-02
7.232711315155029297e-01
-2.341781258583068848e-01
-7.290838360786437988e-01
9.400947690010070801e-01
8.962202668190002441e-01
8.349908590316772461e-01
-7.148875594139099121e-01
9.154341220855712891e-01
-8.560298681259155273e-01
7.862625122070312500e-01
-2.985765933990478516e-01
9.885891079902648926e-01
-2.312983572483062744e-01
9.883263707160949707e-01
5.935107469558715820e-01
2.109044045209884644e-01
-4.870443344116210938e-01
2.033275179564952850e-02
9.567483663558959961e-01
4.800336658954620361e-01
-3.297644257545471191e-01
8.692196607589721680e-01
-7.038447856903076172e-01
3.244238197803497314e-01
9.880584478378295898e-01
-9.368509799242019653e-02
9.768955111503601074e-01
-8.260350227355957031e-01
2.650700882077217102e-02
9.917619824409484863e-01
9.910871386528015137e-01
-4.175336360931396484e-01
-1.909864135086536407e-02
9.712286591529846191e-01
7.169325947761535645e-01
-4.933693706989288330e-01
9.167059063911437988e-01
9.731711447238922119e-02
-7.521710991859436035e-01
7.003738284111022949e-01
5.758355855941772461e-01
2.871854305267333984e-01
9.540580213069915771e-02
3.360502123832702637e-01
-9.991749525070190430e-01
-7.448322176933288574e-01
3.635870218276977539e-01
9.149039983749389648e-01
9.952389001846313477e-01
5.132715702056884766e-01
-1.280982345342636108e-01
8.211750388145446777e-01
8.772698044776916504e-01
-1.374503821134567261e-01
2.056150883436203003e-02
-3.231337368488311768e-01
4.115268290042877197e-01
9.652232527732849121e-01
8.362213969230651855e-01
9.063766896724700928e-02
-5.660188794136047363e-01
9.015452265739440918e-01
9.592682123184204102e-01
5.558711886405944824e-01
-5.034352093935012817e-02
5.400508642196655273e-01
7.144055962562561035e-01
-6.008681058883666992e-01
-6.593911675736308098e-04
9.355174303054809570e-01
4.501693248748779297e-01
-7.825039029121398926e-01
4.905771911144256592e-01
8.891108632087707520e-01
-6.233481168746948242e-01
5.618438720703125000e-01
6.733745932579040527e-01
-7.616926431655883789e-01
4.155773222446441650e-01
9.601536989212036133e-01
1.184163242578506470e-01
1.103095561265945435e-01
-5.765783414244651794e-02
7.758377790451049805e-01
6.555404067039489746e-01
-3.993588089942932129e-01
8.563096523284912109e-01
1.419158726930618286e-01
-3.274032473564147949e-01
5.913632512092590332e-01
3.512482345104217529e-01
2.949579358100891113e-01
-8.206346631050109863e-01
9.745804667472839355e-01
9.303873777389526367e-01
5.686967372894287109e-01
5.020996332168579102e-01
-4.484443664550781250e-01
-4.346478581428527832e-01
9.149112105369567871e-01
6.479235887527465820e-01
3.292655646800994873e-01
-6.232168674468994141e-01
7.418857216835021973e-01
8.057873845100402832e-01
-4.640342891216278076e-01
6.593448519706726074e-01
-4.401582181453704834e-01
8.775077015161514282e-02
9.450951218605041504e-01
8.922531604766845703e-01
5.287646651268005371e-01
-9.837679862976074219e-01
4.383975565433502197e-01
8.156560659408569336e-01
4.962416291236877441e-01
-9.381015896797180176e-01
7.273923754692077637e-01
6.582056283950805664e-01
6.969599127769470215e-01
-8.583645224571228027e-01
8.008976578712463379e-01
4.981575608253479004e-01
-8.417149186134338379e-01
6.727366447448730469e-01
9.831154942512512207e-01
1.792115271091461182e-01
8.757427334785461426e-01
-5.445140600204467773e-01
9.419295191764831543e-01
-5.308099389076232910e-01
3.929226994514465332e-01
9.692448377609252930e-02
4.070432782173156738e-01
5.350538529455661774e-03
9.174141883850097656e-01
6.913952827453613281e-01
-7.979356646537780762e-01
5.113920569419860840e-01
9.600446224212646484e-01
-9.039454460144042969e-01
8.049722313880920410e-01
7.534641623497009277e-01
-6.813892722129821777e-01
9.542383551597595215e-01
8.891396522521972656e-01
-3.918001055717468262e-01
6.097164154052734375e-01
-2.193102091550827026e-01
4.060159996151924133e-02
4.237130582332611084e-01
9.494587779045104980e-01
-2.439438253641128540e-01
-2.681119143962860107e-01
8.928602933883666992e-01
-2.668041288852691650e-01
9.509847164154052734e-01
-2.146753817796707153e-01
7.386072874069213867e-01
6.735944151878356934e-01
4.721778333187103271e-01
-9.423055648803710938e-01
1.811010539531707764e-01
8.029071688652038574e-01
1.745395958423614502e-01
8.501378893852233887e-01
-3.684675395488739014e-01
-5.885916948318481445e-01
9.700309634208679199e-01
8.778795003890991211e-01
-1.644332855939865112e-01
9.746808409690856934e-01
5.626177191734313965e-01
3.315437212586402893e-02
-8.448234200477600098e-01
-2.343303151428699493e-02
9.710471630096435547e-01
9.654660224914550781e-01
2.791617214679718018e-01
-8.644175529479980469e-01
-3.962312340736389160e-01
9.403616189956665039e-01
8.919261097908020020e-01
9.385565519332885742e-01
2.027584761381149292e-01
-9.369102120399475098e-01
9.753734469413757324e-01
5.740632414817810059e-01
2.192501723766326904e-01
-2.102894335985183716e-01
-5.016620159149169922e-01
9.636222720146179199e-01
8.645433783531188965e-01
8.436815142631530762e-01
-6.965403556823730469e-01
9.013423919677734375e-01
-9.484390616416931152e-01
-1.254716236144304276e-02
9.743695855140686035e-01
7.153940796852111816e-01
-7.834405303001403809e-01
8.631559014320373535e-01
1.599065810441970825e-01
6.059391498565673828e-01
6.151860952377319336e-02
9.474462866783142090e-01
-6.197828054428100586e-01
5.546450987458229065e-02
9.493930935859680176e-01
9.970434308052062988e-01
-3.727129399776458740e-01
-8.333566784858703613e-01
7.449731826782226562e-01
9.892975687980651855e-01
-1.823947206139564514e-02
8.830761909484863281e-01
7.141264677047729492e-01
-9.522643685340881348e-01
1.900589913129806519e-01
-1.211496219038963318e-01
9.546440243721008301e-01
5.043651461601257324e-01
-7.579144239425659180e-01
9.626682400703430176e-01
-7.966389060020446777e-01
9.832507371902465820e-01
9.669210910797119141e-01
7.244023084640502930e-01
1.213798224925994873e-01
1.901048272848129272e-01
7.279811501502990723e-01
-9.846543073654174805e-01
4.778955280780792236e-01
-1.205807849764823914e-01
9.371924996376037598e-01
8.221852779388427734e-01
-8.725108504295349121e-01
-2.427744567394256592e-01
8.747110366821289062e-01
9.507228732109069824e-01
-5.525047779083251953e-01
1.526586562395095825e-01
9.499990344047546387e-01
9.052266478538513184e-01
-9.637555480003356934e-01
9.790711998939514160e-01
3.554043769836425781e-01
-2.875140905380249023e-01
8.961921334266662598e-01
1.895616352558135986e-01
1.112297326326370239e-01
-8.567740023136138916e-02
9.554975628852844238e-01
6.843033432960510254e-01
-9.959727525711059570e-01
-6.028043031692504883e-01
9.992032051086425781e-01
9.982854127883911133e-01
9.386382699012756348e-01
-7.090862393379211426e-01
-1.787029206752777100e-01
-5.008940100669860840e-01
9.968487024307250977e-01
8.534390330314636230e-01
9.757161736488342285e-01
4.609877169132232666e-01
4.187041521072387695e-01
-9.647818803787231445e-01
6.370532512664794922e-01
2.142801582813262939e-01
9.797371625900268555e-01
-7.704125046730041504e-01
2.118791639804840088e-01
7.937294840812683105e-01
-5.413964390754699707e-02
5.218656659126281738e-01
-6.891623735427856445e-01
9.456045031547546387e-01
9.165441393852233887e-01
2.740616798400878906e-01
-1.984143704175949097e-01
-1.114761084318161011e-01
-3.884148597717285156e-01
9.465410709381103516e-01
9.884309768676757812e-01
2.376139163970947266e-04
6.979161500930786133e-01
-4.580160975456237793e-02
1.957163214683532715e-01
5.090709328651428223e-01
5.695576667785644531e-01
-7.539264559745788574e-01
-3.792389854788780212e-02
9.735482335090637207e-01
4.998924434185028076e-01
-5.646283030509948730e-01
9.192343354225158691e-01
5.277427434921264648e-01
-6.741961240768432617e-01
7.038328647613525391e-01
7.992845773696899414e-01
-3.431773185729980469e-01
7.562891244888305664e-01
-9.290117025375366211e-01
9.634435772895812988e-01
9.581329822540283203e-01
-5.418250560760498047e-01
9.728535413742065430e-01
-1.002988517284393311e-01
2.299684882164001465e-01
-5.037592649459838867e-01
9.870319366455078125e-01
9.662969112396240234e-01
2.456917166709899902e-01
-7.629318237304687500e-01
9.735993146896362305e-01
5.180822014808654785e-01
8.990741372108459473e-01
-9.765937328338623047e-01
-5.947560667991638184e-01
9.988023638725280762e-01
9.840297698974609375e-01
8.055363893508911133e-01
-7.865012884140014648e-01
6.114938259124755859e-01
2.417307049036026001e-01
-5.244455933570861816e-01
9.862363934516906738e-01
8.574388027191162109e-01
1.363896206021308899e-02
-2.153565287590026855e-01
2.447140961885452271e-01
-3.792275786399841309e-01
9.050605297088623047e-01
9.241361021995544434e-01
-5.952501893043518066e-01
4.326872825622558594e-01
9.088483452796936035e-01
-6.267498135566711426e-01
7.211345434188842773e-01
5.010918378829956055e-01
-8.355336189270019531e-01
9.747103452682495117e-01
9.139622449874877930e-01
-6.288532614707946777e-01
8.701995015144348145e-01
4.417251646518707275e-01
9.413279891014099121e-01
-9.801610112190246582e-01
-5.859059691429138184e-01
9.778960943222045898e-01
9.961881637573242188e-01
6.897819638252258301e-01
-9.292548894882202148e-01
4.793873727321624756e-01
6.755582094192504883e-01
-5.677427053451538086e-01
9.088991880416870117e-01
7.589358687400817871e-01
4.528031125664710999e-02
-3.722320497035980225e-01
8.740288019180297852e-01
6.123656034469604492e-01
-2.918673753738403320e-01
2.361243367195129395e-01
-6.639600992202758789e-01
9.795582890510559082e-01
6.694671511650085449e-01
6.934083700180053711e-01
-7.030133008956909180e-01
1.535088419914245605e-01
9.937539696693420410e-01
7.539107203483581543e-01
-5.028614401817321777e-01
1.290350258350372314e-01
9.306676387786865234e-01
-1.511337310075759888e-01
-1.659846603870391846e-01
9.514593482017517090e-01
6.323983073234558105e-01
5.738657712936401367e-01
-9.285215139389038086e-01
8.099352121353149414e-01
3.501203954219818115e-01
-9.043985605239868164e-01
7.724599242210388184e-01
9.504957199096679688e-01
-8.804401159286499023e-01
9.879085421562194824e-01
8.961384892463684082e-01
6.683113574981689453e-01
-9.573730230331420898e-01
6.244441270828247070e-01
3.969373106956481934e-01
7.470877170562744141e-01
-9.796671867370605469e-01
9.663798660039901733e-02
9.878308773040771484e-01
-1.316337138414382935e-01
9.955731630325317383e-01
-3.583133593201637268e-02
9.402085542678833008e-01
4.210529476404190063e-02
4.011842012405395508e-01
-9.031238555908203125e-01
8.403828740119934082e-01
3.342425525188446045e-01
-3.745573014020919800e-02
3.103246986865997314e-01
5.790203809738159180e-01
8.264602422714233398e-01
-5.901139229536056519e-02
4.109776616096496582e-01
-2.898793220520019531e-01
8.524610996246337891e-01
-1.742276102304458618e-01
2.944672703742980957e-01
1.067984253168106079e-01
-1.359742507338523865e-02
9.520045518875122070e-01
-4.128787815570831299e-01
9.970018863677978516e-01
-6.547315120697021484e-01
9.872354865074157715e-01
7.619220018386840820e-01
3.503135144710540771e-01
-5.531392097473144531e-01
9.277543425559997559e-01
-7.449876070022583008e-01
8.957553505897521973e-01
8.085640668869018555e-01
-8.385432362556457520e-01
9.113357663154602051e-01
-8.322008848190307617e-01
9.990213513374328613e-01
5.907523036003112793e-01
9.232689738273620605e-01
-3.787449896335601807e-01
8.393068909645080566e-01
-9.642327427864074707e-01
8.716040849685668945e-01
9.023356437683105469e-01
4.250392317771911621e-01
-9.333787560462951660e-01
4.713277518749237061e-01
7.304152250289916992e-01
-6.998571753501892090e-01
9.842279553413391113e-01
7.408552765846252441e-01
4.310761392116546631e-01
-8.124322891235351562e-01
-8.744783997535705566e-01
9.985142350196838379e-01
9.972940087318420410e-01
9.247130751609802246e-01
6.942185759544372559e-01
-1.804694235324859619e-01
-3.496072292327880859e-01
3.385816812515258789e-01
7.613551020622253418e-01
8.771960437297821045e-02
6.993827223777770996e-01
-8.331834077835083008e-01
8.723685741424560547e-01
7.984425425529479980e-01
3.503289520740509033e-01
-8.965538740158081055e-01
6.649674773216247559e-01
7.537955045700073242e-01
-2.812859416007995605e-01
4.272556900978088379e-01
8.374045789241790771e-02
4.908125102519989014e-01
-8.834221363067626953e-01
9.618284702301025391e-01
8.415062427520751953e-01
4.323846995830535889e-01
-8.614217042922973633e-01
9.908392429351806641e-01
8.001672029495239258e-01
1.871580444276332855e-02
3.627925813198089600e-01
7.213866710662841797e-02
5.778164267539978027e-01
-3.588149845600128174e-01
3.018015325069427490e-01
7.261862754821777344e-01
-6.485049128532409668e-01
9.895535111427307129e-01
4.179447591304779053e-01
1.954128444194793701e-01
8.111302256584167480e-01
-9.529693126678466797e-01
8.411495685577392578e-01
9.025971889495849609e-01
-5.766430869698524475e-02
2.933899462223052979e-01
-7.361262440681457520e-01
-2.022922486066818237e-01
9.992247819900512695e-01
9.560589194297790527e-01
-6.971530914306640625e-01
8.833732008934020996e-01
-2.003804892301559448e-01
8.566782474517822266e-01
7.267355918884277344e-01
4.145358800888061523e-01
5.537259951233863831e-02
8.851749300956726074e-01
-9.153731465339660645e-01
4.334604442119598389e-01
2.394995540380477905e-01
9.026449918746948242e-01
-9.029667973518371582e-01
9.521523118019104004e-01
-1.095785498619079590e-01
6.259718537330627441e-01
-3.596513569355010986e-01
9.934186339378356934e-01
9.090583324432373047e-01
-7.740127444267272949e-01
6.342489123344421387e-01
-2.722847759723663330e-01
9.670389294624328613e-01
1.651374995708465576e-01
-5.910100936889648438e-01
4.459828436374664307e-01
9.398338794708251953e-01
-2.041851580142974854e-01
9.634223580360412598e-01
5.002716779708862305e-01
-3.751367330551147461e-01
4.227558970451354980e-01
9.050584435462951660e-01
