-9.972568750381469727e-01
-9.532378911972045898e-01
-9.969655275344848633e-01
-9.979417920112609863e-01
-9.955818057060241699e-01
-9.887630939483642578e-01
-9.447786808013916016e-01
-9.229004979133605957e-01
-8.467683792114257812e-01
-8.735498785972595215e-01
-8.780286312103271484e-01
-9.108518958091735840e-01
-8.298835158348083496e-01
-5.340471863746643066e-01
3.127804994583129883e-01
1.870296299457550049e-01
-9.878138899803161621e-01
-9.967429637908935547e-01
-9.867696762084960938e-01
-9.941682219505310059e-01
-9.994249343872070312e-01
-9.978219270706176758e-01
-9.981505870819091797e-01
-9.894047975540161133e-01
-9.983538389205932617e-01
-9.955202937126159668e-01
-9.972591400146484375e-01
-9.933321475982666016e-01
-9.974021911621093750e-01
-9.962943196296691895e-01
-9.943922758102416992e-01
-9.849076271057128906e-01
-9.931200742721557617e-01
-9.937289953231811523e-01
-9.910170435905456543e-01
-9.909479618072509766e-01
-9.887337684631347656e-01
-9.905067086219787598e-01
-9.927749037742614746e-01
-9.935486316680908203e-01
-9.979598522186279297e-01
-9.947717785835266113e-01
-9.983049631118774414e-01
-9.990077018737792969e-01
6.792993545532226562e-01
8.568839430809020996e-01
9.144514203071594238e-01
5.232487916946411133e-01
-7.449884414672851562e-01
-9.999517798423767090e-01
-9.996341466903686523e-01
-9.997683763504028320e-01
-9.991044998168945312e-01
-9.998267889022827148e-01
-9.979987144470214844e-01
-9.986541271209716797e-01
-9.959030151367187500e-01
-9.865818619728088379e-01
-8.589623570442199707e-01
-7.869463562965393066e-01
-7.534708976745605469e-01
-8.187891542911529541e-02
9.760956764221191406e-01
5.450769066810607910e-01
-2.390042394399642944e-01
-9.538204669952392578e-01
-9.658119082450866699e-01
-9.863770008087158203e-01
-9.820474386215209961e-01
-8.695507645606994629e-01
-6.297248005867004395e-01
7.231217026710510254e-01
4.904618561267852783e-01
3.442123234272003174e-01
-3.527207672595977783e-01
-9.591035842895507812e-01
-9.661532640457153320e-01
-9.836826920509338379e-01
-9.943735599517822266e-01
-8.621911406517028809e-01
-6.394069790840148926e-01
5.174472332000732422e-01
7.794194817543029785e-01
-9.782866574823856354e-03
-6.402647495269775391e-01
-9.812108278274536133e-01
-9.926496744155883789e-01
-9.962878227233886719e-01
-9.293129444122314453e-01
-4.106039702892303467e-01
6.933064460754394531e-01
7.416108846664428711e-01
-3.303472697734832764e-01
-9.158878326416015625e-01
-9.899249672889709473e-01
-9.962695240974426270e-01
-9.927261471748352051e-01
-9.342558979988098145e-01
-7.662336826324462891e-01
-9.345259517431259155e-03
9.345009922981262207e-01
7.180770635604858398e-01
-9.307814240455627441e-01
-9.760447144508361816e-01
-9.888510704040527344e-01
-9.985683560371398926e-01
-9.925335645675659180e-01
-9.137902259826660156e-01
-7.266566157341003418e-01
-7.310696691274642944e-02
9.175928831100463867e-01
-2.056320011615753174e-01
-9.266453981399536133e-01
-9.120463132858276367e-01
-9.907791614532470703e-01
-9.976898431777954102e-01
-9.798094034194946289e-01
-9.568756818771362305e-01
-9.083678126335144043e-01
-6.018144488334655762e-01
4.606822729110717773e-01
1.148662865161895752e-01
-8.383477330207824707e-01
-9.122138023376464844e-01
-8.904829025268554688e-01
-9.951103925704956055e-01
-9.947737455368041992e-01
-9.487919211387634277e-01
-9.653174877166748047e-01
-9.652830958366394043e-01
-9.210725426673889160e-01
-8.501979708671569824e-01
-6.140266060829162598e-01
-1.295854151248931885e-01
-3.965441882610321045e-01
-8.365213274955749512e-01
-9.842097163200378418e-01
-9.985712766647338867e-01
-9.989231824874877930e-01
-9.981980919837951660e-01
-9.969410300254821777e-01
-9.926539063453674316e-01
-9.987818598747253418e-01
-9.876768589019775391e-01
-9.910058379173278809e-01
-9.952284097671508789e-01
-9.916615486145019531e-01
-9.902268648147583008e-01
-9.923968315124511719e-01
-9.953795671463012695e-01
-9.963682293891906738e-01
-9.955445528030395508e-01
-9.909937381744384766e-01
-9.931312799453735352e-01
-9.988261461257934570e-01
-9.938623905181884766e-01
-9.992418289184570312e-01
-9.991861581802368164e-01
8.637427687644958496e-01
7.465543746948242188e-01
6.935634613037109375e-01
6.788842082023620605e-01
-5.840426087379455566e-01
-9.999843835830688477e-01
-9.999062418937683105e-01
-9.999274611473083496e-01
-9.999242424964904785e-01
-9.996098875999450684e-01
-9.988121390342712402e-01
-9.957982897758483887e-01
-9.890790581703186035e-01
-9.926779270172119141e-01
-9.457926154136657715e-01
-9.244514703750610352e-01
-7.363240122795104980e-01
5.406697988510131836e-01
9.364590644836425781e-01
-1.371700912714004517e-01
-3.472113907337188721e-01
-9.717211723327636719e-01
-9.142438769340515137e-01
-9.783716797828674316e-01
-9.413519501686096191e-01
-7.637768983840942383e-01
-7.952459156513214111e-02
9.567438364028930664e-01
1.261997520923614502e-01
-6.455096602439880371e-01
-9.478321671485900879e-01
-9.893160462379455566e-01
-9.891158342361450195e-01
-9.684761762619018555e-01
-7.123549580574035645e-01
8.309366106986999512e-01
7.571030259132385254e-01
-4.544153213500976562e-01
-7.841786742210388184e-01
-9.728719592094421387e-01
-9.984030723571777344e-01
-9.709793329238891602e-01
-8.111084699630737305e-01
-2.127364277839660645e-01
9.641362428665161133e-01
2.001850754022598267e-01
-4.582703858613967896e-02
-9.196200966835021973e-01
-9.901525378227233887e-01
-9.951729774475097656e-01
-9.834767580032348633e-01
-9.358939528465270996e-01
-9.246641993522644043e-01
-5.950579643249511719e-01
8.992201685905456543e-01
5.386142730712890625e-01
-4.757678508758544922e-01
-9.719561338424682617e-01
-7.958328723907470703e-01
-9.815394878387451172e-01
-9.941821098327636719e-01
-9.447546005249023438e-01
-8.849480152130126953e-01
-7.735857963562011719e-01
-4.934150353074073792e-02
8.709495663642883301e-01
3.566358983516693115e-01
-9.419711828231811523e-01
-9.891120791435241699e-01
-9.806063771247863770e-01
-9.992408752441406250e-01
-9.930866360664367676e-01
-9.570665359497070312e-01
-8.970788717269897461e-01
-4.565396010875701904e-01
7.831449508666992188e-01
1.682080626487731934e-01
-5.878062844276428223e-01
-9.954832792282104492e-01
-9.641188979148864746e-01
-9.914661049842834473e-01
-9.986265897750854492e-01
-9.878067374229431152e-01
-9.623337388038635254e-01
-9.525294899940490723e-01
-9.237402677536010742e-01
-8.693479895591735840e-01
-8.153575658798217773e-01
-2.564174234867095947e-01
8.788759112358093262e-01
6.150311976671218872e-02
-9.632377624511718750e-01
-9.985563158988952637e-01
-9.920371174812316895e-01
-9.906838536262512207e-01
-9.984183311462402344e-01
-9.905413389205932617e-01
-9.900537133216857910e-01
-9.174054265022277832e-01
-9.388923645019531250e-01
-9.866453409194946289e-01
-9.858738183975219727e-01
-9.785967469215393066e-01
-9.572180509567260742e-01
-9.792558550834655762e-01
-9.560761451721191406e-01
-9.055007696151733398e-01
-9.031198620796203613e-01
-8.600540757179260254e-01
-9.490931034088134766e-01
-9.592458605766296387e-01
-9.884748458862304688e-01
-9.807080626487731934e-01
-9.901384711265563965e-01
-9.944961071014404297e-01
-9.938717484474182129e-01
-9.981266260147094727e-01
-9.954552054405212402e-01
-9.978898763656616211e-01
6.265127658843994141e-01
9.207559227943420410e-01
9.370192885398864746e-01
2.617039978504180908e-01
-9.829580783843994141e-01
-9.998936653137207031e-01
-9.902153015136718750e-01
-9.998538494110107422e-01
-9.998471140861511230e-01
-9.995536804199218750e-01
-9.967383146286010742e-01
-9.957575798034667969e-01
-9.937449693679809570e-01
-9.769299030303955078e-01
-9.423411488533020020e-01
-9.283504486083984375e-01
-8.157582283020019531e-01
-7.488698512315750122e-02
9.305698871612548828e-01
2.064976990222930908e-01
-1.864229589700698853e-01
-6.622336506843566895e-01
-9.826117157936096191e-01
-9.962931275367736816e-01
-9.887503385543823242e-01
-9.555271863937377930e-01
-8.383949398994445801e-01
-7.468874454498291016e-01
3.787805438041687012e-01
8.799063563346862793e-01
6.131135225296020508e-01
-2.174871414899826050e-01
-9.927279353141784668e-01
-9.930859208106994629e-01
-9.877646565437316895e-01
-9.894049167633056641e-01
-9.790809750556945801e-01
-8.896151781082153320e-01
-5.832833051681518555e-01
8.373371362686157227e-01
5.073703527450561523e-01
-1.562130730599164963e-02
-9.096809029579162598e-01
-9.757196307182312012e-01
-9.972869753837585449e-01
-9.973515868186950684e-01
-9.676598906517028809e-01
-8.921323418617248535e-01
-6.903029680252075195e-01
4.804202020168304443e-01
9.397369623184204102e-01
-4.324151575565338135e-01
-9.592636823654174805e-01
-9.368777275085449219e-01
-9.952542185783386230e-01
-9.617296457290649414e-01
-9.586274027824401855e-01
-6.942486763000488281e-01
1.143466010689735413e-01
8.257392048835754395e-01
-9.263558387756347656e-01
-8.581721186637878418e-01
-9.152997732162475586e-01
-9.873919486999511719e-01
-9.875763058662414551e-01
-9.455427527427673340e-01
-7.047036886215209961e-01
-4.779673218727111816e-01
3.301268517971038818e-01
-4.242848753929138184e-01
-8.490984439849853516e-01
-8.955070376396179199e-01
-9.978039264678955078e-01
-9.922541379928588867e-01
-9.944752454757690430e-01
-9.858247041702270508e-01
-9.848344922065734863e-01
-9.039860963821411133e-01
-8.704736828804016113e-01
-9.173067212104797363e-01
-9.625731706619262695e-01
-9.478446841239929199e-01
-9.159132838249206543e-01
-9.042557477951049805e-01
-7.140753269195556641e-01
-9.163228273391723633e-01
-9.840308427810668945e-01
-9.917588233947753906e-01
-9.927943944931030273e-01
-9.909194707870483398e-01
-9.918208718299865723e-01
-9.979054331779479980e-01
-9.975124001502990723e-01
-9.986993074417114258e-01
8.132313489913940430e-01
8.748483061790466309e-01
8.271979689598083496e-01
5.373612046241760254e-01
-9.188210964202880859e-01
-9.999142885208129883e-01
-9.923124313354492188e-01
-9.998654127120971680e-01
-9.998357295989990234e-01
-9.996610879898071289e-01
-9.951035976409912109e-01
-9.980283975601196289e-01
-9.891607761383056641e-01
-9.284061789512634277e-01
-9.880513548851013184e-01
-8.983734846115112305e-01
-7.105050086975097656e-01
7.796390652656555176e-01
6.301781535148620605e-01
6.181362271308898926e-01
-5.568525791168212891e-01
-9.756065607070922852e-01
-9.807004332542419434e-01
-9.905475378036499023e-01
-9.820658564567565918e-01
-9.576691389083862305e-01
-8.106347918510437012e-01
-8.909969776868820190e-02
9.329248070716857910e-01
3.675245642662048340e-01
-3.581038713455200195e-01
-9.574570655822753906e-01
-9.786974191665649414e-01
-9.873147010803222656e-01
-9.410143494606018066e-01
-8.799795508384704590e-01
-2.626683413982391357e-01
9.234190583229064941e-01
5.282784104347229004e-01
-2.929400503635406494e-01
-9.419316053390502930e-01
-9.561718106269836426e-01
-9.896591901779174805e-01
-9.755768775939941406e-01
-9.387236237525939941e-01
-8.081253170967102051e-01
-2.236051708459854126e-01
8.917748928070068359e-01
-1.799032539129257202e-01
-4.282336533069610596e-01
-6.580611467361450195e-01
-9.948316216468811035e-01
-9.860010743141174316e-01
-9.937940239906311035e-01
-9.049332737922668457e-01
-9.301103949546813965e-01
-5.473975539207458496e-01
8.257691264152526855e-01
5.945612192153930664e-01
-8.990707397460937500e-01
-9.793302416801452637e-01
-9.165165424346923828e-01
-9.978511333465576172e-01
-9.927740097045898438e-01
-8.931114077568054199e-01
-6.735199093818664551e-01
2.685648798942565918e-01
1.239823177456855774e-01
-8.090596199035644531e-01
-9.721263051033020020e-01
-9.619907140731811523e-01
-9.988000988960266113e-01
-9.946236610412597656e-01
-9.199784994125366211e-01
-9.370186328887939453e-01
-9.441878199577331543e-01
-9.541513919830322266e-01
-9.488494396209716797e-01
-9.562857151031494141e-01
-9.416827559471130371e-01
-5.965617299079895020e-01
6.660650968551635742e-01
2.588368356227874756e-01
-9.717920422554016113e-01
-9.993261098861694336e-01
-9.990180134773254395e-01
-8.590118885040283203e-01
-9.950847625732421875e-01
-9.961330890655517578e-01
-9.882819652557373047e-01
-9.882559180259704590e-01
-9.952577352523803711e-01
-9.990593791007995605e-01
-9.984989762306213379e-01
-9.985570907592773438e-01
-9.938316345214843750e-01
-9.983770251274108887e-01
-9.973030090332031250e-01
-9.940529465675354004e-01
-9.963138103485107422e-01
-9.925242662429809570e-01
-9.948066473007202148e-01
-9.911453723907470703e-01
-9.945735931396484375e-01
-9.933732151985168457e-01
-9.960317015647888184e-01
-9.933527708053588867e-01
-9.965427517890930176e-01
-9.985730648040771484e-01
-9.989339709281921387e-01
-9.987227916717529297e-01
-9.984290003776550293e-01
5.836853981018066406e-01
7.925584316253662109e-01
8.549664616584777832e-01
5.310780405998229980e-01
-9.037972688674926758e-01
-9.995679259300231934e-01
-9.817941188812255859e-01
-9.990909099578857422e-01
-9.997639656066894531e-01
-9.988552927970886230e-01
-9.994312524795532227e-01
-9.900711774826049805e-01
-9.923061132431030273e-01
-9.959976673126220703e-01
-9.369870424270629883e-01
-7.778756022453308105e-01
-1.400919556617736816e-01
9.483675956726074219e-01
7.712181210517883301e-01
-2.839033901691436768e-01
-9.741181135177612305e-01
-9.773297309875488281e-01
-9.745204448699951172e-01
-9.856158494949340820e-01
-9.252801537513732910e-01
-7.259142398834228516e-01
9.625550359487533569e-02
9.636054635047912598e-01
-4.004176259040832520e-01
