-9.897089004516601562e-01
-6.915336847305297852e-01
3.805703520774841309e-01
3.541117906570434570e-01
8.034805655479431152e-01
7.607742547988891602e-01
3.355561196804046631e-01
-5.093128681182861328e-01
8.143063187599182129e-01
9.390681982040405273e-01
9.864326119422912598e-01
-4.472057521343231201e-01
9.284376502037048340e-01
-6.734775900840759277e-01
8.914893865585327148e-01
-7.719950079917907715e-01
-6.059448122978210449e-01
-2.346145957708358765e-01
9.915804266929626465e-01
-9.559419751167297363e-01
-1.192351281642913818e-01
8.478217124938964844e-01
1.354815214872360229e-01
6.935898065567016602e-01
-7.300223708152770996e-01
-5.567730665206909180e-01
-6.620784401893615723e-01
8.253599405288696289e-01
-2.088076248764991760e-02
6.243951991200447083e-02
6.742662787437438965e-01
3.600233495235443115e-01
-6.083502769470214844e-01
-9.562786221504211426e-01
-2.081095725297927856e-01
8.579081892967224121e-01
8.961302638053894043e-01
9.171828627586364746e-01
4.958797097206115723e-01
-5.415682196617126465e-01
-9.890514016151428223e-01
-8.196216821670532227e-01
6.211431622505187988e-01
-8.713437318801879883e-01
-7.663032412528991699e-01
-5.769984126091003418e-01
2.088647931814193726e-01
-8.932402133941650391e-01
-9.413167238235473633e-01
2.188547253608703613e-01
1.149883195757865906e-01
-6.929941773414611816e-01
-2.517395615577697754e-01
-5.227242037653923035e-02
-7.126675248146057129e-01
-6.923010945320129395e-02
4.284741729497909546e-02
7.585790753364562988e-01
-5.883884429931640625e-01
-8.652163743972778320e-01
-8.414328098297119141e-01
-5.434285998344421387e-01
-5.327002406120300293e-01
-9.597395062446594238e-01
3.541452288627624512e-01
6.372492909431457520e-01
4.703017771244049072e-01
1.842059642076492310e-01
8.604074716567993164e-01
-2.837095260620117188e-01
-8.561155758798122406e-03
-2.760289907455444336e-01
-2.950359582901000977e-01
-8.908709883689880371e-01
-9.256318807601928711e-01
5.114996060729026794e-02
3.068557977676391602e-01
-8.626136183738708496e-01
4.351512789726257324e-01
8.234267830848693848e-01
6.008839607238769531e-01
-1.254133433103561401e-01
9.762749075889587402e-01
8.240857124328613281e-01
1.496889740228652954e-01
9.667686223983764648e-01
-7.716556787490844727e-01
5.860012397170066833e-02
3.846325576305389404e-01
8.988634943962097168e-01
1.436708718538284302e-01
-1.952784657478332520e-01
8.873236775398254395e-01
-5.101516097784042358e-02
2.629476189613342285e-01
6.962390542030334473e-01
-5.263761281967163086e-01
1.682910025119781494e-01
-1.639849692583084106e-01
-7.822979092597961426e-01
9.145712256431579590e-01
7.991315126419067383e-01
8.914009332656860352e-01
1.746279150247573853e-01
-4.865213930606842041e-01
-9.085722565650939941e-01
-1.637078672647476196e-01
2.114695012569427490e-01
-7.546381950378417969e-01
-6.755901575088500977e-01
6.272575855255126953e-01
5.293151736259460449e-01
-9.776648283004760742e-01
-2.665850520133972168e-01
7.555337548255920410e-01
7.916043996810913086e-01
-2.630919218063354492e-01
5.701786279678344727e-01
9.500148892402648926e-01
8.635188937187194824e-01
4.757944345474243164e-01
7.783211469650268555e-01
-5.509758591651916504e-01
-5.399569272994995117e-01
8.063557147979736328e-01
3.178418278694152832e-01
-3.259859979152679443e-01
8.609517216682434082e-01
-9.006561040878295898e-01
-9.736187458038330078e-01
-8.025485873222351074e-01
1.998257040977478027e-01
6.850733608007431030e-02
-4.614917188882827759e-02
5.978017449378967285e-01
-3.086084425449371338e-01
-1.132992506027221680e-01
-8.413144946098327637e-01
7.407917976379394531e-01
9.088317155838012695e-01
5.368263721466064453e-01
-1.719619706273078918e-02
-2.153905630111694336e-01
6.885205507278442383e-01
9.468444585800170898e-01
2.720860838890075684e-01
1.550087779760360718e-01
-1.416692286729812622e-01
-8.023223280906677246e-01
-6.012434959411621094e-01
3.413999378681182861e-01
8.051103949546813965e-01
-8.294961452484130859e-01
-2.116980701684951782e-01
-8.080564141273498535e-01
-7.422437071800231934e-01
-7.073738574981689453e-01
5.235502868890762329e-02
-2.439765632152557373e-01
2.453123927116394043e-01
4.994945526123046875e-01
9.316019415855407715e-01
7.454722523689270020e-01
-8.045411109924316406e-01
-7.266448140144348145e-01
5.793302655220031738e-01
-2.725872099399566650e-01
-6.903682351112365723e-01
4.350219964981079102e-01
5.454631447792053223e-01
-3.812327980995178223e-01
1.008283942937850952e-01
9.169001579284667969e-01
9.493985176086425781e-01
-6.143993735313415527e-01
1.273990422487258911e-01
3.198596537113189697e-01
5.634102225303649902e-01
7.003093361854553223e-01
7.265883684158325195e-01
-5.236234068870544434e-01
-7.043126225471496582e-01
7.926496267318725586e-01
-8.961032032966613770e-01
5.332798361778259277e-01
7.896960973739624023e-01
-5.567255020141601562e-01
-6.603377461433410645e-01
-9.832406044006347656e-01
-8.837338089942932129e-01
-5.276781916618347168e-01
-9.533167481422424316e-01
5.442495346069335938e-01
-8.270018547773361206e-02
-1.397756338119506836e-01
4.066693484783172607e-01
5.485555529594421387e-01
7.192562818527221680e-01
-5.804221034049987793e-01
-4.792493954300880432e-02
-2.171970158815383911e-01
1.436789333820343018e-01
-3.289103806018829346e-01
-6.419020891189575195e-01
-7.421152591705322266e-01
8.874771595001220703e-01
-9.515793323516845703e-01
9.389516781084239483e-04
5.398632884025573730e-01
8.342316746711730957e-01
-2.952114641666412354e-01
-9.247061610221862793e-01
5.325314998626708984e-01
9.029178023338317871e-01
9.757835865020751953e-01
-1.690741777420043945e-01
-8.887671232223510742e-01
4.147003293037414551e-01
2.221574336290359497e-01
4.306376278400421143e-01
3.928748965263366699e-01
9.574162364006042480e-01
9.496172666549682617e-01
-2.106111943721771240e-01
-9.461989402770996094e-01
-9.616546034812927246e-01
-7.810634970664978027e-01
-8.728011846542358398e-01
4.291546940803527832e-01
5.557121634483337402e-01
-3.398914337158203125e-01
8.989674448966979980e-01
8.827780485153198242e-01
1.350521445274353027e-01
6.149969696998596191e-01
-8.225400447845458984e-01
8.801121711730957031e-01
-4.238171875476837158e-01
-7.125192880630493164e-01
-6.589444279670715332e-01
-4.420521855354309082e-01
-9.188054800033569336e-01
2.790913879871368408e-01
7.720140814781188965e-01
8.291655182838439941e-01
9.550771117210388184e-01
-1.584607958793640137e-01
9.622201323509216309e-01
3.988242745399475098e-01
6.847792863845825195e-01
-9.324618577957153320e-01
6.531410217285156250e-01
6.680623888969421387e-01
-8.196735382080078125e-01
-9.585116505622863770e-01
-9.329121708869934082e-01
9.682802557945251465e-01
-3.947864174842834473e-01
7.862433195114135742e-01
3.100890815258026123e-01
1.180066093802452087e-01
-1.399360448122024536e-01
-9.077192544937133789e-01
-7.563983201980590820e-01
-5.903297662734985352e-01
-7.918286323547363281e-01
-9.139556288719177246e-01
-6.398570537567138672e-01
9.544641971588134766e-01
9.628647565841674805e-01
-9.023021459579467773e-01
4.868298768997192383e-01
-2.437866777181625366e-01
8.470068573951721191e-01
7.702283263206481934e-01
8.352205157279968262e-01
9.475464224815368652e-01
6.402304172515869141e-01
6.036634445190429688e-01
-2.758052349090576172e-01
-9.737993478775024414e-01
-5.744994878768920898e-01
-4.805597960948944092e-01
-8.284002542495727539e-01
-2.573800981044769287e-01
-5.434222817420959473e-01
3.954076170921325684e-01
1.704516559839248657e-01
5.297886729240417480e-01
4.510900080204010010e-01
-4.249843657016754150e-01
-9.885391592979431152e-02
-2.311567664146423340e-01
-8.031573295593261719e-01
5.398102402687072754e-01
5.598263740539550781e-01
-2.469139695167541504e-01
6.375941634178161621e-01
-3.040687739849090576e-01
-5.124498903751373291e-02
7.790138572454452515e-02
-9.075031280517578125e-01
1.647772192955017090e-01
9.533738493919372559e-01
9.320449233055114746e-01
3.724427521228790283e-01
2.921405732631683350e-01
9.234864711761474609e-01
-8.845391869544982910e-01
-4.808777272701263428e-01
9.060334563255310059e-01
5.746989846229553223e-01
2.405702769756317139e-01
-2.959969043731689453e-01
4.874660167843103409e-03
2.777883112430572510e-01
-2.500239312648773193e-01
2.559105306863784790e-02
-8.582421541213989258e-01
-7.328193187713623047e-01
5.263302326202392578e-01
8.434927463531494141e-01
-2.207379490137100220e-01
8.625425696372985840e-01
-6.610354185104370117e-01
-2.395263612270355225e-01
3.557281494140625000e-01
-6.235168576240539551e-01
-6.148774027824401855e-01
6.238583326339721680e-01
9.728325605392456055e-01
3.216954469680786133e-01
-3.470375835895538330e-01
6.959708034992218018e-02
-4.956830739974975586e-01
4.157206118106842041e-01
5.910362675786018372e-02
-3.513976186513900757e-02
-8.639111518859863281e-01
3.682176470756530762e-01
-3.144136369228363037e-01
-9.582878351211547852e-01
-4.038536921143531799e-02
2.473190128803253174e-01
-4.246686995029449463e-01
-6.466861367225646973e-01
-5.266910791397094727e-01
-1.591198146343231201e-01
7.825003266334533691e-01
9.454289674758911133e-01
6.983489990234375000e-01
-8.869445323944091797e-02
3.759227320551872253e-02
-7.460030317306518555e-01
-5.180268883705139160e-01
-5.794844031333923340e-01
-8.674051165580749512e-01
8.246453404426574707e-01
-1.382084190845489502e-01
-9.571117758750915527e-01
-8.835446238517761230e-01
-8.916001915931701660e-01
-8.860260844230651855e-01
5.920958518981933594e-01
2.387602776288986206e-01
-9.192200303077697754e-01
7.732413411140441895e-01
-9.279423356056213379e-01
-5.557906031608581543e-01
5.053960680961608887e-01
-1.362112164497375488e-01
-4.801357686519622803e-01
9.256656169891357422e-01
6.188354492187500000e-01
9.147422909736633301e-01
8.713331818580627441e-01
6.296754479408264160e-01
-8.664112091064453125e-01
8.449064493179321289e-01
-6.735274791717529297e-01
5.493032559752464294e-02
-9.629071950912475586e-01
-2.857451327145099640e-02
-6.013495326042175293e-01
8.866342306137084961e-01
-2.616765201091766357e-01
3.037059009075164795e-01
6.425765156745910645e-01
3.841520845890045166e-01
1.934955269098281860e-01
-8.977416753768920898e-01
5.503725409507751465e-01
9.889844655990600586e-01
-1.558469701558351517e-02
-4.516055881977081299e-01
1.505609750747680664e-01
-7.647167444229125977e-01
-6.190348267555236816e-01
1.122917700558900833e-02
-4.060578644275665283e-01
3.353907167911529541e-01
8.881140947341918945e-01
3.124774098396301270e-01
4.274158924818038940e-02
-9.375114440917968750e-01
7.713576555252075195e-01
9.705871939659118652e-01
-5.488140583038330078e-01
2.198888063430786133e-01
9.298486113548278809e-01
3.920854032039642334e-01
-2.581794559955596924e-01
-8.645632863044738770e-01
8.972828984260559082e-01
1.195879206061363220e-01
-4.938056468963623047e-01
-8.114089369773864746e-01
-6.526023745536804199e-01
4.110869020223617554e-02
6.997243165969848633e-01
5.629774332046508789e-01
-2.450973838567733765e-01
7.387650012969970703e-01
-8.075441718101501465e-01
-8.358694911003112793e-01
-4.691266268491744995e-02
9.026885628700256348e-01
9.301565885543823242e-01
1.443775445222854614e-01
8.242403864860534668e-01
9.431232213973999023e-01
-9.080197811126708984e-01
1.614113599061965942e-01
6.088915467262268066e-02
3.234067186713218689e-02
-7.774704694747924805e-01
-9.871550202369689941e-01
-4.930131435394287109e-01
-2.481202632188796997e-01
-8.009013533592224121e-01
-8.775818943977355957e-01
-2.889089882373809814e-01
7.949209809303283691e-01
4.965046346187591553e-01
-8.001300096511840820e-01
-9.008537530899047852e-01
-8.445276618003845215e-01
1.194655820727348328e-01
-3.841124176979064941e-01
-2.096184194087982178e-01
5.043843984603881836e-01
7.355458140373229980e-01
-5.679973959922790527e-01
-8.820539116859436035e-01
-9.888172745704650879e-01
-4.969068244099617004e-02
-6.733817458152770996e-01
-8.404452204704284668e-01
-8.588299751281738281e-01
-8.399918675422668457e-01
-3.897020816802978516e-01
-7.101044058799743652e-01
6.430203318595886230e-01
8.902851343154907227e-01
2.807829678058624268e-01
3.695182204246520996e-01
-3.364256918430328369e-01
-7.666003704071044922e-01
4.772355854511260986e-01
8.061460852622985840e-01
-3.017737567424774170e-01
-1.211470514535903931e-01
2.616256177425384521e-01
-3.800660669803619385e-01
3.850403130054473877e-01
4.951294362545013428e-01
-9.182760119438171387e-01
2.731525301933288574e-01
-2.862690687179565430e-01
-2.103694826364517212e-01
-1.653986275196075439e-01
6.543737649917602539e-01
-3.050606548786163330e-01
9.991756677627563477e-01
-6.826440095901489258e-01
1.649913042783737183e-01
-6.485170722007751465e-01
7.100214958190917969e-01
4.367880821228027344e-01
7.776500582695007324e-01
3.090660572052001953e-01
4.712191596627235413e-02
2.835279107093811035e-01
-9.282667636871337891e-01
5.414053797721862793e-01
6.586670279502868652e-01
8.565985560417175293e-01
9.922884702682495117e-01
7.343118190765380859e-01
8.047719299793243408e-02
-8.480962514877319336e-01
-5.821993947029113770e-01
7.183630019426345825e-02
-5.939525365829467773e-02
9.599218964576721191e-01
9.276724457740783691e-01
2.102066576480865479e-01
8.074402809143066406e-01
-1.602551639080047607e-01
-4.878902435302734375e-01
-8.184265494346618652e-01
-2.696279883384704590e-01
