9.100458145141601562e+00
-8.484008026123046875e+01
-7.099401092529296875e+01
5.457614135742187500e+01
-6.123265457153320312e+01
9.191051483154296875e+01
2.697239303588867188e+01
-9.031314849853515625e+00
2.377594757080078125e+01
7.090805816650390625e+01
-1.234790611267089844e+01
-8.817889404296875000e+01
8.316487884521484375e+01
3.290857315063476562e+01
7.734313964843750000e+01
6.839869689941406250e+01
-1.923895645141601562e+01
2.165792083740234375e+01
1.311000251770019531e+01
3.041299819946289062e+01
-4.131495666503906250e+01
-1.504152393341064453e+01
6.588520050048828125e+01
2.489143371582031250e+00
-9.686386871337890625e+01
-5.325857543945312500e+01
8.780551910400390625e+01
2.609183120727539062e+01
-7.068554687500000000e+01
-8.060382080078125000e+01
3.494410324096679688e+01
-7.559877777099609375e+01
-4.202684402465820312e+00
-1.726695060729980469e+01
-8.982881927490234375e+01
1.568887424468994141e+01
-8.495416259765625000e+01
-9.751619720458984375e+01
-8.073611450195312500e+01
-5.315712738037109375e+01
6.847793579101562500e+01
2.435267829895019531e+01
-9.162667846679687500e+01
4.044259548187255859e+00
-5.429026031494140625e+01
-7.040499114990234375e+01
-5.068073272705078125e+01
-9.054876708984375000e+01
7.829464721679687500e+01
-8.540479278564453125e+01
-8.925153350830078125e+01
-8.699977111816406250e+01
8.263475036621093750e+01
-3.850362777709960938e+01
-8.298136901855468750e+01
1.845924949645996094e+01
1.576029396057128906e+01
2.196750259399414062e+01
-8.906345367431640625e+01
-9.688836669921875000e+01
-6.622817230224609375e+01
-9.834468841552734375e+00
9.066016387939453125e+01
5.690365982055664062e+01
-3.594557952880859375e+01
-9.293159484863281250e+01
7.046188354492187500e+01
-7.520644378662109375e+01
-7.783018493652343750e+01
4.297125244140625000e+01
9.083672332763671875e+01
9.456008911132812500e+01
-3.667366790771484375e+01
-8.365516662597656250e+01
-8.305997467041015625e+01
-8.665549468994140625e+01
-9.457135009765625000e+01
7.395405578613281250e+01
8.390607452392578125e+01
7.188188934326171875e+01
3.149873352050781250e+01
9.274143218994140625e+01
4.382091140747070312e+01
-3.971753311157226562e+01
9.092027282714843750e+01
9.584453701972961426e-01
-8.948409271240234375e+01
-6.403418731689453125e+01
9.933937072753906250e+01
2.318180465698242188e+01
-6.271975708007812500e+01
9.302677917480468750e+01
-9.320503234863281250e+01
-8.816056823730468750e+01
3.243280172348022461e+00
4.885985183715820312e+01
-1.908185577392578125e+01
-6.843672180175781250e+01
8.295967102050781250e+01
8.114703369140625000e+01
-7.200017547607421875e+01
4.353023529052734375e+00
8.818336486816406250e+01
-3.583416748046875000e+01
-6.086792373657226562e+01
-1.257966613769531250e+01
-2.791978645324707031e+01
3.770748519897460938e+01
1.150919532775878906e+01
7.360781860351562500e+01
9.609422302246093750e+01
-3.628929519653320312e+01
4.461187744140625000e+01
-5.728567123413085938e+01
8.804811859130859375e+01
8.836071777343750000e+01
-2.546487998962402344e+01
-6.170949172973632812e+01
9.462539672851562500e+01
7.138636016845703125e+01
-8.834249877929687500e+01
-2.289113998413085938e+01
9.496891784667968750e+01
2.643736839294433594e+01
3.053317642211914062e+01
2.355088806152343750e+01
4.365924835205078125e+01
2.155487251281738281e+01
-2.935719108581542969e+01
6.689699172973632812e+00
-8.809725952148437500e+01
-2.066317558288574219e+01
8.252265167236328125e+01
3.129467391967773438e+01
8.103977203369140625e+01
3.068983554840087891e+00
8.411676025390625000e+01
6.659092712402343750e+01
-4.079928588867187500e+01
-7.457374572753906250e+01
-2.732526016235351562e+01
-2.872940826416015625e+01
4.548944854736328125e+01
2.721837997436523438e+01
-5.722114944458007812e+01
9.280698394775390625e+01
8.462816619873046875e+01
-9.729404449462890625e+01
8.225411987304687500e+01
9.309666442871093750e+01
-6.046857833862304688e+01
-2.647273254394531250e+01
-2.916313934326171875e+01
6.472408294677734375e+01
3.468622589111328125e+01
-7.873992919921875000e+01
-4.564090728759765625e+00
-6.756703948974609375e+01
4.434488296508789062e+01
-9.543665313720703125e+01
2.456955528259277344e+01
-9.166929626464843750e+01
8.131295776367187500e+01
5.036903762817382812e+01
7.929810047149658203e+00
-8.829856872558593750e+01
-4.138454055786132812e+01
4.047111892700195312e+01
2.209168434143066406e+01
-5.411909103393554688e+01
8.490160369873046875e+01
2.724831390380859375e+01
-7.075174713134765625e+01
7.579832458496093750e+01
5.557823944091796875e+01
-3.184554862976074219e+01
-7.870735168457031250e+01
5.497739410400390625e+01
8.465635299682617188e+00
7.266704559326171875e+01
-9.715914916992187500e+01
-6.203290939331054688e+01
2.404789352416992188e+01
-6.190118789672851562e+01
-7.315525054931640625e+01
-9.493939208984375000e+01
8.180815887451171875e+01
2.296210861206054688e+01
2.932401275634765625e+01
8.264057922363281250e+01
-7.931388854980468750e+01
5.828927612304687500e+01
8.312864685058593750e+01
5.687096023559570312e+01
5.811618423461914062e+01
-9.395393371582031250e+01
1.304911994934082031e+01
-7.381958770751953125e+01
-7.974925994873046875e+01
-8.288553619384765625e+01
8.409926605224609375e+01
3.619551849365234375e+01
-9.097333526611328125e+01
-3.246386718750000000e+01
8.901656341552734375e+01
4.913795471191406250e+01
-9.623384094238281250e+01
-7.140904235839843750e+01
-9.601332855224609375e+01
9.296675109863281250e+01
5.123985290527343750e+01
6.155327606201171875e+01
-9.237191772460937500e+01
-2.877542686462402344e+01
4.804000854492187500e+01
1.682788658142089844e+01
8.818257904052734375e+01
-8.971411895751953125e+01
2.122575950622558594e+01
-7.367392730712890625e+01
3.913811111450195312e+01
-4.790717315673828125e+01
7.192989349365234375e+01
-8.257087707519531250e+01
6.400357818603515625e+01
9.823779296875000000e+01
-2.094511604309082031e+01
-9.052124023437500000e+01
-5.767802047729492188e+01
5.825231552124023438e+01
-4.709319305419921875e+01
8.805799865722656250e+01
-5.744388198852539062e+01
4.413198471069335938e+01
-7.126586151123046875e+01
7.174623870849609375e+01
3.463730621337890625e+01
-8.603163909912109375e+01
-4.410497665405273438e+01
7.242472076416015625e+01
3.218808746337890625e+01
-2.832717895507812500e+01
4.715573120117187500e+01
9.913114166259765625e+01
6.175054168701171875e+01
-9.068356323242187500e+01
1.549193000793457031e+01
-1.791284370422363281e+01
2.257373332977294922e+00
-3.479013061523437500e+01
-4.128885650634765625e+01
3.926203536987304688e+01
8.385410308837890625e+00
-7.861473846435546875e+01
-8.238405609130859375e+01
-4.878216552734375000e+01
-3.213775634765625000e+01
4.249534988403320312e+01
-9.753202056884765625e+01
-7.052342224121093750e+01
-3.122851943969726562e+01
1.598629951477050781e+01
-1.079646015167236328e+01
-1.090289783477783203e+01
2.510932159423828125e+01
-7.002711486816406250e+01
8.182317352294921875e+01
-6.993028259277343750e+01
7.538209533691406250e+01
-2.577117156982421875e+01
7.449231719970703125e+01
5.794503021240234375e+01
-6.794879150390625000e+01
-8.788695526123046875e+01
-4.697499084472656250e+01
-5.757600784301757812e+01
6.149407577514648438e+01
-6.270763397216796875e+01
-5.986997985839843750e+01
-9.472339630126953125e+01
9.577447509765625000e+01
5.747342681884765625e+01
2.538013458251953125e+01
-1.186758232116699219e+01
-2.713421058654785156e+01
7.037667846679687500e+01
-7.247145843505859375e+01
-7.509846496582031250e+01
-8.407894134521484375e+01
-2.151910591125488281e+01
8.651229858398437500e+01
-1.262296104431152344e+01
9.059631347656250000e+01
-4.384363174438476562e+01
-4.728422164916992188e+01
-4.476311874389648438e+01
3.592620086669921875e+01
-4.413634490966796875e+01
-7.260084533691406250e+01
4.277243614196777344e+00
6.427596282958984375e+01
-8.126889801025390625e+01
-9.507094573974609375e+01
-3.979657173156738281e+00
5.581025314331054688e+01
-9.487915039062500000e+01
-9.271583557128906250e+01
7.646080780029296875e+01
2.644794082641601562e+01
3.712348175048828125e+01
-3.930619812011718750e+01
-9.195680236816406250e+01
-7.321595001220703125e+01
-7.518197631835937500e+01
-9.675324249267578125e+01
-4.466033935546875000e+01
9.735410308837890625e+01
8.687783050537109375e+01
-3.840821838378906250e+01
-4.625828933715820312e+01
4.851514053344726562e+01
-4.483909988403320312e+01
1.500133895874023438e+01
-4.700939178466796875e+01
-7.384929656982421875e+01
7.534164905548095703e+00
9.516769409179687500e+01
-9.400463104248046875e+01
-7.580085754394531250e+01
-4.347150421142578125e+01
-1.109136676788330078e+01
-8.068718719482421875e+01
-7.773346710205078125e+01
9.450133514404296875e+01
-2.288742446899414062e+01
-9.051616668701171875e+01
7.619713592529296875e+01
7.467598724365234375e+01
-5.909063720703125000e+01
-7.148899078369140625e+01
-2.210878372192382812e+01
5.873106765747070312e+01
-2.663344764709472656e+01
5.514175796508789062e+01
-2.886876106262207031e+01
-9.784576416015625000e+01
9.098731231689453125e+01
7.063658833503723145e-01
-9.577018737792968750e+01
-9.305494689941406250e+01
-8.979268646240234375e+01
-9.888510131835937500e+01
-7.183617401123046875e+01
-8.746612548828125000e+01
-7.109219360351562500e+01
-3.698587799072265625e+01
6.711215209960937500e+01
3.470350027084350586e+00
-6.215852355957031250e+01
-7.528443145751953125e+01
-8.071980285644531250e+01
7.606811523437500000e+01
-9.722048187255859375e+01
-7.351432800292968750e+01
-4.207429504394531250e+01
-5.475833511352539062e+01
-4.423722457885742188e+01
-4.973168945312500000e+01
-3.121568489074707031e+01
-9.958967590332031250e+01
7.905165863037109375e+01
9.147269439697265625e+01
-7.552927136421203613e-01
-4.119569778442382812e+01
-3.766001892089843750e+01
-5.548752975463867188e+01
-9.965998840332031250e+01
8.195602416992187500e+00
-1.893510437011718750e+01
1.696304893493652344e+01
9.749252319335937500e+01
3.717105102539062500e+01
-8.223543548583984375e+01
-9.979951477050781250e+01
8.702143859863281250e+01
-4.176808547973632812e+01
1.384345912933349609e+01
7.269943237304687500e+01
-6.189244842529296875e+01
9.402914428710937500e+01
9.734378051757812500e+01
6.219038391113281250e+01
6.786260986328125000e+01
6.463757324218750000e+01
2.286044120788574219e+01
-3.891079711914062500e+01
-3.172922706604003906e+01
5.805519104003906250e+01
-6.776686191558837891e+00
-5.962284088134765625e+01
-5.671343994140625000e+01
-4.811761474609375000e+01
5.966725921630859375e+01
-5.242544555664062500e+01
4.321640014648437500e+01
-5.203284454345703125e+01
3.804316043853759766e+00
-6.903009033203125000e+01
8.554502868652343750e+01
9.263603973388671875e+01
7.352218627929687500e+01
9.780138397216796875e+01
-4.897161006927490234e+00
-9.870876312255859375e+01
9.461997985839843750e+01
1.727982711791992188e+01
9.731357574462890625e+01
9.217291259765625000e+01
-8.406439208984375000e+01
7.790343475341796875e+01
2.720010566711425781e+01
4.527449417114257812e+01
6.927304840087890625e+01
9.948371124267578125e+01
-6.328256607055664062e+01
2.170991516113281250e+01
9.856503295898437500e+01
5.475833892822265625e+01
7.143106079101562500e+01
-2.493420219421386719e+01
5.208300399780273438e+01
8.401864624023437500e+01
4.590270996093750000e+01
-7.820181274414062500e+01
6.554664611816406250e+01
9.767472076416015625e+01
1.322859764099121094e+00
-6.203016662597656250e+01
8.316916656494140625e+01
6.700743865966796875e+01
1.604557991027832031e+01
2.146827697753906250e+01
-6.529228210449218750e+01
8.359842681884765625e+01
5.464570999145507812e+01
9.731729888916015625e+01
8.539356994628906250e+01
8.895877075195312500e+01
7.306788635253906250e+01
6.721699523925781250e+01
-8.301959228515625000e+01
-2.583589172363281250e+01
6.531070709228515625e+01
6.505685424804687500e+01
4.404425048828125000e+01
-7.890463256835937500e+01
2.669938468933105469e+01
5.446835708618164062e+01
-9.301480102539062500e+01
5.694311904907226562e+01
-9.676229095458984375e+01
8.933301544189453125e+01
9.612443542480468750e+01
-3.602026748657226562e+01
4.026317596435546875e+01
5.524959564208984375e+01
3.337251281738281250e+01
6.777590179443359375e+01
2.065351867675781250e+01
2.943355369567871094e+01
3.746392440795898438e+01
8.841867065429687500e+01
-4.597636032104492188e+01
4.825516891479492188e+01
4.904875755310058594e+00
7.952072906494140625e+01
-5.985409545898437500e+01
-3.531748199462890625e+01
-7.620796203613281250e+01
4.338149642944335938e+01
-7.747642517089843750e+00
-2.904042053222656250e+01
-4.651937484741210938e+01
5.025522232055664062e+01
4.867514801025390625e+01
8.258605957031250000e+01
1.075251579284667969e+01
-8.509432220458984375e+01
-2.543213272094726562e+01
1.790619277954101562e+01
3.739928817749023438e+01
-4.964298629760742188e+01
-6.633252716064453125e+01
9.253478240966796875e+01
7.524977874755859375e+01
3.071425819396972656e+01
-5.509846878051757812e+01
2.400389480590820312e+01
9.704152679443359375e+01
-2.095504760742187500e+01
4.486093139648437500e+01
-8.602289199829101562e+00
8.643653106689453125e+01
8.024390411376953125e+01
6.098499298095703125e+01
1.812925338745117188e+00
4.221131896972656250e+01
2.747056770324707031e+01
-4.500930786132812500e+01
-4.774981975555419922e+00
6.490692138671875000e+01
-1.010145759582519531e+01
-4.763432312011718750e+01
-9.871366119384765625e+01
1.368556022644042969e+01
-2.204417610168457031e+01
1.557386493682861328e+01
-9.951781463623046875e+01
-3.193783378601074219e+01
-7.897123718261718750e+01
-4.847150421142578125e+01
-4.590362930297851562e+01
-9.364201354980468750e+01
6.669760131835937500e+01
-6.863178253173828125e+01
-4.915601348876953125e+01
-2.557784652709960938e+01
-3.951288223266601562e+01
7.130866241455078125e+01
-5.422509765625000000e+01
-9.544493103027343750e+01
-5.374361801147460938e+01
-9.137150573730468750e+01
-6.777832794189453125e+01
-6.185180664062500000e+01
3.924323272705078125e+01
7.966168212890625000e+01
9.063746643066406250e+01
7.937808990478515625e+01
1.129099178314208984e+01
-5.705805969238281250e+01
9.611563873291015625e+01
6.629991149902343750e+01
-7.791930389404296875e+01
-3.348954439163208008e+00
-8.750144958496093750e+01
9.368392181396484375e+01
4.236569976806640625e+01
-8.881839752197265625e+01
6.845890045166015625e+01
4.119027709960937500e+01
8.480830383300781250e+01
3.745305252075195312e+01
-1.139985179901123047e+01
8.624729156494140625e+01
-6.976859283447265625e+01
-7.192839050292968750e+01
7.149967193603515625e+01
7.711162567138671875e+01
9.100775146484375000e+01
-8.659676361083984375e+01
4.133937835693359375e+01
-5.236528396606445312e+00
9.286685943603515625e+01
6.080008697509765625e+01
1.508335781097412109e+01
-7.313235473632812500e+01
8.914924621582031250e+01
3.942477703094482422e+00
-2.444358253479003906e+01
-2.681204986572265625e+01
-5.229193496704101562e+01
-5.180834960937500000e+01
-4.309830474853515625e+01
8.422768402099609375e+01
8.506669044494628906e+00
-8.011322021484375000e+01
9.703468322753906250e+01
1.833321380615234375e+01
-3.364058303833007812e+01
2.947862815856933594e+01
6.451870727539062500e+01
3.281432723999023438e+01
5.419799804687500000e+01
-1.482046890258789062e+01
-5.453080368041992188e+01
8.529683685302734375e+01
-1.169058322906494141e+01
-6.995885467529296875e+01
-5.062815475463867188e+01
-9.283124542236328125e+01
-7.297498321533203125e+01
-8.101775360107421875e+01
7.639664459228515625e+01
2.871764564514160156e+01
9.315505981445312500e+01
-1.732254981994628906e+01
5.174793624877929688e+01
4.196811676025390625e+01
-9.046763610839843750e+01
8.693292236328125000e+01
1.510348129272460938e+01
8.828182983398437500e+01
-9.607070159912109375e+01
-6.704789733886718750e+01
-9.831279754638671875e+01
1.415652656555175781e+01
-6.058884811401367188e+01
4.202385330200195312e+01
-3.767954635620117188e+01
9.380273437500000000e+01
8.792555999755859375e+01
-1.689264297485351562e+01
-8.336905670166015625e+01
7.378699493408203125e+01
-6.600030517578125000e+01
-7.569276428222656250e+01
-8.234277343750000000e+01
-7.196564483642578125e+01
-9.797513580322265625e+01
-9.063820838928222656e+00
-7.826656341552734375e+01
-2.858284378051757812e+01
-9.579314422607421875e+01
2.446700096130371094e+01
-1.930320358276367188e+01
8.063880920410156250e+01
-9.821940612792968750e+01
-9.230837249755859375e+01
3.588075637817382812e+01
-9.111291885375976562e+00
-8.282957458496093750e+01
8.677496337890625000e+01
-5.979250717163085938e+01
7.580821990966796875e+01
-8.315360260009765625e+01
6.307670974731445312e+01
-9.249665069580078125e+01
3.049724388122558594e+01
-5.730458068847656250e+01
-7.582352447509765625e+01
1.582723712921142578e+01
5.015459823608398438e+01
-3.498620271682739258e+00
8.628199005126953125e+01
-9.481024169921875000e+01
5.565298843383789062e+01
1.783657646179199219e+01
7.795332336425781250e+01
-3.185719871520996094e+01
-5.859828567504882812e+01
8.628003692626953125e+01
6.180895614624023438e+01
7.916949462890625000e+01
2.044724845886230469e+01
-6.529869842529296875e+01
-3.001719665527343750e+01
-8.509349060058593750e+01
-2.885329437255859375e+01
2.539837265014648438e+01
5.718018341064453125e+01
9.127799034118652344e+00
-3.985222244262695312e+01
8.357063293457031250e+00
8.473621368408203125e+01
9.515351104736328125e+01
5.343534851074218750e+01
-5.482157516479492188e+01
4.681496047973632812e+01
8.870393371582031250e+01
2.069846725463867188e+01
-3.730110549926757812e+01
1.112360763549804688e+01
-9.450997161865234375e+01
-9.439435577392578125e+01
5.242311477661132812e+01
7.443311214447021484e-01
8.473946380615234375e+01
4.886957168579101562e+01
-7.711710357666015625e+01
8.913938140869140625e+01
-3.838651657104492188e+01
-3.946641921997070312e+01
-1.446530699729919434e+00
-4.832366943359375000e+01
-8.344747161865234375e+01
-8.540065002441406250e+01
8.572708129882812500e+01
-9.554695129394531250e+01
3.583520126342773438e+01
7.556494140625000000e+01
-8.649681854248046875e+01
-4.451102447509765625e+01
-3.644909667968750000e+01
8.509609985351562500e+01
9.448155975341796875e+01
4.981298828125000000e+01
3.550226974487304688e+01
-7.276702880859375000e+01
-9.984157562255859375e+01
9.871467590332031250e+01
-5.262707901000976562e+01
-7.169775009155273438e+00
2.528538131713867188e+01
-6.794864654541015625e+01
-1.362477111816406250e+01
-3.887813186645507812e+01
2.408219146728515625e+01
5.373849868774414062e+01
9.071762847900390625e+01
9.611469268798828125e+01
-6.305785751342773438e+01
6.684499359130859375e+01
7.782920837402343750e+01
4.556095123291015625e+01
3.354127120971679688e+01
3.801701736450195312e+01
-4.897869873046875000e+01
-4.940716171264648438e+01
-6.242763519287109375e+01
5.955659866333007812e+01
8.735230255126953125e+01
-5.082369995117187500e+01
7.838694000244140625e+01
-5.482228851318359375e+01
1.308666133880615234e+01
-2.797428369522094727e+00
1.992957305908203125e+01
-6.106946563720703125e+01
-9.399121856689453125e+01
-5.078736495971679688e+01
3.240444183349609375e+01
2.405865669250488281e+01
8.343209838867187500e+01
2.099185943603515625e+01
1.369894599914550781e+01
6.447351837158203125e+01
-1.903471183776855469e+01
-3.229700469970703125e+01
-8.859904479980468750e+01
1.547350311279296875e+01
1.574917411804199219e+01
-2.002936744689941406e+01
1.871224975585937500e+01
-1.356249713897705078e+01
-9.387083435058593750e+01
-8.348103332519531250e+01
1.535792541503906250e+01
-7.331163787841796875e+01
-9.314383697509765625e+01
-8.312733459472656250e+01
5.315127944946289062e+01
-2.081793785095214844e+01
-4.611636352539062500e+01
-1.457251191139221191e+00
8.665592956542968750e+01
8.259690093994140625e+01
7.628041076660156250e+01
7.145774841308593750e+01
-7.549540710449218750e+01
9.934864044189453125e+01
-7.162031555175781250e+01
9.847889709472656250e+01
-5.561540603637695312e+01
-6.510768127441406250e+01
-4.300961303710937500e+01
8.654492187500000000e+01
-8.899849700927734375e+01
-2.815686702728271484e+00
-6.286326217651367188e+01
-9.135230255126953125e+01
3.678695678710937500e+01
6.844549560546875000e+01
3.338858795166015625e+01
-1.824877357482910156e+01
2.017566490173339844e+01
-3.027836990356445312e+01
-9.972734832763671875e+01
-8.311579132080078125e+01
7.136693572998046875e+01
-9.761450958251953125e+01
9.276293754577636719e+00
-9.407660675048828125e+01
-9.634242248535156250e+01
2.468585395812988281e+01
-5.444880676269531250e+01
-6.317456436157226562e+01
-8.612778472900390625e+01
3.666187667846679688e+01
-5.564759826660156250e+01
-9.396791076660156250e+01
-3.895413208007812500e+01
6.690984344482421875e+01
2.811822891235351562e+01
-3.027129745483398438e+01
-1.873987770080566406e+01
-4.322840881347656250e+01
-1.325721549987792969e+01
-9.620079803466796875e+01
-8.721262359619140625e+01
-7.407012939453125000e+01
-1.848099529743194580e-01
9.003172302246093750e+01
-3.499073028564453125e+01
-9.449645233154296875e+01
-8.510453796386718750e+01
8.451790618896484375e+01
9.571401214599609375e+01
-9.806813049316406250e+01
3.234437942504882812e+00
-5.208713531494140625e+01
8.963654327392578125e+01
-8.458549499511718750e+01
-6.407991027832031250e+01
-5.966513824462890625e+01
-9.311974525451660156e+00
-9.225865936279296875e+01
-4.729328155517578125e+01
7.902877044677734375e+01
5.292748641967773438e+01
-9.433835601806640625e+01
-6.494801330566406250e+01
-3.496193695068359375e+01
8.012072753906250000e+01
-7.581579589843750000e+01
8.934978485107421875e+01
-9.802873992919921875e+01
5.660554122924804688e+01
-4.429610443115234375e+01
-5.442151260375976562e+01
6.236770629882812500e+01
-1.133813953399658203e+01
7.793316650390625000e+01
-5.839137268066406250e+01
8.351998901367187500e+01
4.016910552978515625e+01
-1.446108055114746094e+01
-4.830325698852539062e+01
-2.301378631591796875e+01
-5.258972167968750000e+01
-5.142468643188476562e+01
1.093744784593582153e-01
-9.940461730957031250e+01
8.661459350585937500e+01
6.221387481689453125e+01
-7.008792114257812500e+01
-4.182176589965820312e+01
8.732883453369140625e+01
6.269496154785156250e+01
5.940186023712158203e+00
-9.596715545654296875e+01
9.282860565185546875e+01
-9.884128570556640625e+01
8.691835021972656250e+01
7.143278503417968750e+01
5.359121704101562500e+01
-8.216611480712890625e+01
8.366911315917968750e+01
5.425418472290039062e+01
1.479158759117126465e+00
-6.547544097900390625e+01
-1.177880287170410156e+01
-8.421795654296875000e+01
-9.435867309570312500e+01
-9.923920440673828125e+01
-4.983856201171875000e+01
3.500695037841796875e+01
-7.081953430175781250e+01
-2.308278322219848633e+00
-9.499246215820312500e+01
6.557482147216796875e+01
-9.295907020568847656e+00
2.366601371765136719e+01
-5.817138671875000000e+01
4.224044418334960938e+01
8.504279327392578125e+01
-7.147124481201171875e+01
8.633482360839843750e+01
7.559851837158203125e+01
6.684201812744140625e+01
9.385986328125000000e+01
-5.547253036499023438e+01
-3.162602806091308594e+01
9.858187103271484375e+01
1.222812271118164062e+01
4.484441757202148438e+01
-3.132741165161132812e+01
-7.781383514404296875e+00
5.749473094940185547e+00
-3.426058578491210938e+01
-2.281116676330566406e+01
-8.244541168212890625e+01
6.341918563842773438e+01
9.148883056640625000e+01
9.274739074707031250e+01
-7.230115509033203125e+01
4.536206817626953125e+01
-6.622985076904296875e+01
3.347428894042968750e+01
6.989160919189453125e+01
9.837941741943359375e+01
6.837572479248046875e+01
7.467153930664062500e+01
-2.454364967346191406e+01
2.191726303100585938e+01
-9.650512695312500000e+01
9.371949005126953125e+01
2.769458007812500000e+01
3.778436660766601562e+01
-1.458222627639770508e+00
1.394456768035888672e+01
5.242131805419921875e+01
-4.749768447875976562e+01
-9.605771636962890625e+01
-1.489231228828430176e+00
6.490531158447265625e+01
-2.254543685913085938e+01
-3.361284255981445312e+01
-6.948706817626953125e+01
7.196875000000000000e+01
5.264220428466796875e+01
8.219670104980468750e+01
-2.601003646850585938e+01
5.758275985717773438e+01
6.666072845458984375e+01
8.185618591308593750e+01
3.906526947021484375e+01
-9.112168884277343750e+01
9.555021667480468750e+01
8.595793724060058594e+00
3.995781326293945312e+01
-6.580479431152343750e+01
2.992861938476562500e+01
1.806722259521484375e+01
7.358080291748046875e+01
-4.207371902465820312e+01
-4.540588760375976562e+01
2.054410171508789062e+01
-2.995925903320312500e+01
-7.390962982177734375e+01
5.957024002075195312e+01
7.511083221435546875e+01
-2.492928886413574219e+01
-7.675077915191650391e+00
-6.638002014160156250e+01
1.985456848144531250e+01
-8.055368804931640625e+01
-6.199814224243164062e+01
6.697094726562500000e+01
-6.709311676025390625e+01
-7.987973785400390625e+01
-3.105892753601074219e+01
6.590461730957031250e+00
5.234502410888671875e+01
-9.066915893554687500e+01
-6.922700500488281250e+01
-5.955134201049804688e+01
-5.054603958129882812e+01
3.250301742553710938e+01
-9.192627716064453125e+01
-4.029269409179687500e+01
-8.532121276855468750e+01
-3.296659469604492188e+01
8.156162261962890625e+01
-6.110697937011718750e+01
3.490888214111328125e+01
8.266173553466796875e+01
-6.400221252441406250e+01
-6.918522644042968750e+01
-2.120834350585937500e+01
6.345157027244567871e-01
1.658341026306152344e+01
-9.609858703613281250e+01
-9.004924011230468750e+01
-7.970838928222656250e+01
-3.529646158218383789e+00
-7.849139404296875000e+01
-2.130492925643920898e+00
9.874565887451171875e+01
-6.236663436889648438e+01
-9.241317749023437500e+01
3.983621597290039062e+01
-4.714291763305664062e+01
3.440373611450195312e+01
6.656979084014892578e+00
9.316291046142578125e+01
9.031101226806640625e+01
-3.721417617797851562e+01
-8.245982360839843750e+01
-9.698725128173828125e+01
9.141006469726562500e+01
8.384799957275390625e+01
9.345835113525390625e+01
-1.254305076599121094e+01
9.247988128662109375e+01
6.631036376953125000e+01
7.350401878356933594e-01
-3.163783645629882812e+01
-6.294260787963867188e+01
5.703612136840820312e+01
7.483007049560546875e+01
8.262398529052734375e+01
3.865874481201171875e+01
5.065085983276367188e+01
9.711884307861328125e+01
-4.009282302856445312e+01
-6.796679687500000000e+01
-6.338047790527343750e+01
9.150490570068359375e+01
1.209986686706542969e+01
6.997409820556640625e+01
9.792903900146484375e+01
-7.814831542968750000e+01
4.492014050483703613e-01
2.829464340209960938e+01
-5.989486694335937500e+01
6.199151229858398438e+01
7.836318969726562500e+01
7.220373535156250000e+01
-8.835941314697265625e+01
-3.581992340087890625e+01
-3.387829971313476562e+01
8.991454315185546875e+01
8.733043670654296875e+00
9.091874694824218750e+01
-4.106428146362304688e+01
8.656011199951171875e+01
4.200426483154296875e+01
-7.079556274414062500e+01
-7.065781402587890625e+01
-5.304366302490234375e+01
2.703143310546875000e+01
-3.219009780883789062e+01
-4.070061492919921875e+01
4.404078292846679688e+01
9.374955749511718750e+01
-1.002188110351562500e+01
4.449750900268554688e+01
-1.136661720275878906e+01
5.113686370849609375e+01
9.466515350341796875e+01
2.059630775451660156e+01
-7.283282279968261719e+00
7.598001098632812500e+01
-7.435183715820312500e+01
2.381589508056640625e+01
-6.351009750366210938e+01
7.572678375244140625e+01
-2.653486061096191406e+01
-8.406068420410156250e+01
2.386232852935791016e+00
6.377333450317382812e+01
-8.049886322021484375e+01
8.252629852294921875e+01
-5.376987457275390625e+01
-2.045477867126464844e+01
1.024535560607910156e+01
-4.782681274414062500e+01
7.180564880371093750e+01
4.928281784057617188e+01
-9.212448883056640625e+01
8.191072082519531250e+01
-7.187516021728515625e+01
-6.929336547851562500e+01
-9.558921051025390625e+01
-9.679293060302734375e+01
-9.698514556884765625e+01
-4.423768997192382812e+01
9.260185241699218750e+00
-2.317708587646484375e+01
-7.032306671142578125e+01
7.659235382080078125e+01
-7.577854919433593750e+01
-3.357940196990966797e+00
-1.311275196075439453e+01
-4.201956939697265625e+01
5.767076110839843750e+01
3.103349304199218750e+01
-2.777501106262207031e+01
-9.982004547119140625e+01
-9.693152618408203125e+01
-5.601630401611328125e+01
9.478747558593750000e+01
-3.735005950927734375e+01
7.054701232910156250e+01
-5.526679992675781250e+00
4.068191528320312500e+01
6.922706604003906250e+01
-6.418188476562500000e+01
-7.998669433593750000e+01
-6.991423797607421875e+01
-5.114320373535156250e+01
-9.184013366699218750e+01
-1.517525577545166016e+01
9.270981597900390625e+01
5.860201644897460938e+01
3.385111236572265625e+01
-6.233598709106445312e+01
6.179689788818359375e+01
9.421752929687500000e+01
-7.656845855712890625e+01
-6.959870147705078125e+01
-8.999540710449218750e+01
1.822626113891601562e+01
8.772544860839843750e+01
6.911898803710937500e+01
-8.637667846679687500e+01
2.975091552734375000e+01
3.787916183471679688e+01
-6.640889739990234375e+01
-1.149830055236816406e+01
-7.689846038818359375e+01
6.379082107543945312e+01
-4.826133728027343750e+01
8.286065673828125000e+01
7.518498992919921875e+01
-3.588875198364257812e+01
3.174458503723144531e+01
6.384915542602539062e+01
3.417425918579101562e+01
-7.919272899627685547e+00
-3.367136383056640625e+01
9.903798675537109375e+01
5.025607299804687500e+01
-6.514864349365234375e+01
-1.805868148803710938e+01
-8.741497993469238281e-01
3.460119247436523438e+01
1.604004859924316406e+01
9.118203735351562500e+01
-7.110729980468750000e+01
8.632238769531250000e+01
-7.279394531250000000e+01
7.266642761230468750e+01
6.443660736083984375e+01
9.717274665832519531e+00
6.704653167724609375e+01
9.044081115722656250e+01
8.593564605712890625e+01
-3.442522430419921875e+01
-9.585704803466796875e+01
8.572575378417968750e+01
3.320535278320312500e+01
9.244627356529235840e-01
1.021279144287109375e+01
-7.022101593017578125e+01
-3.890093231201171875e+01
-6.443714141845703125e+01
8.595432281494140625e+01
3.737500762939453125e+01
5.468593215942382812e+01
8.774660491943359375e+01
8.619636535644531250e+01
-7.109514617919921875e+01
7.385939788818359375e+01
7.875662231445312500e+01
-9.720677185058593750e+01
4.377184677124023438e+01
-7.467915344238281250e+01
-5.201309204101562500e+01
7.917919921875000000e+01
-6.176848983764648438e+01
9.889549255371093750e+01
9.900547027587890625e+01
5.271161651611328125e+01
-7.246858215332031250e+01
-7.898417663574218750e+01
-7.544687652587890625e+01
-6.139994144439697266e+00
-2.101587867736816406e+01
7.160956573486328125e+01
9.308822631835937500e+01
-8.459341430664062500e+01
-6.067689514160156250e+01
-9.454407501220703125e+01
-3.417162704467773438e+01
-6.829499816894531250e+01
-3.501764678955078125e+01
5.914880752563476562e+01
8.264182281494140625e+01
2.030675506591796875e+01
-5.422476959228515625e+01
9.722373199462890625e+01
-7.116191101074218750e+01
-8.699998474121093750e+01
-5.905440521240234375e+01
6.424690246582031250e+01
-6.339656829833984375e+01
-2.048197555541992188e+01
-3.550224685668945312e+01
1.478223037719726562e+01
-9.102994537353515625e+01
-5.858330535888671875e+01
2.141932678222656250e+01
-7.267871856689453125e+01
-7.682798767089843750e+01
-7.370704650878906250e+01
-9.040077209472656250e+01
-7.095823669433593750e+01
3.364503860473632812e+01
-3.470089197158813477e+00
2.561630249023437500e+01
9.832096862792968750e+01
-5.785217285156250000e+01
5.696531677246093750e+01
9.007958221435546875e+01
-6.384968566894531250e+01
9.061012268066406250e+01
6.465013885498046875e+01
5.141928195953369141e-01
-8.815354156494140625e+01
-5.900896072387695312e+01
1.218917250633239746e+00
7.910564422607421875e+01
6.271876525878906250e+01
-7.695199584960937500e+01
6.358930587768554688e+00
-3.686760711669921875e+01
-4.223731994628906250e+01
9.870782470703125000e+01
2.905330955982208252e-01
2.277268409729003906e+01
9.195745849609375000e+01
5.896906280517578125e+01
-5.337779617309570312e+01
5.002237701416015625e+01
-4.411093902587890625e+01
2.955988883972167969e+01
-5.654891586303710938e+01
8.221050262451171875e+00
-5.967240905761718750e+01
-4.188027191162109375e+01
2.864049148559570312e+01
-9.311244201660156250e+01
-4.965785217285156250e+01
-3.027023887634277344e+01
5.133624267578125000e+01
4.072617340087890625e+01
3.952970123291015625e+01
-3.873301315307617188e+01
7.188083648681640625e+01
1.130349826812744141e+01
4.052990341186523438e+01
-5.579701232910156250e+01
-7.416876220703125000e+01
-8.924109649658203125e+01
4.542999267578125000e+01
-2.361618614196777344e+01
8.734123992919921875e+01
-9.756414794921875000e+01
3.942727279663085938e+01
-3.195215415954589844e+01
-5.384628772735595703e+00
5.160101413726806641e+00
7.490631103515625000e+01
3.007544326782226562e+01
9.110625457763671875e+01
-8.413764953613281250e+01
-6.442163848876953125e+01
-9.010188293457031250e+01
-9.726260375976562500e+01
5.923980331420898438e+01
-3.030886268615722656e+01
-8.385501861572265625e+01
-7.919568634033203125e+01
-2.886501502990722656e+01
-2.129641342163085938e+01
-3.120005798339843750e+01
-4.019927978515625000e+01
-1.297946333885192871e+00
-8.029928588867187500e+01
5.388376712799072266e+00
-9.669462585449218750e+01
8.991481781005859375e+00
9.238909149169921875e+01
4.091608047485351562e+01
6.080427932739257812e+01
1.478844261169433594e+01
-6.554681396484375000e+01
-9.909560394287109375e+01
-6.100950241088867188e+01
-1.506177520751953125e+01
5.762931060791015625e+01
2.600819396972656250e+01
7.234485626220703125e+01
-5.415425872802734375e+01
-7.020103454589843750e+01
-3.652124404907226562e+01
-8.292587280273437500e+01
-8.384855651855468750e+01
8.425827026367187500e+01
-6.539987182617187500e+01
4.347866058349609375e+01
-7.217007637023925781e+00
-6.915992736816406250e+01
2.853288269042968750e+01
2.889914512634277344e+01
-6.203539276123046875e+01
3.727547836303710938e+01
-7.446377563476562500e+01
-8.560584068298339844e+00
-5.101136016845703125e+01
-3.776760864257812500e+01
-6.078211593627929688e+01
-1.342444133758544922e+01
-9.969357299804687500e+01
-9.923983001708984375e+01
6.976897430419921875e+01
5.552265167236328125e+01
-5.788929367065429688e+01
6.204425048828125000e+01
-5.615636825561523438e+01
3.935285949707031250e+01
3.566335678100585938e+01
6.408421325683593750e+01
-2.695999383926391602e+00
-2.330428123474121094e+01
-5.569459152221679688e+01
-9.565055084228515625e+01
-7.336220550537109375e+01
8.131501007080078125e+01
-4.380315017700195312e+01
-6.569628906250000000e+01
-1.574201583862304688e+01
-3.873380279541015625e+01
-4.579170227050781250e+01
9.851852416992187500e+01
-6.681121063232421875e+01
-8.313360595703125000e+01
-6.230093383789062500e+01
9.449364471435546875e+01
-9.519853973388671875e+01
-1.376141357421875000e+01
8.854469299316406250e+00
-8.220404815673828125e+01
9.467996597290039062e+00
9.488575744628906250e+01
-9.775754547119140625e+01
-9.750080871582031250e+01
5.316198348999023438e+01
-3.346151351928710938e+01
-7.188243103027343750e+01
1.305333137512207031e+00
3.157457923889160156e+01
-8.428651428222656250e+01
-9.095547485351562500e+01
-9.253051757812500000e+01
1.005272984504699707e+00
8.224649047851562500e+01
-4.289297103881835938e+01
1.051516532897949219e+01
1.177360057830810547e+01
-3.599140548706054688e+01
-6.577368164062500000e+01
-2.009361267089843750e+01
-7.318948364257812500e+01
-2.353464317321777344e+01
-8.268174171447753906e+00
-9.036136627197265625e+01
-5.648737716674804688e+01
-2.810777664184570312e+00
7.962958526611328125e+01
-8.065769195556640625e+01
-6.429313659667968750e+01
2.415859031677246094e+01
3.478738784790039062e+01
-4.179742813110351562e+01
3.930182647705078125e+01
4.326728057861328125e+01
-6.059421920776367188e+01
4.319047927856445312e+01
-5.746244812011718750e+01
-9.631762695312500000e+01
-7.426386260986328125e+01
6.627493286132812500e+01
-8.484700202941894531e+00
3.011534500122070312e+01
6.502660274505615234e+00
7.104578399658203125e+01
-4.302226257324218750e+01
-5.285603332519531250e+01
-2.782267379760742188e+01
3.163958168029785156e+01
-9.177766418457031250e+01
8.859745025634765625e+01
1.592791366577148438e+01
-4.869646835327148438e+01
-7.844217681884765625e+01
5.842150878906250000e+01
-6.490985870361328125e+01
-9.524736022949218750e+01
-4.794173812866210938e+01
-7.605181884765625000e+01
-8.793736267089843750e+01
6.385238265991210938e+01
-8.580612182617187500e+01
5.049578475952148438e+01
7.849925231933593750e+01
6.004812622070312500e+01
8.967673492431640625e+01
-4.361103820800781250e+01
6.408840179443359375e+01
3.368640136718750000e+01
-5.051340484619140625e+01
-3.708347320556640625e+01
6.482000732421875000e+01
-9.387184143066406250e+01
5.316926193237304688e+01
6.753833770751953125e+01
-5.606945800781250000e+01
3.294842243194580078e+00
4.607583522796630859e+00
6.237918853759765625e+01
-1.523138236999511719e+01
-1.931492567062377930e+00
-1.346043968200683594e+01
4.171680068969726562e+01
9.555800628662109375e+01
-5.961491394042968750e+01
9.617005157470703125e+01
6.545542716979980469e+00
-1.561772060394287109e+01
-8.442588806152343750e+01
-9.437023162841796875e+01
6.839766502380371094e+00
8.586801147460937500e+01
6.913322448730468750e+01
-9.622871398925781250e+01
7.265016555786132812e+00
-2.261180114746093750e+01
4.403395462036132812e+01
-8.299239349365234375e+01
4.098002243041992188e+01
7.705771636962890625e+01
-6.277427673339843750e+01
-8.640293121337890625e+01
4.817735290527343750e+01
7.239835357666015625e+01
-9.123928833007812500e+01
9.603553009033203125e+01
3.129047393798828125e+01
9.152621459960937500e+01
-8.957910156250000000e+01
-5.800763607025146484e+00
-7.569214630126953125e+01
-7.098231506347656250e+01
-9.482382965087890625e+01
2.009140396118164062e+01
8.175708007812500000e+01
-3.526696395874023438e+01
7.365319061279296875e+01
-2.855551528930664062e+01
3.014186859130859375e+01
-4.684828948974609375e+01
-9.668888092041015625e+01
7.913674926757812500e+01
5.813315963745117188e+01
5.236523818969726562e+01
8.925061798095703125e+01
-8.750534820556640625e+01
-8.550230026245117188e+00
-9.818247222900390625e+01
6.712790679931640625e+01
4.441162490844726562e+01
9.579151153564453125e+01
9.820252227783203125e+01
-3.666347122192382812e+01
6.545991516113281250e+01
-2.317894935607910156e+01
3.839166641235351562e+01
-8.221638488769531250e+01
1.978857278823852539e+00
-7.901304626464843750e+01
-4.438222503662109375e+01
8.129469299316406250e+01
9.655372619628906250e+01
-3.707706451416015625e+01
8.770264434814453125e+01
7.644052028656005859e+00
5.128919982910156250e+01
-6.018023014068603516e+00
-7.700733947753906250e+01
-8.517465209960937500e+01
3.831531524658203125e+01
-5.427277755737304688e+01
-5.457919692993164062e+01
-7.526145935058593750e+01
-6.429822540283203125e+01
1.294586944580078125e+01
-3.013530158996582031e+01
8.563773155212402344e+00
9.034751892089843750e+01
5.032545852661132812e+01
8.364025115966796875e+01
-9.338848876953125000e+01
-1.048910045623779297e+01
-8.014810943603515625e+01
9.080762481689453125e+01
4.108305358886718750e+01
-9.231359100341796875e+01
-7.565071105957031250e+01
8.948780822753906250e+01
-5.238640213012695312e+01
2.710474395751953125e+01
-8.831385803222656250e+01
6.476188659667968750e+01
-8.132192993164062500e+01
9.201111602783203125e+01
9.802564239501953125e+01
-6.792608642578125000e+01
1.343179941177368164e+00
9.642760467529296875e+01
-3.761665725708007812e+01
2.365017318725585938e+01
9.630533599853515625e+01
9.443849182128906250e+01
4.795445632934570312e+01
2.357753753662109375e+01
-8.167149353027343750e+01
-2.692734003067016602e-01
-7.607629394531250000e+01
-9.399977111816406250e+01
7.548500061035156250e+01
-4.546534729003906250e+01
-6.488352203369140625e+01
-8.377954101562500000e+01
-8.431948852539062500e+01
-3.087083625793457031e+01
9.082634735107421875e+01
-9.524084472656250000e+01
-8.255816650390625000e+01
-8.270201110839843750e+01
-7.361260223388671875e+01
-7.774857330322265625e+01
-3.935402679443359375e+01
7.280259704589843750e+01
-4.192799758911132812e+01
9.796113586425781250e+01
8.966861724853515625e+01
5.827987289428710938e+01
6.758755493164062500e+01
-6.558061981201171875e+01
5.637331008911132812e+01
5.390613555908203125e+01
-4.810877609252929688e+01
-5.967742919921875000e+01
1.667737007141113281e+01
-4.926001739501953125e+01
-4.374052429199218750e+01
9.603404998779296875e+01
-7.145226287841796875e+01
2.144163513183593750e+01
-8.788260650634765625e+01
-9.945928192138671875e+01
1.173590755462646484e+01
-9.380581665039062500e+01
-9.822978973388671875e+01
-9.890800476074218750e+01
-9.123175811767578125e+01
-5.850688171386718750e+01
-4.941623687744140625e+01
-9.217621612548828125e+01
1.256555461883544922e+01
2.217324447631835938e+01
7.867443847656250000e+01
-7.907639312744140625e+01
-9.292845916748046875e+01
-5.693737792968750000e+01
7.753565216064453125e+01
-4.452904891967773438e+01
-4.152979278564453125e+01
5.745496749877929688e+01
7.537409210205078125e+01
-4.763087463378906250e+01
-6.146400451660156250e+01
-4.708552932739257812e+01
-7.608708953857421875e+01
3.459423446655273438e+01
-6.087054443359375000e+01
-6.755679321289062500e+01
-5.039734268188476562e+01
7.976992034912109375e+01
-9.544025421142578125e+01
-9.913748931884765625e+01
-8.375280761718750000e+01
-9.507788848876953125e+01
-6.718701171875000000e+01
-8.277209472656250000e+01
-6.727001190185546875e+01
2.452906608581542969e+00
-6.961975860595703125e+01
-8.821393585205078125e+01
-5.199635696411132812e+01
-9.031540679931640625e+01
-1.744791793823242188e+01
-1.713700485229492188e+01
-9.789371490478515625e+01
9.174713134765625000e+01
5.384145355224609375e+01
7.598769378662109375e+01
-2.640052413940429688e+01
-6.427696990966796875e+01
-7.025708007812500000e+01
2.586968231201171875e+01
1.384588336944580078e+01
4.969620132446289062e+01
1.877270698547363281e+01
9.440125274658203125e+01
-7.305212402343750000e+01
-1.068180751800537109e+01
9.359698486328125000e+01
-3.648282241821289062e+01
2.740436172485351562e+01
9.905062866210937500e+01
-1.398105430603027344e+01
-1.093216228485107422e+01
3.080978965759277344e+01
5.849099731445312500e+01
-9.590297698974609375e+01
7.663729095458984375e+01
-4.023232269287109375e+01
9.866837310791015625e+01
-6.203777313232421875e+01
-5.608875656127929688e+01
8.084847450256347656e+00
-2.710613822937011719e+01
6.789746856689453125e+01
-7.249858093261718750e+01
-4.131370925903320312e+01
-9.616872406005859375e+01
2.933113861083984375e+01
5.160752487182617188e+01
-4.232887268066406250e+01
6.874627685546875000e+01
9.138127899169921875e+01
-8.042062377929687500e+01
-1.726795768737792969e+01
7.916413879394531250e+01
8.724687957763671875e+01
-3.334073638916015625e+01
2.911927032470703125e+01
8.552323150634765625e+01
7.130364990234375000e+01
-5.048375701904296875e+01
6.899554443359375000e+01
4.599469757080078125e+01
6.173939132690429688e+01
3.815905094146728516e+00
-9.470112609863281250e+01
6.838560485839843750e+01
-7.176705169677734375e+01
-9.570344543457031250e+01
3.145007133483886719e+01
-2.901204490661621094e+01
3.947133255004882812e+01
8.661308288574218750e+01
-5.055271530151367188e+01
8.635372161865234375e+01
8.977014923095703125e+01
9.918817901611328125e+01
-4.379087924957275391e+00
7.156759643554687500e+01
-1.948688697814941406e+01
6.026364517211914062e+01
-8.573325347900390625e+01
-1.304747772216796875e+01
-9.874944305419921875e+01
9.017219543457031250e+01
4.332961654663085938e+01
-9.584758758544921875e+00
6.575076293945312500e+01
-8.246633148193359375e+01
-5.008840560913085938e+01
4.205606460571289062e+01
8.678916931152343750e+01
-4.660755920410156250e+01
9.683305358886718750e+01
6.022741699218750000e+01
-3.026379585266113281e+01
-2.335123634338378906e+01
5.887997055053710938e+01
6.082088851928710938e+01
-6.538706970214843750e+01
4.486391067504882812e+00
7.247279357910156250e+01
-1.388913059234619141e+01
-8.528083038330078125e+01
-9.429014587402343750e+01
-4.715030670166015625e+01
3.431292295455932617e+00
1.638800430297851562e+01
7.493980407714843750e+01
8.440486907958984375e+01
7.896595764160156250e+01
-7.140872192382812500e+01
-6.852345943450927734e+00
8.852661895751953125e+01
-9.132853507995605469e+00
2.155041122436523438e+01
-6.471707153320312500e+01
3.579056167602539062e+01
3.547674179077148438e+01
-1.803886604309082031e+01
-5.027976226806640625e+01
-9.121298980712890625e+01
-8.829907226562500000e+01
2.462130784988403320e+00
-4.489711380004882812e+01
6.139237976074218750e+01
5.523113632202148438e+01
-7.396927642822265625e+01
-9.342423439025878906e+00
6.547218322753906250e+01
-7.221710205078125000e+01
-8.965866851806640625e+01
6.935539245605468750e+01
-7.491107940673828125e+01
7.708215332031250000e+01
8.266776275634765625e+01
-3.826201629638671875e+01
-6.524271392822265625e+01
9.537319183349609375e+01
-9.864221191406250000e+01
2.979416847229003906e+01
3.835805511474609375e+01
-6.319810867309570312e+01
-6.391001510620117188e+01
-4.583114242553710938e+01
-8.576165771484375000e+01
3.194565200805664062e+01
-8.885178375244140625e+01
4.039443016052246094e+00
8.597973632812500000e+01
-9.987228393554687500e+01
5.989949798583984375e+01
4.919934463500976562e+01
5.858177566528320312e+01
2.696546363830566406e+01
-8.071764373779296875e+01
-7.287062072753906250e+01
-4.595132446289062500e+01
2.568522393703460693e-01
-9.516559600830078125e+01
-6.250242614746093750e+01
-6.737436676025390625e+01
1.661826515197753906e+01
2.167846870422363281e+01
-7.212510681152343750e+01
4.101461791992187500e+01
-6.750605773925781250e+01
-6.611299133300781250e+01
7.871033477783203125e+01
-8.256540679931640625e+01
4.851461887359619141e+00
-9.702732086181640625e+01
-8.548174285888671875e+01
-4.176559066772460938e+01
-1.131969642639160156e+01
4.187219619750976562e+01
8.740079879760742188e+00
-4.849203109741210938e+01
-6.120018768310546875e+01
-4.873566055297851562e+01
1.380869007110595703e+01
-5.933275222778320312e+01
-9.392626953125000000e+01
-9.352632141113281250e+01
-8.479140472412109375e+01
4.125782012939453125e+01
-9.800740814208984375e+01
-8.793927764892578125e+01
6.900278472900390625e+01
9.913568878173828125e+01
2.359540939331054688e+01
-9.122517395019531250e+01
-7.416008472442626953e+00
-2.852003097534179688e+00
-5.297896385192871094e+00
-9.471530151367187500e+01
-7.187879943847656250e+01
-9.608038330078125000e+01
-2.620099830627441406e+01
4.076486587524414062e+01
7.427551269531250000e+01
5.209095954895019531e+00
9.259414672851562500e+01
3.137863922119140625e+01
1.971162319183349609e+00
-5.460731887817382812e+01
1.392542266845703125e+01
4.344095230102539062e+01
-9.558736419677734375e+01
8.346412658691406250e+01
-2.080794143676757812e+01
-9.778419494628906250e+01
2.630913925170898438e+01
-2.641709518432617188e+01
6.867673492431640625e+01
-4.216919326782226562e+01
-6.614853668212890625e+01
6.253681945800781250e+01
4.201780700683593750e+01
-2.663236045837402344e+01
-1.393518257141113281e+01
-8.487673950195312500e+01
9.749288940429687500e+01
1.284567070007324219e+01
-6.670405578613281250e+01
3.495699310302734375e+01
4.900204086303710938e+01
-3.251702117919921875e+01
5.747211074829101562e+01
2.702597045898437500e+01
9.352862548828125000e+01
3.158956718444824219e+01
2.882233810424804688e+01
-5.050054931640625000e+01
1.329700756072998047e+01
-9.865855407714843750e+01
-2.026882916688919067e-01
-3.305869674682617188e+01
8.039099884033203125e+01
1.863201332092285156e+01
9.272083282470703125e+01
-8.182495117187500000e+01
-7.988263702392578125e+01
8.519250488281250000e+01
-6.359612274169921875e+01
-7.854511260986328125e+01
5.956568908691406250e+01
-7.724366760253906250e+01
3.038129806518554688e+00
5.628541183471679688e+01
-4.863852691650390625e+01
-3.548040866851806641e+00
9.859738159179687500e+01
-4.193167495727539062e+01
5.125317001342773438e+01
6.428961944580078125e+01
8.982860565185546875e+01
-1.153832244873046875e+01
8.168135833740234375e+01
-3.126444244384765625e+01
-4.415401458740234375e+01
-6.393178558349609375e+01
-9.877597808837890625e+01
-2.761042404174804688e+01
8.105923461914062500e+01
-4.056154251098632812e+01
-7.604821014404296875e+01
7.942995548248291016e+00
-3.036296081542968750e+01
-9.536006164550781250e+01
4.983868789672851562e+01
-9.663690948486328125e+01
3.221849441528320312e+01
-2.717834234237670898e+00
-1.653959655761718750e+01
6.529598236083984375e+01
-3.657026588916778564e-01
-6.002373123168945312e+01
-9.237726593017578125e+01
6.501152801513671875e+01
4.025349044799804688e+01
-8.303848266601562500e+01
-4.091362762451171875e+01
-2.503981590270996094e+00
-1.898110389709472656e+01
4.096547317504882812e+01
7.415140533447265625e+01
-7.055330657958984375e+01
-7.071996307373046875e+01
8.993235778808593750e+01
3.648010635375976562e+01
-3.927933502197265625e+01
9.913595581054687500e+01
5.676054000854492188e+00
8.300524902343750000e+01
-8.345426177978515625e+01
9.403507995605468750e+01
-9.180194854736328125e+01
1.851770210266113281e+01
-7.793695068359375000e+01
9.587541961669921875e+01
2.104548645019531250e+01
-2.695908546447753906e+01
6.590364837646484375e+01
-9.234298706054687500e+01
-7.995132446289062500e+01
2.127440261840820312e+01
1.874870300292968750e+01
1.300937271118164062e+01
8.229787445068359375e+01
-1.631248092651367188e+01
6.422077178955078125e+01
5.473199462890625000e+01
4.796260833740234375e+01
-1.299995231628417969e+01
1.927303314208984375e+01
7.513352966308593750e+01
-5.037900161743164062e+01
8.589231109619140625e+01
8.726879119873046875e+01
-5.103482437133789062e+01
7.340543365478515625e+01
-7.846061706542968750e+01
2.869987487792968750e+01
9.570034027099609375e+01
-2.892622947692871094e+01
5.310272216796875000e+00
-3.216906738281250000e+01
9.339877319335937500e+01
-9.757910919189453125e+01
-7.441142272949218750e+01
-7.095739364624023438e+00
7.710853576660156250e+01
-1.976631927490234375e+01
2.265647315979003906e+01
-8.492259216308593750e+01
9.124443817138671875e+01
9.918824005126953125e+01
4.796754837036132812e+01
-2.656381225585937500e+01
-6.601985931396484375e+01
-5.909086990356445312e+01
4.364709091186523438e+01
6.049237823486328125e+01
-9.402660369873046875e+01
-6.509831237792968750e+01
7.589069366455078125e+01
3.031756591796875000e+01
-8.237575531005859375e+00
4.821535110473632812e+01
-1.596031665802001953e+01
3.621872711181640625e+01
-1.241856956481933594e+01
-4.976985931396484375e+01
-7.103459930419921875e+01
4.444927597045898438e+01
-9.656085968017578125e+01
-1.060552895069122314e-02
1.527887153625488281e+01
2.728894710540771484e+00
-3.627235794067382812e+01
-3.908589363098144531e+00
-2.685157537460327148e+00
-7.081375122070312500e+01
7.151839447021484375e+01
-7.548939514160156250e+01
1.579745578765869141e+01
9.991778564453125000e+01
5.768771743774414062e+01
-9.807694244384765625e+01
-7.690818023681640625e+01
6.637207031250000000e+01
4.946345520019531250e+01
1.974890136718750000e+01
-3.363378524780273438e+01
-3.873532867431640625e+01
-8.312551116943359375e+01
-7.506616973876953125e+01
-8.388780975341796875e+01
-7.613629913330078125e+01
-7.356246185302734375e+01
-1.087508392333984375e+01
-7.647453308105468750e+01
3.625287246704101562e+01
-7.482836914062500000e+01
-5.915349578857421875e+01
-1.746263313293457031e+01
-8.683042907714843750e+01
-9.379653930664062500e+01
-9.720239257812500000e+01
4.178656387329101562e+01
4.702339172363281250e+01
-8.393743896484375000e+01
8.918629455566406250e+01
-4.704684066772460938e+01
7.356978607177734375e+01
4.925551605224609375e+01
2.359295272827148438e+01
-2.517954063415527344e+01
-9.763393402099609375e+01
7.266877746582031250e+01
-5.500938796997070312e+01
8.192935943603515625e+01
-7.595188903808593750e+01
-8.289757537841796875e+01
5.357053756713867188e+01
-1.820933532714843750e+01
-9.045624542236328125e+01
9.652673339843750000e+01
-4.280151367187500000e+01
9.064180755615234375e+01
-6.683226013183593750e+01
-3.527093410491943359e+00
-8.437550354003906250e+01
-9.239533233642578125e+01
-7.819302368164062500e+01
8.288261413574218750e+01
4.812472915649414062e+01
2.191103744506835938e+01
7.782774353027343750e+01
4.167114257812500000e+01
-2.878641700744628906e+01
-3.129192924499511719e+01
-6.681086730957031250e+01
-7.929658508300781250e+01
4.916290760040283203e+00
-6.105083084106445312e+01
-7.907003021240234375e+01
-9.954245758056640625e+01
-9.912832641601562500e+01
-9.333256530761718750e+01
-7.663957118988037109e+00
-9.212454986572265625e+01
-4.013747406005859375e+01
1.977937507629394531e+01
-9.692658233642578125e+01
6.456265258789062500e+01
-6.651460266113281250e+01
2.771473503112792969e+01
-8.670039367675781250e+01
3.588885498046875000e+01
8.595684051513671875e+01
-9.522119903564453125e+01
5.358670425415039062e+01
-4.148777008056640625e+01
-4.706278610229492188e+01
7.986211776733398438e+00
3.716739273071289062e+01
7.735613250732421875e+01
-8.765330505371093750e+01
1.900554847717285156e+01
-7.434046173095703125e+01
4.531594848632812500e+01
4.116384506225585938e+01
-9.361212921142578125e+01
-3.426748657226562500e+01
-9.741222381591796875e+01
-2.839671325683593750e+01
-1.622285270690917969e+01
-6.849510955810546875e+01
-2.020323562622070312e+01
3.125714874267578125e+01
5.039151382446289062e+01
6.891363525390625000e+01
7.213688659667968750e+01
