-2.335468679666519165e-01
9.826998114585876465e-01
7.395785450935363770e-01
7.660480737686157227e-01
-2.158597111701965332e-02
6.613385081291198730e-01
-1.872008889913558960e-01
3.466189205646514893e-01
8.413848280906677246e-01
5.645899176597595215e-01
8.190708160400390625e-01
3.538238108158111572e-01
-7.091304063796997070e-01
8.015273213386535645e-01
2.413337975740432739e-01
-6.575866341590881348e-01
1.927830725908279419e-01
9.787233471870422363e-01
9.962751269340515137e-01
9.279456734657287598e-01
7.463264465332031250e-01
8.943840861320495605e-01
-9.453102946281433105e-01
-8.051396608352661133e-01
9.618996381759643555e-01
9.946334958076477051e-01
9.768961071968078613e-01
-9.221375584602355957e-01
9.629734754562377930e-01
-6.499129533767700195e-01
6.549999713897705078e-01
6.618893146514892578e-01
8.468886017799377441e-01
8.552616834640502930e-01
2.433279901742935181e-01
9.098670482635498047e-01
-5.876607894897460938e-01
3.154432475566864014e-01
6.810821890830993652e-01
5.034318566322326660e-01
-4.561261534690856934e-01
4.301576018333435059e-01
3.238325119018554688e-01
3.907821178436279297e-01
5.729839205741882324e-01
3.358807563781738281e-01
8.552832007408142090e-01
5.518711209297180176e-01
-1.646133512258529663e-01
7.403406500816345215e-01
1.285015642642974854e-01
-1.475490033626556396e-01
8.205132484436035156e-01
2.339251935482025146e-01
5.668188333511352539e-01
6.028046607971191406e-01
9.557831883430480957e-01
6.187605261802673340e-01
-1.793503761291503906e-01
2.086968421936035156e-01
7.780653238296508789e-01
-7.433506250381469727e-01
9.100774526596069336e-01
-5.619725957512855530e-02
8.486319780349731445e-01
-4.165778458118438721e-01
2.748620212078094482e-01
7.610979676246643066e-01
9.815785884857177734e-01
9.701308608055114746e-01
9.199153780937194824e-01
-3.222608864307403564e-01
7.728320360183715820e-01
-7.639621496200561523e-01
9.286398291587829590e-01
4.187012910842895508e-01
3.202139437198638916e-01
-4.252255558967590332e-01
9.742166399955749512e-01
-7.607262730598449707e-01
9.513198733329772949e-01
9.815490841865539551e-01
9.805690050125122070e-01
-4.852732717990875244e-01
5.654600858688354492e-01
1.799096167087554932e-01
2.038843184709548950e-01
5.408098101615905762e-01
-7.639218121767044067e-02
9.985346794128417969e-01
-7.247880697250366211e-01
3.843823671340942383e-01
8.584716916084289551e-01
-1.072425302118062973e-02
8.901619911193847656e-01
8.379864096641540527e-01
2.271592244505882263e-02
6.953925490379333496e-01
-5.644096732139587402e-01
9.452342987060546875e-01
8.355266451835632324e-01
6.280645132064819336e-01
2.730174362659454346e-01
7.822453975677490234e-01
-5.876242518424987793e-01
8.536450266838073730e-01
7.588389515876770020e-01
-7.212469577789306641e-01
7.319410443305969238e-01
1.811504065990447998e-01
6.864836215972900391e-01
6.159473061561584473e-01
9.659160375595092773e-01
-4.879920780658721924e-01
9.002540707588195801e-01
9.055612683296203613e-01
-5.581948757171630859e-01
7.755090594291687012e-01
-7.617737054824829102e-01
9.796980023384094238e-01
-6.640457510948181152e-01
8.482761979103088379e-01
8.324809670448303223e-01
7.493148446083068848e-01
-8.540780283510684967e-03
1.989776641130447388e-01
-2.675642669200897217e-01
9.059078097343444824e-01
2.835286259651184082e-01
7.530623078346252441e-01
6.628785133361816406e-01
8.875244855880737305e-01
-7.235222458839416504e-01
9.728040695190429688e-01
5.374878048896789551e-01
6.039861440658569336e-01
7.029111981391906738e-01
-5.009982585906982422e-01
2.238295525312423706e-01
5.360799431800842285e-01
9.936662912368774414e-01
-2.047246992588043213e-01
7.102257013320922852e-01
-5.664085745811462402e-01
7.610652446746826172e-01
6.363826394081115723e-01
7.223295569419860840e-01
8.729273825883865356e-02
7.387636303901672363e-01
-9.321478009223937988e-01
9.014508128166198730e-01
-2.718424499034881592e-01
7.976360321044921875e-01
4.033025503158569336e-01
8.346412777900695801e-01
6.360353827476501465e-01
4.083449766039848328e-02
-4.514312446117401123e-01
7.947394251823425293e-01
6.684423089027404785e-01
-2.816406786441802979e-01
9.221000671386718750e-01
6.595587134361267090e-01
1.700521707534790039e-01
-8.095669150352478027e-01
7.107241749763488770e-01
9.795240163803100586e-01
3.447958528995513916e-01
9.070706963539123535e-01
-1.129506155848503113e-02
4.662346541881561279e-01
5.755707621574401855e-01
9.462584853172302246e-01
4.444358497858047485e-02
-4.880157411098480225e-01
8.703112006187438965e-01
5.693096518516540527e-01
-3.179117441177368164e-01
9.901521205902099609e-01
7.497874498367309570e-01
2.824359834194183350e-01
4.263214170932769775e-01
6.570550799369812012e-01
4.901190698146820068e-01
2.126775681972503662e-01
6.710802316665649414e-01
-8.234993815422058105e-01
5.213119983673095703e-01
9.452020525932312012e-01
9.214059710502624512e-01
-8.461333513259887695e-01
6.903041154146194458e-02
7.459816336631774902e-01
-5.947705507278442383e-01
9.777652621269226074e-01
5.393074750900268555e-01
5.227144360542297363e-01
5.748082995414733887e-01
-1.713041812181472778e-01
-3.511157631874084473e-01
7.509071826934814453e-01
5.051364302635192871e-01
5.484226942062377930e-01
2.129495143890380859e-01
-3.338787257671356201e-01
9.869512915611267090e-01
9.738051891326904297e-01
8.182858228683471680e-01
8.840365409851074219e-01
-2.775394022464752197e-01
8.939476013183593750e-01
-8.645702600479125977e-01
9.908552765846252441e-01
9.228075146675109863e-01
4.487374126911163330e-01
-3.647297993302345276e-02
4.835931062698364258e-01
-6.242149472236633301e-01
2.979138791561126709e-01
8.729805946350097656e-01
9.672137498855590820e-01
7.202945351600646973e-01
8.339138031005859375e-01
-8.768816590309143066e-01
-2.955148182809352875e-02
8.065093159675598145e-01
7.582817077636718750e-01
4.669552445411682129e-01
3.163160383701324463e-01
-1.325875669717788696e-01
9.309586286544799805e-01
8.054354786872863770e-02
-2.340321540832519531e-01
3.145149052143096924e-01
1.095876917243003845e-01
9.715870022773742676e-01
-3.302690684795379639e-01
9.851078391075134277e-01
7.634463906288146973e-01
-4.704686105251312256e-01
9.975985884666442871e-01
3.842470347881317139e-01
7.439806461334228516e-01
3.696235418319702148e-01
4.493163228034973145e-01
-4.061020910739898682e-01
2.024716287851333618e-01
7.895839810371398926e-01
9.245964288711547852e-01
7.360187172889709473e-01
-9.754433631896972656e-01
9.262439608573913574e-01
7.999690771102905273e-01
-3.014645576477050781e-01
8.880057185888290405e-02
9.173232913017272949e-01
7.623502016067504883e-01
-4.644528031349182129e-02
5.909661054611206055e-01
-8.807727694511413574e-01
9.035750031471252441e-01
7.541676163673400879e-01
9.502239227294921875e-01
-6.682480573654174805e-01
7.117447257041931152e-01
9.599210023880004883e-01
5.394646525382995605e-01
1.171788573265075684e-02
-3.983192443847656250e-01
6.969534158706665039e-01
9.005525112152099609e-01
-1.790220290422439575e-01
7.423112392425537109e-01
6.761275529861450195e-01
-1.052803024649620056e-01
7.900479435920715332e-01
6.545875668525695801e-01
3.407409489154815674e-01
2.688247263431549072e-01
-5.732197165489196777e-01
9.638954997062683105e-01
1.496959179639816284e-01
5.795693397521972656e-01
-6.331435441970825195e-01
8.874025344848632812e-01
9.654489755630493164e-01
8.824610710144042969e-01
5.580492019653320312e-01
8.683508038520812988e-01
-9.605602622032165527e-01
6.202803254127502441e-01
7.413508296012878418e-01
-2.692544460296630859e-01
9.912113547325134277e-01
7.768663167953491211e-01
-9.270927309989929199e-01
8.973627686500549316e-01
-6.723080873489379883e-01
9.290005564689636230e-01
8.983902931213378906e-01
7.864813208580017090e-01
-6.070371717214584351e-02
-4.422482848167419434e-01
9.595608711242675781e-01
3.621453940868377686e-01
7.371234148740768433e-02
7.181420177221298218e-02
9.867473244667053223e-01
-4.734845161437988281e-01
9.652822017669677734e-01
5.555292591452598572e-02
9.715739488601684570e-01
-5.964494943618774414e-01
9.455476999282836914e-01
8.372164368629455566e-01
9.091240167617797852e-01
-6.890502572059631348e-01
9.612249732017517090e-01
6.687919050455093384e-02
8.406301140785217285e-01
5.076578259468078613e-01
-8.963362872600555420e-02
-2.522248625755310059e-01
4.271340668201446533e-01
5.829582214355468750e-01
5.809269547462463379e-01
8.561784625053405762e-01
2.835405766963958740e-01
7.455069422721862793e-01
5.311252474784851074e-01
-8.566921949386596680e-01
8.773986101150512695e-01
9.022973179817199707e-01
3.650690913200378418e-01
4.934688508510589600e-01
3.719917237758636475e-01
9.312779307365417480e-01
-6.176458597183227539e-01
4.172499850392341614e-02
7.300080060958862305e-01
8.974049240350723267e-02
1.930374205112457275e-01
6.305828094482421875e-01
7.215071916580200195e-01
5.440238714218139648e-01
9.137386083602905273e-01
-6.997245550155639648e-01
-2.885750122368335724e-02
8.313660025596618652e-01
9.233093857765197754e-01
-2.785456739366054535e-02
5.808051228523254395e-01
-8.039148449897766113e-01
7.801093459129333496e-01
8.731177449226379395e-01
9.213972091674804688e-01
2.047999501228332520e-01
7.107442617416381836e-01
-6.630391478538513184e-01
9.669106006622314453e-01
2.976375520229339600e-01
5.283814072608947754e-01
3.064198493957519531e-01
-2.551131844520568848e-01
3.389030396938323975e-01
9.194002747535705566e-01
8.287125229835510254e-01
-1.298257261514663696e-01
9.142536520957946777e-01
2.903540730476379395e-01
2.864788174629211426e-01
5.737007260322570801e-01
-1.974734850227832794e-02
5.292110443115234375e-01
-8.996082097291946411e-02
-7.338521629571914673e-02
9.508014917373657227e-01
4.085408151149749756e-01
-2.867196500301361084e-01
9.096559882164001465e-01
-3.064479529857635498e-01
7.836319208145141602e-01
7.741674780845642090e-01
7.539569139480590820e-01
7.779785990715026855e-01
5.339738726615905762e-01
-8.770565986633300781e-01
5.653324127197265625e-01
9.813321232795715332e-01
8.015727400779724121e-01
-7.969971895217895508e-01
9.886969327926635742e-01
2.290983349084854126e-01
1.066923141479492188e-04
-2.972605526447296143e-01
7.568134069442749023e-01
9.093185663223266602e-01
8.565511107444763184e-01
-2.462739823386073112e-03
9.526625275611877441e-01
-7.416288256645202637e-01
8.914372324943542480e-01
1.193709000945091248e-01
9.604489803314208984e-01
1.248872131109237671e-01
3.181678950786590576e-01
-5.295747518539428711e-02
5.850969552993774414e-01
7.954352498054504395e-01
-1.687841713428497314e-01
3.388029932975769043e-01
7.674462795257568359e-01
-5.119130611419677734e-01
9.440792798995971680e-01
1.987157016992568970e-01
9.884223937988281250e-01
5.260436534881591797e-01
4.938260912895202637e-01
-3.794384300708770752e-01
1.027517542243003845e-01
6.670971866697072983e-03
9.840514063835144043e-01
9.708517789840698242e-01
7.718621492385864258e-01
5.584475398063659668e-01
-9.639385342597961426e-01
2.735919952392578125e-01
9.340746402740478516e-01
9.445496797561645508e-01
8.410230875015258789e-01
-3.787752091884613037e-01
-2.507774233818054199e-01
-4.188486635684967041e-01
1.839211732149124146e-01
5.324864983558654785e-01
8.583557009696960449e-01
9.479724764823913574e-01
5.070685744285583496e-01
-4.865836799144744873e-01
8.741758465766906738e-01
8.724344968795776367e-01
1.960546225309371948e-01
7.710031867027282715e-01
6.887394785881042480e-01
-4.992956519126892090e-01
1.996583193540573120e-01
4.936984479427337646e-01
8.631288409233093262e-01
9.019366502761840820e-01
9.613323956727981567e-02
-2.001736015081405640e-01
6.009245514869689941e-01
5.534451007843017578e-01
5.652073025703430176e-01
-6.632282137870788574e-01
8.993052244186401367e-01
4.570358693599700928e-01
5.069649219512939453e-01
-2.790113687515258789e-01
9.518796801567077637e-01
-4.946445822715759277e-01
9.632452130317687988e-01
6.887069344520568848e-01
2.298384606838226318e-01
-3.191902935504913330e-01
3.305711746215820312e-01
9.212412238121032715e-01
2.986390888690948486e-01
5.181820392608642578e-01
8.066361546516418457e-01
-3.214955031871795654e-01
4.596762955188751221e-01
3.237829804420471191e-01
9.161100387573242188e-01
7.880982756614685059e-01
2.470647841691970825e-01
-2.995064556598663330e-01
8.374832272529602051e-01
9.512804746627807617e-01
8.730251193046569824e-01
-6.780844330787658691e-01
9.651618599891662598e-01
-5.236368179321289062e-01
9.703570008277893066e-01
-2.777773141860961914e-01
-3.562679290771484375e-01
5.818784236907958984e-01
9.502327442169189453e-01
2.961401343345642090e-01
-1.012954041361808777e-01
-7.353643774986267090e-01
9.860403537750244141e-01
8.675036430358886719e-01
9.899572730064392090e-01
4.657098352909088135e-01
-1.176233217120170593e-01
8.031810075044631958e-02
1.838835030794143677e-01
8.957431912422180176e-01
9.615721106529235840e-01
9.491865634918212891e-01
-1.108908727765083313e-01
7.197368144989013672e-01
-2.049845755100250244e-01
8.861432075500488281e-01
7.728977799415588379e-01
-9.552699327468872070e-01
9.641092419624328613e-01
8.442597985267639160e-01
6.985439062118530273e-01
-8.913045525550842285e-01
7.628712654113769531e-01
4.423249363899230957e-01
7.235938906669616699e-01
6.593702435493469238e-01
4.139995276927947998e-01
4.605514109134674072e-01
4.549273550510406494e-01
-9.480037093162536621e-01
2.804086208343505859e-01
4.960872232913970947e-02
6.819745898246765137e-01
3.835402131080627441e-01
-2.105070501565933228e-01
4.848312139511108398e-01
8.503875732421875000e-01
9.570091962814331055e-01
-3.635151684284210205e-01
9.295077919960021973e-01
7.833162546157836914e-01
-2.273029983043670654e-01
9.903567433357238770e-01
-7.548154592514038086e-01
9.703880548477172852e-01
3.453650176525115967e-01
6.730779409408569336e-01
8.411691188812255859e-01
4.554468989372253418e-01
-5.679815411567687988e-01
9.244827628135681152e-01
6.105394959449768066e-01
8.054549694061279297e-01
9.393861144781112671e-02
7.102283835411071777e-01
-1.129743084311485291e-01
9.035067558288574219e-01
-8.795134723186492920e-02
9.700462818145751953e-01
-9.887956976890563965e-01
2.903274297714233398e-01
2.710946500301361084e-01
9.835364818572998047e-01
9.867319464683532715e-01
1.089946255087852478e-01
-6.401462852954864502e-02
-3.806979060173034668e-01
9.411702156066894531e-01
1.034418493509292603e-01
9.780257344245910645e-01
-3.385130763053894043e-01
8.741308450698852539e-01
9.625902175903320312e-01
-1.100563630461692810e-01
-7.385591417551040649e-02
6.970937252044677734e-01
9.246597886085510254e-01
2.752304673194885254e-01
-5.175004601478576660e-01
9.845324158668518066e-01
6.302765607833862305e-01
6.919986605644226074e-01
-3.152725994586944580e-01
-3.430152237415313721e-01
9.576305747032165527e-01
9.832816720008850098e-01
2.570765614509582520e-01
8.474532365798950195e-01
-5.929232239723205566e-01
8.955261707305908203e-01
-2.933919131755828857e-01
9.093412756919860840e-01
4.264222681522369385e-01
-1.156626120209693909e-01
7.628244757652282715e-01
5.960578843951225281e-02
6.446416378021240234e-01
1.077368482947349548e-01
1.674380004405975342e-01
7.003734707832336426e-01
9.645929932594299316e-01
1.118365749716758728e-01
6.586326956748962402e-01
9.292522668838500977e-01
-3.852309286594390869e-01
6.380633711814880371e-01
9.070089459419250488e-01
-6.887428164482116699e-01
2.120999842882156372e-01
-2.152559161186218262e-01
7.223876714706420898e-01
7.063453793525695801e-01
9.083517193794250488e-01
5.201234221458435059e-01
-4.643341302871704102e-01
6.787723302841186523e-01
-2.499380856752395630e-01
9.583639502525329590e-01
8.723731040954589844e-01
5.801584720611572266e-01
-7.971504330635070801e-01
5.200709700584411621e-01
9.474522471427917480e-01
8.035883903503417969e-01
6.957346796989440918e-01
-5.396756529808044434e-01
-9.190955162048339844e-01
9.258399605751037598e-01
7.585642933845520020e-01
9.349449276924133301e-01
9.671328663825988770e-01
-3.579723536968231201e-01
8.410586714744567871e-01
-5.558540225028991699e-01
9.557812809944152832e-01
2.308783866465091705e-02
8.019520044326782227e-01
-2.804026305675506592e-01
9.748185873031616211e-01
-7.363741993904113770e-01
9.538667798042297363e-01
-4.766863584518432617e-01
9.802717566490173340e-01
7.766020894050598145e-01
9.849579334259033203e-01
-2.851158678531646729e-01
8.644217252731323242e-01
7.509822249412536621e-01
6.177464723587036133e-01
-4.899547994136810303e-01
1.769719570875167847e-01
-2.206372655928134918e-02
9.911196231842041016e-01
4.132461175322532654e-02
-2.717138826847076416e-01
9.509961009025573730e-01
9.176231622695922852e-01
9.222826361656188965e-01
2.992830872535705566e-01
-3.160558640956878662e-01
3.286502659320831299e-01
2.536392807960510254e-01
6.367591023445129395e-01
1.612614095211029053e-01
9.417979717254638672e-01
2.336485385894775391e-01
-5.764599423855543137e-03
3.849380612373352051e-01
4.428739547729492188e-01
8.903338909149169922e-01
9.363125562667846680e-01
-5.116471052169799805e-01
7.390158176422119141e-01
-8.620863407850265503e-02
7.681049108505249023e-01
3.002693690359592438e-02
-8.980771303176879883e-01
9.983723759651184082e-01
5.768610239028930664e-01
8.098407983779907227e-01
-7.062492370605468750e-01
9.107651114463806152e-01
6.098750829696655273e-01
1.934769898653030396e-01
4.113133251667022705e-01
8.201962709426879883e-01
6.278867125511169434e-01
8.842788338661193848e-01
-1.844671815633773804e-01
5.985720157623291016e-01
-8.835744857788085938e-01
9.313940405845642090e-01
8.740836381912231445e-01
1.451389491558074951e-01
6.886026859283447266e-01
-4.974744021892547607e-01
6.944450139999389648e-01
7.236848473548889160e-01
-5.992171764373779297e-01
9.827304482460021973e-01
9.024955034255981445e-01
8.466383218765258789e-01
8.317892551422119141e-01
8.848398327827453613e-01
-3.863859474658966064e-01
4.682752490043640137e-01
5.090405941009521484e-01
1.176140382885932922e-01
-1.464217528700828552e-02
-5.374762415885925293e-01
7.986967265605926514e-02
2.376255989074707031e-01
9.684635400772094727e-01
4.838799238204956055e-01
-7.646840214729309082e-01
9.402284026145935059e-01
7.528621554374694824e-01
-6.931157708168029785e-01
9.833430051803588867e-01
9.208991527557373047e-01
9.737158417701721191e-01
-1.020159497857093811e-01
1.607037484645843506e-01
-4.670206457376480103e-02
9.576703906059265137e-01
5.653257369995117188e-01
8.783018589019775391e-01
-8.661745786666870117e-01
8.855440616607666016e-01
9.629474282264709473e-01
7.520031929016113281e-01
-3.858416080474853516e-01
6.753007769584655762e-01
-1.684272736310958862e-01
5.510531663894653320e-01
-6.947345733642578125e-01
9.853330850601196289e-01
9.910293817520141602e-01
-4.803334474563598633e-01
9.906011819839477539e-01
-1.596160233020782471e-02
7.574606537818908691e-01
-3.393094837665557861e-01
9.665260314941406250e-01
2.118725627660751343e-01
2.701673209667205811e-01
2.598113417625427246e-01
8.490433096885681152e-01
9.196193814277648926e-01
-3.395904600620269775e-01
4.277769923210144043e-01
-5.010417699813842773e-01
9.989097714424133301e-01
4.615489244461059570e-01
9.136605262756347656e-01
3.369344472885131836e-01
3.504006266593933105e-01
-1.444616764783859253e-01
9.828185439109802246e-01
-1.208007559180259705e-01
9.649762511253356934e-01
6.527427434921264648e-01
-4.364497959613800049e-01
5.952708125114440918e-01
5.885950922966003418e-01
6.904896497726440430e-01
-3.988644778728485107e-01
5.145676732063293457e-01
-2.517471611499786377e-01
8.842204809188842773e-01
2.741577029228210449e-01
2.441488057374954224e-01
5.565651655197143555e-01
-9.788645505905151367e-01
9.956164956092834473e-01
9.781188368797302246e-01
6.198598146438598633e-01
-7.596674375236034393e-03
9.215025305747985840e-01
-3.431727364659309387e-02
-8.416741490364074707e-01
9.943720102310180664e-01
9.742053151130676270e-01
8.548761606216430664e-01
2.428803145885467529e-01
7.533008456230163574e-01
8.720338344573974609e-02
-1.756024807691574097e-01
7.394490838050842285e-01
-1.129230558872222900e-01
7.887102961540222168e-01
9.109850525856018066e-01
-6.772477030754089355e-01
9.671893715858459473e-01
-8.710168004035949707e-01
5.230528116226196289e-01
8.474907279014587402e-01
9.792692065238952637e-01
6.075177192687988281e-01
8.300184607505798340e-01
6.410824656486511230e-01
-4.501185715198516846e-01
4.678674340248107910e-01
-4.897046387195587158e-01
9.216056466102600098e-01
-1.975932270288467407e-01
9.783400893211364746e-01
-1.811853945255279541e-01
5.944355726242065430e-01
7.406840920448303223e-01
-4.485826194286346436e-01
-1.653809845447540283e-01
1.849737912416458130e-01
9.578723311424255371e-01
9.670799970626831055e-01
9.485196471214294434e-01
-7.598237395286560059e-01
8.423897624015808105e-01
6.851401180028915405e-02
9.863784909248352051e-01
7.632095217704772949e-01
8.296716213226318359e-01
9.514650702476501465e-01
6.899617910385131836e-01
-2.634778916835784912e-01
-4.430115818977355957e-01
-2.531817853450775146e-01
9.411950111389160156e-01
9.207878708839416504e-01
-4.872334301471710205e-01
9.275270104408264160e-01
-8.124408125877380371e-01
7.407007813453674316e-01
-6.094169020652770996e-01
7.706844806671142578e-01
3.058255314826965332e-01
9.761395454406738281e-01
8.333818912506103516e-01
-5.167572498321533203e-01
9.234173893928527832e-01
9.468502402305603027e-01
7.317199110984802246e-01
9.386672377586364746e-01
-3.957822546362876892e-02
3.380449116230010986e-01
-9.709025621414184570e-01
9.760531187057495117e-01
7.485040426254272461e-01
7.041717767715454102e-01
-4.277024269104003906e-01
1.719455271959304810e-01
3.825662732124328613e-01
5.977295041084289551e-01
-1.453944146633148193e-01
9.604713916778564453e-01
5.721827149391174316e-01
9.984813332557678223e-01
-5.897048115730285645e-01
2.167220264673233032e-01
5.230452418327331543e-01
8.648587465286254883e-01
9.316554069519042969e-01
-8.803619146347045898e-01
-7.842044830322265625e-01
9.352083206176757812e-01
9.792990088462829590e-01
9.990881085395812988e-01
8.296326994895935059e-01
2.525976896286010742e-01
-2.776179611682891846e-01
3.365813493728637695e-01
8.271484375000000000e-01
8.650295138359069824e-01
5.938626527786254883e-01
5.001115798950195312e-01
8.368949890136718750e-01
-8.805485367774963379e-01
1.502921581268310547e-01
8.681504726409912109e-01
3.538058400154113770e-01
9.706019610166549683e-02
2.773275375366210938e-01
5.268995761871337891e-01
1.130160316824913025e-01
7.959017753601074219e-01
-2.392043024301528931e-01
-6.200264096260070801e-01
8.744779229164123535e-01
-5.459785461425781250e-05
9.781721234321594238e-01
9.980482459068298340e-01
-6.953111886978149414e-01
9.798124432563781738e-01
5.085302591323852539e-01
-2.025267668068408966e-02
9.680588841438293457e-01
6.079486608505249023e-01
9.409380555152893066e-01
7.071023583412170410e-01
3.154109120368957520e-01
2.959401011466979980e-01
-4.112528264522552490e-01
-1.981686055660247803e-01
3.010725975036621094e-01
8.589386343955993652e-01
9.124088287353515625e-01
-1.044014245271682739e-01
1.573173850774765015e-01
-1.192990392446517944e-01
7.362458705902099609e-01
9.627113938331604004e-01
3.096704743802547455e-02
3.936136662960052490e-01
3.595389425754547119e-01
4.097333550453186035e-01
8.865227103233337402e-01
5.068615674972534180e-01
-7.491926550865173340e-01
8.837056159973144531e-01
-1.344480663537979126e-01
9.380206465721130371e-01
1.074178293347358704e-01
8.911393880844116211e-01
-2.393514364957809448e-01
-2.981315255165100098e-01
9.789249300956726074e-01
8.322702050209045410e-01
4.173142462968826294e-02
8.355348110198974609e-01
8.058999776840209961e-01
-1.359034329652786255e-01
3.039775490760803223e-01
1.626370940357446671e-03
2.447408735752105713e-01
-1.000292822718620300e-01
9.585953354835510254e-01
7.583577632904052734e-01
6.555876731872558594e-01
-1.448290348052978516e-01
-2.563273906707763672e-01
9.844806194305419922e-01
5.356616377830505371e-01
6.040646433830261230e-01
5.689103901386260986e-02
4.887341856956481934e-01
2.585127018392086029e-02
7.109838724136352539e-01
1.796569377183914185e-01
9.784025549888610840e-01
9.093069434165954590e-01
-9.519376754760742188e-01
1.176910996437072754e-01
3.984477818012237549e-01
9.716894626617431641e-01
9.102451801300048828e-01
9.864645004272460938e-01
5.775136351585388184e-01
5.764089822769165039e-01
-9.897289276123046875e-01
-2.276270985603332520e-01
8.393076062202453613e-01
8.975478410720825195e-01
8.758749365806579590e-01
-7.068464756011962891e-01
-3.960898816585540771e-01
8.885372877120971680e-01
8.992421627044677734e-01
2.026575356721878052e-01
-3.293238878250122070e-01
8.749976754188537598e-01
8.363133668899536133e-01
6.654936075210571289e-01
5.297378301620483398e-01
-3.694809079170227051e-01
3.441494107246398926e-01
9.509130716323852539e-01
-3.041975200176239014e-01
8.933816552162170410e-01
-3.996253013610839844e-01
5.228317379951477051e-01
8.872780203819274902e-01
8.488171696662902832e-01
-7.522060871124267578e-01
6.328150629997253418e-01
8.902565836906433105e-01
-5.194659829139709473e-01
7.387047410011291504e-01
-1.472382396459579468e-01
7.164843678474426270e-01
-4.258755221962928772e-02
1.477496922016143799e-01
8.526089191436767578e-01
8.417067527770996094e-01
-6.171892285346984863e-01
9.955964684486389160e-01
9.949510693550109863e-01
9.060056805610656738e-01
-3.490513861179351807e-01
5.177595615386962891e-01
8.716862797737121582e-01
-2.707822918891906738e-01
5.326117277145385742e-01
-5.655149370431900024e-02
8.553090691566467285e-01
6.159666776657104492e-01
-7.685865163803100586e-01
9.390037655830383301e-01
7.505561709403991699e-01
7.276245951652526855e-01
4.862789809703826904e-02
9.492630362510681152e-01
-4.342443645000457764e-01
-9.163091778755187988e-01
9.955796599388122559e-01
9.218963384628295898e-01
8.647559285163879395e-01
1.971450746059417725e-01
5.203638672828674316e-01
6.108075380325317383e-01
-7.623103260993957520e-02
4.171830415725708008e-01
2.461105585098266602e-01
5.159221291542053223e-01
8.058837652206420898e-01
7.658753991127014160e-01
-8.488528132438659668e-01
9.268565177917480469e-01
-1.852982044219970703e-01
5.883713364601135254e-01
-6.895800828933715820e-01
9.873197674751281738e-01
3.911412134766578674e-02
8.946320414543151855e-01
3.750908374786376953e-01
-5.051137804985046387e-01
3.431652784347534180e-01
9.724310636520385742e-01
7.943887114524841309e-01
-6.195662021636962891e-01
8.147393465042114258e-01
2.503402829170227051e-01
9.235443472862243652e-01
7.952312231063842773e-01
-4.437916576862335205e-01
8.921241760253906250e-01
3.913172483444213867e-01
2.631553709506988525e-01
8.288353681564331055e-01
-8.029282093048095703e-01
8.762819766998291016e-01
9.093385934829711914e-01
4.807848036289215088e-01
7.416993975639343262e-01
-3.754906058311462402e-01
9.717435240745544434e-01
6.201955676078796387e-01
-6.488779187202453613e-01
4.753451347351074219e-01
7.882999777793884277e-01
7.013772726058959961e-01
-7.546195387840270996e-01
7.089704275131225586e-01
7.891616225242614746e-01
4.578506350517272949e-01
4.031585752964019775e-01
6.586763858795166016e-01
5.704286098480224609e-01
-6.027459502220153809e-01
3.516111373901367188e-01
6.404066085815429688e-01
-8.758628368377685547e-02
7.896737456321716309e-01
1.545327603816986084e-01
-5.621483325958251953e-01
-9.756802767515182495e-02
9.869267344474792480e-01
9.563998579978942871e-01
5.476989746093750000e-01
5.307388305664062500e-02
2.083852142095565796e-02
6.004319190979003906e-01
8.904008865356445312e-01
-2.097911387681961060e-01
7.194412350654602051e-01
9.534505009651184082e-01
-3.358623385429382324e-02
-6.269226968288421631e-02
9.600403904914855957e-01
4.148766100406646729e-01
9.561915397644042969e-01
-7.103204131126403809e-01
4.892677664756774902e-01
9.490569829940795898e-01
5.761977434158325195e-01
-7.776445150375366211e-02
6.777668595314025879e-01
-5.848888754844665527e-01
9.156926274299621582e-01
4.858924150466918945e-01
3.941301405429840088e-01
4.405848979949951172e-01
2.652154117822647095e-02
8.635361790657043457e-01
-1.398045122623443604e-01
3.262545168399810791e-01
3.678219914436340332e-01
1.010250002145767212e-01
-1.948871165513992310e-01
3.454484045505523682e-01
9.983155131340026855e-01
2.406108230352401733e-01
3.373838067054748535e-01
8.564878106117248535e-01
7.253664135932922363e-01
-3.042541742324829102e-01
9.822365641593933105e-01
-2.570596039295196533e-01
2.459239065647125244e-01
-1.060525178909301758e-01
8.833607435226440430e-01
9.316422939300537109e-01
9.982864260673522949e-01
1.324381679296493530e-01
5.473415851593017578e-01
-5.767289400100708008e-01
7.770588397979736328e-01
3.085514903068542480e-01
9.532479643821716309e-01
-6.483172774314880371e-01
9.602730870246887207e-01
-5.601361989974975586e-01
7.820923812687397003e-03
9.328297972679138184e-01
9.163458347320556641e-01
1.818266808986663818e-01
7.960163354873657227e-01
7.545655369758605957e-01
3.627506196498870850e-01
-1.421180665493011475e-01
9.172876477241516113e-01
-7.565601468086242676e-01
4.122898578643798828e-01
7.309663891792297363e-01
9.448931217193603516e-01
2.614425420761108398e-01
-4.836923778057098389e-01
9.132919907569885254e-01
1.803629249334335327e-01
8.954066038131713867e-01
5.066489577293395996e-01
9.557403922080993652e-01
-5.402745008468627930e-01
5.240203738212585449e-01
-8.149781227111816406e-01
8.808315396308898926e-01
-1.152302399277687073e-01
9.205894470214843750e-01
9.259015321731567383e-01
7.309644818305969238e-01
4.706462323665618896e-01
-5.789538621902465820e-01
9.827570915222167969e-01
-3.736532926559448242e-01
8.548303246498107910e-01
4.684173464775085449e-01
-3.199121356010437012e-01
9.896054863929748535e-01
2.545650601387023926e-01
-1.258174628019332886e-01
5.516052842140197754e-01
8.340167403221130371e-01
-9.926582872867584229e-02
9.134051203727722168e-01
6.760528087615966797e-01
7.378293871879577637e-01
-2.470113337039947510e-01
2.231431901454925537e-01
4.707288742065429688e-01
-3.126662597060203552e-02
2.585802078247070312e-01
8.869408369064331055e-01
-5.953775644302368164e-01
9.815092086791992188e-01
-4.014777839183807373e-01
7.805433869361877441e-01
9.632142782211303711e-01
6.413888335227966309e-01
8.007977008819580078e-01
-8.181046247482299805e-01
9.502730965614318848e-01
8.469468355178833008e-01
4.180520474910736084e-01
4.895031452178955078e-01
5.184776186943054199e-01
2.518101930618286133e-01
5.410665869712829590e-01
-8.268833160400390625e-01
7.900398969650268555e-02
9.700452089309692383e-01
9.887005686759948730e-01
2.823870182037353516e-01
5.542022585868835449e-01
-8.705633282661437988e-01
9.660423994064331055e-01
5.669944286346435547e-01
3.907757699489593506e-01
4.133601784706115723e-01
-4.302135407924652100e-01
9.489538669586181641e-01
7.447848916053771973e-01
-9.147554039955139160e-01
9.449520707130432129e-01
7.707005739212036133e-01
7.883743047714233398e-01
-4.774201661348342896e-02
7.544419765472412109e-01
-1.938456147909164429e-01
9.857115745544433594e-01
-6.076391935348510742e-01
7.147712111473083496e-01
4.665605127811431885e-01
1.049778051674365997e-02
6.284294128417968750e-01
9.059700369834899902e-01
1.140534058213233948e-01
5.269576981663703918e-02
4.403496980667114258e-01
3.301197886466979980e-01
8.085885047912597656e-01
9.192868471145629883e-01
-4.402524232864379883e-02
9.386426210403442383e-01
7.356402873992919922e-01
-5.882968306541442871e-01
-8.138583302497863770e-01
8.943453431129455566e-01
9.984974265098571777e-01
8.682278394699096680e-01
-1.528399288654327393e-01
9.832370281219482422e-01
-4.120664894580841064e-01
-3.224871456623077393e-01
2.500888407230377197e-01
8.735673427581787109e-01
7.849454283714294434e-01
7.078440785408020020e-01
5.046725645661354065e-02
9.464971423149108887e-01
1.322113871574401855e-01
-2.243381440639495850e-01
9.654263854026794434e-01
2.260974049568176270e-01
1.611373387277126312e-02
8.022714853286743164e-01
6.590795516967773438e-01
6.508763134479522705e-02
-8.103621602058410645e-01
8.571352362632751465e-01
7.320231199264526367e-01
5.988348722457885742e-01
4.809378981590270996e-01
6.759989857673645020e-01
4.465118050575256348e-03
-4.649207592010498047e-01
2.119959741830825806e-01
7.994841933250427246e-01
8.616715073585510254e-01
6.009482741355895996e-01
9.592655301094055176e-01
4.935812950134277344e-01
-6.782495975494384766e-01
6.643462777137756348e-01
6.329114437103271484e-01
8.592654764652252197e-02
-2.330099791288375854e-01
-4.502458572387695312e-01
9.742364883422851562e-01
6.245742440223693848e-01
7.747092247009277344e-01
9.034825563430786133e-01
7.412298917770385742e-01
-8.289130330085754395e-01
8.896887898445129395e-01
8.197406530380249023e-01
-4.904313087463378906e-01
2.848319113254547119e-01
5.876628682017326355e-02
9.601396918296813965e-01
6.459940075874328613e-01
9.441800713539123535e-01
-5.322000384330749512e-01
6.422902941703796387e-01
8.408542275428771973e-01
-1.738582104444503784e-01
-4.594041109085083008e-01
9.403846263885498047e-01
7.605440020561218262e-01
-3.240269422531127930e-01
8.886328339576721191e-01
-1.611776351928710938e-01
5.154752135276794434e-01
2.007768750190734863e-01
9.156522750854492188e-01
7.796878218650817871e-01
4.016497135162353516e-01
1.231260150671005249e-01
3.130958974361419678e-01
-4.503034949302673340e-01
6.603001356124877930e-01
8.314929604530334473e-01
9.216591119766235352e-01
-5.998849272727966309e-01
7.505987286567687988e-01
4.051887691020965576e-01
3.019189238548278809e-01
2.360700368881225586e-01
7.331769466400146484e-01
8.343201875686645508e-01
8.449062108993530273e-01
-4.433810710906982422e-01
8.183302283287048340e-01
-8.056341856718063354e-02
-4.650169909000396729e-01
9.651885032653808594e-01
-2.093654423952102661e-01
9.610775113105773926e-01
8.322283625602722168e-01
3.811264336109161377e-01
-3.432295843958854675e-02
1.511116623878479004e-01
1.704910993576049805e-01
4.658843576908111572e-01
3.975843191146850586e-01
-3.155893683433532715e-01
9.677675962448120117e-01
4.494123160839080811e-01
9.830769896507263184e-01
3.953756093978881836e-01
-6.498950123786926270e-01
9.507291913032531738e-01
9.370982050895690918e-01
7.221595048904418945e-01
-9.313702583312988281e-01
9.589876532554626465e-01
9.404401779174804688e-01
8.273094892501831055e-01
2.126171290874481201e-01
-1.537442356348037720e-01
-6.591013818979263306e-02
1.751448661088943481e-01
-4.080608189105987549e-01
8.917744159698486328e-01
9.877063035964965820e-01
9.193092584609985352e-01
8.456003069877624512e-01
-8.152821063995361328e-01
9.321955442428588867e-01
-1.033761072903871536e-02
9.150774478912353516e-01
-8.071442842483520508e-01
3.823157548904418945e-01
9.278739690780639648e-01
9.377992749214172363e-01
4.297589659690856934e-01
-3.027887642383575439e-01
-4.816684722900390625e-01
6.774123311042785645e-01
9.555518031120300293e-01
4.620745778083801270e-01
-6.318559050559997559e-01
8.802621364593505859e-01
7.781378626823425293e-01
9.848353266716003418e-01
9.008762240409851074e-01
-2.395129948854446411e-02
7.487945556640625000e-01
-4.218386709690093994e-01
7.000681161880493164e-01
7.232936620712280273e-01
-2.133091539144515991e-01
8.589040637016296387e-01
1.347351819276809692e-01
3.333450555801391602e-01
6.403877735137939453e-01
4.496500492095947266e-01
-4.377712011337280273e-01
6.924991011619567871e-01
4.122316539287567139e-01
3.628847375512123108e-02
3.504765406250953674e-02
6.203450560569763184e-01
-5.489349961280822754e-01
-1.559834275394678116e-02
9.962440133094787598e-01
9.018182158470153809e-01
-5.190089941024780273e-01
8.575839400291442871e-01
6.943093538284301758e-01
-4.906230866909027100e-01
9.839934706687927246e-01
9.587815999984741211e-01
9.669933319091796875e-01
1.347813159227371216e-01
6.827864050865173340e-01
-6.291053891181945801e-01
8.410050272941589355e-01
8.154529333114624023e-01
5.431583523750305176e-01
4.388838410377502441e-01
5.008612275123596191e-01
-6.475310921669006348e-01
9.776275157928466797e-01
-3.432120680809020996e-01
-3.549435436725616455e-01
9.935843348503112793e-01
8.906018733978271484e-01
8.610465526580810547e-01
-4.985513687133789062e-01
7.484050393104553223e-01
7.626206874847412109e-01
6.654034852981567383e-01
-1.034097149968147278e-01
4.614812433719635010e-01
-5.038228631019592285e-01
1.017537862062454224e-01
9.898219108581542969e-01
8.424782156944274902e-01
-2.325140386819839478e-01
7.941743731498718262e-01
4.300808310508728027e-01
-5.114993080496788025e-02
5.359182357788085938e-01
4.874189794063568115e-01
8.681158423423767090e-01
3.716962039470672607e-01
-3.903565108776092529e-01
3.700161278247833252e-01
6.507117748260498047e-01
5.609130263328552246e-01
-6.940376162528991699e-01
8.668211102485656738e-01
5.222898125648498535e-01
9.442597627639770508e-01
6.193326115608215332e-01
-9.425214529037475586e-01
9.165233373641967773e-01
8.570666313171386719e-01
8.797102570533752441e-01
-9.330517053604125977e-01
1.145977154374122620e-01
9.114608168601989746e-01
7.903530597686767578e-01
7.417325377464294434e-01
4.622493386268615723e-01
2.370995879173278809e-01
6.048123240470886230e-01
1.898598521947860718e-01
-6.290166378021240234e-01
4.875056743621826172e-01
7.421283721923828125e-01
8.913589715957641602e-01
8.671784996986389160e-01
-8.896162509918212891e-01
7.744909524917602539e-01
9.477646350860595703e-01
-3.737865388393402100e-01
7.183884382247924805e-01
-7.785716652870178223e-01
9.663175940513610840e-01
9.839419126510620117e-01
5.059142708778381348e-01
8.695266842842102051e-01
2.398712635040283203e-01
4.250577688217163086e-01
6.331451535224914551e-01
-8.227535486221313477e-01
1.507531851530075073e-01
1.348464488983154297e-01
9.857710599899291992e-01
8.181120753288269043e-01
4.050007760524749756e-01
9.333670139312744141e-01
-2.645128071308135986e-01
-4.808563292026519775e-01
-1.426903754472732544e-01
6.167758703231811523e-01
3.958388864994049072e-01
3.196389675140380859e-01
9.946754574775695801e-01
2.103384286165237427e-01
7.491504549980163574e-01
7.317699193954467773e-01
8.693031668663024902e-01
-7.026482820510864258e-01
8.513203859329223633e-01
-6.717686653137207031e-01
9.915107488632202148e-01
9.181054234504699707e-01
-1.211894452571868896e-01
9.388640522956848145e-01
1.999056190252304077e-01
-8.442437052726745605e-01
9.780784249305725098e-01
9.390740394592285156e-01
8.930253386497497559e-01
-8.624332547187805176e-01
6.592640876770019531e-01
8.974864482879638672e-01
6.787170171737670898e-01
-1.244034692645072937e-01
6.106667518615722656e-01
2.751555666327476501e-02
8.278327584266662598e-01
6.468172073364257812e-01
2.689620852470397949e-01
-6.059625372290611267e-02
-1.278191655874252319e-01
8.083215951919555664e-01
4.302449822425842285e-01
8.616657853126525879e-01
5.868300795555114746e-01
5.266491174697875977e-01
6.506873965263366699e-01
2.523890510201454163e-02
-3.745414912700653076e-01
7.719703316688537598e-01
9.765037149190902710e-02
3.979264497756958008e-01
8.427778482437133789e-01
3.997128009796142578e-01
2.968026101589202881e-01
7.422543317079544067e-02
-2.183704972267150879e-01
9.367720484733581543e-01
3.646560311317443848e-01
8.455238938331604004e-01
8.568659424781799316e-01
-8.194797635078430176e-01
-4.797442257404327393e-01
8.902812600135803223e-01
9.926485419273376465e-01
9.791352152824401855e-01
-3.358637690544128418e-01
-1.077738404273986816e-02
-7.632750272750854492e-01
9.436584115028381348e-01
7.846496105194091797e-01
5.556977987289428711e-01
2.783635854721069336e-01
8.961244821548461914e-01
3.526989519596099854e-01
6.973757743835449219e-01
-6.930590271949768066e-01
7.338644862174987793e-01
7.412240505218505859e-01
8.929716944694519043e-01
3.827056884765625000e-01
9.543862342834472656e-01
-7.486117482185363770e-01
8.381725549697875977e-01
8.094815611839294434e-01
8.400690555572509766e-02
4.857432544231414795e-01
5.279719233512878418e-01
-5.662424564361572266e-01
8.309057354927062988e-01
5.755184963345527649e-02
7.843392491340637207e-01
-2.447435259819030762e-02
7.571319937705993652e-01
8.427237868309020996e-01
-3.512952625751495361e-01
4.884889423847198486e-01
1.309434026479721069e-01
4.457974731922149658e-01
-4.756057262420654297e-01
3.869096338748931885e-01
4.323635697364807129e-01
5.915533900260925293e-01
1.260322630405426025e-01
8.559561967849731445e-01
5.057213902473449707e-01
9.853014349937438965e-01
-5.765910148620605469e-01
7.127668261528015137e-01
6.347487568855285645e-01
9.410421848297119141e-01
9.540626406669616699e-01
-7.874974608421325684e-01
9.393703937530517578e-01
5.376062989234924316e-01
-8.144592642784118652e-01
9.614810347557067871e-01
2.330081611871719360e-01
-5.212585330009460449e-01
1.538494080305099487e-01
9.789842963218688965e-01
9.841281175613403320e-01
9.244130253791809082e-01
5.911917090415954590e-01
6.353832483291625977e-01
-6.461222767829895020e-01
6.736302971839904785e-01
8.527052402496337891e-02
7.180081605911254883e-01
7.302785515785217285e-01
6.764829158782958984e-01
-5.970870852470397949e-01
5.761438012123107910e-01
-3.003182709217071533e-01
9.539560079574584961e-01
-6.807532310485839844e-01
9.751173853874206543e-01
8.752737194299697876e-02
5.307117700576782227e-01
8.934983611106872559e-01
9.444842934608459473e-01
6.987355947494506836e-01
4.388465359807014465e-02
5.255501866340637207e-01
-3.279058635234832764e-01
4.112630784511566162e-01
6.736121773719787598e-01
8.286334276199340820e-01
-4.983653426170349121e-01
5.349047780036926270e-01
4.884656667709350586e-01
2.797400653362274170e-01
9.763488918542861938e-02
9.276105165481567383e-01
-5.905665084719657898e-02
-8.137396723031997681e-02
7.037674784660339355e-01
7.830240726470947266e-01
8.722540140151977539e-01
-1.945135593414306641e-01
8.301196694374084473e-01
-7.797861099243164062e-01
6.897980570793151855e-01
9.409245252609252930e-01
-4.082238674163818359e-01
3.734086453914642334e-01
9.647797346115112305e-01
-5.468777418136596680e-01
9.796165823936462402e-01
9.395223259925842285e-01
1.628922522068023682e-01
8.047341108322143555e-01
-6.582078933715820312e-01
8.977557420730590820e-01
5.277500152587890625e-01
8.220756649971008301e-01
4.965341687202453613e-01
-3.856548070907592773e-01
9.684981703758239746e-01
-6.403350234031677246e-01
8.418209552764892578e-01
8.970004916191101074e-01
-4.035931825637817383e-01
8.735581040382385254e-01
6.628404557704925537e-02
9.691019654273986816e-01
5.484250187873840332e-01
7.433326244354248047e-01
-5.423818826675415039e-01
9.601593613624572754e-01
3.922856748104095459e-01
7.457473278045654297e-01
-4.102209582924842834e-02
-2.947980463504791260e-01
7.466056346893310547e-01
-3.833380341529846191e-01
9.360170364379882812e-01
9.146358370780944824e-01
6.880270242691040039e-01
-3.826160430908203125e-01
-4.230558276176452637e-01
9.417893886566162109e-01
8.707889318466186523e-01
-3.732562065124511719e-01
-3.378117978572845459e-01
9.653334617614746094e-01
8.544787764549255371e-01
-6.423285007476806641e-01
8.764775991439819336e-01
7.678799629211425781e-01
6.165205240249633789e-01
9.561750292778015137e-01
4.200971126556396484e-01
-1.079147607088088989e-01
8.898020982742309570e-01
-4.120577275753021240e-01
7.991827726364135742e-01
4.083909988403320312e-01
-1.511399745941162109e-01
8.468109965324401855e-01
1.189222186803817749e-01
7.254115343093872070e-01
1.100467368960380554e-01
9.179562926292419434e-01
-2.616467773914337158e-01
8.556865155696868896e-02
9.556118845939636230e-01
8.467618823051452637e-01
4.381439387798309326e-01
6.543757915496826172e-01
3.302165865898132324e-02
-5.560103058815002441e-01
-7.688157558441162109e-01
9.629662632942199707e-01
3.916942477226257324e-01
9.938375949859619141e-01
9.625173807144165039e-01
2.819961905479431152e-01
-6.683914065361022949e-01
7.842988371849060059e-01
-5.382850170135498047e-01
9.848484992980957031e-01
-3.064109981060028076e-01
9.711341857910156250e-01
8.913105130195617676e-01
5.089308023452758789e-01
2.229802161455154419e-01
9.821949601173400879e-01
-5.506049394607543945e-01
9.340261816978454590e-01
2.364137321710586548e-01
-5.040689110755920410e-01
8.616128563880920410e-01
9.664996862411499023e-01
5.911273956298828125e-01
-2.064097076654434204e-01
7.872776389122009277e-01
3.441199064254760742e-01
7.822219133377075195e-01
1.895834505558013916e-01
7.842559814453125000e-01
9.458582997322082520e-01
-5.251218080520629883e-01
9.049518108367919922e-01
-2.530413866043090820e-01
4.402500987052917480e-01
4.103926569223403931e-02
4.327241778373718262e-01
-3.481899201869964600e-02
8.571206927299499512e-01
8.252046704292297363e-01
-1.824173331260681152e-01
-6.511403918266296387e-01
6.671112775802612305e-01
8.536896109580993652e-01
2.849992811679840088e-01
7.680109143257141113e-01
-3.616851568222045898e-01
-9.628358483314514160e-01
-3.149577677249908447e-01
2.657406628131866455e-01
-4.348736107349395752e-01
3.820718824863433838e-01
-5.503817796707153320e-01
5.842648912221193314e-03
-6.821103692054748535e-01
-3.930838704109191895e-01
-5.446254611015319824e-01
5.554980635643005371e-01
5.561102628707885742e-01
-6.745854616165161133e-01
-3.508595228195190430e-01
-5.594351887702941895e-01
6.898400783538818359e-01
2.347621321678161621e-01
-6.558885574340820312e-01
-1.164713427424430847e-01
7.667860984802246094e-01
-7.266654968261718750e-01
5.662294030189514160e-01
-9.856317043304443359e-01
-9.705747961997985840e-01
5.663726329803466797e-01
-6.637124419212341309e-01
-3.130446970462799072e-01
7.418149113655090332e-01
2.415199130773544312e-01
2.627094089984893799e-01
1.409861594438552856e-01
-5.587012171745300293e-01
-4.265651702880859375e-01
2.875789999961853027e-01
8.096449375152587891e-01
9.228456020355224609e-01
8.499844670295715332e-01
-5.874111652374267578e-01
-8.369839191436767578e-01
-2.469002008438110352e-01
3.495581150054931641e-01
4.279269650578498840e-02
8.739485740661621094e-01
9.439638257026672363e-01
-5.196946263313293457e-01
5.902577042579650879e-01
-9.423404932022094727e-01
-3.702507913112640381e-01
8.970913887023925781e-01
9.713545441627502441e-01
9.796800613403320312e-01
-5.611719563603401184e-02
5.439896136522293091e-02
1.309778243303298950e-01
-7.332113981246948242e-01
9.720085859298706055e-01
-5.750811100006103516e-01
9.391913414001464844e-01
-1.288680434226989746e-01
2.767956554889678955e-01
2.472907304763793945e-01
6.731404066085815430e-01
3.561885654926300049e-01
1.114539802074432373e-02
-2.144534289836883545e-01
4.881199896335601807e-01
9.323652982711791992e-01
-5.847882628440856934e-01
-4.302801787853240967e-01
9.865883588790893555e-01
9.438158273696899414e-01
5.622038841247558594e-01
6.275658607482910156e-01
-4.961290359497070312e-01
1.336662322282791138e-01
9.171245694160461426e-01
-9.776458740234375000e-01
6.258658170700073242e-01
8.951712846755981445e-01
8.507894873619079590e-01
2.984757125377655029e-01
6.417152285575866699e-01
4.480393230915069580e-01
-3.827854096889495850e-01
6.883741617202758789e-01
3.041287958621978760e-01
1.354443281888961792e-01
8.960878252983093262e-01
5.921233296394348145e-01
-8.045119047164916992e-01
8.395339250564575195e-01
9.416947364807128906e-01
-8.780612945556640625e-01
9.127287268638610840e-01
-7.679770886898040771e-02
7.847560048103332520e-01
8.045937418937683105e-01
-1.617142558097839355e-01
2.938674688339233398e-01
7.771238088607788086e-01
3.279338404536247253e-02
6.035451292991638184e-01
-1.668238341808319092e-01
9.232214093208312988e-01
-9.855191707611083984e-01
9.756381511688232422e-01
9.807134866714477539e-01
4.405471980571746826e-01
4.803698658943176270e-01
-6.926061511039733887e-01
8.989457488059997559e-01
-5.263637304306030273e-01
6.439753770828247070e-01
8.702954649925231934e-01
9.346294403076171875e-01
-3.318488001823425293e-01
-1.079284325242042542e-01
-5.083167552947998047e-01
9.846637845039367676e-01
9.248349666595458984e-01
-5.523439645767211914e-01
9.791997671127319336e-01
-1.898196935653686523e-01
9.710142612457275391e-01
9.663547873497009277e-01
4.136624634265899658e-01
9.403241276741027832e-01
-1.640465110540390015e-01
8.754689097404479980e-01
6.303176283836364746e-01
4.354183375835418701e-01
-6.925012469291687012e-01
5.856031179428100586e-01
8.962225914001464844e-01
5.603147149085998535e-01
9.577558636665344238e-01
-1.101166605949401855e-01
9.716777205467224121e-01
-4.225346148014068604e-01
6.755949258804321289e-01
1.351010948419570923e-01
6.715030670166015625e-01
-7.715405821800231934e-01
3.921849727630615234e-01
9.322505593299865723e-01
4.607606530189514160e-01
8.886856026947498322e-03
-8.622220158576965332e-01
4.889270290732383728e-02
7.462869286537170410e-01
9.392616748809814453e-01
7.377418875694274902e-01
2.500472366809844971e-01
1.400248054414987564e-02
8.908842206001281738e-01
5.313354730606079102e-01
6.792047023773193359e-01
-6.351723074913024902e-01
3.297633230686187744e-01
9.397014379501342773e-01
9.121846556663513184e-01
7.672001719474792480e-01
-3.517890870571136475e-01
9.599223732948303223e-01
-1.442613005638122559e-01
7.936956882476806641e-01
2.861211299896240234e-01
6.963446140289306641e-01
5.548792481422424316e-01
-3.427234888076782227e-01
5.557296276092529297e-01
-9.398523569107055664e-01
6.758643388748168945e-01
9.517723917961120605e-01
3.884628713130950928e-01
8.632038235664367676e-01
6.303839087486267090e-01
8.814513683319091797e-01
-7.568519115447998047e-01
6.624298691749572754e-01
8.456907272338867188e-01
-7.386485338211059570e-01
4.804711043834686279e-01
4.851979911327362061e-01
8.853093981742858887e-01
-1.183292120695114136e-01
5.070728659629821777e-01
2.556045651435852051e-01
9.349515438079833984e-01
7.455347180366516113e-01
6.183832883834838867e-01
4.619824141263961792e-02
5.433803200721740723e-01
-8.535323143005371094e-01
-5.298252701759338379e-01
8.360227346420288086e-01
9.653499722480773926e-01
9.829346537590026855e-01
5.210167169570922852e-01
-4.598409533500671387e-01
1.422218233346939087e-01
1.766644567251205444e-01
5.261318683624267578e-01
8.052431941032409668e-01
9.674068093299865723e-01
-6.638886928558349609e-01
4.981075599789619446e-02
6.625466942787170410e-01
9.249226450920104980e-01
8.416313529014587402e-01
9.113762974739074707e-01
-7.813524007797241211e-01
9.856967329978942871e-01
9.111557602882385254e-01
3.268052041530609131e-01
-1.966467052698135376e-01
4.970998764038085938e-01
9.497787952423095703e-01
3.978663980960845947e-01
-3.492930531501770020e-01
-5.449531674385070801e-01
9.565560221672058105e-01
2.881133556365966797e-01
9.386115670204162598e-01
1.341845691204071045e-01
9.562355279922485352e-01
-1.578083038330078125e-01
6.692200303077697754e-01
-5.460130572319030762e-01
9.529356956481933594e-01
7.405496239662170410e-01
-6.331683397293090820e-01
8.893199563026428223e-01
8.992515206336975098e-01
1.812707334756851196e-01
5.658968091011047363e-01
6.736315488815307617e-01
4.498627781867980957e-01
4.698116183280944824e-01
-1.939367651939392090e-01
5.333167910575866699e-01
3.807818591594696045e-01
5.969038009643554688e-01
-7.739769220352172852e-01
9.389219880104064941e-01
9.475108385086059570e-01
5.393695235252380371e-01
6.148372888565063477e-01
2.126445025205612183e-01
-8.904158473014831543e-01
6.899384856224060059e-01
5.282633900642395020e-01
9.609903693199157715e-01
8.911926746368408203e-01
-2.480386495590209961e-01
6.086239218711853027e-01
-4.855438470840454102e-01
2.918043732643127441e-01
7.050243020057678223e-01
8.914043307304382324e-01
-1.994035243988037109e-01
2.534162998199462891e-01
7.068298459053039551e-01
4.956308007240295410e-01
9.412387609481811523e-01
-2.008434236049652100e-01
9.761285781860351562e-01
-6.004971265792846680e-01
9.838645458221435547e-01
3.047659099102020264e-01
1.811335831880569458e-01
2.121451944112777710e-01
-9.337452240288257599e-03
7.010591030120849609e-01
5.975083708763122559e-01
-7.153687477111816406e-01
9.709035158157348633e-01
6.195123195648193359e-01
1.857519000768661499e-01
6.900407075881958008e-01
-8.039450049400329590e-01
9.626073837280273438e-01
6.395179033279418945e-01
9.899089336395263672e-01
-5.235660076141357422e-01
9.430052042007446289e-01
4.188880622386932373e-01
9.662927389144897461e-01
5.528627038002014160e-01
4.018769860267639160e-01
9.865447878837585449e-01
-7.674601674079895020e-01
9.777371883392333984e-01
7.950310111045837402e-01
8.555410504341125488e-01
-6.982707977294921875e-01
8.095867633819580078e-01
-7.012280225753784180e-01
4.540488123893737793e-01
8.016260266304016113e-01
5.595089793205261230e-01
8.295483589172363281e-01
-4.046990573406219482e-01
1.353748589754104614e-01
1.313902586698532104e-01
