6.697124481201171875e+01
8.486482238769531250e+01
7.994306945800781250e+01
9.817950439453125000e+01
9.958815765380859375e+01
8.993342590332031250e+01
9.741909790039062500e+01
8.546193695068359375e+01
9.185075378417968750e+01
2.304682254791259766e+00
-8.672896575927734375e+01
-9.772187805175781250e+01
-9.939942169189453125e+01
-4.213574981689453125e+01
-9.097769927978515625e+01
-7.052267456054687500e+01
-4.275979995727539062e+01
6.242910003662109375e+01
-7.979321289062500000e+01
9.482281494140625000e+01
6.807095527648925781e+00
9.611370086669921875e+01
4.762937164306640625e+01
-9.818030548095703125e+01
-8.956193542480468750e+01
-4.419092178344726562e+01
-7.485208129882812500e+01
-8.130657958984375000e+01
9.852433776855468750e+01
2.804539871215820312e+01
8.838223266601562500e+01
9.901640319824218750e+01
-4.667797565460205078e+00
7.018769073486328125e+01
8.012857055664062500e+01
9.020694732666015625e+01
5.851618194580078125e+01
-4.655589294433593750e+01
-9.886214447021484375e+01
-7.588528442382812500e+01
-8.896839904785156250e+01
5.085455322265625000e+01
9.657637786865234375e+01
-9.427116394042968750e+01
-1.057952022552490234e+01
9.054090118408203125e+01
6.845623016357421875e+01
-7.085630798339843750e+01
-8.106845855712890625e+01
-8.590231323242187500e+01
1.742083358764648438e+01
9.157278442382812500e+01
9.336366271972656250e+01
-2.199887275695800781e+01
8.987762451171875000e+01
-9.487798309326171875e+01
-7.753485107421875000e+01
-4.920366287231445312e+01
5.663136291503906250e+01
8.448107910156250000e+01
5.097978591918945312e+01
7.461458587646484375e+01
-6.646730041503906250e+01
-6.674179077148437500e+01
-1.033803939819335938e+01
-9.408158302307128906e+00
7.618862915039062500e+01
6.142182922363281250e+01
9.583101654052734375e+01
9.986832427978515625e+01
9.658895874023437500e+01
-4.491949462890625000e+01
-1.879496383666992188e+01
-3.447371292114257812e+01
-1.827565193176269531e+01
7.046176910400390625e+01
9.180092620849609375e+01
9.807930755615234375e+01
8.882770538330078125e+01
5.899512863159179688e+01
-9.524325561523437500e+01
-8.374447631835937500e+01
-5.316295623779296875e+01
4.840411376953125000e+01
9.872644805908203125e+01
-1.305017280578613281e+01
-8.057153701782226562e+00
-7.465519714355468750e+01
5.481981658935546875e+01
-9.886119079589843750e+01
4.148427963256835938e+01
8.459041595458984375e+00
5.764738845825195312e+01
-9.436788940429687500e+01
9.813794708251953125e+01
-9.149563598632812500e+01
-9.185362243652343750e+01
5.812314605712890625e+01
-6.751543426513671875e+01
6.465562438964843750e+01
-6.658214569091796875e+01
-2.649141311645507812e+01
-3.500917816162109375e+01
8.864432525634765625e+01
8.437545013427734375e+01
-4.979827404022216797e+00
9.755477142333984375e+01
9.042223358154296875e+01
9.862954711914062500e+01
-9.201807403564453125e+01
9.982130432128906250e+01
9.878521728515625000e+01
3.062278366088867188e+01
2.280568695068359375e+01
-4.231442642211914062e+01
-1.962214851379394531e+01
-8.402902221679687500e+01
-9.268129730224609375e+01
4.479056167602539062e+01
2.197649627923965454e-01
9.760881042480468750e+01
-2.019258499145507812e+01
-2.741593170166015625e+01
-9.823129272460937500e+01
-4.681970596313476562e+00
2.927713394165039062e+01
5.550143051147460938e+01
8.328423309326171875e+01
3.838677978515625000e+01
7.383386993408203125e+01
2.022847747802734375e+01
-5.442649841308593750e+01
-9.862411499023437500e+01
-9.068891143798828125e+01
-8.313639068603515625e+01
2.896748542785644531e+01
-3.332269668579101562e+01
6.299758529663085938e+01
9.977363586425781250e+01
6.824308013916015625e+01
-9.470986938476562500e+01
9.787885284423828125e+01
-9.394956207275390625e+01
-8.832266235351562500e+01
-4.880630874633789062e+01
9.802635192871093750e+01
-6.331309127807617188e+01
1.746881484985351562e+01
8.911857604980468750e+01
8.210685729980468750e+01
9.086247253417968750e+01
8.053658294677734375e+01
-9.446876525878906250e+01
-9.696417236328125000e+01
-9.987854003906250000e+01
-9.929854583740234375e+01
-4.199834823608398438e+01
-8.486102294921875000e+01
-1.587059020996093750e+01
9.120169830322265625e+01
9.880018615722656250e+01
2.351934242248535156e+01
1.216718196868896484e+01
7.186939239501953125e+01
9.718022918701171875e+01
-5.929172515869140625e+01
-5.729154968261718750e+01
3.762785339355468750e+01
-1.091667366027832031e+01
2.697908282279968262e-01
-4.576493263244628906e+00
-8.616323089599609375e+01
9.234413146972656250e+01
-2.928521919250488281e+01
9.941578674316406250e+01
-5.962586402893066406e+00
3.325743865966796875e+01
7.713677215576171875e+01
6.901360321044921875e+01
3.935281372070312500e+01
-4.426508426666259766e+00
8.706243896484375000e+01
-2.070236206054687500e+01
-9.620139312744140625e+01
-7.129800415039062500e+01
-7.006532287597656250e+01
-2.424419212341308594e+01
-9.324584960937500000e+01
-9.779673004150390625e+01
-9.905622100830078125e+01
-6.075226593017578125e+01
-9.972988128662109375e+01
-8.484528350830078125e+01
-9.596727752685546875e+01
-9.877059173583984375e+01
-2.400851726531982422e+00
4.933404922485351562e+01
6.913973236083984375e+01
9.065911865234375000e+01
2.294585990905761719e+01
9.768427276611328125e+01
5.953697586059570312e+01
8.728771972656250000e+01
3.452948760986328125e+01
9.965816497802734375e+01
4.691150665283203125e+01
9.311705017089843750e+01
-8.110503387451171875e+01
-8.808815765380859375e+01
-3.629140472412109375e+01
-9.529304504394531250e+01
7.050091552734375000e+01
8.154485321044921875e+01
3.688368606567382812e+01
4.872064971923828125e+01
-1.907297134399414062e+01
-2.175698661804199219e+01
-9.782939910888671875e+01
4.050559043884277344e+00
-8.476583099365234375e+01
-9.671805572509765625e+01
9.576773071289062500e+01
8.346343994140625000e+01
6.114052963256835938e+01
-6.847279357910156250e+01
-5.299752807617187500e+01
-1.496233367919921875e+01
6.400463104248046875e+01
1.880578613281250000e+01
-3.751833724975585938e+01
6.457526397705078125e+01
-1.995363616943359375e+01
-5.872064208984375000e+01
9.665403747558593750e+01
8.858612823486328125e+01
9.443115234375000000e+01
8.702104949951171875e+01
8.216461181640625000e+01
6.518927001953125000e+01
2.786607170104980469e+01
-3.039488792419433594e+01
-9.958753204345703125e+01
-9.883560943603515625e+01
-9.866993713378906250e+01
-9.964901733398437500e+01
7.903619384765625000e+01
3.698699951171875000e+01
9.527530670166015625e+01
-4.688913726806640625e+01
-2.045710754394531250e+01
-9.719348907470703125e+01
4.706790161132812500e+01
1.590644741058349609e+01
2.565378761291503906e+01
-8.942038726806640625e+01
1.689733505249023438e+01
-2.575633621215820312e+01
-1.201443958282470703e+01
-9.611289215087890625e+01
2.707629919052124023e+00
-1.032954788208007812e+01
-7.533956909179687500e+01
6.188186264038085938e+01
8.531454467773437500e+01
9.930774688720703125e+01
-6.548062896728515625e+01
9.478839111328125000e+01
9.654715728759765625e+01
-4.631975173950195312e+01
-8.500778961181640625e+01
7.125276947021484375e+01
-9.089035797119140625e+01
-4.101772308349609375e+01
2.209944152832031250e+01
9.801348114013671875e+01
8.731655120849609375e+01
6.273667144775390625e+01
2.179186630249023438e+01
9.879819488525390625e+01
-7.207803344726562500e+01
1.248824119567871094e+01
-9.407666015625000000e+01
-9.890937042236328125e+01
-9.471553802490234375e+01
-9.630490112304687500e+01
-6.630264282226562500e+01
8.563017272949218750e+01
-9.878451538085937500e+01
8.531434631347656250e+01
2.348321914672851562e+01
2.637875747680664062e+01
4.270140838623046875e+01
-8.574613952636718750e+01
6.148143768310546875e+00
-7.719803619384765625e+01
-2.415454483032226562e+01
-8.591168975830078125e+01
-4.221322250366210938e+01
3.481799697875976562e+01
5.494168472290039062e+01
8.471334838867187500e+01
9.526068878173828125e+01
-3.419601440429687500e+01
6.371846008300781250e+01
2.039907646179199219e+01
-9.664644622802734375e+01
-9.355699157714843750e+01
-8.801301574707031250e+01
-8.173465728759765625e+01
-4.622072601318359375e+01
6.858966064453125000e+01
9.604648590087890625e+01
8.903681182861328125e+01
9.126634216308593750e+01
4.814059066772460938e+01
-5.447231674194335938e+01
-9.111749267578125000e+01
-5.288385772705078125e+01
-5.668736648559570312e+01
-6.552302551269531250e+01
2.275963211059570312e+01
9.301809692382812500e+01
9.936114501953125000e+01
9.350225830078125000e+01
-9.204652404785156250e+01
-2.074416542053222656e+01
-7.917187500000000000e+01
-8.095601654052734375e+01
2.474498367309570312e+01
9.698400878906250000e+01
9.298541259765625000e+01
4.977297592163085938e+01
9.244255828857421875e+01
8.190950012207031250e+01
-8.335091400146484375e+01
-9.283158111572265625e+01
-1.210119533538818359e+01
-3.330792617797851562e+01
9.629138946533203125e+01
-2.314002990722656250e+01
9.847251129150390625e+01
7.915101623535156250e+01
8.429978179931640625e+01
9.824913740158081055e-01
-6.817803955078125000e+01
-5.496894836425781250e+01
-8.977990722656250000e+01
-3.133368110656738281e+01
-7.874098968505859375e+01
2.911765098571777344e+00
4.514186096191406250e+01
8.522583007812500000e+01
9.580341339111328125e+01
-4.787931060791015625e+01
-1.296251583099365234e+01
-9.154460144042968750e+01
-6.191255569458007812e+01
-8.173731231689453125e+01
2.862956619262695312e+01
9.954974365234375000e+01
9.962793731689453125e+01
9.206266784667968750e+01
9.058406066894531250e+01
4.460691928863525391e+00
4.482770156860351562e+01
-8.657478332519531250e+01
-8.235783386230468750e+01
-6.771317291259765625e+01
-9.922644042968750000e+01
1.261633014678955078e+01
-7.223763275146484375e+01
2.636604881286621094e+01
6.968689727783203125e+01
9.347012329101562500e+01
8.973611450195312500e+01
6.685735321044921875e+01
-9.992250061035156250e+01
-9.957446289062500000e+01
-9.989418029785156250e+01
-9.962599945068359375e+01
-9.657061004638671875e+01
-2.614007377624511719e+01
-9.145953369140625000e+01
-7.021713256835937500e+01
3.240656280517578125e+01
-8.185488128662109375e+01
-8.940711975097656250e+01
-8.867620468139648438e+00
-6.420809936523437500e+01
5.570169067382812500e+01
-9.796772003173828125e+01
-9.850543975830078125e+01
-9.540289306640625000e+01
5.940369415283203125e+01
-7.201222229003906250e+01
6.185421466827392578e+00
-3.562167739868164062e+01
1.466185569763183594e+01
9.568457031250000000e+01
-1.556583023071289062e+01
8.942050933837890625e+01
-3.004286956787109375e+01
8.756307983398437500e+01
9.905350494384765625e+01
9.304181671142578125e+01
9.982830047607421875e+01
9.998778533935546875e+01
8.466162872314453125e+01
9.937229156494140625e+01
8.799349975585937500e+01
-2.490759849548339844e+01
7.000491333007812500e+01
9.299343109130859375e+01
7.115428161621093750e+01
-9.432306671142578125e+01
-9.878224182128906250e+01
-9.934170532226562500e+01
-9.967693328857421875e+01
-8.071138000488281250e+01
-7.036801910400390625e+01
-7.799697113037109375e+01
9.661768341064453125e+01
-4.144952011108398438e+01
6.462658691406250000e+01
4.338721752166748047e+00
-8.781110382080078125e+01
5.073130798339843750e+01
-4.023640441894531250e+01
3.381547164916992188e+01
8.302436828613281250e+01
9.689967346191406250e+01
8.881842041015625000e+01
8.852725982666015625e+01
-3.813063430786132812e+01
7.525920867919921875e+01
-8.616742706298828125e+01
2.203899192810058594e+01
-7.980211639404296875e+01
1.234537601470947266e+01
-9.833233642578125000e+01
7.271543884277343750e+01
3.384876632690429688e+01
-9.358058929443359375e+01
-9.496499633789062500e+01
-9.689733886718750000e+01
-8.370463562011718750e+01
-9.334184265136718750e+01
-4.510782623291015625e+01
7.264939880371093750e+01
7.224236297607421875e+01
6.994112396240234375e+01
6.692565917968750000e+01
-3.430279541015625000e+01
8.661470031738281250e+01
-9.155745506286621094e+00
-9.956048583984375000e+01
6.518095397949218750e+01
5.322988510131835938e+01
9.618120574951171875e+01
7.975250244140625000e+01
-9.137871551513671875e+01
-7.751065063476562500e+01
-6.982708740234375000e+01
2.095882797241210938e+01
-7.352418518066406250e+01
-6.004607009887695312e+01
9.571755981445312500e+01
9.961692047119140625e+01
9.358907318115234375e+01
3.169281387329101562e+01
1.201298141479492188e+01
-1.695365715026855469e+01
-4.994297409057617188e+01
-4.769977951049804688e+01
-9.900634002685546875e+01
7.684407043457031250e+01
6.032273101806640625e+01
6.382996368408203125e+01
-6.914344787597656250e+01
8.831578826904296875e+01
8.144537353515625000e+01
-6.241570281982421875e+01
-4.855118942260742188e+01
-9.899949645996093750e+01
-8.600478363037109375e+01
1.673703002929687500e+01
-8.734644317626953125e+01
8.438484954833984375e+01
8.983362579345703125e+01
8.181453704833984375e+01
-4.621837234497070312e+01
-7.711045074462890625e+01
-9.679228973388671875e+01
3.347763061523437500e+01
-6.367905807495117188e+01
9.838267517089843750e+01
7.733323669433593750e+01
9.325793457031250000e+01
3.212797164916992188e+01
-8.529497528076171875e+01
7.139155578613281250e+01
-7.637025451660156250e+01
-8.793995666503906250e+01
7.290060424804687500e+01
9.038080596923828125e+01
-7.152515411376953125e+01
9.086845397949218750e+01
9.270313262939453125e+01
3.084962081909179688e+01
-9.641288757324218750e+01
-1.230078792572021484e+01
-9.998046875000000000e+01
2.928572273254394531e+01
-9.640640258789062500e+01
8.919564056396484375e+01
-2.867729949951171875e+01
-2.293757057189941406e+01
8.722843170166015625e+01
6.690033721923828125e+01
-8.994785308837890625e+01
-7.253522491455078125e+01
9.790982818603515625e+01
-2.396351242065429688e+01
5.128971862792968750e+01
9.816892242431640625e+01
3.959582901000976562e+01
-4.181088924407958984e+00
9.141567230224609375e+01
-2.380531692504882812e+01
-5.274963378906250000e+01
6.820623016357421875e+01
8.403147125244140625e+01
9.072766113281250000e+01
6.408258819580078125e+01
-6.983531951904296875e+01
7.961428070068359375e+01
-5.327114868164062500e+01
-7.921717834472656250e+01
-4.248033523559570312e+01
-4.905168533325195312e+01
-3.164738655090332031e+01
-1.463928699493408203e+01
9.816103363037109375e+01
9.717171478271484375e+01
9.657630920410156250e+01
9.068553924560546875e+01
-5.524899291992187500e+01
7.006995391845703125e+01
4.745774078369140625e+01
-8.771663665771484375e+01
8.160333633422851562e+00
5.437191772460937500e+01
7.953647613525390625e+01
4.757427978515625000e+01
4.300823974609375000e+01
-9.416453552246093750e+01
-9.832661437988281250e+01
-9.921998596191406250e+01
-7.704711151123046875e+01
-9.958569335937500000e+01
-9.909453582763671875e+01
1.035477352142333984e+01
-9.308998870849609375e+01
9.066260528564453125e+01
-3.624454116821289062e+01
-3.979150295257568359e+00
-6.138855361938476562e+01
6.501170349121093750e+01
6.999546051025390625e+01
8.405229949951171875e+01
6.171352767944335938e+01
9.814829254150390625e+01
9.636737823486328125e+01
4.360073089599609375e+01
9.496038818359375000e+01
-8.351185607910156250e+01
-9.936437988281250000e+01
-9.912959289550781250e+01
-8.253702545166015625e+01
-7.783421325683593750e+01
1.352048993110656738e+00
-1.716876792907714844e+01
-1.292019724845886230e+00
-7.694328308105468750e+01
6.560290527343750000e+01
-8.366886138916015625e+01
-9.573843383789062500e+01
-7.311130523681640625e+01
8.548213958740234375e+00
-8.472505187988281250e+01
5.770304203033447266e+00
-1.103825664520263672e+01
-6.116115570068359375e+01
8.052227783203125000e+01
-8.362234115600585938e+00
-6.958868408203125000e+01
2.217394113540649414e+00
3.281622314453125000e+01
1.977779769897460938e+01
9.716509246826171875e+01
7.514036893844604492e-01
-1.327815341949462891e+01
1.108845615386962891e+01
6.091711044311523438e+01
-3.188327789306640625e+00
4.429319763183593750e+01
8.613315582275390625e+01
-6.776192474365234375e+01
4.535938644409179688e+01
9.923392486572265625e+01
-1.540423774719238281e+01
-9.768267059326171875e+01
-1.243358707427978516e+01
8.490487670898437500e+01
-6.399255275726318359e+00
9.937388610839843750e+01
9.942301177978515625e+01
9.950279235839843750e+01
8.971604919433593750e+01
9.309690856933593750e+01
-6.412368011474609375e+01
7.946862030029296875e+01
3.847114562988281250e+01
-6.888304138183593750e+01
5.801689529418945312e+01
-7.113161468505859375e+01
-8.572422027587890625e+01
-9.498334503173828125e+01
-9.069560241699218750e+01
2.972077751159667969e+01
-3.928351974487304688e+01
9.760946655273437500e+01
3.155262374877929688e+01
-8.944617462158203125e+01
7.261843109130859375e+01
-7.043869781494140625e+01
-9.720497894287109375e+01
2.706643676757812500e+01
2.971569824218750000e+01
9.676620483398437500e+01
-9.002163696289062500e+01
6.761606597900390625e+01
5.705800628662109375e+01
4.292420578002929688e+01
-9.212067413330078125e+01
-4.004241943359375000e+01
-9.894263458251953125e+01
-9.766030883789062500e+01
-8.910210418701171875e+01
-2.706118774414062500e+01
-5.393630218505859375e+01
8.844784545898437500e+01
6.852680969238281250e+01
9.527045440673828125e+01
1.709060287475585938e+01
9.839172363281250000e+01
6.630290985107421875e+01
-4.790047836303710938e+01
-5.028503036499023438e+01
-8.141904449462890625e+01
7.602165222167968750e+01
-2.146450042724609375e+01
4.823548889160156250e+01
9.034815979003906250e+01
8.443759155273437500e+01
-3.725590515136718750e+01
4.154989624023437500e+01
-7.476419067382812500e+01
1.095054244995117188e+01
-1.868620872497558594e+01
3.839760971069335938e+01
-3.931201171875000000e+01
-7.998727416992187500e+01
-4.661255645751953125e+01
6.740133666992187500e+01
8.316454315185546875e+01
7.651976013183593750e+01
-2.271692085266113281e+01
-8.469532012939453125e+01
-9.935385131835937500e+01
-4.403996658325195312e+01
8.859465026855468750e+01
9.658171081542968750e+01
9.991783142089843750e+01
9.931941986083984375e+01
9.811898803710937500e+01
1.640664100646972656e+01
-9.605798339843750000e+01
-7.885951995849609375e+01
-6.279070854187011719e+00
9.696808624267578125e+01
2.534479713439941406e+01
9.415152740478515625e+01
3.871686172485351562e+01
-9.503088378906250000e+01
-9.979878997802734375e+01
-9.399736785888671875e+01
-9.134938049316406250e+01
-9.838152313232421875e+01
7.105061340332031250e+01
9.850360870361328125e+01
9.113516235351562500e+01
-1.173099637031555176e+00
7.529797363281250000e+01
4.939969539642333984e+00
-8.701982879638671875e+01
-9.839178466796875000e+01
-7.907806396484375000e+01
-9.224511718750000000e+01
-7.459146881103515625e+01
7.872602081298828125e+01
9.586112213134765625e+01
9.628768920898437500e+01
6.251394271850585938e+01
4.034719085693359375e+01
-7.520452117919921875e+01
-6.733062744140625000e+01
-6.007136154174804688e+01
-8.751497650146484375e+01
8.389912414550781250e+01
9.854188537597656250e+01
8.869612884521484375e+01
-5.897315216064453125e+01
5.167698287963867188e+01
-5.756811523437500000e+01
-8.369009399414062500e+01
-9.085558319091796875e+01
-1.808604812622070312e+01
7.199787902832031250e+01
8.358370208740234375e+01
9.934982299804687500e+01
9.983174896240234375e+01
8.910141754150390625e+01
2.291910552978515625e+01
9.250791931152343750e+01
-9.594892120361328125e+01
-7.264679718017578125e+01
-7.360906982421875000e+01
-5.235549926757812500e+01
-3.732730102539062500e+01
-8.572171783447265625e+01
5.636702346801757812e+01
9.958032989501953125e+01
3.033059501647949219e+01
8.870922088623046875e+01
3.250641632080078125e+01
-2.768609237670898438e+01
-8.406408691406250000e+01
-9.968970489501953125e+01
-4.451750946044921875e+01
-9.980953216552734375e+00
9.609555816650390625e+01
6.088827133178710938e+01
-2.035643386840820312e+01
-2.072952461242675781e+01
4.313702774047851562e+01
9.881881713867187500e+01
8.310050964355468750e+01
-9.476930236816406250e+01
-8.846659088134765625e+01
1.511976528167724609e+01
9.658789062500000000e+01
9.068785095214843750e+01
9.141935729980468750e+01
-3.189822959899902344e+01
-9.037139892578125000e+01
-7.540285491943359375e+01
-1.433029294013977051e+00
-9.691002655029296875e+01
2.212330245971679688e+01
8.859605407714843750e+01
8.480967712402343750e+01
7.243103027343750000e+01
9.345160675048828125e+01
-7.882815551757812500e+01
9.944143676757812500e+01
-9.442957305908203125e+01
4.097061538696289062e+01
-1.623933410644531250e+01
3.755065917968750000e+01
-6.687737274169921875e+01
-9.305025482177734375e+01
1.817830801010131836e+00
6.495364379882812500e+01
-9.032035827636718750e+01
-9.690731811523437500e+01
-8.564514923095703125e+01
-9.486860656738281250e+01
-8.176277160644531250e+01
6.663021087646484375e+01
-5.535025787353515625e+01
-2.571393013000488281e+01
-9.980659484863281250e+01
8.102024078369140625e+00
-5.358922958374023438e+01
-4.532551193237304688e+01
4.635307312011718750e+01
8.812509536743164062e+00
9.675520324707031250e+01
8.795532989501953125e+01
2.427279949188232422e+00
-2.355552101135253906e+01
4.614023971557617188e+01
9.931628417968750000e+01
9.068357849121093750e+01
9.681093597412109375e+01
6.680828857421875000e+01
6.247727203369140625e+01
-7.028658294677734375e+01
-5.353315353393554688e+01
-7.572766113281250000e+01
7.980061340332031250e+01
8.418212890625000000e+01
9.565560340881347656e+00
-1.986747264862060547e+00
-5.534323501586914062e+01
-9.548541259765625000e+01
-9.807730102539062500e+01
6.388815641403198242e-01
8.953702545166015625e+01
-8.295665740966796875e+01
9.403890228271484375e+01
8.341244506835937500e+01
9.082567596435546875e+01
7.672539520263671875e+01
-4.047582626342773438e+01
-9.944699096679687500e+01
-8.727186584472656250e+01
-5.333906936645507812e+01
1.752299690246582031e+01
5.882960128784179688e+01
8.713745117187500000e+01
4.912043380737304688e+01
-5.061387252807617188e+01
-4.428497695922851562e+01
-9.764167785644531250e+01
-8.494638061523437500e+01
8.197506713867187500e+01
7.942828369140625000e+01
1.575304603576660156e+01
7.856986236572265625e+01
-9.804191589355468750e+01
-5.519895553588867188e+01
-5.708914566040039062e+01
-8.791119384765625000e+01
-7.679420471191406250e+01
-7.947328948974609375e+01
9.823726654052734375e+01
8.263353729248046875e+01
9.963484191894531250e+01
9.213462829589843750e+01
9.794117736816406250e+01
8.685455322265625000e+01
8.980204772949218750e+01
2.300884819030761719e+01
-4.273345565795898438e+01
-9.545455169677734375e+01
-9.593493652343750000e+01
4.186598205566406250e+01
-8.418904113769531250e+01
-5.425008392333984375e+01
7.942446136474609375e+01
-2.990975952148437500e+01
-7.475780487060546875e+01
4.678624725341796875e+01
9.856623077392578125e+01
7.365155792236328125e+01
-2.532139778137207031e+01
-1.583057212829589844e+01
5.428032684326171875e+01
-7.587608337402343750e+01
-8.030892944335937500e+01
-3.634258270263671875e+01
9.329116821289062500e+01
9.984336853027343750e+01
9.739499664306640625e+01
9.986892700195312500e+01
9.906440734863281250e+01
-2.114664459228515625e+01
-8.839130401611328125e+01
-6.581207275390625000e+01
5.746639251708984375e+01
7.423860430717468262e-01
8.311648559570312500e+01
4.192763519287109375e+01
-7.316764831542968750e+01
8.810237884521484375e+01
-9.990203857421875000e+01
2.426061820983886719e+01
-9.577654266357421875e+01
-5.330889892578125000e+01
9.476937103271484375e+01
-8.606843566894531250e+01
-6.953195571899414062e+00
-1.352794742584228516e+01
9.080938720703125000e+01
-3.249234008789062500e+01
-6.508207702636718750e+01
9.212442016601562500e+01
9.835078430175781250e+01
8.845711517333984375e+01
9.156756591796875000e+01
9.456021118164062500e+01
8.014688873291015625e+01
-6.330859756469726562e+01
-5.841539382934570312e+01
-6.733322906494140625e+01
-2.776179695129394531e+01
3.397462129592895508e+00
9.991289520263671875e+01
9.053588867187500000e+01
-3.716898727416992188e+01
-8.220214080810546875e+01
-8.962338256835937500e+01
1.362994956970214844e+01
-6.383703231811523438e+01
2.762014389038085938e+00
9.753195953369140625e+01
7.932586669921875000e+01
4.333470535278320312e+01
5.934020996093750000e+01
-7.858432769775390625e+01
-1.582603740692138672e+01
-8.073007202148437500e+01
-2.762728118896484375e+01
2.078068733215332031e+01
1.333071136474609375e+01
2.686469841003417969e+01
-8.602082061767578125e+01
6.419197082519531250e+01
-8.243292236328125000e+01
-4.007064819335937500e+01
-7.980190277099609375e+01
3.659259033203125000e+01
-2.270438194274902344e+01
1.118497848510742188e+01
9.354795837402343750e+01
6.972371673583984375e+01
2.744453620910644531e+01
-9.697853088378906250e+01
-9.316067504882812500e+01
-9.463655853271484375e+01
-9.946301269531250000e+01
8.280262756347656250e+01
-9.049250030517578125e+01
6.189985275268554688e+01
8.461528778076171875e+01
-2.505218887329101562e+01
2.595744514465332031e+01
9.735506439208984375e+01
-9.432183837890625000e+01
-9.257492065429687500e+01
-8.888594818115234375e+01
9.551117706298828125e+01
9.804094696044921875e+01
9.322116088867187500e+01
9.741046142578125000e+01
9.655319213867187500e+01
-5.298796653747558594e+00
-8.949367523193359375e+01
-9.890582275390625000e+01
4.984978866577148438e+01
9.520958709716796875e+01
-3.581375885009765625e+01
-5.994685745239257812e+01
-6.319030380249023438e+01
9.275268554687500000e+01
-1.166749763488769531e+01
8.062580108642578125e+01
5.980609130859375000e+01
-4.767112350463867188e+01
9.021041870117187500e+01
9.922097015380859375e+01
-6.455847930908203125e+01
-6.071695327758789062e+00
7.618262767791748047e+00
7.171657085418701172e+00
9.641349029541015625e+01
9.907722473144531250e+01
5.461471557617187500e+00
7.930577087402343750e+01
-9.420677185058593750e+01
-4.416951656341552734e+00
-9.811496734619140625e+01
-9.628163909912109375e+01
6.031129837036132812e+01
-2.076889038085937500e+01
-5.645955657958984375e+01
-8.944586944580078125e+01
-1.199895477294921875e+01
-7.422973632812500000e+01
-8.567455291748046875e+01
-9.429082489013671875e+01
-9.574102020263671875e+01
4.198615646362304688e+01
6.447100067138671875e+01
-6.291562271118164062e+01
9.260521888732910156e+00
9.843591308593750000e+01
-5.005140304565429688e+01
9.245714569091796875e+01
5.881546974182128906e+00
9.988751983642578125e+01
-1.983179473876953125e+01
9.768627929687500000e+01
9.312561798095703125e+01
9.988320159912109375e+01
5.591156005859375000e+01
-8.352371215820312500e+01
9.765915679931640625e+01
9.013475799560546875e+01
6.110263061523437500e+01
3.231713104248046875e+01
-4.757844161987304688e+01
-7.910239410400390625e+01
1.455355167388916016e+01
-2.560104751586914062e+01
-4.199932098388671875e+01
-8.271054840087890625e+01
1.599220943450927734e+01
9.411365509033203125e+01
1.680208969116210938e+01
8.116149139404296875e+01
9.292207336425781250e+01
-3.250993347167968750e+01
-9.914323425292968750e+01
-6.303688430786132812e+01
-9.737476348876953125e+01
-5.448847579956054688e+01
8.254760742187500000e+01
2.038193321228027344e+01
-9.474186706542968750e+01
8.165695953369140625e+01
-9.876309967041015625e+01
-1.156163883209228516e+01
-9.552684783935546875e+01
-9.357547760009765625e+01
-4.569287490844726562e+01
9.927914428710937500e+01
9.901110839843750000e+01
9.997407531738281250e+01
7.229170989990234375e+01
8.453512573242187500e+01
6.187792968750000000e+01
8.299040985107421875e+01
9.271124267578125000e+01
-6.585226440429687500e+01
-4.652492523193359375e+01
-9.945123291015625000e+01
-9.376367950439453125e+01
-7.717513275146484375e+01
7.297942352294921875e+01
9.276765441894531250e+01
2.980320930480957031e+00
4.755118179321289062e+01
9.857867240905761719e+00
6.343994140625000000e+01
-4.542142105102539062e+01
-7.369237518310546875e+01
-9.954900360107421875e+01
8.721396636962890625e+01
-2.311778450012207031e+01
-3.010053253173828125e+01
-9.221623992919921875e+01
-9.307978820800781250e+01
-8.878289031982421875e+01
9.328349304199218750e+01
-6.906108093261718750e+01
6.506507873535156250e+01
5.924411392211914062e+01
9.629058074951171875e+01
9.366437530517578125e+01
-2.473030090332031250e+01
-7.053464508056640625e+01
7.294748687744140625e+01
3.315621185302734375e+01
9.974525451660156250e+01
1.688920021057128906e+01
2.872005462646484375e+01
4.854066848754882812e+01
6.407403564453125000e+01
-2.324977302551269531e+01
-9.677526092529296875e+01
-9.997898101806640625e+01
-7.187022399902343750e+01
5.021627044677734375e+01
-8.226210784912109375e+01
-9.832536315917968750e+01
-8.605067443847656250e+01
-9.734624481201171875e+01
-9.717834472656250000e+01
9.920699310302734375e+01
6.737832641601562500e+01
8.534270477294921875e+01
4.461391067504882812e+01
8.369039916992187500e+01
-9.935787963867187500e+01
-6.562551879882812500e+01
-7.194355773925781250e+01
7.749594116210937500e+01
9.196925354003906250e+01
2.259916114807128906e+01
7.110198974609375000e+01
9.643005371093750000e+01
5.576078796386718750e+01
-7.136692047119140625e+01
-9.996984863281250000e+01
-8.760379028320312500e+01
-7.402043151855468750e+01
-9.320114135742187500e+01
2.737082719802856445e+00
8.560575103759765625e+01
9.751161956787109375e+01
9.267113494873046875e+01
3.758870124816894531e+00
3.717769622802734375e+01
-9.942372131347656250e+01
-9.828144836425781250e+01
-9.956069946289062500e+01
-9.241860198974609375e+01
-9.778221893310546875e+01
-6.726771545410156250e+01
-8.743936157226562500e+01
3.577939224243164062e+01
8.075252532958984375e+01
-1.634706306457519531e+01
4.351808929443359375e+01
9.284550476074218750e+01
-7.978181457519531250e+01
3.308010864257812500e+01
7.230609893798828125e+01
2.476958084106445312e+01
7.033621215820312500e+01
-4.427460098266601562e+01
-9.344107055664062500e+01
-9.813153076171875000e+01
6.278278732299804688e+01
-4.863782501220703125e+01
-7.396225738525390625e+01
3.233551979064941406e-03
-4.733382415771484375e+01
9.767835235595703125e+01
-7.150190734863281250e+01
8.791323089599609375e+01
9.957179260253906250e+01
9.790808868408203125e+01
8.810709381103515625e+01
-8.665778350830078125e+01
6.780039978027343750e+01
9.978628540039062500e+01
9.924756622314453125e+01
-9.713427734375000000e+01
-4.890862274169921875e+01
-8.378842163085937500e+01
5.637826919555664062e+01
3.604778671264648438e+01
9.308782958984375000e+01
-7.622354888916015625e+01
1.628459358215332031e+01
-6.731522369384765625e+01
-8.353362274169921875e+01
-9.371472167968750000e+01
-9.017523193359375000e+01
7.960483551025390625e+01
-3.487688446044921875e+01
-3.256032943725585938e+01
4.383713531494140625e+01
8.383761596679687500e+01
9.966897583007812500e+01
-9.260427856445312500e+01
-1.049733638763427734e+01
1.778903579711914062e+01
9.974235534667968750e+01
7.948764038085937500e+01
6.467652893066406250e+01
-5.547319793701171875e+01
-2.528178977966308594e+01
-9.289192962646484375e+01
3.979856491088867188e+01
-5.710146331787109375e+01
9.321118927001953125e+01
-3.316170883178710938e+01
9.093508148193359375e+01
9.777227020263671875e+01
-2.706119346618652344e+01
-7.287660980224609375e+01
5.696923065185546875e+01
-9.302198028564453125e+01
-9.641674041748046875e+01
-2.054525756835937500e+01
-9.822312164306640625e+01
-9.432675933837890625e+01
-6.789685821533203125e+01
-2.973681449890136719e+01
8.941362762451171875e+01
6.455528736114501953e+00
1.495540332794189453e+01
5.471545028686523438e+01
-3.252725982666015625e+01
5.269004821777343750e+01
-1.250837135314941406e+01
7.401187133789062500e+01
9.492102050781250000e+01
7.399091339111328125e+01
9.905841064453125000e+01
9.764220428466796875e+01
8.632299041748046875e+01
6.411821746826171875e+01
-9.839302825927734375e+01
9.556651306152343750e+01
-5.569972229003906250e+01
7.159326171875000000e+01
1.529670333862304688e+01
-2.875120544433593750e+01
6.427101898193359375e+01
-9.217326354980468750e+01
-9.772928619384765625e+01
-5.500481796264648438e+01
-8.114639282226562500e+01
5.567071914672851562e+01
8.226734924316406250e+01
9.509675598144531250e+01
1.759123420715332031e+01
6.216620635986328125e+01
8.623284912109375000e+01
-9.738448333740234375e+01
-9.990982818603515625e+01
-9.648568725585937500e+01
-9.952981567382812500e+01
-9.580055999755859375e+01
-9.560662841796875000e+01
5.275408554077148438e+01
2.646295356750488281e+01
7.340626525878906250e+01
-9.189611816406250000e+01
-2.040207672119140625e+01
-8.482175445556640625e+01
-3.576465225219726562e+01
9.203894805908203125e+01
8.032579803466796875e+01
9.828874206542968750e+01
9.932050323486328125e+01
9.450448608398437500e+01
-6.206509399414062500e+01
6.585277557373046875e+01
-9.829969024658203125e+01
-1.159128952026367188e+01
-1.126866531372070312e+01
-1.273337268829345703e+01
7.622474670410156250e+01
8.492098236083984375e+01
5.885039138793945312e+01
9.979502868652343750e+01
9.514758300781250000e+01
4.044861602783203125e+01
-7.659713745117187500e+01
-9.743328094482421875e+01
-5.570140457153320312e+01
9.618436431884765625e+01
-5.815645980834960938e+01
3.998653793334960938e+01
7.055496978759765625e+01
5.382357406616210938e+01
-9.567009735107421875e+01
-9.896807098388671875e+01
-8.861109161376953125e+01
-3.929914474487304688e+00
-9.135951232910156250e+01
-6.330830574035644531e+00
8.052632904052734375e+01
9.953686523437500000e+01
9.641438293457031250e+01
-1.791065406799316406e+01
9.883171081542968750e+01
9.842728424072265625e+01
3.394745635986328125e+01
3.908193826675415039e+00
-4.182624816894531250e+01
4.015270614624023438e+01
-8.341156959533691406e+00
-9.157161712646484375e+01
-3.808658218383789062e+01
5.822153854370117188e+01
9.736933135986328125e+01
-8.642505645751953125e+01
3.689420700073242188e+01
-4.060443496704101562e+01
-8.891591644287109375e+01
-6.789846801757812500e+01
-7.477270603179931641e+00
9.015870666503906250e+01
3.417658615112304688e+01
-3.249339294433593750e+01
9.705170440673828125e+01
9.921636199951171875e+01
7.731057739257812500e+01
6.591021728515625000e+01
6.906486511230468750e+01
9.321724700927734375e+01
-7.044602966308593750e+01
-4.070154190063476562e+00
-9.280251312255859375e+01
-9.893714904785156250e+01
-7.359230804443359375e+01
-3.838610839843750000e+01
9.771030426025390625e+01
8.981730651855468750e+01
9.872282409667968750e+01
-7.134408569335937500e+01
-2.542140579223632812e+01
-6.237070083618164062e+01
3.105270576477050781e+01
-8.574274444580078125e+01
8.294940948486328125e+01
9.316338348388671875e+01
9.797937011718750000e+01
2.614200592041015625e+00
8.050974273681640625e+01
-6.935379791259765625e+01
-5.902569198608398438e+01
-2.789440536499023438e+01
6.832373809814453125e+01
-2.403194618225097656e+01
4.805826568603515625e+01
3.656413269042968750e+01
9.532142639160156250e+01
1.809577560424804688e+01
8.312029266357421875e+01
-8.317171478271484375e+01
-9.887759399414062500e+01
8.476799011230468750e+00
-9.962018585205078125e+01
-8.140225219726562500e+01
6.014807891845703125e+01
-9.905917358398437500e+01
-7.341611480712890625e+01
-9.758369445800781250e+01
-9.659160614013671875e+01
2.552947998046875000e+01
-6.101113510131835938e+01
9.125305175781250000e+01
3.541487503051757812e+01
3.084917640686035156e+01
-4.947287368774414062e+01
9.235150909423828125e+01
5.306917953491210938e+01
-1.461522006988525391e+01
-9.737387847900390625e+01
7.926644897460937500e+01
3.091663742065429688e+01
9.561959838867187500e+01
-6.063116073608398438e+01
-6.886267089843750000e+01
-8.231909942626953125e+01
4.879137802124023438e+01
1.226847839355468750e+01
-3.975264739990234375e+01
-7.527947998046875000e+01
2.429289817810058594e+01
8.249990081787109375e+01
6.187999725341796875e+01
7.538554382324218750e+01
6.859141540527343750e+01
4.082861709594726562e+01
-9.639645385742187500e+01
-6.360140609741210938e+01
-7.301498413085937500e+01
-9.775785064697265625e+01
7.432552337646484375e+01
-9.566297912597656250e+01
9.747122955322265625e+01
-6.161767196655273438e+01
-3.464496612548828125e+01
-1.818726539611816406e+01
-6.754976654052734375e+01
8.350336456298828125e+01
9.772309112548828125e+01
7.277917480468750000e+01
9.297872924804687500e+01
9.922836303710937500e+01
6.300973892211914062e+01
-8.734300994873046875e+01
3.137191581726074219e+01
8.393164825439453125e+01
-2.505558729171752930e+00
-7.909266662597656250e+01
-4.579719161987304688e+01
-9.233203887939453125e+01
-5.117312073707580566e-01
-8.563761138916015625e+01
-8.064926147460937500e+01
3.996612167358398438e+01
-9.207653808593750000e+01
-7.771203613281250000e+01
6.202028274536132812e+01
-5.174850082397460938e+01
-8.447563171386718750e+01
-9.701168823242187500e+01
-7.918019104003906250e+01
9.822806549072265625e+01
8.896142578125000000e+01
9.972957611083984375e+01
8.691179656982421875e+01
9.741549682617187500e+01
9.139750671386718750e+01
9.889045715332031250e+01
9.937064361572265625e+01
8.978434753417968750e+01
-2.455073356628417969e+01
-2.789036369323730469e+01
9.977988433837890625e+01
3.238591766357421875e+01
9.137817382812500000e+01
7.305858612060546875e+01
2.441555023193359375e+01
-7.738782501220703125e+01
-8.256796264648437500e+01
9.959911346435546875e+01
-8.535988616943359375e+01
5.010707855224609375e+01
4.134491920471191406e+00
4.811161041259765625e+01
-8.386772155761718750e+01
-9.995156097412109375e+01
-9.662788391113281250e+01
-9.857976531982421875e+01
-9.817339324951171875e+01
-5.614597320556640625e+01
-4.796242141723632812e+01
-1.697361373901367188e+01
4.982017517089843750e+01
1.125887203216552734e+01
5.312347412109375000e+01
9.642781066894531250e+01
9.295596313476562500e+01
1.407750511169433594e+01
-8.608622741699218750e+01
-3.816333770751953125e+01
-6.182184219360351562e+01
5.497886657714843750e+01
-4.542826843261718750e+01
9.608952331542968750e+01
9.912872314453125000e+01
-1.650957298278808594e+01
-4.211213302612304688e+01
8.046417236328125000e+01
8.827323150634765625e+01
9.181804656982421875e+01
-5.737708663940429688e+01
-3.515832185745239258e+00
-9.794524383544921875e+01
-9.542731475830078125e+01
3.249971389770507812e+01
9.599835205078125000e+01
9.929235076904296875e+01
-1.370007705688476562e+01
9.612747192382812500e+01
-1.373052883148193359e+01
-6.855989456176757812e+00
6.964005279541015625e+01
8.327611541748046875e+01
-7.963481903076171875e+01
1.024541568756103516e+01
2.921761322021484375e+01
-9.127866363525390625e+01
-2.087039566040039062e+01
-4.736129379272460938e+01
5.440805435180664062e+01
9.953261566162109375e+01
9.780067443847656250e+01
9.499357604980468750e+01
8.600555419921875000e+01
-4.685463333129882812e+01
6.793899536132812500e+01
-6.905536651611328125e+01
-9.145943450927734375e+01
-9.498480224609375000e+01
1.388156652450561523e+00
-5.884716510772705078e+00
7.829187774658203125e+01
-9.966258239746093750e+01
4.152892303466796875e+01
-9.767288970947265625e+01
-8.454610824584960938e+00
-8.648199462890625000e+01
9.255168151855468750e+01
-2.897999191284179688e+01
8.675064086914062500e+01
9.876233673095703125e+01
9.044801330566406250e+01
-5.536041259765625000e+01
3.490375137329101562e+01
7.571649169921875000e+01
-6.071602249145507812e+01
-2.409850883483886719e+01
7.520742034912109375e+01
9.165453338623046875e+01
9.411699676513671875e+01
9.897814941406250000e+01
3.605366516113281250e+01
6.774572753906250000e+01
-9.375159454345703125e+01
-4.193093490600585938e+01
-9.992350769042968750e+01
-9.403298187255859375e+01
-7.954496765136718750e+01
-2.411434173583984375e+01
-9.840464019775390625e+01
-9.913009643554687500e+01
-8.726868629455566406e+00
-7.052280426025390625e+01
9.992908477783203125e+01
9.937924957275390625e+01
7.563447570800781250e+01
3.808356094360351562e+01
9.981937408447265625e+01
7.544163513183593750e+01
6.474343872070312500e+01
8.470841217041015625e+01
-5.642766952514648438e+01
-9.496231842041015625e+01
8.513329315185546875e+01
-4.400090789794921875e+01
-2.011092185974121094e+01
4.756359863281250000e+01
7.788876342773437500e+01
-6.270588684082031250e+01
-1.163862228393554688e+01
-5.873143768310546875e+01
-8.925803375244140625e+01
-2.118903160095214844e+01
9.967715454101562500e+01
6.176638793945312500e+01
9.750415802001953125e+01
6.042297363281250000e+01
8.099368286132812500e+01
4.056623458862304688e+01
-9.494453430175781250e+01
6.970634460449218750e+01
-8.354582214355468750e+01
-9.651165771484375000e+01
4.914529800415039062e+01
-7.425843048095703125e+01
8.359857940673828125e+01
4.487865447998046875e+01
3.616403579711914062e+01
-1.265852642059326172e+01
-9.977824401855468750e+01
7.173138427734375000e+01
-9.971332550048828125e+01
6.689234924316406250e+01
-5.598315048217773438e+01
-1.122689723968505859e+00
-6.220901489257812500e+01
-9.010955810546875000e+01
-7.808853149414062500e+01
-2.218472099304199219e+01
9.017633056640625000e+01
9.748908996582031250e+01
9.988267517089843750e+01
8.489114379882812500e+01
2.902924346923828125e+01
5.218817138671875000e+01
-6.926460266113281250e+01
2.997456741333007812e+01
-2.181952857971191406e+01
5.627320861816406250e+01
-2.727035331726074219e+01
-5.845817184448242188e+01
9.674240875244140625e+01
7.552238464355468750e+01
-4.080780029296875000e+01
9.189506530761718750e+01
9.197803497314453125e+01
5.900279235839843750e+01
-3.321391677856445312e+01
-7.822351074218750000e+01
2.323858642578125000e+01
-5.885446166992187500e+01
-7.541667175292968750e+01
-3.572422790527343750e+01
9.951508331298828125e+01
5.648264312744140625e+01
8.041059112548828125e+01
9.774306488037109375e+01
-8.953262329101562500e+01
-9.447916412353515625e+01
-9.862102508544921875e+01
-9.772517395019531250e+01
-8.004255676269531250e+01
1.083121013641357422e+01
-5.962081146240234375e+01
-9.907039642333984375e+01
-4.071717071533203125e+01
-9.341558074951171875e+01
2.770151519775390625e+01
-1.581665992736816406e+01
8.643737792968750000e+00
6.542407989501953125e+01
9.779435729980468750e+01
-9.233000183105468750e+01
9.833751678466796875e+01
8.075819396972656250e+01
7.265234375000000000e+01
-2.272488832473754883e+00
3.608425140380859375e+01
9.989244842529296875e+01
9.935364532470703125e+01
7.969293975830078125e+01
9.383929443359375000e+01
5.509129333496093750e+01
-2.993355751037597656e+01
-1.140697479248046875e+01
8.615109252929687500e+01
-5.394024276733398438e+01
8.735130310058593750e+00
9.822426605224609375e+01
-7.059190368652343750e+01
-6.498928070068359375e+01
-1.710422134399414062e+01
-6.429415130615234375e+01
-8.184548950195312500e+01
-1.913184738159179688e+01
9.446274566650390625e+01
-2.478203392028808594e+01
5.538663864135742188e+01
9.367984008789062500e+01
7.956636810302734375e+01
7.344121551513671875e+01
5.688848495483398438e+01
9.980511474609375000e+01
9.398704528808593750e+01
9.635098266601562500e+01
-8.264453125000000000e+01
-8.927429962158203125e+01
-9.832588958740234375e+01
1.889124107360839844e+01
-8.022007751464843750e+01
-3.195384788513183594e+01
-6.854954528808593750e+01
-7.571208953857421875e+01
3.763042449951171875e+00
3.561072921752929688e+01
-8.651058959960937500e+01
7.782437896728515625e+01
-5.508852005004882812e+01
8.954869842529296875e+01
5.542117309570312500e+01
7.284027099609375000e+01
8.493664550781250000e+01
-8.874517822265625000e+01
-9.797071075439453125e+01
-7.692363739013671875e+01
-8.976580810546875000e+01
3.718145608901977539e+00
-8.654877471923828125e+01
-8.627060890197753906e+00
4.729928588867187500e+01
-4.118251037597656250e+01
7.503137207031250000e+01
3.497149276733398438e+01
6.185411071777343750e+01
7.762406158447265625e+01
-4.063344955444335938e+01
3.984547042846679688e+01
4.656509017944335938e+01
6.501619720458984375e+01
2.063094329833984375e+01
-8.698093414306640625e+01
3.833720397949218750e+01
-9.805103302001953125e+01
-9.778803253173828125e+01
-6.188229751586914062e+01
-9.656298065185546875e+01
-9.896701812744140625e+01
-7.101538085937500000e+01
-9.831805419921875000e+01
2.976930236816406250e+01
2.966707611083984375e+01
9.917863464355468750e+01
-1.242771816253662109e+01
-5.563861846923828125e+01
5.259577178955078125e+01
8.398350524902343750e+01
2.080426788330078125e+01
7.392378234863281250e+01
-9.640279769897460938e+00
4.541468620300292969e+00
4.997118759155273438e+01
-1.416104125976562500e+01
-1.978009414672851562e+01
-9.464661407470703125e+01
2.719436836242675781e+01
-4.862234115600585938e+01
5.260828018188476562e+01
-8.300315856933593750e+01
9.454896545410156250e+01
4.722756576538085938e+01
-7.772544860839843750e+01
-4.615384101867675781e+00
6.569021606445312500e+01
-2.767733383178710938e+01
3.257538223266601562e+01
9.993879699707031250e+01
9.985264587402343750e+01
2.724783706665039062e+01
4.417050933837890625e+01
1.993631172180175781e+01
-9.052052307128906250e+01
-9.475019073486328125e+01
-8.457187652587890625e+01
-3.710411834716796875e+01
-8.882206726074218750e+01
1.501939105987548828e+01
1.765839004516601562e+01
3.838776779174804688e+01
-9.775210571289062500e+01
-8.944664764404296875e+01
-3.432874679565429688e+01
-3.506741714477539062e+01
-9.816476440429687500e+01
5.566248321533203125e+01
8.366593933105468750e+01
-7.061866760253906250e+00
9.425612640380859375e+01
6.162332153320312500e+01
-7.268379974365234375e+01
-1.814943909645080566e+00
-7.457951354980468750e+01
2.593939971923828125e+01
9.630625915527343750e+01
8.801589965820312500e+01
9.945011138916015625e+01
8.869470977783203125e+01
9.248522949218750000e+01
8.531352233886718750e+01
4.780371093750000000e+01
-9.915277099609375000e+01
-9.502362823486328125e+01
-9.823047637939453125e+01
-9.247355461120605469e+00
-9.947300720214843750e+01
-8.416400909423828125e+01
-5.251978683471679688e+01
7.030504608154296875e+01
4.332061767578125000e+01
8.662054443359375000e+01
-2.059721565246582031e+01
6.327570724487304688e+01
-9.669324493408203125e+01
-7.358852386474609375e+01
9.686983489990234375e+01
-2.534877538681030273e+00
9.881111907958984375e+01
8.537569427490234375e+01
-1.436597537994384766e+01
9.973087310791015625e+01
8.106043243408203125e+01
4.441541194915771484e+00
4.208099365234375000e+01
-7.922417449951171875e+01
-5.489728546142578125e+01
-3.175424575805664062e+01
5.036880493164062500e+00
-6.287380981445312500e+01
3.802002334594726562e+01
2.994455146789550781e+01
4.652077484130859375e+01
-2.087702560424804688e+01
-6.880444335937500000e+01
-8.950502014160156250e+01
-4.159102630615234375e+01
-3.098689842224121094e+01
8.832009124755859375e+01
7.469235420227050781e+00
2.051412010192871094e+01
-9.774165344238281250e+01
8.015282440185546875e+01
-2.220109939575195312e+01
-1.184865379333496094e+01
-2.549801826477050781e+00
6.874709320068359375e+01
9.416036987304687500e+01
8.846827697753906250e+01
9.310027313232421875e+01
-8.912673187255859375e+01
-9.644855499267578125e+01
-7.612765502929687500e+01
-9.921924591064453125e+01
-9.955805206298828125e+01
-9.245709991455078125e+01
6.233509063720703125e+01
-6.620895385742187500e+01
-9.838108062744140625e+01
-8.757993316650390625e+01
1.916326141357421875e+01
3.622126007080078125e+01
-1.459750080108642578e+01
-4.442191696166992188e+01
-5.482380390167236328e-01
9.947938537597656250e+01
9.998100280761718750e+01
6.070555496215820312e+01
9.983421325683593750e+01
9.836217498779296875e+01
9.313267517089843750e+01
9.219015502929687500e+01
9.994021606445312500e+01
6.813719940185546875e+01
9.702288055419921875e+01
8.451479339599609375e+01
6.876494884490966797e+00
6.227762222290039062e+01
-5.043823242187500000e+01
-8.228554534912109375e+01
-9.939745330810546875e+01
-8.161066436767578125e+01
-4.789999485015869141e+00
1.914319992065429688e+01
-4.879631519317626953e+00
-1.647473716735839844e+01
-9.428948974609375000e+01
-8.330526733398437500e+01
-8.057662200927734375e+01
-7.695420742034912109e+00
5.365566253662109375e+00
9.876200866699218750e+01
9.566673278808593750e+01
6.904754638671875000e+01
9.336457824707031250e+01
6.900857543945312500e+01
6.887628173828125000e+01
5.608788299560546875e+01
-4.664179611206054688e+01
-9.921684265136718750e+01
-6.049063873291015625e+01
-4.151917648315429688e+01
2.881630706787109375e+01
7.154087829589843750e+01
7.081351470947265625e+01
-6.906709289550781250e+01
7.634994506835937500e+01
-9.556538391113281250e+01
-2.706533050537109375e+01
-5.144675445556640625e+01
-4.923361968994140625e+01
8.346342468261718750e+01
9.941692352294921875e+01
9.359165191650390625e+01
7.712495422363281250e+01
-7.549274444580078125e+01
-8.265815734863281250e+01
-9.234350585937500000e+01
8.767286682128906250e+01
-6.249510192871093750e+01
-7.493440246582031250e+01
2.621048927307128906e+01
9.427623748779296875e+01
9.367105102539062500e+01
6.312992095947265625e+01
-5.652233886718750000e+01
6.965335083007812500e+01
-3.391977691650390625e+01
4.483265686035156250e+01
3.837158966064453125e+01
4.545359039306640625e+01
-2.686197662353515625e+01
-9.701921081542968750e+01
-9.759947967529296875e+01
-8.119058990478515625e+01
-9.744621276855468750e+01
5.023963546752929688e+01
-1.832494926452636719e+01
6.424480438232421875e+01
9.250884246826171875e+01
7.725280761718750000e+01
2.948688316345214844e+01
-3.474687194824218750e+01
-1.691170120239257812e+01
-9.508605194091796875e+01
-9.692251586914062500e+01
5.262928009033203125e+01
9.774462890625000000e+01
9.965173339843750000e+01
9.836554718017578125e+01
5.894818878173828125e+01
-8.629541015625000000e+01
-9.730269622802734375e+01
-9.404376983642578125e+01
1.892000007629394531e+01
3.191898822784423828e+00
6.142735958099365234e+00
-7.401132202148437500e+01
2.592649459838867188e+01
6.159210205078125000e+01
-8.711850738525390625e+01
-8.586793518066406250e+01
-8.263665771484375000e+01
-9.014556121826171875e+01
-9.048699951171875000e+01
-8.970849609375000000e+01
9.927045440673828125e+01
8.629649353027343750e+01
9.954335784912109375e+01
5.808803558349609375e+01
-7.343285369873046875e+01
-7.642017364501953125e+01
-6.570012664794921875e+01
5.741913223266601562e+01
9.641819763183593750e+01
8.497883605957031250e+01
7.885235595703125000e+01
-7.134526252746582031e+00
-4.690394210815429688e+01
-9.385864257812500000e+01
-9.795449066162109375e+01
6.915541076660156250e+01
4.052485275268554688e+01
7.502748870849609375e+01
9.269841003417968750e+01
2.543336486816406250e+01
-5.226225280761718750e+01
3.242196273803710938e+01
-3.254595565795898438e+01
-4.739926910400390625e+01
-8.076937103271484375e+01
1.754802513122558594e+01
6.804958343505859375e+01
5.052844238281250000e+01
9.043824005126953125e+01
-8.415525054931640625e+01
-9.965213012695312500e+01
-8.652002716064453125e+01
-9.942810821533203125e+01
8.998056030273437500e+01
2.241706657409667969e+01
-6.060015487670898438e+01
6.588803863525390625e+01
-6.823927307128906250e+01
-5.198901748657226562e+01
-3.207070922851562500e+01
7.851850891113281250e+01
6.510188293457031250e+01
3.596030044555664062e+01
8.756324005126953125e+01
9.327149200439453125e+01
-1.822528457641601562e+01
-5.641237640380859375e+01
-8.104008483886718750e+01
-8.151611328125000000e+01
-9.003102874755859375e+01
1.641754913330078125e+01
9.702869415283203125e+01
9.490271759033203125e+01
7.551718139648437500e+01
6.137987518310546875e+01
1.359348869323730469e+01
4.425746917724609375e+01
-5.476535034179687500e+01
-9.914518737792968750e+01
-9.883132171630859375e+01
6.099915313720703125e+01
-4.416373825073242188e+01
-8.992868041992187500e+01
-8.973664855957031250e+01
-7.950402832031250000e+01
-7.984712982177734375e+01
7.766409301757812500e+01
9.970599365234375000e+01
9.097330474853515625e+01
-6.938935089111328125e+01
5.708580780029296875e+01
8.295749664306640625e+01
8.005588531494140625e+01
-6.336444091796875000e+01
-9.708644866943359375e+01
2.609112548828125000e+01
2.297504806518554688e+01
9.847399139404296875e+01
8.234235382080078125e+01
-4.339534759521484375e+01
-9.615866851806640625e+01
-9.474211120605468750e+01
-9.715915679931640625e+01
-2.207193565368652344e+01
-2.502372026443481445e+00
-8.479039001464843750e+01
-9.062134552001953125e+01
-5.396614837646484375e+01
2.063279628753662109e+00
-6.126975250244140625e+01
2.869544029235839844e+01
-8.602169036865234375e+01
-7.999273681640625000e+01
-9.134016418457031250e+01
-8.442089843750000000e+01
-7.838651275634765625e+01
1.552386093139648438e+01
8.790304565429687500e+01
9.658134460449218750e+01
7.133583831787109375e+01
8.162409973144531250e+01
8.755146026611328125e+01
3.803763580322265625e+01
9.630258178710937500e+01
8.411328125000000000e+01
8.207866668701171875e+01
-6.763800811767578125e+01
1.271841716766357422e+01
-2.078756523132324219e+01
-7.093405914306640625e+01
3.991594696044921875e+01
7.938620758056640625e+01
3.385543441772460938e+01
-5.575098991394042969e+00
-4.652178573608398438e+01
-8.522351837158203125e+01
7.111392974853515625e+01
-9.054792785644531250e+01
2.076756715774536133e+00
-3.711371898651123047e+00
9.627105712890625000e+01
1.176400756835937500e+01
-6.348500061035156250e+01
7.123815155029296875e+01
-9.901914978027343750e+01
8.802546691894531250e+01
7.697691917419433594e+00
-5.932090759277343750e+01
-9.852659606933593750e+01
-9.192484283447265625e+01
-7.667780303955078125e+01
-8.210083770751953125e+01
9.562495422363281250e+01
9.871759033203125000e+01
8.072963714599609375e+01
9.919244384765625000e+01
9.599015045166015625e+01
5.602124786376953125e+01
8.917390441894531250e+01
-9.298029327392578125e+01
-7.575233459472656250e+01
-6.207002258300781250e+01
8.197515487670898438e+00
-6.614664459228515625e+01
5.960250473022460938e+01
9.851136779785156250e+01
4.670501327514648438e+01
