9.695315957069396973e-01
-9.852984547615051270e-01
9.824518561363220215e-01
-9.856739640235900879e-01
9.820638298988342285e-01
-9.920768737792968750e-01
9.959287643432617188e-01
-9.321368932723999023e-01
9.939839839935302734e-01
-4.505894482135772705e-01
9.934256076812744141e-01
9.998261332511901855e-01
9.488270878791809082e-01
-6.438468098640441895e-01
9.514607191085815430e-01
-9.830256104469299316e-01
9.840853810310363770e-01
-9.706672430038452148e-01
9.876797199249267578e-01
-9.704645872116088867e-01
9.966297149658203125e-01
-9.789569377899169922e-01
9.954321980476379395e-01
9.998129010200500488e-01
9.311947226524353027e-01
-4.801830351352691650e-01
8.413470387458801270e-01
-7.895324826240539551e-01
9.526391029357910156e-01
-8.885242938995361328e-01
9.812967181205749512e-01
-9.954288005828857422e-01
9.895765781402587891e-01
-9.830794334411621094e-01
9.916661381721496582e-01
-1.242698207497596741e-01
9.933391213417053223e-01
9.965259432792663574e-01
-5.894524455070495605e-01
9.638744592666625977e-01
-9.688784480094909668e-01
9.899665713310241699e-01
-9.921647906303405762e-01
9.640508294105529785e-01
-9.411072134971618652e-01
9.960684180259704590e-01
-7.343744635581970215e-01
9.938682913780212402e-01
9.999046325683593750e-01
9.906501770019531250e-01
-8.516618609428405762e-01
9.840557575225830078e-01
-9.789357185363769531e-01
9.900470376014709473e-01
-9.701987504959106445e-01
9.968316555023193359e-01
-9.568283557891845703e-01
9.968608617782592773e-01
9.998860955238342285e-01
9.619236588478088379e-01
-7.970623373985290527e-01
9.740840196609497070e-01
-9.907537698745727539e-01
9.914458990097045898e-01
-9.961137771606445312e-01
9.842893481254577637e-01
-9.035341739654541016e-01
9.946422576904296875e-01
9.991161227226257324e-01
2.347390800714492798e-01
-5.392010211944580078e-01
9.653363823890686035e-01
-7.251038551330566406e-01
9.780067205429077148e-01
2.133639752864837646e-01
-5.269850492477416992e-01
9.665757417678833008e-01
-6.320947408676147461e-01
9.753828048706054688e-01
-7.775777578353881836e-01
9.875333309173583984e-01
-9.725295901298522949e-01
9.933115243911743164e-01
-9.743465185165405273e-01
9.943517446517944336e-01
-6.294248104095458984e-01
9.939928650856018066e-01
9.999053478240966797e-01
9.961291551589965820e-01
-7.706230282783508301e-01
9.901632666587829590e-01
-9.822921752929687500e-01
9.946259260177612305e-01
-9.869418144226074219e-01
9.885249733924865723e-01
-4.702859520912170410e-01
9.879694581031799316e-01
9.961218237876892090e-01
-3.419063389301300049e-01
8.748814463615417480e-01
-9.207074642181396484e-01
9.727840423583984375e-01
-9.975139498710632324e-01
9.919677376747131348e-01
-9.892997741699218750e-01
9.934985041618347168e-01
-9.193915724754333496e-01
9.964349269866943359e-01
2.190505266189575195e-01
9.995357990264892578e-01
9.849821925163269043e-01
-7.192101478576660156e-01
9.798961281776428223e-01
-9.528058767318725586e-01
9.924641251564025879e-01
-9.708690047264099121e-01
9.904193878173828125e-01
-9.913089871406555176e-01
9.950776696205139160e-01
-6.223258972167968750e-01
9.943241477012634277e-01
9.996626377105712891e-01
8.027762770652770996e-01
-8.114442825317382812e-01
9.810085892677307129e-01
-9.885352253913879395e-01
9.895263314247131348e-01
-9.883288145065307617e-01
9.871119856834411621e-01
-9.887878298759460449e-01
9.930211901664733887e-01
9.998301267623901367e-01
8.787608146667480469e-01
-8.112853765487670898e-01
9.431830048561096191e-01
-9.885081648826599121e-01
9.843544960021972656e-01
-9.951415061950683594e-01
9.931775927543640137e-01
-8.711208701133728027e-01
9.963306188583374023e-01
9.999276399612426758e-01
9.089350104331970215e-01
-9.489189386367797852e-01
9.596164226531982422e-01
-9.953231811523437500e-01
9.911102056503295898e-01
-9.946100115776062012e-01
9.947928786277770996e-01
-9.867077469825744629e-01
9.967598915100097656e-01
-6.010614633560180664e-01
9.903070330619812012e-01
9.999222755432128906e-01
9.791899919509887695e-01
-9.719101190567016602e-01
9.899582266807556152e-01
-9.822881221771240234e-01
9.929547905921936035e-01
-9.687287211418151855e-01
9.942137598991394043e-01
-8.384003639221191406e-01
9.955493211746215820e-01
4.211983680725097656e-01
9.999269247055053711e-01
7.828049659729003906e-01
-9.162558913230895996e-01
9.892814755439758301e-01
-9.836928844451904297e-01
9.879257082939147949e-01
-9.964343905448913574e-01
9.935475587844848633e-01
-9.682667255401611328e-01
9.956533908843994141e-01
-5.736017227172851562e-02
9.980925917625427246e-01
9.895025491714477539e-01
-8.157740235328674316e-01
9.857883453369140625e-01
-9.790105819702148438e-01
9.893423318862915039e-01
-9.414581060409545898e-01
9.943546652793884277e-01
-8.703393340110778809e-01
9.934483170509338379e-01
-8.184404373168945312e-01
9.947745203971862793e-01
9.998586177825927734e-01
9.885806441307067871e-01
-8.793278336524963379e-01
9.871057271957397461e-01
-9.904821515083312988e-01
9.932878613471984863e-01
-9.825159907341003418e-01
9.973428249359130859e-01
-5.082154870033264160e-01
9.945511817932128906e-01
9.994922876358032227e-01
-3.598763048648834229e-01
9.230484366416931152e-01
-9.597222805023193359e-01
9.896104931831359863e-01
-9.959327578544616699e-01
9.825428724288940430e-01
-9.879256486892700195e-01
9.955853819847106934e-01
-9.336043596267700195e-01
9.956302642822265625e-01
-5.331483483314514160e-01
9.954936504364013672e-01
9.998860359191894531e-01
9.823195934295654297e-01
-9.149138331413269043e-01
9.837940931320190430e-01
-9.667855501174926758e-01
9.911128282546997070e-01
-9.862740039825439453e-01
9.936004877090454102e-01
-9.619996547698974609e-01
9.955281615257263184e-01
6.297097802162170410e-01
9.998941421508789062e-01
4.706583023071289062e-01
-9.098362326622009277e-01
9.694846272468566895e-01
-9.934081435203552246e-01
9.922617077827453613e-01
-9.879004359245300293e-01
9.953349232673645020e-01
-8.747553229331970215e-01
9.942423701286315918e-01
-1.500043570995330811e-01
9.979529380798339844e-01
9.984666705131530762e-01
-5.415717363357543945e-01
9.646337032318115234e-01
-8.969579339027404785e-01
9.913271665573120117e-01
-9.932295083999633789e-01
9.931122064590454102e-01
-9.777626395225524902e-01
9.978755712509155273e-01
-8.867979645729064941e-01
9.969862699508666992e-01
9.998781085014343262e-01
9.963565468788146973e-01
-7.744062542915344238e-01
9.854127168655395508e-01
-9.873767495155334473e-01
9.865073561668395996e-01
-9.719651341438293457e-01
9.687460660934448242e-01
-9.680690765380859375e-01
9.949128627777099609e-01
9.998733401298522949e-01
7.744967937469482422e-01
-8.277134895324707031e-01
9.732497930526733398e-01
-9.652731418609619141e-01
9.901426434516906738e-01
-9.908421635627746582e-01
9.933648109436035156e-01
-9.520924687385559082e-01
9.942410588264465332e-01
-7.902728319168090820e-01
9.941709637641906738e-01
9.998570084571838379e-01
9.917458891868591309e-01
-3.683553636074066162e-01
9.188438057899475098e-01
-9.803854227066040039e-01
9.677461981773376465e-01
-9.927685260772705078e-01
9.442589879035949707e-01
-9.850764274597167969e-01
9.819532036781311035e-01
-9.032369852066040039e-01
9.952116012573242188e-01
9.999559521675109863e-01
9.939142465591430664e-01
-5.291134119033813477e-01
8.948292732238769531e-01
-9.611666798591613770e-01
9.676004648208618164e-01
-9.956895112991333008e-01
9.229689836502075195e-01
-9.785266518592834473e-01
9.915692806243896484e-01
-9.373349547386169434e-01
9.959030151367187500e-01
9.998974204063415527e-01
9.699502587318420410e-01
-4.942167997360229492e-01
8.538116216659545898e-01
-7.780435681343078613e-01
9.816814661026000977e-01
-4.266182184219360352e-01
9.526945948600769043e-01
-9.111278057098388672e-01
9.859829545021057129e-01
-9.969220757484436035e-01
9.888547062873840332e-01
-9.575877785682678223e-01
9.883075356483459473e-01
-9.142864346504211426e-01
9.945859909057617188e-01
9.999606609344482422e-01
9.943852424621582031e-01
-1.837395578622817993e-01
1.741272062063217163e-01
-5.256631374359130859e-01
9.912881851196289062e-01
-9.544400572776794434e-01
9.943537712097167969e-01
9.987863302230834961e-01
-6.552198529243469238e-01
9.298763871192932129e-01
-9.323192834854125977e-01
9.881137013435363770e-01
-9.944686293601989746e-01
9.870518445968627930e-01
-9.886963367462158203e-01
9.881684184074401855e-01
-8.451917171478271484e-01
9.949530363082885742e-01
9.999622106552124023e-01
9.986902475357055664e-01
-5.422717928886413574e-01
9.476495981216430664e-01
-9.450137615203857422e-01
9.928964972496032715e-01
-9.957114458084106445e-01
9.444479942321777344e-01
-9.499992132186889648e-01
9.882522821426391602e-01
-7.664815187454223633e-01
9.952271580696105957e-01
9.999121427536010742e-01
9.416186809539794922e-01
-6.417891979217529297e-01
9.681090116500854492e-01
-9.799008369445800781e-01
9.880610704421997070e-01
-9.950273633003234863e-01
9.856919646263122559e-01
-9.865291714668273926e-01
9.920755028724670410e-01
9.999501705169677734e-01
7.292829155921936035e-01
-6.834053993225097656e-01
9.582689404487609863e-01
-9.897997379302978516e-01
9.839547872543334961e-01
-9.974176883697509766e-01
9.927131533622741699e-01
-9.916138052940368652e-01
9.949588775634765625e-01
-9.047110080718994141e-01
9.925225377082824707e-01
9.999783039093017578e-01
9.957932233810424805e-01
-6.109090447425842285e-01
9.714428186416625977e-01
-9.350349903106689453e-01
9.895919561386108398e-01
-9.951296448707580566e-01
9.614664912223815918e-01
-9.618622660636901855e-01
9.932322502136230469e-01
-7.990885376930236816e-01
9.958935379981994629e-01
9.999516606330871582e-01
9.920567870140075684e-01
-5.017503499984741211e-01
9.406232237815856934e-01
-9.226439595222473145e-01
9.862205982208251953e-01
-9.887520670890808105e-01
8.975016474723815918e-01
-9.808726906776428223e-01
9.960618019104003906e-01
-9.551003575325012207e-01
9.943497180938720703e-01
9.998721480369567871e-01
9.389792084693908691e-01
-7.545720338821411133e-01
9.817186594009399414e-01
-9.300763607025146484e-01
9.912789463996887207e-01
-9.872204065322875977e-01
9.877040386199951172e-01
9.983362555503845215e-01
-6.246019601821899414e-01
9.549958109855651855e-01
-9.727047681808471680e-01
9.897370934486389160e-01
-9.963933825492858887e-01
9.957887530326843262e-01
-9.737503528594970703e-01
9.914741516113281250e-01
-8.188917636871337891e-01
9.970520138740539551e-01
9.999017119407653809e-01
9.976904988288879395e-01
-8.745486736297607422e-01
9.925276637077331543e-01
-9.558497071266174316e-01
9.956216216087341309e-01
-9.624243378639221191e-01
9.946049451828002930e-01
-8.614779710769653320e-01
9.916467070579528809e-01
9.999685883522033691e-01
9.956638813018798828e-01
-6.174944043159484863e-01
9.783292412757873535e-01
-9.896299242973327637e-01
9.925066232681274414e-01
-9.926591515541076660e-01
9.067994356155395508e-01
-9.820168018341064453e-01
9.920634627342224121e-01
-9.677818417549133301e-01
9.915717840194702148e-01
9.998957514762878418e-01
9.665842056274414062e-01
-4.902330935001373291e-01
8.828895092010498047e-01
-9.831040501594543457e-01
9.875175952911376953e-01
-9.850327968597412109e-01
9.895142316818237305e-01
-9.916200637817382812e-01
9.922321438789367676e-01
-9.516142606735229492e-01
9.968925118446350098e-01
9.999452829360961914e-01
9.933320283889770508e-01
-4.755276441574096680e-01
8.789259791374206543e-01
-9.310516715049743652e-01
9.874488115310668945e-01
-9.946410655975341797e-01
9.937238097190856934e-01
-9.871798157691955566e-01
9.852558970451354980e-01
-9.418630003929138184e-01
9.935325980186462402e-01
9.999788999557495117e-01
9.966235160827636719e-01
-6.768005490303039551e-01
9.246571063995361328e-01
-9.305434226989746094e-01
9.862055182456970215e-01
-9.895991086959838867e-01
9.819500446319580078e-01
-9.648565649986267090e-01
9.903157353401184082e-01
-8.497461676597595215e-01
9.951212406158447266e-01
9.999300241470336914e-01
9.942280054092407227e-01
-4.668529927730560303e-01
9.392145276069641113e-01
-9.489552974700927734e-01
9.886030554771423340e-01
-9.935635924339294434e-01
8.936986327171325684e-01
-9.674046039581298828e-01
9.925870895385742188e-01
-8.962528705596923828e-01
9.953548312187194824e-01
9.998937249183654785e-01
9.599214196205139160e-01
-7.382571697235107422e-01
9.683760404586791992e-01
-9.876045584678649902e-01
9.895003437995910645e-01
-9.854701161384582520e-01
9.962180852890014648e-01
-9.871371984481811523e-01
9.957836866378784180e-01
9.998074173927307129e-01
8.532276153564453125e-01
-8.368803262710571289e-01
9.839622378349304199e-01
-9.695771336555480957e-01
9.868752360343933105e-01
-9.927972555160522461e-01
9.961037039756774902e-01
-9.918915033340454102e-01
9.960985779762268066e-01
9.996301531791687012e-01
8.053410649299621582e-01
-8.283754587173461914e-01
9.723652005195617676e-01
-9.736976623535156250e-01
9.905296564102172852e-01
-9.938624501228332520e-01
9.919327497482299805e-01
-9.709857106208801270e-01
9.956989288330078125e-01
9.998667240142822266e-01
9.697803258895874023e-01
-7.932502627372741699e-01
9.620868563652038574e-01
-9.646841883659362793e-01
9.899722933769226074e-01
-9.908693432807922363e-01
9.950737357139587402e-01
-9.903079271316528320e-01
9.951085448265075684e-01
9.994010925292968750e-01
8.863270878791809082e-01
-7.692553997039794922e-01
9.575101733207702637e-01
-9.886221289634704590e-01
9.901181459426879883e-01
-9.962611198425292969e-01
9.912859201431274414e-01
-9.948436021804809570e-01
9.973739981651306152e-01
9.993276596069335938e-01
6.720019578933715820e-01
-5.188763737678527832e-01
9.455659985542297363e-01
-7.799599766731262207e-01
9.695360064506530762e-01
-8.235951662063598633e-01
9.827076792716979980e-01
-9.976526498794555664e-01
9.919232130050659180e-01
-9.804255962371826172e-01
9.845931529998779297e-01
-6.816697716712951660e-01
9.942042231559753418e-01
9.999256730079650879e-01
9.797813892364501953e-01
-6.184715628623962402e-01
9.805225133895874023e-01
-8.537040352821350098e-01
9.852680563926696777e-01
-8.181769251823425293e-01
9.854763150215148926e-01
-9.936565756797790527e-01
9.890536069869995117e-01
-9.890681505203247070e-01
9.941117167472839355e-01
9.998669028282165527e-01
8.077360987663269043e-01
-6.976672410964965820e-01
9.554236531257629395e-01
-9.815486669540405273e-01
9.928984045982360840e-01
-9.939061403274536133e-01
9.921854138374328613e-01
9.943709969520568848e-01
-7.749272584915161133e-01
9.673808217048645020e-01
-9.846909046173095703e-01
9.880453944206237793e-01
-9.900660514831542969e-01
9.934097528457641602e-01
9.994283914566040039e-01
2.884484641253948212e-02
-2.794639766216278076e-01
8.795107007026672363e-01
-7.457792758941650391e-01
9.753995537757873535e-01
-9.970409870147705078e-01
9.946892857551574707e-01
-9.847765564918518066e-01
9.974722266197204590e-01
-6.731522679328918457e-01
9.961521029472351074e-01
9.998698234558105469e-01
9.930481314659118652e-01
-9.236901402473449707e-01
9.959916472434997559e-01
-9.331612586975097656e-01
9.948719739913940430e-01
-9.771397113800048828e-01
9.951812624931335449e-01
-9.291344285011291504e-01
9.941964745521545410e-01
9.999047517776489258e-01
9.930731058120727539e-01
-7.448921203613281250e-01
9.708563685417175293e-01
-9.690952897071838379e-01
9.881039261817932129e-01
-9.959726929664611816e-01
9.908459782600402832e-01
-9.888417720794677734e-01
9.943763613700866699e-01
9.997488856315612793e-01
5.254824757575988770e-01
-8.058016896247863770e-01
9.847882986068725586e-01
-9.864478111267089844e-01
9.938665032386779785e-01
-9.847497940063476562e-01
9.937057495117187500e-01
-9.680978655815124512e-01
9.897334575653076172e-01
9.998744726181030273e-01
9.719411730766296387e-01
-9.298875927925109863e-01
9.918326139450073242e-01
-9.808998703956604004e-01
9.940111637115478516e-01
-9.884447455406188965e-01
9.946098923683166504e-01
-9.440498948097229004e-01
9.975835680961608887e-01
9.999281764030456543e-01
9.948436021804809570e-01
-6.391390562057495117e-01
9.658289551734924316e-01
-9.445196986198425293e-01
9.820559620857238770e-01
-9.949846267700195312e-01
9.621880650520324707e-01
-9.900582432746887207e-01
9.917446970939636230e-01
-9.118264913558959961e-01
9.957585334777832031e-01
9.999400973320007324e-01
9.863854050636291504e-01
-4.582219421863555908e-01
8.310151696205139160e-01
-9.243457913398742676e-01
9.852823019027709961e-01
-9.966815710067749023e-01
9.857583642005920410e-01
-9.914224147796630859e-01
9.854477643966674805e-01
-9.433911442756652832e-01
9.943740963935852051e-01
9.999732375144958496e-01
9.978306889533996582e-01
-6.445647478103637695e-01
9.421247243881225586e-01
-9.496654272079467773e-01
9.939901232719421387e-01
-9.977956414222717285e-01
9.618208408355712891e-01
-9.775220155715942383e-01
9.942931532859802246e-01
-7.447602152824401855e-01
9.965915083885192871e-01
9.999759793281555176e-01
9.815402030944824219e-01
-7.417858839035034180e-01
9.681044816970825195e-01
-9.851552248001098633e-01
9.845889806747436523e-01
-9.921563267707824707e-01
9.959276914596557617e-01
-9.557579159736633301e-01
9.962068200111389160e-01
-7.632607817649841309e-01
9.925388693809509277e-01
9.997922182083129883e-01
9.567496180534362793e-01
-6.021064519882202148e-01
9.605271816253662109e-01
-9.766038060188293457e-01
9.872924089431762695e-01
-9.966956377029418945e-01
9.907482862472534180e-01
9.639908671379089355e-01
-6.011711955070495605e-01
9.333291649818420410e-01
-6.468239426612854004e-01
9.272367358207702637e-01
-9.027130603790283203e-01
9.761586189270019531e-01
-9.969437718391418457e-01
9.854176044464111328e-01
-9.821272492408752441e-01
9.898222684860229492e-01
-9.415435194969177246e-01
9.945721626281738281e-01
9.999043345451354980e-01
9.936348795890808105e-01
-2.521787770092487335e-02
-4.478752911090850830e-01
9.593272209167480469e-01
-2.767785191535949707e-01
7.735496163368225098e-01
-8.061951994895935059e-01
9.926540851593017578e-01
-9.972913265228271484e-01
9.929511547088623047e-01
-9.849074482917785645e-01
9.947241544723510742e-01
-8.655570149421691895e-01
9.960953593254089355e-01
9.999013543128967285e-01
9.858372211456298828e-01
-4.859986603260040283e-01
9.556865096092224121e-01
-8.811247348785400391e-01
9.873850345611572266e-01
-1.032770723104476929e-01
1.512059271335601807e-01
-3.086363971233367920e-01
7.666724324226379395e-01
-4.922756850719451904e-01
9.645959734916687012e-01
-9.735693335533142090e-01
9.893635511398315430e-01
9.963133335113525391e-01
-5.843997597694396973e-01
9.161201119422912598e-01
-9.745905399322509766e-01
9.915484189987182617e-01
-9.975871443748474121e-01
9.521459937095642090e-01
-9.667666554450988770e-01
9.906270503997802734e-01
2.782467603683471680e-01
9.999638199806213379e-01
9.569208025932312012e-01
-9.605185389518737793e-01
9.809513688087463379e-01
-9.833139181137084961e-01
9.889424443244934082e-01
-9.851101636886596680e-01
9.874478578567504883e-01
-8.978180885314941406e-01
9.976154565811157227e-01
7.673968672752380371e-01
9.998800158500671387e-01
4.376985430717468262e-01
-9.217889904975891113e-01
9.799318909645080566e-01
-9.939582943916320801e-01
9.926736950874328613e-01
-9.925065636634826660e-01
9.890524744987487793e-01
-9.417358636856079102e-01
9.938272237777709961e-01
9.999024271965026855e-01
9.787614345550537109e-01
-7.978563904762268066e-01
9.749222397804260254e-01
-9.764623641967773438e-01
9.923323392868041992e-01
-9.855449199676513672e-01
9.964336156845092773e-01
-9.857617020606994629e-01
9.931873679161071777e-01
9.998831152915954590e-01
9.698565602302551270e-01
-6.494092941284179688e-01
9.453135132789611816e-01
-9.860332012176513672e-01
9.868816137313842773e-01
-9.972102642059326172e-01
9.610782265663146973e-01
-9.940881133079528809e-01
9.899231791496276855e-01
-9.593842029571533203e-01
9.921869635581970215e-01
9.998126029968261719e-01
9.716948270797729492e-01
-7.516335248947143555e-01
9.751506447792053223e-01
-9.793623685836791992e-01
9.826449751853942871e-01
-9.821267724037170410e-01
9.917524456977844238e-01
-9.447191357612609863e-01
9.950729608535766602e-01
9.998129606246948242e-01
9.069795608520507812e-01
-9.096397161483764648e-01
9.894041419029235840e-01
-9.762790203094482422e-01
9.960666298866271973e-01
-9.938775300979614258e-01
9.910103678703308105e-01
-9.542083144187927246e-01
9.950704574584960938e-01
9.996510148048400879e-01
9.430221915245056152e-01
-5.915251970291137695e-01
9.364778399467468262e-01
-9.357016086578369141e-01
9.904778003692626953e-01
-9.973098635673522949e-01
9.900524020195007324e-01
-9.951263666152954102e-01
9.914613962173461914e-01
9.984186887741088867e-01
2.135627157986164093e-02
-3.914216458797454834e-01
9.410210847854614258e-01
-3.196761012077331543e-01
7.691752910614013672e-01
-8.748486042022705078e-01
9.879449605941772461e-01
-9.958133101463317871e-01
9.881930947303771973e-01
9.988310933113098145e-01
-2.874985635280609131e-01
1.758258640766143799e-01
4.527345008682459593e-04
1.200320497155189514e-01
7.705250978469848633e-01
-7.055982351303100586e-01
9.785712957382202148e-01
-9.953116178512573242e-01
9.893214702606201172e-01
-9.765112400054931641e-01
9.963684678077697754e-01
9.999271035194396973e-01
9.875738620758056641e-01
-9.534842371940612793e-01
9.923723936080932617e-01
-9.920150637626647949e-01
9.932629466056823730e-01
-9.844450950622558594e-01
9.960482120513916016e-01
-6.903687715530395508e-01
9.956352710723876953e-01
9.998638629913330078e-01
9.773452281951904297e-01
-9.455114603042602539e-01
9.895739555358886719e-01
-9.807471036911010742e-01
9.903659820556640625e-01
-9.929202198982238770e-01
9.918296933174133301e-01
-9.626902937889099121e-01
9.960259795188903809e-01
-6.819698214530944824e-01
9.973103404045104980e-01
9.998585581779479980e-01
9.322330355644226074e-01
-9.593924880027770996e-01
9.866965413093566895e-01
-9.868650436401367188e-01
9.904604554176330566e-01
-9.541789889335632324e-01
9.961865544319152832e-01
-9.137544035911560059e-01
9.962297677993774414e-01
9.999353885650634766e-01
9.848843812942504883e-01
-8.821667432785034180e-01
9.736524224281311035e-01
-9.890574216842651367e-01
9.831318855285644531e-01
-9.879615902900695801e-01
9.904236793518066406e-01
-9.850720763206481934e-01
9.961920976638793945e-01
-6.080129742622375488e-01
9.938424229621887207e-01
9.999110102653503418e-01
9.280555844306945801e-01
-8.837189674377441406e-01
9.791204333305358887e-01
-9.877838492393493652e-01
9.878173470497131348e-01
-9.927480816841125488e-01
9.897184967994689941e-01
-9.814832806587219238e-01
9.960793256759643555e-01
4.412943422794342041e-01
9.999099373817443848e-01
7.232291698455810547e-01
-9.755977392196655273e-01
9.897439479827880859e-01
-9.897978305816650391e-01
9.955348968505859375e-01
-9.918258190155029297e-01
9.636685848236083984e-01
-9.705749750137329102e-01
9.968047738075256348e-01
-3.699086010456085205e-01
9.967870116233825684e-01
9.997993111610412598e-01
7.420256137847900391e-01
-9.659103751182556152e-01
9.941901564598083496e-01
-9.832662343978881836e-01
9.917126297950744629e-01
-9.849193692207336426e-01
9.952253699302673340e-01
-9.026674628257751465e-01
9.948769211769104004e-01
7.697079777717590332e-01
9.997351765632629395e-01
-1.344366092234849930e-02
-7.847798466682434082e-01
9.949589371681213379e-01
-9.888449311256408691e-01
9.953297972679138184e-01
-8.083124756813049316e-01
9.844071865081787109e-01
-1.298707276582717896e-01
9.823094010353088379e-01
9.993896484375000000e-01
-9.504324793815612793e-01
9.759964942932128906e-01
-9.245330691337585449e-01
9.892632961273193359e-01
-9.741725921630859375e-01
9.809394478797912598e-01
-9.627491235733032227e-01
9.974038600921630859e-01
4.607183933258056641e-01
9.998130202293395996e-01
6.039326786994934082e-01
-9.642168879508972168e-01
9.895427823066711426e-01
-9.898481369018554688e-01
9.913169741630554199e-01
-9.855481982231140137e-01
9.802848100662231445e-01
-7.941467761993408203e-01
9.952493309974670410e-01
7.409804463386535645e-01
9.998503923416137695e-01
2.545087635517120361e-01
-8.962950706481933594e-01
9.849913716316223145e-01
-9.890432357788085938e-01
9.956502914428710938e-01
-9.800670146942138672e-01
9.815602302551269531e-01
-8.517353534698486328e-01
9.946652054786682129e-01
9.999723434448242188e-01
9.896004199981689453e-01
-7.366248965263366699e-01
9.783076643943786621e-01
-9.377317428588867188e-01
9.819147586822509766e-01
-9.673582911491394043e-01
9.793168306350708008e-01
-9.254961013793945312e-01
9.925580620765686035e-01
-9.225973486900329590e-01
9.962984323501586914e-01
9.998615384101867676e-01
9.425197243690490723e-01
-6.600000262260437012e-01
9.729585647583007812e-01
-9.923493266105651855e-01
9.875645041465759277e-01
-9.951815605163574219e-01
9.921063780784606934e-01
-9.825280308723449707e-01
9.907914400100708008e-01
9.992750883102416992e-01
6.978025436401367188e-01
-7.707618474960327148e-01
9.929345250129699707e-01
-9.896317720413208008e-01
9.867530465126037598e-01
-9.920747876167297363e-01
9.961606860160827637e-01
9.994720220565795898e-01
-1.719935834407806396e-01
-4.981924593448638916e-01
9.677072167396545410e-01
-8.734220862388610840e-01
9.814727902412414551e-01
-9.892807006835937500e-01
9.963108897209167480e-01
-6.866728663444519043e-01
9.947355985641479492e-01
7.814036607742309570e-01
9.997479915618896484e-01
-7.758210301399230957e-01
9.813106656074523926e-01
-8.906182050704956055e-01
9.881058931350708008e-01
-9.935979843139648438e-01
9.706080555915832520e-01
-8.126921057701110840e-01
9.889341592788696289e-01
4.444506764411926270e-01
9.999448060989379883e-01
3.876353800296783447e-01
-9.059751629829406738e-01
9.759384989738464355e-01
-9.901943802833557129e-01
9.914182424545288086e-01
-9.829431176185607910e-01
9.926539659500122070e-01
-7.185341119766235352e-01
9.960960745811462402e-01
9.999210238456726074e-01
9.691041111946105957e-01
-9.408077597618103027e-01
9.863477349281311035e-01
-9.871879816055297852e-01
9.921563863754272461e-01
-9.905239343643188477e-01
9.950250983238220215e-01
-9.643628597259521484e-01
9.952880144119262695e-01
7.757511138916015625e-01
9.995998144149780273e-01
4.667833447456359863e-02
-8.744649291038513184e-01
9.817742109298706055e-01
-9.910309910774230957e-01
9.944460391998291016e-01
-9.441128373146057129e-01
9.841609597206115723e-01
-5.159190893173217773e-01
9.918422698974609375e-01
9.997525811195373535e-01
7.788389325141906738e-01
-9.651236534118652344e-01
9.785706400871276855e-01
-9.856607317924499512e-01
9.944394826889038086e-01
-9.844223856925964355e-01
9.891439080238342285e-01
-9.297562241554260254e-01
9.926351904869079590e-01
-9.885282814502716064e-02
9.991738796234130859e-01
9.982981681823730469e-01
-2.743917405605316162e-01
6.776164174079895020e-01
-8.899151086807250977e-01
9.935716390609741211e-01
-9.773278832435607910e-01
9.911569952964782715e-01
-9.795565009117126465e-01
9.956088066101074219e-01
-7.761803269386291504e-01
9.952757954597473145e-01
9.999662041664123535e-01
9.915162324905395508e-01
-1.386704444885253906e-01
-9.647653102874755859e-01
9.909196496009826660e-01
-9.734832644462585449e-01
9.967639446258544922e-01
-9.678149223327636719e-01
9.843720197677612305e-01
8.110544085502624512e-02
9.919869303703308105e-01
9.969600439071655273e-01
-9.221032261848449707e-01
9.735221266746520996e-01
-9.095446467399597168e-01
9.908894896507263184e-01
-9.912626147270202637e-01
9.845378994941711426e-01
-6.179084181785583496e-01
9.909877777099609375e-01
-7.184246778488159180e-01
9.920880198478698730e-01
9.990777969360351562e-01
6.482862234115600586e-01
-9.464402794837951660e-01
9.864650368690490723e-01
-9.622436165809631348e-01
9.912064075469970703e-01
-9.776634573936462402e-01
9.956859350204467773e-01
-8.277202248573303223e-01
9.966565370559692383e-01
-1.998126655817031860e-01
9.982552528381347656e-01
9.976380467414855957e-01
-7.630044966936111450e-02
-3.072971105575561523e-01
9.647129178047180176e-01
-8.431552052497863770e-01
9.951921701431274414e-01
-9.924862384796142578e-01
9.935271739959716797e-01
-9.551348686218261719e-01
9.958922863006591797e-01
-6.649128198623657227e-01
9.930639863014221191e-01
9.998055696487426758e-01
8.604038357734680176e-01
-7.749669551849365234e-01
9.702936410903930664e-01
-9.888087511062622070e-01
9.910000562667846680e-01
-9.902899265289306641e-01
9.883729219436645508e-01
-9.854060411453247070e-01
9.942861795425415039e-01
8.260872215032577515e-02
9.994810819625854492e-01
8.948771953582763672e-01
-8.446204662322998047e-01
9.476649165153503418e-01
-9.944119453430175781e-01
9.914191365242004395e-01
-9.944202899932861328e-01
9.921064972877502441e-01
-9.563353657722473145e-01
9.916304349899291992e-01
-3.978607356548309326e-01
9.948608875274658203e-01
9.993583559989929199e-01
7.344035506248474121e-01
-9.220018386840820312e-01
9.833168387413024902e-01
-9.865027666091918945e-01
9.913559556007385254e-01
-9.820172786712646484e-01
9.941834807395935059e-01
-7.624711990356445312e-01
9.960740208625793457e-01
9.999409914016723633e-01
9.642812609672546387e-01
-9.399332404136657715e-01
9.882612824440002441e-01
-9.853554964065551758e-01
9.920478463172912598e-01
-9.914470314979553223e-01
9.960479140281677246e-01
-9.863942861557006836e-01
9.927225112915039062e-01
3.920362889766693115e-02
9.594968557357788086e-01
9.855569005012512207e-01
-7.298610806465148926e-01
9.773588776588439941e-01
-9.431602954864501953e-01
9.933665990829467773e-01
-9.750924110412597656e-01
9.818660020828247070e-01
-9.840307831764221191e-01
9.940847754478454590e-01
-8.284322023391723633e-01
9.891428947448730469e-01
9.998927116394042969e-01
9.674591422080993652e-01
-3.634824454784393311e-01
6.349574327468872070e-01
-9.284712672233581543e-01
9.910894632339477539e-01
-9.922409653663635254e-01
9.884579777717590332e-01
-9.772987365722656250e-01
9.946029186248779297e-01
-6.474859118461608887e-01
9.929893016815185547e-01
9.997926950454711914e-01
9.453864097595214844e-01
-8.137398958206176758e-01
9.796277880668640137e-01
-9.917756915092468262e-01
9.932689070701599121e-01
-9.874148368835449219e-01
9.518206119537353516e-01
-9.736757874488830566e-01
9.969645142555236816e-01
-5.354701280593872070e-01
9.912501573562622070e-01
9.998329281806945801e-01
8.289219737052917480e-01
-7.526357769966125488e-01
9.865858554840087891e-01
-9.800800085067749023e-01
9.932593703269958496e-01
-9.951217770576477051e-01
9.813612699508666992e-01
-9.895583987236022949e-01
9.948606491088867188e-01
-7.963357567787170410e-01
9.947703480720520020e-01
9.998838901519775391e-01
9.751070737838745117e-01
-7.709195017814636230e-01
9.641092419624328613e-01
-9.932156205177307129e-01
9.872940182685852051e-01
-9.952437877655029297e-01
9.877107739448547363e-01
-9.696702957153320312e-01
9.923038482666015625e-01
9.998907446861267090e-01
9.663057923316955566e-01
-7.702673673629760742e-01
9.817479252815246582e-01
-9.859394431114196777e-01
9.945970177650451660e-01
-9.951671361923217773e-01
9.915667176246643066e-01
-9.885716438293457031e-01
9.938867092132568359e-01
-8.947702646255493164e-01
9.960762262344360352e-01
9.998837709426879883e-01
9.877358675003051758e-01
-6.627650856971740723e-01
9.695412516593933105e-01
-9.773789048194885254e-01
9.906393289566040039e-01
-9.940668940544128418e-01
9.842683076858520508e-01
-9.658570885658264160e-01
9.952715635299682617e-01
-4.775400161743164062e-01
9.925248026847839355e-01
9.981803894042968750e-01
7.208301424980163574e-01
-9.587184786796569824e-01
9.809929132461547852e-01
-9.839734435081481934e-01
9.962034225463867188e-01
-9.823973178863525391e-01
9.953893423080444336e-01
-9.409577250480651855e-01
9.951952099800109863e-01
-6.904113292694091797e-02
9.963031411170959473e-01
9.940962791442871094e-01
-1.185314059257507324e-01
-3.264794349670410156e-01
8.939769864082336426e-01
-8.532085418701171875e-01
9.903460144996643066e-01
-9.920937418937683105e-01
9.928115010261535645e-01
-8.575391173362731934e-01
9.964429140090942383e-01
-4.442273676395416260e-01
9.927698373794555664e-01
9.990804791450500488e-01
2.011125236749649048e-01
-2.562585473060607910e-01
6.824302077293395996e-01
-7.976556420326232910e-01
9.855358600616455078e-01
-9.948110580444335938e-01
9.917928576469421387e-01
-9.719836711883544922e-01
9.923602938652038574e-01
-7.537843585014343262e-01
9.860090017318725586e-01
9.999015331268310547e-01
9.765658974647521973e-01
-6.417830586433410645e-01
9.552568793296813965e-01
-9.784103631973266602e-01
9.862519502639770508e-01
-9.919112324714660645e-01
9.933715462684631348e-01
-9.851316809654235840e-01
9.940155148506164551e-01
9.991640448570251465e-01
5.671401023864746094e-01
-7.203541994094848633e-01
9.837274551391601562e-01
-9.740690588951110840e-01
9.875283837318420410e-01
-9.972434043884277344e-01
9.966254234313964844e-01
-9.817659854888916016e-01
9.877306222915649414e-01
9.994657039642333984e-01
7.272849082946777344e-01
-6.729133725166320801e-01
9.656401276588439941e-01
-9.751083254814147949e-01
9.895478487014770508e-01
9.079861640930175781e-01
-9.691221714019775391e-01
9.757621884346008301e-01
-9.873765707015991211e-01
9.805617332458496094e-01
-9.974759817123413086e-01
9.901108145713806152e-01
-5.766869187355041504e-01
9.875735044479370117e-01
9.960905313491821289e-01
-1.663229912519454956e-01
4.936677515506744385e-01
-4.933546483516693115e-01
9.772022366523742676e-01
-9.346239566802978516e-01
9.907559156417846680e-01
9.359912276268005371e-01
-7.851545214653015137e-01
9.822355508804321289e-01
-9.795528054237365723e-01
9.910960793495178223e-01
-9.627078175544738770e-01
9.890373945236206055e-01
9.977988600730895996e-01
-4.659979343414306641e-01
8.822486996650695801e-01
-9.597212076187133789e-01
9.787735342979431152e-01
-9.933646321296691895e-01
9.911882281303405762e-01
-8.781311511993408203e-01
9.942312836647033691e-01
-3.771951198577880859e-01
9.928204417228698730e-01
9.996581077575683594e-01
8.322294354438781738e-01
-9.074829816818237305e-01
9.870501160621643066e-01
-9.898312091827392578e-01
9.943155050277709961e-01
-9.896092414855957031e-01
9.947493076324462891e-01
-9.063467383384704590e-01
9.953655004501342773e-01
7.318537831306457520e-01
9.965574145317077637e-01
-5.640158057212829590e-01
8.934799432754516602e-01
-9.610844254493713379e-01
9.783335924148559570e-01
-9.979286193847656250e-01
8.803653120994567871e-01
-8.229700922966003418e-01
9.888755083084106445e-01
-8.181724548339843750e-01
9.943921566009521484e-01
9.998083710670471191e-01
9.613195061683654785e-01
-5.427860021591186523e-01
9.675219655036926270e-01
-9.527957439422607422e-01
9.796192646026611328e-01
-9.923150539398193359e-01
9.904315471649169922e-01
-9.892265796661376953e-01
9.880853295326232910e-01
9.950765371322631836e-01
1.553335785865783691e-01
-1.555039733648300171e-01
1.215742453932762146e-01
1.818691641092300415e-01
6.772759556770324707e-01
-9.329887032508850098e-01
9.891816973686218262e-01
-9.944739341735839844e-01
9.945058822631835938e-01
-9.549330472946166992e-01
9.948028326034545898e-01
-1.505781151354312897e-02
9.996269345283508301e-01
9.950714111328125000e-01
1.623926311731338501e-01
-5.314466357231140137e-01
9.721029400825500488e-01
-9.788287281990051270e-01
9.907558560371398926e-01
-9.850903153419494629e-01
9.917519688606262207e-01
-9.160666465759277344e-01
9.948890209197998047e-01
7.109651565551757812e-01
9.992783665657043457e-01
-1.519476622343063354e-02
-7.901082038879394531e-01
9.844648241996765137e-01
-9.900227785110473633e-01
9.900725483894348145e-01
-9.605955481529235840e-01
9.898014068603515625e-01
6.726981997489929199e-01
9.998753666877746582e-01
3.207983076572418213e-02
-6.496713161468505859e-01
9.734379649162292480e-01
-9.318853616714477539e-01
9.831413030624389648e-01
-9.923992156982421875e-01
9.732977747917175293e-01
-1.174691482447087765e-03
9.712059497833251953e-01
9.970414042472839355e-01
-9.637472629547119141e-01
9.696531891822814941e-01
-9.537975788116455078e-01
9.827406406402587891e-01
-9.961286187171936035e-01
9.609975814819335938e-01
-9.613423943519592285e-01
9.953174591064453125e-01
-4.350230097770690918e-01
9.939556717872619629e-01
9.991700649261474609e-01
7.395077347755432129e-01
-9.303506612777709961e-01
9.914127588272094727e-01
-9.880346655845642090e-01
9.917232394218444824e-01
-9.657767415046691895e-01
9.971399903297424316e-01
-6.130377054214477539e-01
9.960059523582458496e-01
9.998266696929931641e-01
8.205739259719848633e-01
-9.794371128082275391e-01
9.866035580635070801e-01
-9.873544573783874512e-01
9.923160076141357422e-01
-9.918263554573059082e-01
9.970021843910217285e-01
-9.091871380805969238e-01
9.936262369155883789e-01
-4.869934618473052979e-01
9.853473901748657227e-01
9.992325305938720703e-01
6.716745495796203613e-01
-9.488300681114196777e-01
9.933831095695495605e-01
-9.878597855567932129e-01
9.909152984619140625e-01
-9.748840332031250000e-01
9.946784973144531250e-01
-7.471490502357482910e-01
9.976848363876342773e-01
9.998736381530761719e-01
8.798240423202514648e-01
-9.238092303276062012e-01
9.805346131324768066e-01
-9.908144474029541016e-01
9.935692548751831055e-01
-9.896050691604614258e-01
9.934667348861694336e-01
-8.873413205146789551e-01
9.961951971054077148e-01
4.411170184612274170e-01
9.998834133148193359e-01
3.581666201353073120e-02
-8.030098676681518555e-02
-1.662384420633316040e-01
7.770994305610656738e-01
-7.254895567893981934e-01
9.855256080627441406e-01
-9.924919605255126953e-01
9.888967275619506836e-01
-8.680724501609802246e-01
9.948065280914306641e-01
7.528529167175292969e-01
9.979861378669738770e-01
-9.584599137306213379e-01
9.789134263992309570e-01
-9.701324105262756348e-01
9.853547215461730957e-01
-9.340041279792785645e-01
9.945945739746093750e-01
6.820948719978332520e-01
-6.296517252922058105e-01
9.839433431625366211e-01
9.721905589103698730e-01
-9.362565279006958008e-01
9.870297312736511230e-01
-9.724246263504028320e-01
9.862217307090759277e-01
-9.861992597579956055e-01
9.919910430908203125e-01
-5.664991736412048340e-01
9.977375864982604980e-01
5.235358476638793945e-01
9.981675744056701660e-01
-4.937026500701904297e-01
8.990069627761840820e-01
-9.547615051269531250e-01
9.859967827796936035e-01
-9.944911599159240723e-01
9.910371303558349609e-01
-9.642303586006164551e-01
9.883888959884643555e-01
-8.397817611694335938e-01
9.965545535087585449e-01
9.997342228889465332e-01
9.687328934669494629e-01
-5.383388996124267578e-01
9.527985453605651855e-01
-9.489836096763610840e-01
9.814055562019348145e-01
-9.958202242851257324e-01
9.918524622917175293e-01
-9.903091788291931152e-01
9.902613162994384766e-01
9.948297739028930664e-01
4.353942871093750000e-01
-5.942930579185485840e-01
9.513765573501586914e-01
-9.013177752494812012e-01
9.826501607894897461e-01
7.026177644729614258e-01
-9.400555491447448730e-01
9.813932776451110840e-01
-9.980226755142211914e-01
9.892714619636535645e-01
-9.940027594566345215e-01
9.903669357299804688e-01
-9.726290702819824219e-01
9.934340119361877441e-01
9.997810125350952148e-01
9.842490553855895996e-01
-9.634253978729248047e-01
9.849980473518371582e-01
-9.574047923088073730e-01
9.950362443923950195e-01
-9.407162070274353027e-01
9.955326318740844727e-01
-4.537332355976104736e-01
9.954856038093566895e-01
9.980400800704956055e-01
7.269914746284484863e-01
-9.301323890686035156e-01
9.909268021583557129e-01
-9.730818867683410645e-01
9.830957055091857910e-01
-9.928604960441589355e-01
9.950653314590454102e-01
-9.519946575164794922e-01
9.953822493553161621e-01
-4.441295564174652100e-01
9.908719658851623535e-01
9.986244440078735352e-01
7.401175498962402344e-01
-7.582389712333679199e-01
9.743754863739013672e-01
-9.846770763397216797e-01
9.839640855789184570e-01
-9.790566563606262207e-01
9.831704497337341309e-01
-9.839715957641601562e-01
9.925631880760192871e-01
-6.574414968490600586e-01
9.905963540077209473e-01
9.985188245773315430e-01
9.066440463066101074e-01
-6.373566985130310059e-01
9.671126008033752441e-01
-9.821462035179138184e-01
9.899334311485290527e-01
-9.919285178184509277e-01
9.865330457687377930e-01
9.778058528900146484e-01
-6.630535125732421875e-01
8.964039087295532227e-01
-9.947472214698791504e-01
9.866955876350402832e-01
-9.974408149719238281e-01
9.935647249221801758e-01
-9.725341200828552246e-01
9.899474978446960449e-01
-5.752792358398437500e-01
9.947920441627502441e-01
9.993935227394104004e-01
9.624645709991455078e-01
-9.283679723739624023e-01
9.934143424034118652e-01
-9.676315784454345703e-01
9.913172125816345215e-01
-9.866325259208679199e-01
9.927569627761840820e-01
-8.940033912658691406e-01
9.950366616249084473e-01
-2.779040038585662842e-01
9.968512654304504395e-01
9.971484541893005371e-01
5.170838236808776855e-01
-9.437506198883056641e-01
9.840822219848632812e-01
-9.808982014656066895e-01
9.942091107368469238e-01
-9.664907455444335938e-01
9.955152273178100586e-01
-7.729629874229431152e-01
9.952140450477600098e-01
8.710012435913085938e-01
9.925171732902526855e-01
-9.331824183464050293e-01
9.685204029083251953e-01
-9.871763586997985840e-01
9.944210648536682129e-01
-9.708902835845947266e-01
9.765292406082153320e-01
-8.756713271141052246e-01
9.930012226104736328e-01
9.995717406272888184e-01
8.737717866897583008e-01
-7.526669502258300781e-01
9.486917257308959961e-01
-9.841259121894836426e-01
9.874559640884399414e-01
-9.959031343460083008e-01
9.889486432075500488e-01
-9.844474196434020996e-01
9.925183653831481934e-01
-6.165998578071594238e-01
9.961063861846923828e-01
9.981460571289062500e-01
9.119495153427124023e-01
-6.843026876449584961e-01
9.440518617630004883e-01
-9.799576997756958008e-01
9.936395287513732910e-01
-9.887866973876953125e-01
9.880759716033935547e-01
9.747712016105651855e-01
-6.296103000640869141e-01
8.480962514877319336e-01
-9.889920949935913086e-01
9.882985353469848633e-01
-9.957313537597656250e-01
9.926179051399230957e-01
-9.746573567390441895e-01
9.942142963409423828e-01
-5.138608217239379883e-01
9.884163141250610352e-01
9.983628392219543457e-01
9.657226800918579102e-01
-9.668570160865783691e-01
9.911046028137207031e-01
-9.604905843734741211e-01
9.959324598312377930e-01
-9.576180577278137207e-01
9.921208024024963379e-01
-9.078542590141296387e-01
9.931411147117614746e-01
9.999223947525024414e-01
9.795979857444763184e-01
-6.415683627128601074e-01
9.173514246940612793e-01
-9.668837785720825195e-01
9.836884737014770508e-01
-9.964872598648071289e-01
9.508015513420104980e-01
-9.721309542655944824e-01
9.931375384330749512e-01
-8.642440438270568848e-01
9.951693415641784668e-01
9.992390871047973633e-01
9.594483971595764160e-01
-7.860754132270812988e-01
9.782577157020568848e-01
-9.561410546302795410e-01
9.828861951828002930e-01
-9.948644042015075684e-01
9.892579317092895508e-01
-9.612830877304077148e-01
9.884651303291320801e-01
9.974001646041870117e-01
8.817510604858398438e-01
-9.543336629867553711e-01
9.866403341293334961e-01
-9.835355281829833984e-01
9.933364391326904297e-01
-9.883789420127868652e-01
9.921551942825317383e-01
-9.501766562461853027e-01
9.946354031562805176e-01
9.998748898506164551e-01
-9.997709393501281738e-01
-9.998847842216491699e-01
-9.999387860298156738e-01
-9.993212223052978516e-01
-9.755480289459228516e-01
4.089206755161285400e-01
-9.049119949340820312e-01
9.862704277038574219e-01
-1.705007255077362061e-01
9.965844154357910156e-01
9.988442659378051758e-01
9.957473874092102051e-01
9.873489737510681152e-01
9.499157667160034180e-01
4.900799691677093506e-01
4.807302057743072510e-01
-4.010728895664215088e-01
9.077097177505493164e-01
-6.839072704315185547e-01
9.701896905899047852e-01
5.470141172409057617e-01
-8.333382010459899902e-01
9.577705860137939453e-01
-9.981846213340759277e-01
9.802805781364440918e-01
-9.969584941864013672e-01
9.890719652175903320e-01
-9.900545477867126465e-01
9.913565516471862793e-01
9.931409358978271484e-01
5.883992910385131836e-01
-4.341082274913787842e-01
9.474651217460632324e-01
-7.680922746658325195e-01
9.803555011749267578e-01
-9.945861697196960449e-01
9.886260628700256348e-01
6.250083446502685547e-01
-5.837032198905944824e-01
9.754679203033447266e-01
-3.088165223598480225e-01
9.250316023826599121e-01
-9.220386743545532227e-01
9.861454963684082031e-01
-9.973536729812622070e-01
9.921897649765014648e-01
-9.905117750167846680e-01
9.951598048210144043e-01
-9.247803092002868652e-01
9.972979426383972168e-01
9.999202489852905273e-01
9.964147806167602539e-01
-1.553221791982650757e-01
7.711566686630249023e-01
-9.412749409675598145e-01
9.782638549804687500e-01
-9.943944215774536133e-01
9.885083436965942383e-01
-9.480274319648742676e-01
9.900225996971130371e-01
-9.452550411224365234e-01
9.943698644638061523e-01
-7.491227984428405762e-01
9.953324794769287109e-01
9.999005198478698730e-01
9.839975237846374512e-01
-3.751993477344512939e-01
8.533459901809692383e-01
-9.056637287139892578e-01
9.809528589248657227e-01
-9.939919710159301758e-01
9.843580126762390137e-01
-9.948697686195373535e-01
9.925512671470642090e-01
-9.672855138778686523e-01
9.922648072242736816e-01
-7.312166690826416016e-02
9.957186579704284668e-01
9.943758249282836914e-01
-2.849799990653991699e-01
6.965010166168212891e-01
-8.906642198562622070e-01
9.806110262870788574e-01
-9.953333735466003418e-01
9.927356839179992676e-01
-9.892765879631042480e-01
9.949404001235961914e-01
-8.452154397964477539e-01
9.964081048965454102e-01
2.561833858489990234e-01
9.997518062591552734e-01
9.720352292060852051e-01
-6.979936361312866211e-01
9.530895352363586426e-01
-9.956817030906677246e-01
9.909574985504150391e-01
-9.897407293319702148e-01
9.605150222778320312e-01
-9.739843606948852539e-01
9.873927831649780273e-01
-9.030311107635498047e-01
9.979025721549987793e-01
9.995844960212707520e-01
9.876332283020019531e-01
-3.827325403690338135e-01
9.317110776901245117e-01
-8.956276178359985352e-01
9.817032814025878906e-01
-9.981188178062438965e-01
9.871454238891601562e-01
-9.943273067474365234e-01
9.907395243644714355e-01
-9.749690890312194824e-01
9.943420290946960449e-01
-7.935948371887207031e-01
9.958157539367675781e-01
9.999263882637023926e-01
9.886556267738342285e-01
-1.946119368076324463e-01
3.029757738113403320e-01
-7.594622373580932617e-01
9.899083375930786133e-01
-9.862864613533020020e-01
9.857598543167114258e-01
-9.874325990676879883e-01
9.947913885116577148e-01
-2.252957671880722046e-01
9.931012988090515137e-01
9.988339543342590332e-01
-3.968333899974822998e-01
9.434494972229003906e-01
-9.069768190383911133e-01
9.853827953338623047e-01
-9.857711791992187500e-01
9.870993494987487793e-01
-9.891616702079772949e-01
9.946984052658081055e-01
-9.422119855880737305e-01
9.921383857727050781e-01
-2.359094619750976562e-01
9.945470690727233887e-01
9.995538592338562012e-01
7.114379405975341797e-01
-6.922237277030944824e-01
9.757781624794006348e-01
-9.870843291282653809e-01
9.928211569786071777e-01
-9.946782588958740234e-01
9.850959777832031250e-01
-9.279116392135620117e-01
9.943970441818237305e-01
-7.627893090248107910e-01
9.917032718658447266e-01
9.992091059684753418e-01
7.171833515167236328e-01
-7.594228982925415039e-01
9.751977920532226562e-01
-9.698583483695983887e-01
9.819859862327575684e-01
-9.638817906379699707e-01
9.914935231208801270e-01
-9.690067768096923828e-01
9.954853057861328125e-01
9.994919300079345703e-01
8.805286288261413574e-01
-9.407079219818115234e-01
9.787675142288208008e-01
-9.839633703231811523e-01
9.889814257621765137e-01
-9.781890511512756348e-01
9.917830824851989746e-01
-9.462777972221374512e-01
9.892487525939941406e-01
9.999328255653381348e-01
9.844341278076171875e-01
-9.477998614311218262e-01
9.866762161254882812e-01
-9.915607571601867676e-01
9.870978593826293945e-01
-9.865648150444030762e-01
9.918342232704162598e-01
-9.401549100875854492e-01
9.968069791793823242e-01
2.990737557411193848e-01
9.996406435966491699e-01
9.254836440086364746e-01
-9.338222146034240723e-01
9.805199503898620605e-01
-9.809151887893676758e-01
9.785935878753662109e-01
-9.916723966598510742e-01
9.922085404396057129e-01
-9.442113041877746582e-01
9.945396184921264648e-01
-2.130786180496215820e-01
9.908042550086975098e-01
9.992923140525817871e-01
4.028110504150390625e-01
-7.905765175819396973e-01
9.639565944671630859e-01
-9.886780977249145508e-01
9.891729950904846191e-01
-9.935552477836608887e-01
9.836162924766540527e-01
-7.806050777435302734e-01
9.893611669540405273e-01
9.999291300773620605e-01
9.608747959136962891e-01
-9.645268917083740234e-01
9.829362630844116211e-01
-9.922493100166320801e-01
9.806823730468750000e-01
-9.934962391853332520e-01
9.862385988235473633e-01
-9.862577915191650391e-01
9.937891364097595215e-01
-7.247415184974670410e-01
9.970856308937072754e-01
9.999412298202514648e-01
9.938285946846008301e-01
-6.899715065956115723e-01
9.863840937614440918e-01
-9.711152315139770508e-01
9.901458024978637695e-01
-9.648153185844421387e-01
9.940064549446105957e-01
-9.869811534881591797e-01
9.912249445915222168e-01
9.995273947715759277e-01
6.294564008712768555e-01
-6.781100034713745117e-01
9.367694854736328125e-01
-9.880502223968505859e-01
9.709578156471252441e-01
-9.972267150878906250e-01
9.908460974693298340e-01
-9.856380224227905273e-01
9.903516173362731934e-01
9.993489980697631836e-01
8.412153124809265137e-01
-7.449858188629150391e-01
9.733800292015075684e-01
-9.829532504081726074e-01
9.895280599594116211e-01
-9.959300756454467773e-01
9.886206984519958496e-01
9.991672039031982422e-01
-1.619173735380172729e-01
-5.168505311012268066e-01
9.597510099411010742e-01
-9.725366830825805664e-01
9.895644187927246094e-01
-9.772726893424987793e-01
9.944800734519958496e-01
-8.234146237373352051e-01
9.945817589759826660e-01
2.311317026615142822e-01
9.997871518135070801e-01
9.948104619979858398e-01
-8.997460603713989258e-01
9.838015437126159668e-01
-9.858914017677307129e-01
9.894356131553649902e-01
-9.507578015327453613e-01
9.932824969291687012e-01
-7.482021450996398926e-01
9.958255290985107422e-01
-7.268407940864562988e-02
9.974827170372009277e-01
9.974654912948608398e-01
-8.564071059226989746e-01
9.930080771446228027e-01
-9.888078570365905762e-01
9.942363500595092773e-01
-9.749742746353149414e-01
9.954296350479125977e-01
-6.264793276786804199e-01
9.899202585220336914e-01
-8.239533305168151855e-01
9.953483343124389648e-01
9.997694492340087891e-01
7.766982913017272949e-01
-9.280342459678649902e-01
9.924362897872924805e-01
-9.465345740318298340e-01
9.928098917007446289e-01
-9.934564232826232910e-01
9.894676804542541504e-01
-9.001069664955139160e-01
9.940822720527648926e-01
-6.684539914131164551e-01
9.952117204666137695e-01
9.999188184738159180e-01
9.901415705680847168e-01
-4.959116578102111816e-01
8.792118430137634277e-01
-9.685859680175781250e-01
9.760723710060119629e-01
-9.916660189628601074e-01
9.898373484611511230e-01
-9.931623935699462891e-01
9.936426877975463867e-01
-9.795207381248474121e-01
9.907460808753967285e-01
9.999033808708190918e-01
9.456153512001037598e-01
-8.347082138061523438e-01
9.841155409812927246e-01
-9.858241677284240723e-01
9.807704687118530273e-01
-9.768658876419067383e-01
9.929593205451965332e-01
-9.885182380676269531e-01
9.958219528198242188e-01
-8.608430027961730957e-01
9.955549240112304688e-01
9.998474717140197754e-01
9.928722381591796875e-01
-1.000910475850105286e-01
-4.091744124889373779e-01
9.794344305992126465e-01
-5.586458444595336914e-01
9.708951711654663086e-01
-8.268448114395141602e-01
9.632013440132141113e-01
-9.794434309005737305e-01
9.939565062522888184e-01
-9.882617592811584473e-01
9.960712194442749023e-01
9.999120235443115234e-01
7.453727722167968750e-01
-8.534695506095886230e-01
9.724592566490173340e-01
-9.912601709365844727e-01
9.929294586181640625e-01
-9.947142004966735840e-01
9.866338372230529785e-01
-9.886878132820129395e-01
9.889528155326843262e-01
-7.291269898414611816e-01
9.940032958984375000e-01
9.999511241912841797e-01
9.952659606933593750e-01
-7.965990304946899414e-01
9.808921217918395996e-01
-9.814404845237731934e-01
9.910767078399658203e-01
-8.987883329391479492e-01
9.960855245590209961e-01
9.998061060905456543e-01
7.457671165466308594e-01
-9.781093001365661621e-01
9.720454216003417969e-01
-9.974268078804016113e-01
9.744186401367187500e-01
-9.904265999794006348e-01
9.887015819549560547e-01
-9.916225075721740723e-01
9.935283660888671875e-01
-8.910453915596008301e-01
9.947210550308227539e-01
9.999274611473083496e-01
9.945678710937500000e-01
-4.267922043800354004e-01
8.327223658561706543e-01
-9.471141099929809570e-01
9.825824499130249023e-01
-9.891780614852905273e-01
9.882820248603820801e-01
-9.775712490081787109e-01
9.952439665794372559e-01
-8.622031211853027344e-01
9.960706233978271484e-01
9.999617338180541992e-01
9.961999058723449707e-01
-7.252400517463684082e-01
9.757208824157714844e-01
-9.696028232574462891e-01
9.789941310882568359e-01
-9.855996966361999512e-01
9.686524868011474609e-01
