2.162387967109680176e-01
2.730313241481781006e-01
5.271453857421875000e-01
7.520833611488342285e-01
9.420762658119201660e-01
9.953714013099670410e-01
9.902622103691101074e-01
9.947849512100219727e-01
9.688006043434143066e-01
9.755667448043823242e-01
9.249450564384460449e-01
9.794501066207885742e-01
9.999650120735168457e-01
9.668970108032226562e-01
9.983263015747070312e-01
9.707652926445007324e-01
1.110538467764854431e-01
9.873128533363342285e-01
5.476967096328735352e-01
-7.798003554344177246e-01
-9.796139001846313477e-01
-9.929149150848388672e-01
-9.797570705413818359e-01
-6.158528327941894531e-01
3.034119606018066406e-01
7.765887975692749023e-01
9.453217983245849609e-01
9.470203518867492676e-01
9.986425042152404785e-01
9.991047978401184082e-01
9.743888378143310547e-01
9.960382580757141113e-01
8.811672329902648926e-01
9.911234378814697266e-01
2.336347699165344238e-01
9.582201242446899414e-01
8.353453874588012695e-01
8.363291621208190918e-01
1.958919763565063477e-01
7.702147364616394043e-01
9.719814062118530273e-01
-4.505862891674041748e-01
-9.742136597633361816e-01
6.541462540626525879e-01
6.423349380493164062e-01
-4.224356710910797119e-01
-2.215292602777481079e-01
-9.869732260704040527e-01
-7.348425984382629395e-01
5.372909903526306152e-01
9.627187252044677734e-01
6.955418586730957031e-01
8.957392573356628418e-01
9.998396635055541992e-01
7.409159541130065918e-01
9.994809031486511230e-01
9.984215497970581055e-01
9.501765966415405273e-01
9.853785037994384766e-01
9.724988937377929688e-01
9.689344763755798340e-01
9.022423028945922852e-01
9.485890269279479980e-01
6.089435219764709473e-01
4.695084393024444580e-01
-7.332102656364440918e-01
5.430577397346496582e-01
-8.077362179756164551e-01
-7.737284302711486816e-01
-9.164497256278991699e-01
-9.648794531822204590e-01
-7.527429461479187012e-01
7.954771518707275391e-01
-7.863315939903259277e-01
4.160581827163696289e-01
9.601705074310302734e-01
2.485515028238296509e-01
9.722898602485656738e-01
7.548624277114868164e-01
9.237930178642272949e-01
7.481538653373718262e-01
8.165321946144104004e-01
7.015631794929504395e-01
8.185657858848571777e-01
7.068207263946533203e-01
-5.623464584350585938e-01
2.771205008029937744e-01
4.974599778652191162e-01
6.202432513236999512e-01
-2.831497788429260254e-01
-2.477934062480926514e-01
1.619416475296020508e-01
-3.012033104896545410e-01
7.386707067489624023e-01
9.644849300384521484e-01
3.921173214912414551e-01
5.248698592185974121e-01
8.426317572593688965e-01
9.902923107147216797e-01
8.348842263221740723e-01
9.395431280136108398e-01
-5.839403867721557617e-01
-8.202830553054809570e-01
8.544700741767883301e-01
9.548305869102478027e-01
-9.268162250518798828e-01
-2.374562621116638184e-01
8.078573346138000488e-01
3.862664997577667236e-01
-7.106494903564453125e-01
-3.380934000015258789e-01
6.662327051162719727e-01
1.959220767021179199e-01
9.204106330871582031e-01
7.863103747367858887e-01
9.994012713432312012e-01
6.867750287055969238e-01
7.230274677276611328e-01
-6.235675811767578125e-01
-7.290565967559814453e-02
5.870887637138366699e-02
4.648998379707336426e-01
7.247779369354248047e-01
-8.820755481719970703e-01
9.920436739921569824e-01
9.676338434219360352e-01
5.960349440574645996e-01
5.851585865020751953e-01
1.872651427984237671e-01
7.023286819458007812e-01
-8.583988547325134277e-01
3.046714663505554199e-01
8.318890929222106934e-01
6.355006992816925049e-02
3.778541982173919678e-01
5.756630301475524902e-01
4.422297477722167969e-01
-8.145707845687866211e-01
9.207679629325866699e-01
9.725661277770996094e-01
9.138385057449340820e-01
8.426204919815063477e-01
7.398827932775020599e-03
-1.754058301448822021e-01
-8.462407588958740234e-01
-4.658930599689483643e-01
4.693000614643096924e-01
9.535552263259887695e-01
6.685855388641357422e-01
-7.051706910133361816e-01
-8.487067818641662598e-01
1.808073669672012329e-01
9.975022673606872559e-01
7.782769799232482910e-01
5.659409761428833008e-01
9.897593259811401367e-01
-1.908553391695022583e-02
-3.595944941043853760e-01
3.356190323829650879e-01
1.419032365083694458e-01
9.306877255439758301e-01
7.802503705024719238e-01
7.162472009658813477e-01
2.832661271095275879e-01
-5.211353302001953125e-01
8.212898373603820801e-01
-9.756574630737304688e-01
4.586317539215087891e-01
6.978211402893066406e-01
-5.307965278625488281e-01
8.401436805725097656e-01
5.763071402907371521e-02
8.862196207046508789e-01
-9.910603761672973633e-01
9.410837292671203613e-01
9.833809137344360352e-01
-3.249851763248443604e-01
-2.510037720203399658e-01
9.179062843322753906e-01
9.055216312408447266e-01
-7.213352918624877930e-01
7.833196520805358887e-01
-5.336073637008666992e-01
6.581761240959167480e-01
-4.564212858676910400e-01
9.617151021957397461e-01
-5.567497760057449341e-02
9.803337454795837402e-01
4.832265973091125488e-01
8.808966279029846191e-01
-9.748628139495849609e-01
7.339463829994201660e-01
-6.959604620933532715e-01
3.623678386211395264e-01
9.404900670051574707e-01
3.484970629215240479e-01
2.519385218620300293e-01
8.504489660263061523e-01
5.818719863891601562e-01
-3.931347131729125977e-01
2.877156734466552734e-01
-2.676388919353485107e-01
1.262568682432174683e-01
9.820891022682189941e-01
9.970579147338867188e-01
5.720687098801136017e-03
4.824531972408294678e-01
-9.645487666130065918e-01
-4.844883680343627930e-01
9.670191407203674316e-01
9.351366162300109863e-01
4.219449758529663086e-01
-8.719975948333740234e-01
3.392614722251892090e-01
5.911282300949096680e-01
8.219757080078125000e-01
-4.415972828865051270e-01
7.385122776031494141e-01
8.767453581094741821e-02
9.610903263092041016e-01
-4.198096096515655518e-01
7.978239655494689941e-01
-9.274272918701171875e-01
1.413752138614654541e-01
9.104728698730468750e-01
9.987771511077880859e-01
-6.395325809717178345e-02
4.467613697052001953e-01
-3.427110612392425537e-01
9.130983352661132812e-01
-9.035415649414062500e-01
8.365895748138427734e-01
9.887114763259887695e-01
9.674331545829772949e-01
2.995759844779968262e-01
-6.439438462257385254e-01
-8.000881075859069824e-01
9.092972278594970703e-01
7.176877856254577637e-01
9.805972576141357422e-01
-4.277476966381072998e-01
3.181951344013214111e-01
5.050863027572631836e-01
-3.306697309017181396e-01
-6.712931394577026367e-01
8.935163617134094238e-01
-5.075533986091613770e-01
3.865214884281158447e-01
9.583635330200195312e-01
9.958667159080505371e-01
-7.345451116561889648e-01
-2.851632535457611084e-01
-5.377750098705291748e-02
9.548776149749755859e-01
-1.575609147548675537e-01
4.545299410820007324e-01
9.483904838562011719e-01
9.791634082794189453e-01
-7.152938246726989746e-01
4.428123831748962402e-01
9.515731334686279297e-01
9.594044685363769531e-01
9.955095052719116211e-01
-9.183958768844604492e-01
4.794679880142211914e-01
8.506504297256469727e-01
3.486067755147814751e-03
7.998374700546264648e-01
2.252347469329833984e-01
-8.020567297935485840e-01
-4.071201086044311523e-01
-1.835139840841293335e-01
3.371623456478118896e-01
7.733687758445739746e-01
4.885267019271850586e-01
8.681709766387939453e-01
7.411431074142456055e-01
1.218203529715538025e-01
-6.289088129997253418e-01
-9.267262816429138184e-01
-2.699640393257141113e-01
9.429365992546081543e-01
4.299473762512207031e-01
8.068796396255493164e-01
4.288133084774017334e-01
6.203132271766662598e-01
-3.333053290843963623e-01
-7.743246853351593018e-02
3.541431725025177002e-01
2.978109717369079590e-01
4.036521315574645996e-01
8.899115324020385742e-01
6.736916303634643555e-01
8.428655266761779785e-01
2.952719330787658691e-01
-6.779699325561523438e-01
-2.704380750656127930e-01
6.742905974388122559e-01
5.324600338935852051e-01
-4.612458646297454834e-01
8.496949076652526855e-01
6.015108227729797363e-01
-3.291054069995880127e-01
-9.886754155158996582e-01
8.932450413703918457e-01
-5.807818472385406494e-02
-3.203721344470977783e-01
9.362518191337585449e-01
4.893125295639038086e-01
6.568940281867980957e-01
9.732412695884704590e-01
-2.839159592986106873e-02
-8.781920075416564941e-01
8.906612396240234375e-01
9.594423770904541016e-01
-8.507001996040344238e-01
9.764603972434997559e-01
8.261038661003112793e-01
3.903872072696685791e-01
7.400516867637634277e-01
-3.008014857769012451e-01
6.923990845680236816e-01
6.970668435096740723e-01
5.419585108757019043e-01
-5.278505086898803711e-01
-7.719275355339050293e-01
9.325026869773864746e-01
2.139643281698226929e-01
5.734808444976806641e-01
8.327061533927917480e-01
-8.975095748901367188e-01
3.304301500320434570e-01
-9.481825232505798340e-01
-8.079516887664794922e-01
9.685557484626770020e-01
9.966500997543334961e-01
9.457807540893554688e-01
-7.980483770370483398e-01
3.945908248424530029e-01
9.919875860214233398e-01
9.690793156623840332e-01
-9.521311521530151367e-01
9.513521790504455566e-01
9.980586171150207520e-01
-5.575342178344726562e-01
-2.271006405353546143e-01
9.888926148414611816e-01
9.114580750465393066e-01
5.463878512382507324e-01
2.942176163196563721e-01
3.708821535110473633e-01
-9.962170720100402832e-01
1.674042791128158569e-01
8.898671865463256836e-01
7.359251976013183594e-01
-2.715678811073303223e-01
-9.206647872924804688e-01
-2.658374905586242676e-01
9.541472792625427246e-01
9.709258675575256348e-01
3.932467401027679443e-01
-1.281524002552032471e-01
7.020152211189270020e-01
9.509255290031433105e-01
5.159348249435424805e-01
-8.018785715103149414e-01
5.420538783073425293e-01
-3.905865252017974854e-01
9.743487238883972168e-01
-6.743626594543457031e-01
-2.493228204548358917e-02
9.348757863044738770e-01
8.437027931213378906e-01
-1.555621623992919922e-01
-2.493350952863693237e-01
-8.592907786369323730e-01
8.850024342536926270e-01
9.953089952468872070e-01
7.365587949752807617e-01
2.244457155466079712e-01
9.866346716880798340e-01
6.919202208518981934e-01
8.718786239624023438e-01
-8.435412645339965820e-01
-1.031190305948257446e-01
7.347725331783294678e-02
-3.665398061275482178e-01
2.558403909206390381e-01
8.936755657196044922e-01
3.242274820804595947e-01
9.592001438140869141e-01
9.332101345062255859e-01
1.771771162748336792e-01
-7.542417645454406738e-01
4.534647166728973389e-01
-7.818840146064758301e-01
-5.687266588211059570e-01
8.989930152893066406e-01
9.705173969268798828e-01
8.276818990707397461e-01
3.227722048759460449e-01
-7.857830524444580078e-01
8.330144286155700684e-01
4.204365238547325134e-02
9.387151002883911133e-01
6.463115811347961426e-01
-8.111626505851745605e-01
6.739422678947448730e-01
9.429566860198974609e-01
5.577846169471740723e-01
-4.804438948631286621e-01
-8.966572284698486328e-01
1.984390169382095337e-01
7.618793249130249023e-01
-5.621413514018058777e-02
9.568802118301391602e-01
-2.090068757534027100e-01
7.499738335609436035e-01
-7.321409583091735840e-01
9.735780954360961914e-01
5.352149009704589844e-01
9.882091879844665527e-01
4.430149495601654053e-01
-3.387044966220855713e-01
1.681952029466629028e-01
-3.220632970333099365e-01
8.357138633728027344e-01
5.853157639503479004e-01
8.835482001304626465e-01
-3.466730713844299316e-01
-3.367098867893218994e-01
6.638131737709045410e-01
-5.556139945983886719e-01
9.711349010467529297e-01
7.704736590385437012e-01
-4.520255923271179199e-01
9.546086788177490234e-01
4.401065409183502197e-01
-4.113087654113769531e-01
-1.143852770328521729e-01
8.300571441650390625e-01
8.306412696838378906e-01
1.548518091440200806e-01
7.461605668067932129e-01
6.507536023855209351e-02
-9.253553748130798340e-01
-4.209842979907989502e-01
9.816148281097412109e-01
9.238088130950927734e-01
-4.761784970760345459e-01
4.787792265415191650e-01
7.894560098648071289e-01
-8.623094558715820312e-01
-6.498262286186218262e-02
7.409291267395019531e-01
7.866998910903930664e-01
7.083851099014282227e-02
9.033270478248596191e-01
-4.636382162570953369e-01
4.940151870250701904e-01
4.604992568492889404e-01
1.880166232585906982e-01
6.912934184074401855e-01
9.265766739845275879e-01
-3.455958068370819092e-01
-9.846556186676025391e-01
5.142934918403625488e-01
3.641194403171539307e-01
6.908331513404846191e-01
8.767121434211730957e-01
3.717001378536224365e-01
-9.006372690200805664e-01
-8.998002409934997559e-01
9.903424978256225586e-01
9.009384512901306152e-01
8.345127105712890625e-01
-5.660111308097839355e-01
9.893727898597717285e-01
-9.627519249916076660e-01
-7.268705368041992188e-01
6.189243793487548828e-01
9.918771386146545410e-01
9.823786020278930664e-01
9.786720871925354004e-01
8.106483817100524902e-01
-5.697253942489624023e-01
5.102361440658569336e-01
8.352223038673400879e-01
3.239795565605163574e-01
-1.294855922460556030e-01
1.343734413385391235e-01
9.177016019821166992e-01
-7.309052348136901855e-01
9.540924429893493652e-01
4.744476974010467529e-01
-8.783482909202575684e-01
-8.864699602127075195e-01
4.923692047595977783e-01
9.402896761894226074e-01
1.697409301996231079e-01
6.633082628250122070e-01
2.800244688987731934e-01
5.367116928100585938e-01
-2.664881646633148193e-01
1.137876957654953003e-01
9.170109629631042480e-01
8.068101406097412109e-01
9.795728325843811035e-01
-3.426779210567474365e-01
-4.191730543971061707e-02
-9.207996726036071777e-01
-3.088142871856689453e-01
-2.619709372520446777e-01
9.829965233802795410e-01
9.759782552719116211e-01
-9.371545314788818359e-01
5.010948777198791504e-01
4.471270442008972168e-01
9.887180924415588379e-01
9.501796364784240723e-01
-1.170273125171661377e-01
5.885990262031555176e-01
-8.523972332477569580e-02
-7.764948010444641113e-01
5.033971071243286133e-01
9.853304624557495117e-01
9.153745174407958984e-01
7.298140525817871094e-01
-4.530971869826316833e-02
-4.473366960883140564e-02
6.919305324554443359e-01
-6.107808947563171387e-01
-5.477060079574584961e-01
9.712075591087341309e-01
9.472790360450744629e-02
2.769492864608764648e-01
8.716738224029541016e-01
8.823943734169006348e-01
3.720519840717315674e-01
-8.564472198486328125e-01
1.871263235807418823e-01
9.802289009094238281e-01
-1.071298941969871521e-01
-1.901922225952148438e-01
-6.896099448204040527e-01
-8.610214591026306152e-01
9.746754914522171021e-02
9.911803007125854492e-01
9.591578245162963867e-01
9.869253635406494141e-01
9.873055815696716309e-01
9.821743965148925781e-01
-5.281410813331604004e-01
7.119540870189666748e-02
9.339330792427062988e-01
1.749849505722522736e-02
-4.257229864597320557e-01
6.558194160461425781e-01
-7.776120305061340332e-01
9.068583250045776367e-01
5.168537050485610962e-02
8.848534226417541504e-01
9.517971873283386230e-01
4.280742108821868896e-01
7.911904901266098022e-02
3.089925050735473633e-01
-7.971126437187194824e-01
-4.312307834625244141e-01
-5.359269976615905762e-01
9.418172836303710938e-01
6.537392735481262207e-01
9.792116880416870117e-01
9.565522670745849609e-01
8.301794528961181641e-01
-4.496245980262756348e-01
-9.498361349105834961e-01
7.843944430351257324e-01
8.754667639732360840e-01
-6.999848783016204834e-02
8.717808723449707031e-01
-4.699240624904632568e-01
7.346674203872680664e-01
-9.338976144790649414e-01
9.385220408439636230e-01
6.318750977516174316e-01
-1.853668987751007080e-01
1.112869605422019958e-01
-8.128183484077453613e-01
9.953108429908752441e-01
7.872530221939086914e-01
-4.281636178493499756e-01
9.422588944435119629e-01
3.325076401233673096e-02
7.339866161346435547e-01
4.741348028182983398e-01
-3.125007152557373047e-01
-1.874062716960906982e-01
9.977653026580810547e-01
7.975370883941650391e-01
4.303571581840515137e-01
-8.104194998741149902e-01
6.228997707366943359e-01
3.404259979724884033e-01
8.898867964744567871e-01
-1.991016268730163574e-01
4.644137918949127197e-01
-3.444997668266296387e-01
-2.288663536310195923e-01
9.973458647727966309e-01
6.714287400245666504e-01
-5.392354130744934082e-01
-8.678984642028808594e-01
3.319541811943054199e-01
9.823170900344848633e-01
9.650225043296813965e-01
6.036476492881774902e-01
7.841718792915344238e-01
4.390232861042022705e-01
-7.941357493400573730e-01
9.350088238716125488e-01
8.370823860168457031e-01
5.874199867248535156e-01
-7.672016620635986328e-01
-5.712030529975891113e-01
4.573461115360260010e-01
7.736162543296813965e-01
8.660951852798461914e-01
5.989574193954467773e-01
-5.734176039695739746e-01
6.415582299232482910e-01
-2.547456622123718262e-01
-8.951001763343811035e-01
1.323013682849705219e-03
9.982229471206665039e-01
9.167323112487792969e-01
8.719674944877624512e-01
8.992775678634643555e-01
-9.234104752540588379e-01
9.856330752372741699e-01
-8.360163569450378418e-01
6.799591779708862305e-01
5.138882994651794434e-01
-3.600095957517623901e-02
1.305346488952636719e-01
3.495972454547882080e-01
-2.643800675868988037e-01
9.493345022201538086e-01
-7.214589715003967285e-01
8.890472650527954102e-01
6.544706821441650391e-01
6.825699806213378906e-01
-8.104364871978759766e-01
9.725447893142700195e-01
-5.923289656639099121e-01
9.283061027526855469e-01
9.187561869621276855e-01
-2.122966647148132324e-01
3.722379505634307861e-01
7.676026970148086548e-02
9.459429979324340820e-01
-1.160528957843780518e-01
-3.121106624603271484e-01
8.254474401473999023e-01
6.189992427825927734e-01
6.300517916679382324e-02
2.533639669418334961e-01
-3.068896830081939697e-01
-4.634189009666442871e-01
1.640439033508300781e-01
9.931919574737548828e-01
7.844271659851074219e-01
-1.791359186172485352e-01
5.218402743339538574e-01
8.904140591621398926e-01
6.731036901473999023e-01
-2.386479824781417847e-01
5.575339794158935547e-01
2.477171830832958221e-02
1.336606740951538086e-01
5.269771814346313477e-01
9.853485822677612305e-01
-3.432831466197967529e-01
-5.479990243911743164e-01
3.283509612083435059e-01
-4.291918575763702393e-01
8.646551966667175293e-01
9.962455630302429199e-01
-9.225345849990844727e-01
-3.769518136978149414e-01
7.258418202400207520e-01
8.309063911437988281e-01
9.876576662063598633e-01
9.148100614547729492e-01
6.168662905693054199e-01
1.620296947658061981e-02
-9.699928164482116699e-01
-5.152361989021301270e-01
6.292790174484252930e-01
9.888833761215209961e-01
7.765280008316040039e-01
-6.225230693817138672e-01
-3.663257360458374023e-01
-1.265113502740859985e-01
8.994343280792236328e-01
9.993464350700378418e-01
-4.005596935749053955e-01
8.378764986991882324e-01
7.122013568878173828e-01
9.578737020492553711e-01
7.381649613380432129e-01
-4.037454426288604736e-01
6.090559959411621094e-01
-6.945701837539672852e-01
9.256693720817565918e-01
-1.084506511688232422e-04
-5.857174396514892578e-01
1.570266336202621460e-01
-4.976095855236053467e-01
-4.816111624240875244e-01
9.813391566276550293e-01
9.857328534126281738e-01
7.224860787391662598e-01
8.034698963165283203e-01
3.965027332305908203e-01
1.442691776901483536e-02
-6.580590009689331055e-01
9.753093719482421875e-01
-8.124141097068786621e-01
-5.643106102943420410e-01
8.816148042678833008e-01
9.849485754966735840e-01
9.269998073577880859e-01
7.157700061798095703e-01
-9.474287629127502441e-01
8.513720035552978516e-01
6.478772759437561035e-01
6.943898797035217285e-01
-4.162441790103912354e-01
-7.978150248527526855e-01
8.312173485755920410e-01
5.202012658119201660e-01
9.955762624740600586e-01
9.646464586257934570e-01
-9.018946439027786255e-02
2.674753069877624512e-01
4.522563517093658447e-01
-8.600662350654602051e-01
-9.194642901420593262e-01
9.194336533546447754e-01
9.895742535591125488e-01
9.764736294746398926e-01
-1.678137630224227905e-01
-2.947552204132080078e-01
-9.844009280204772949e-01
-8.834044337272644043e-01
9.694545865058898926e-01
9.886107444763183594e-01
5.909698009490966797e-01
9.721934795379638672e-01
8.735150098800659180e-01
7.070527672767639160e-01
-3.209938704967498779e-01
9.330904483795166016e-01
1.016937643289566040e-01
-3.480978608131408691e-01
9.372042417526245117e-01
-9.123545885086059570e-01
9.151843190193176270e-01
-1.806826889514923096e-01
5.920812487602233887e-01
-6.704112887382507324e-01
8.072175383567810059e-01
9.961375594139099121e-01
1.570509225130081177e-01
-9.182924628257751465e-01
-6.654364466667175293e-01
9.879421591758728027e-01
5.551303029060363770e-01
-1.198925729840993881e-02
8.883872628211975098e-01
-8.238087892532348633e-01
9.797210693359375000e-01
9.204062223434448242e-01
3.719669878482818604e-01
6.117382049560546875e-01
-5.407986640930175781e-01
9.719340801239013672e-01
-9.428344368934631348e-01
6.800796985626220703e-01
8.358477354049682617e-01
3.071204721927642822e-01
9.140319228172302246e-01
3.337581157684326172e-01
-5.823355317115783691e-01
7.256958484649658203e-01
-8.374055624008178711e-01
9.751102924346923828e-01
9.481775760650634766e-01
-8.386531472206115723e-01
-5.290062353014945984e-02
2.825539000332355499e-02
-6.625380516052246094e-01
9.008444547653198242e-01
9.492474198341369629e-01
6.039613485336303711e-01
9.161726832389831543e-01
-6.808263659477233887e-01
4.944727420806884766e-01
-1.397977620363235474e-01
1.290988735854625702e-02
-2.428797930479049683e-01
7.862741947174072266e-01
9.829896688461303711e-01
-2.548537850379943848e-01
6.211165785789489746e-01
8.472384512424468994e-02
-5.310135483741760254e-01
1.909453719854354858e-01
9.384436011314392090e-01
6.226174831390380859e-01
-6.541756987571716309e-01
-8.958422392606735229e-02
9.088556766510009766e-01
8.151816725730895996e-01
7.108941674232482910e-01
1.870086193084716797e-01
7.044818997383117676e-01
1.135614439845085144e-01
-6.673407554626464844e-02
-2.627303004264831543e-01
-7.494101524353027344e-01
9.440520405769348145e-01
9.955796599388122559e-01
8.626694083213806152e-01
7.625614404678344727e-01
-9.829654693603515625e-01
2.196736633777618408e-01
9.330949187278747559e-01
-7.877820730209350586e-01
8.484329581260681152e-01
1.524923443794250488e-01
9.318394660949707031e-01
1.466649770736694336e-01
-1.275929808616638184e-01
-2.492244094610214233e-01
-1.028152406215667725e-01
9.391046762466430664e-01
9.298872351646423340e-01
1.076614111661911011e-01
-3.714994192123413086e-01
9.831826090812683105e-01
-3.307149708271026611e-01
-2.756636738777160645e-01
8.990248441696166992e-01
7.155884504318237305e-01
8.159198760986328125e-01
4.866555333137512207e-01
-3.163611292839050293e-01
-8.166210055351257324e-01
-1.230699867010116577e-01
-2.796461582183837891e-01
-5.693305134773254395e-01
9.910198450088500977e-01
-2.497581392526626587e-01
8.955741524696350098e-01
9.706751704216003418e-01
9.914135336875915527e-01
9.091798663139343262e-01
9.018186330795288086e-01
-7.724515795707702637e-01
-4.171680212020874023e-01
-3.118472099304199219e-01
8.690956830978393555e-01
-2.075536400079727173e-01
3.146528601646423340e-01
9.622876644134521484e-01
6.576206088066101074e-01
4.183568656444549561e-01
8.662528395652770996e-01
6.325536966323852539e-01
-6.112915873527526855e-01
-7.476579546928405762e-01
6.872500777244567871e-01
7.353398799896240234e-01
-8.096708655357360840e-01
9.898774623870849609e-01
8.749899864196777344e-01
1.340184211730957031e-01
6.361670494079589844e-01
6.828863173723220825e-02
-7.785601913928985596e-02
-3.139742612838745117e-01
9.770724773406982422e-01
4.512008130550384521e-01
-2.945582866668701172e-01
1.887565851211547852e-01
-1.776441782712936401e-01
6.980509757995605469e-01
9.963506460189819336e-01
7.507998943328857422e-01
-7.939491271972656250e-01
-9.266187548637390137e-01
3.448050022125244141e-01
9.012553095817565918e-01
8.366032242774963379e-01
-1.565067619085311890e-01
8.904653191566467285e-01
-1.334311068058013916e-01
-2.191859483718872070e-01
7.359961271286010742e-01
2.052761763334274292e-01
9.108873605728149414e-01
-8.411017805337905884e-02
9.216453433036804199e-01
-5.061947107315063477e-01
-1.491577029228210449e-01
8.980734348297119141e-01
7.420240044593811035e-01
8.954731225967407227e-01
-4.848168194293975830e-01
-2.148307301104068756e-02
8.119777441024780273e-01
5.295368432998657227e-01
4.824423193931579590e-01
6.924679875373840332e-01
-5.669937133789062500e-01
-7.863338589668273926e-01
-6.240975856781005859e-01
9.371292591094970703e-01
8.234906792640686035e-01
8.422916382551193237e-02
3.265146315097808838e-01
2.024484127759933472e-01
8.378185629844665527e-01
3.362794220447540283e-01
2.964990735054016113e-01
-9.926281571388244629e-01
6.236146092414855957e-01
-2.526359446346759796e-02
9.351775646209716797e-01
6.424428224563598633e-01
-8.545119762420654297e-01
6.549090892076492310e-02
9.916293025016784668e-01
7.548563480377197266e-01
3.765328526496887207e-01
9.854515790939331055e-01
-6.925526261329650879e-01
9.073646664619445801e-01
6.923322081565856934e-01
-7.838346809148788452e-02
7.918847352266311646e-02
8.586692214012145996e-01
5.485323667526245117e-01
-8.730430603027343750e-01
-5.952744483947753906e-01
-7.367137670516967773e-01
9.759477376937866211e-01
7.091326713562011719e-01
9.767929911613464355e-01
7.567927837371826172e-01
-6.759488582611083984e-01
2.129642516374588013e-01
7.419649362564086914e-01
6.179644465446472168e-01
-4.447852373123168945e-01
8.973183035850524902e-01
-4.603886976838111877e-02
-7.618920207023620605e-01
8.962194323539733887e-01
-5.684207677841186523e-01
-3.995898962020874023e-01
9.489662051200866699e-01
8.953921794891357422e-01
8.209384679794311523e-01
6.415592432022094727e-01
3.956222832202911377e-01
9.382636547088623047e-01
-2.308755815029144287e-01
7.183300852775573730e-01
4.512619674205780029e-01
-8.029979467391967773e-01
8.088731169700622559e-01
9.711513519287109375e-01
2.401198893785476685e-01
-9.536775946617126465e-01
2.274047136306762695e-01
6.401744484901428223e-01
9.760003685951232910e-01
-7.223150134086608887e-01
5.032603740692138672e-01
-5.018855333328247070e-01
4.388876855373382568e-01
-4.242259860038757324e-01
7.421490550041198730e-01
-2.294455021619796753e-01
9.152301549911499023e-01
-5.625979304313659668e-01
7.965679168701171875e-01
8.996822834014892578e-01
-3.472627699375152588e-01
7.512711882591247559e-01
3.406913205981254578e-02
9.689341783523559570e-01
2.517298758029937744e-01
4.468660652637481689e-01
7.000933289527893066e-01
-2.330199927091598511e-01
4.432602524757385254e-01
-7.281870245933532715e-01
9.279721379280090332e-01
-4.504157006740570068e-01
7.185680866241455078e-01
-3.586525321006774902e-01
8.101256489753723145e-01
4.959155619144439697e-01
-7.168086618185043335e-02
-5.233824849128723145e-01
9.973852634429931641e-01
1.684517711400985718e-01
7.125473022460937500e-01
-9.819927215576171875e-01
9.320938587188720703e-01
-3.934360146522521973e-01
-1.728391647338867188e-01
9.514108896255493164e-01
4.785939753055572510e-01
8.899189233779907227e-01
8.949832916259765625e-01
5.256310701370239258e-01
-6.871642172336578369e-02
8.117288947105407715e-01
-6.619080901145935059e-01
7.649433612823486328e-01
-3.266310691833496094e-01
9.489203691482543945e-01
3.738881349563598633e-01
-1.052594557404518127e-01
5.659316182136535645e-01
-7.353960275650024414e-01
4.857262969017028809e-01
2.581798732280731201e-01
9.080931544303894043e-01
8.311042189598083496e-01
-4.689963757991790771e-01
-9.051854014396667480e-01
9.204876422882080078e-01
9.629431366920471191e-01
7.802479863166809082e-01
-9.523447155952453613e-01
-9.829009771347045898e-01
9.814072847366333008e-01
9.737205505371093750e-01
4.737807512283325195e-01
-5.960982665419578552e-02
4.651219248771667480e-01
-7.861012816429138184e-01
9.864182472229003906e-01
2.964599132537841797e-01
-1.303006708621978760e-01
8.695702552795410156e-01
9.759034514427185059e-01
3.666424155235290527e-01
5.185388326644897461e-01
1.963505148887634277e-01
4.713794291019439697e-01
-9.039278030395507812e-01
7.063660621643066406e-01
3.572912514209747314e-02
9.963038563728332520e-01
-1.430208534002304077e-01
-1.400312781333923340e-01
-5.002949237823486328e-01
-7.723265290260314941e-01
7.826301455497741699e-01
2.307109832763671875e-01
9.780768156051635742e-01
1.772783547639846802e-01
8.145291805267333984e-01
9.184529185295104980e-01
7.281780242919921875e-01
7.450020313262939453e-01
1.964201927185058594e-01
7.482897043228149414e-01
6.907766461372375488e-01
-9.278947114944458008e-01
-9.139897227287292480e-01
-4.506754279136657715e-01
8.419939279556274414e-01
6.556226015090942383e-01
8.722939491271972656e-01
3.924369520973414183e-04
-9.006926417350769043e-01
7.100273966789245605e-01
7.882136702537536621e-01
7.211446166038513184e-01
-2.023786306381225586e-01
1.284435540437698364e-01
-6.175339818000793457e-01
9.789878726005554199e-01
-5.370396375656127930e-01
9.301549196243286133e-01
4.609512984752655029e-01
7.781770825386047363e-01
8.764433264732360840e-01
-7.743112444877624512e-01
7.741168737411499023e-01
-5.158402919769287109e-01
2.645003497600555420e-01
9.024353027343750000e-01
9.159633517265319824e-01
-8.937633037567138672e-01
6.019474864006042480e-01
9.710857868194580078e-01
4.251827597618103027e-01
2.591667175292968750e-01
8.596507906913757324e-01
2.117844074964523315e-01
-9.041783213615417480e-01
4.588856101036071777e-01
-4.847568646073341370e-02
9.799955487251281738e-01
-4.361262619495391846e-01
9.458011388778686523e-01
1.753432601690292358e-01
-1.010364443063735962e-01
-1.421762853860855103e-01
-2.682008147239685059e-01
9.354680180549621582e-01
8.769112229347229004e-01
-8.199760913848876953e-01
8.128688931465148926e-01
-8.450151234865188599e-02
-6.049228310585021973e-01
9.382500648498535156e-01
8.834818601608276367e-01
9.153645038604736328e-01
5.273459553718566895e-01
-9.685374498367309570e-01
-3.938325345516204834e-01
8.821078538894653320e-01
9.298900961875915527e-01
9.650323987007141113e-01
7.741591930389404297e-01
-2.483504712581634521e-01
2.827431559562683105e-01
6.049329638481140137e-01
-8.917077183723449707e-01
8.515805602073669434e-01
9.157734513282775879e-01
4.939225018024444580e-01
-5.286309123039245605e-01
-7.620232701301574707e-01
-1.133674159646034241e-01
-5.479718372225761414e-02
9.752345681190490723e-01
9.763172864913940430e-01
4.391504228115081787e-01
2.181792259216308594e-01
4.189902544021606445e-01
-6.755799651145935059e-01
-8.683009743690490723e-01
6.068987399339675903e-02
9.925335049629211426e-01
9.905937910079956055e-01
7.957164049148559570e-01
9.983056783676147461e-01
9.210946559906005859e-01
7.279551029205322266e-01
-9.401094913482666016e-01
-8.870286941528320312e-01
7.307878136634826660e-01
4.433611929416656494e-01
9.708914756774902344e-01
7.212568074464797974e-02
-8.311284780502319336e-01
-5.711257457733154297e-01
3.231454789638519287e-01
8.282141685485839844e-01
3.161377832293510437e-02
9.371482133865356445e-01
9.928882718086242676e-01
7.413426041603088379e-01
7.118888497352600098e-01
-1.643307358026504517e-01
9.940938353538513184e-01
-9.537808299064636230e-01
8.156780600547790527e-01
9.583604335784912109e-01
-9.732463359832763672e-01
-9.702938199043273926e-01
7.828219532966613770e-01
4.908922612667083740e-01
4.224885106086730957e-01
8.533598184585571289e-01
-4.745556414127349854e-02
4.528559446334838867e-01
-9.416154623031616211e-01
8.960872888565063477e-01
6.743160486221313477e-01
5.423427224159240723e-01
-2.434912323951721191e-01
-2.369802594184875488e-01
9.791950583457946777e-01
-9.928532838821411133e-01
-4.507241547107696533e-01
9.658716917037963867e-01
8.055896759033203125e-01
9.058091044425964355e-01
9.870561957359313965e-01
-5.819559693336486816e-01
9.521484375000000000e-01
4.667312204837799072e-01
-5.105158686637878418e-01
6.781771779060363770e-01
7.004509568214416504e-01
-5.711320042610168457e-01
-2.658874094486236572e-01
6.289092898368835449e-01
3.519836962223052979e-01
4.425522983074188232e-01
3.675175607204437256e-01
-7.494133114814758301e-01
6.755686998367309570e-01
8.251690268516540527e-01
-8.817087113857269287e-02
3.349143564701080322e-01
9.862224459648132324e-01
6.396958231925964355e-01
2.857577055692672729e-04
-9.406167864799499512e-01
8.384474515914916992e-01
5.147664546966552734e-01
-2.415263652801513672e-01
7.661287188529968262e-01
2.789882421493530273e-01
-1.294455528259277344e-01
8.874711990356445312e-01
8.038616776466369629e-01
5.916832685470581055e-01
-3.161512017250061035e-01
-1.669742465019226074e-01
4.735381603240966797e-01
-4.925950467586517334e-01
7.658469676971435547e-01
8.292955756187438965e-01
-8.555014133453369141e-01
-3.077864460647106171e-02
-9.589162468910217285e-02
1.845740340650081635e-02
1.384116411209106445e-01
3.039100170135498047e-01
5.964120626449584961e-01
9.683244824409484863e-01
9.853566884994506836e-01
9.883260726928710938e-01
8.863110542297363281e-01
2.857970297336578369e-01
8.903281092643737793e-01
2.588696777820587158e-01
-9.921919703483581543e-01
1.848484128713607788e-01
-7.575361728668212891e-01
-9.976568818092346191e-01
-8.251045644283294678e-02
7.866004705429077148e-01
9.973750114440917969e-01
9.858277440071105957e-01
3.513639569282531738e-01
9.352756738662719727e-01
9.293943643569946289e-01
5.261556506156921387e-01
-9.418191313743591309e-01
-8.060808181762695312e-01
4.904700815677642822e-01
8.049097061157226562e-01
4.415638148784637451e-01
2.290929257869720459e-01
-4.623911082744598389e-01
2.421444803476333618e-01
5.235187411308288574e-01
5.972556471824645996e-01
7.703253626823425293e-01
8.943146467208862305e-01
-7.993091940879821777e-01
-8.675876855850219727e-01
9.366202950477600098e-01
6.492758989334106445e-01
9.982665181159973145e-01
8.236247897148132324e-01
-9.160520434379577637e-01
-8.440966606140136719e-01
7.159112095832824707e-01
4.971241950988769531e-01
4.296998977661132812e-01
9.887627363204956055e-01
8.481780886650085449e-01
-8.692497611045837402e-01
-9.201548993587493896e-02
6.770848631858825684e-01
9.496491551399230957e-01
-5.365879535675048828e-01
-7.983645200729370117e-01
3.120865821838378906e-01
-1.994085013866424561e-01
9.678362011909484863e-01
9.245768785476684570e-01
7.960545420646667480e-01
9.959259033203125000e-01
-8.959936350584030151e-02
8.689941167831420898e-01
-5.259157419204711914e-01
3.910980820655822754e-01
5.662779211997985840e-01
-3.574621677398681641e-01
8.655502200126647949e-01
6.201645135879516602e-01
-7.476184368133544922e-01
-6.399764418601989746e-01
3.705055713653564453e-01
9.795609116554260254e-01
4.893173873424530029e-01
7.287883758544921875e-01
-5.813617706298828125e-01
8.763012290000915527e-01
2.504369914531707764e-01
9.868666529655456543e-01
-9.906200170516967773e-01
9.174280166625976562e-01
2.011377066373825073e-01
-1.303658485412597656e-01
3.793748915195465088e-01
2.330023348331451416e-01
-8.050721883773803711e-01
8.984656929969787598e-01
-3.540091216564178467e-01
9.620357155799865723e-01
2.861644625663757324e-01
-6.195927858352661133e-01
-8.329520225524902344e-01
9.345411062240600586e-01
7.728344798088073730e-01
9.963575005531311035e-01
9.463509917259216309e-01
9.609963893890380859e-01
7.831242084503173828e-01
-7.820927500724792480e-01
7.191253304481506348e-01
5.400097742676734924e-02
5.421660467982292175e-02
-4.029077589511871338e-01
-8.358694612979888916e-02
3.628059625625610352e-01
-3.188852667808532715e-01
8.697542548179626465e-01
9.882138371467590332e-01
9.592339396476745605e-01
-9.042179584503173828e-01
-6.962776184082031250e-01
9.858920574188232422e-01
9.634754061698913574e-01
8.298694491386413574e-01
-7.582130432128906250e-01
3.039954975247383118e-02
1.127562299370765686e-01
-1.286994665861129761e-01
9.589416533708572388e-02
5.224453806877136230e-01
-1.643512845039367676e-01
9.699615836143493652e-01
9.402438402175903320e-01
6.989926099777221680e-01
-1.242342293262481689e-01
-5.254071354866027832e-01
9.979618191719055176e-01
-1.091534271836280823e-01
9.214375615119934082e-01
5.824980139732360840e-01
4.021416306495666504e-01
-8.618806004524230957e-01
3.243874013423919678e-01
9.903353452682495117e-01
9.719230532646179199e-01
-6.704596281051635742e-01
-4.573758840560913086e-01
-4.679274857044219971e-01
9.668099284172058105e-01
-1.318088918924331665e-01
-8.486877679824829102e-01
9.656594991683959961e-01
9.239072203636169434e-01
9.942052364349365234e-01
-9.416796565055847168e-01
9.050061702728271484e-01
-6.596913933753967285e-01
9.615428447723388672e-01
9.970649480819702148e-01
5.101093649864196777e-01
1.872295588254928589e-01
-8.757159113883972168e-02
9.961090683937072754e-01
-6.731413602828979492e-01
4.483594596385955811e-01
8.661023974418640137e-01
8.719736337661743164e-01
-4.665492102503776550e-02
-8.471372127532958984e-01
1.782516688108444214e-01
6.775817275047302246e-02
-4.925866723060607910e-01
9.608416557312011719e-01
5.378019213676452637e-01
5.398527383804321289e-01
8.470617532730102539e-01
-1.841516792774200439e-01
4.468304812908172607e-01
9.731910228729248047e-01
-2.101487219333648682e-01
9.736351966857910156e-01
-9.653825759887695312e-01
-7.767962217330932617e-01
9.371303915977478027e-01
8.480020761489868164e-01
9.300538301467895508e-01
4.022058248519897461e-01
-2.406236678361892700e-01
-2.351458221673965454e-01
-8.195362687110900879e-01
-8.888300508260726929e-02
8.987078666687011719e-01
4.175760447978973389e-01
6.460465788841247559e-01
8.386523127555847168e-01
-5.274322628974914551e-01
9.867942333221435547e-01
8.168322443962097168e-01
5.034739971160888672e-01
7.963544130325317383e-02
6.998083591461181641e-01
-4.364412426948547363e-01
-8.010458946228027344e-01
4.276965260505676270e-01
9.671762585639953613e-01
9.710602760314941406e-01
9.680486321449279785e-01
-8.994337916374206543e-01
-3.976680338382720947e-01
-9.635201096534729004e-01
6.822831630706787109e-01
4.810959398746490479e-01
9.604865312576293945e-01
3.180559575557708740e-01
6.521174311637878418e-01
9.497852325439453125e-01
-4.738449156284332275e-01
8.405144214630126953e-01
-7.781795859336853027e-01
8.977531194686889648e-01
3.595515489578247070e-01
6.047883629798889160e-01
7.076140046119689941e-01
-1.003272011876106262e-01
-6.430007219314575195e-01
5.288767814636230469e-01
-4.573065340518951416e-01
5.916610956192016602e-01
7.678195834159851074e-01
1.534937415271997452e-02
8.858166337013244629e-01
7.635651528835296631e-02
9.521980285644531250e-01
8.842919468879699707e-01
-8.209779858589172363e-01
-9.246862530708312988e-01
4.972264170646667480e-02
-9.378987550735473633e-01
8.063367605209350586e-01
9.971754550933837891e-01
4.192238748073577881e-01
7.024233937263488770e-01
9.704021215438842773e-01
9.511933922767639160e-01
-8.261326551437377930e-01
8.506883382797241211e-01
9.733843803405761719e-01
-5.257915705442428589e-03
8.399974703788757324e-01
-9.380028247833251953e-01
-9.473786950111389160e-01
-6.482740044593811035e-01
9.863339066505432129e-01
8.709933161735534668e-01
7.951607704162597656e-01
-3.033167719841003418e-01
9.743458032608032227e-01
-2.568339705467224121e-01
9.213251471519470215e-01
8.902407884597778320e-01
8.685943484306335449e-01
-2.280211150646209717e-01
-7.601039409637451172e-01
4.509254992008209229e-01
5.215672254562377930e-01
8.006255030632019043e-01
5.448524951934814453e-01
2.953369021415710449e-01
8.772321045398712158e-02
4.115425646305084229e-01
-9.769189953804016113e-01
-1.167966350913047791e-01
5.806124210357666016e-01
3.546210825443267822e-01
7.526886463165283203e-01
-6.423399448394775391e-01
8.213727474212646484e-01
6.966314911842346191e-01
9.666412472724914551e-01
-7.002584934234619141e-01
5.020808577537536621e-01
-1.038383021950721741e-01
-3.337359726428985596e-01
9.792398810386657715e-01
-6.661073863506317139e-02
1.743592880666255951e-02
6.929928064346313477e-01
5.296824574470520020e-01
-1.175058186054229736e-01
2.543090581893920898e-01
-7.315215468406677246e-01
9.665860533714294434e-01
7.677074670791625977e-01
-1.531793475151062012e-01
9.288055300712585449e-01
-2.454853206872940063e-01
-1.100233271718025208e-01
-6.024554967880249023e-01
6.184195280075073242e-01
9.877957105636596680e-01
2.322101406753063202e-02
8.999625444412231445e-01
1.631778180599212646e-01
9.730981588363647461e-01
-6.540954113006591797e-01
9.598077535629272461e-01
9.578169584274291992e-01
9.398560523986816406e-01
2.552607282996177673e-02
-9.549908041954040527e-01
9.728063344955444336e-01
-1.728942096233367920e-01
5.156672596931457520e-01
3.054910302162170410e-01
-5.450736284255981445e-01
-6.676163673400878906e-01
-1.702577024698257446e-01
-7.577340602874755859e-01
9.869261384010314941e-01
9.999858736991882324e-01
8.520081639289855957e-01
8.228908777236938477e-01
8.486980199813842773e-01
6.321820020675659180e-01
2.660683393478393555e-01
3.785511553287506104e-01
2.990749776363372803e-01
-9.422155022621154785e-01
9.297229647636413574e-01
8.548644185066223145e-01
-5.575775504112243652e-01
-1.314490288496017456e-01
6.331892609596252441e-01
6.887617707252502441e-01
-8.873680830001831055e-01
-3.606804460287094116e-02
8.995056152343750000e-01
2.153486758470535278e-01
-7.353401780128479004e-01
7.157251834869384766e-01
6.812878251075744629e-01
-3.999855518341064453e-01
9.864459037780761719e-01
7.441633939743041992e-01
-6.607329845428466797e-01
3.821279406547546387e-01
-9.160547256469726562e-01
-4.650450348854064941e-01
9.598029851913452148e-01
9.895757436752319336e-01
4.595292508602142334e-01
9.822896122932434082e-01
9.626714587211608887e-01
-3.799527585506439209e-01
9.877977967262268066e-01
-1.139408349990844727e-01
7.512978911399841309e-01
8.535749912261962891e-01
-9.300163984298706055e-01
6.980892419815063477e-01
8.141261935234069824e-01
-2.229498177766799927e-01
3.110633194446563721e-01
7.036706209182739258e-01
-1.105776801705360413e-01
-7.040061354637145996e-01
-7.911134958267211914e-01
6.646579504013061523e-01
2.560216188430786133e-01
8.361450433731079102e-01
9.926148653030395508e-01
-1.647443771362304688e-01
-4.591992497444152832e-01
9.789779186248779297e-01
5.310949087142944336e-01
9.020215272903442383e-02
-5.016316175460815430e-01
8.612706661224365234e-01
8.526629209518432617e-01
-9.024941921234130859e-01
7.265108227729797363e-01
7.772460579872131348e-01
-3.903548121452331543e-01
8.696446567773818970e-02
-2.439290434122085571e-01
-7.120699882507324219e-01
9.922805428504943848e-01
9.634550809860229492e-01
8.411828279495239258e-01
2.948769330978393555e-01
8.987406492233276367e-01
2.773851752281188965e-01
7.862238883972167969e-01
5.612774491310119629e-01
-8.560232520103454590e-01
7.846900224685668945e-01
-2.427994087338447571e-02
9.545882344245910645e-01
4.105641543865203857e-01
-9.756950139999389648e-01
-5.037778019905090332e-01
5.391422510147094727e-01
-4.306893050670623779e-01
8.612207174301147461e-01
8.125107288360595703e-01
5.012034177780151367e-01
8.013670444488525391e-01
-7.975208759307861328e-01
2.698947787284851074e-01
2.478181868791580200e-01
-2.624264061450958252e-01
8.155802488327026367e-01
9.074898958206176758e-01
-7.550109028816223145e-01
7.069770693778991699e-01
6.440380811691284180e-01
-7.581410408020019531e-01
6.429939866065979004e-01
9.557832479476928711e-01
2.938945591449737549e-01
8.680162429809570312e-01
-7.445871084928512573e-02
5.701038837432861328e-01
-6.550974845886230469e-01
2.491250038146972656e-01
-1.106273159384727478e-01
9.132034182548522949e-01
2.712770104408264160e-01
-8.209931254386901855e-01
7.090639472007751465e-01
5.484517216682434082e-01
6.341124176979064941e-01
-8.853370547294616699e-01
8.940935134887695312e-01
7.913444042205810547e-01
5.128158926963806152e-01
8.172807693481445312e-01
1.481266021728515625e-01
2.574765086174011230e-01
8.772177100181579590e-01
8.287599682807922363e-02
-2.808490693569183350e-01
5.464608073234558105e-01
-7.472805380821228027e-01
3.778019249439239502e-01
3.788883686065673828e-01
9.710462689399719238e-01
8.852600455284118652e-01
1.821641921997070312e-01
-1.693403124809265137e-01
-7.432200312614440918e-01
-4.078561663627624512e-01
5.616691112518310547e-01
8.921456336975097656e-01
8.574587702751159668e-01
-8.058866858482360840e-02
-3.296307027339935303e-01
2.650788128376007080e-01
9.480408430099487305e-01
-8.479098081588745117e-01
8.797274529933929443e-02
9.759392738342285156e-01
7.882706522941589355e-01
-2.028368264436721802e-01
-3.899398148059844971e-01
8.751750588417053223e-01
5.486926436424255371e-01
9.031199216842651367e-01
-9.497141242027282715e-01
9.203360676765441895e-01
-2.834611237049102783e-01
9.232499599456787109e-01
9.011442661285400391e-01
3.477616310119628906e-01
2.733584046363830566e-01
8.941074013710021973e-01
-8.379500508308410645e-01
9.188690781593322754e-01
-3.463973701000213623e-01
-5.320955514907836914e-01
-6.274312138557434082e-01
1.688677966594696045e-01
9.912946224212646484e-01
9.356228113174438477e-01
3.594937026500701904e-01
7.372224926948547363e-01
-9.783923625946044922e-01
-1.206739991903305054e-01
6.636185944080352783e-02
9.718703627586364746e-01
9.355970621109008789e-01
-2.903515398502349854e-01
9.204144477844238281e-01
5.630795285105705261e-02
6.662098169326782227e-01
4.852353334426879883e-01
7.116510272026062012e-01
-5.158424377441406250e-01
4.212408959865570068e-01
6.659197807312011719e-01
1.763533204793930054e-01
7.172517180442810059e-01
-2.580304741859436035e-01
-9.174668788909912109e-01
7.937329262495040894e-02
6.652100086212158203e-01
1.842784285545349121e-01
4.809441566467285156e-01
1.088641770184040070e-02
9.519161581993103027e-01
-3.560916781425476074e-01
8.050289154052734375e-01
-3.079164624214172363e-01
-4.550400078296661377e-01
8.221316933631896973e-01
-6.153996586799621582e-01
9.004122018814086914e-01
8.125076889991760254e-01
-8.605355024337768555e-01
9.393109083175659180e-01
2.103633731603622437e-01
6.750849485397338867e-01
7.517278194427490234e-01
2.804785072803497314e-01
7.478550076484680176e-01
-3.056380748748779297e-01
2.604492008686065674e-01
9.421452879905700684e-01
6.608607769012451172e-01
9.748272299766540527e-01
-7.065292596817016602e-01
2.829864919185638428e-01
-9.210009574890136719e-01
9.869332909584045410e-01
9.218088388442993164e-01
7.021636962890625000e-01
2.352999448776245117e-01
-5.424131751060485840e-01
-9.814031720161437988e-01
-9.663380980491638184e-01
7.396279573440551758e-01
1.118123158812522888e-01
4.891025125980377197e-01
9.683908820152282715e-01
9.086320400238037109e-01
5.098220109939575195e-01
2.733217179775238037e-02
-3.931874036788940430e-01
4.601526260375976562e-01
-1.717209666967391968e-01
7.349750995635986328e-01
-8.581784963607788086e-01
9.817895293235778809e-01
9.142985343933105469e-01
7.741558551788330078e-02
-9.087201952934265137e-01
4.423226714134216309e-01
-3.089049458503723145e-01
9.919898509979248047e-01
9.936248660087585449e-01
4.445763528347015381e-01
8.364863395690917969e-01
-4.983423948287963867e-01
2.322281599044799805e-01
6.116642430424690247e-02
8.844411969184875488e-01
9.229524135589599609e-01
9.656929969787597656e-01
-6.365584135055541992e-01
-5.841873884201049805e-01
9.343501329421997070e-01
2.848371267318725586e-01
9.494923949241638184e-01
-1.810139790177345276e-02
-1.396508608013391495e-02
-7.008674740791320801e-01
-8.302592635154724121e-01
9.373607039451599121e-01
8.662940263748168945e-01
8.772742748260498047e-01
2.072343826293945312e-01
9.892208576202392578e-01
-5.758827328681945801e-01
-7.955018281936645508e-01
-4.483639597892761230e-01
8.812490701675415039e-01
9.362686276435852051e-01
9.781512022018432617e-01
7.357329726219177246e-01
-5.744987130165100098e-01
-6.269893646240234375e-01
5.503574013710021973e-01
-8.450067639350891113e-01
8.057503700256347656e-01
9.098150730133056641e-01
9.875416159629821777e-01
7.951947450637817383e-01
7.158839702606201172e-01
2.443744838237762451e-01
8.286506533622741699e-01
-7.818163633346557617e-01
6.142213940620422363e-01
-1.747218072414398193e-01
3.819647729396820068e-01
-2.261129468679428101e-01
-8.202162981033325195e-01
7.548305392265319824e-01
9.063146710395812988e-01
6.485480070114135742e-01
-3.321127295494079590e-01
-6.719570755958557129e-01
-6.119939684867858887e-01
7.288371920585632324e-01
9.134360551834106445e-01
9.605327844619750977e-01
9.966102838516235352e-01
3.053811788558959961e-01
-9.552527070045471191e-01
5.783455371856689453e-01
-4.399842768907546997e-02
-1.960638761520385742e-01
9.362616539001464844e-01
9.761018157005310059e-01
-4.934926517307758331e-03
-6.153951287269592285e-01
8.943171501159667969e-01
7.715765237808227539e-01
9.779276847839355469e-01
1.928293108940124512e-01
-2.477005571126937866e-01
-8.982880711555480957e-01
-7.645126581192016602e-01
8.903716802597045898e-01
9.160098433494567871e-01
1.548186540603637695e-01
9.762089252471923828e-01
6.596750617027282715e-01
9.463471174240112305e-01
-7.501454949378967285e-01
-9.112410545349121094e-01
9.801734089851379395e-01
6.519296765327453613e-01
9.799281954765319824e-01
8.565238714218139648e-01
-8.168001174926757812e-01
-9.734395146369934082e-01
-7.356339693069458008e-02
-8.089621067047119141e-01
8.407118320465087891e-01
9.999281764030456543e-01
5.441336631774902344e-01
9.987468123435974121e-01
9.904728531837463379e-01
6.303907036781311035e-01
8.093270063400268555e-01
-9.855374693870544434e-01
2.622661590576171875e-01
-6.316932439804077148e-01
5.915366411209106445e-01
3.661969006061553955e-01
-1.631842702627182007e-01
9.902769923210144043e-01
9.577326774597167969e-01
-9.077931195497512817e-02
6.860547661781311035e-01
-7.166695594787597656e-01
1.251110434532165527e-01
-6.888128519058227539e-01
6.983711123466491699e-01
3.019797205924987793e-01
7.362764477729797363e-01
6.874662637710571289e-01
6.650919914245605469e-01
-4.833053946495056152e-01
7.171443700790405273e-01
-9.277879595756530762e-01
2.592445611953735352e-01
2.177962958812713623e-01
9.817989468574523926e-01
2.107764631509780884e-01
9.429556131362915039e-01
-7.545815110206604004e-01
8.283213376998901367e-01
3.307298421859741211e-01
-9.196376204490661621e-01
8.953780531883239746e-01
-8.634186983108520508e-01
9.271222352981567383e-01
-3.870068192481994629e-01
9.919790625572204590e-01
8.217188715934753418e-01
8.598584532737731934e-01
-1.783106327056884766e-01
7.811537384986877441e-01
-1.471103355288505554e-02
8.139301538467407227e-01
8.551111221313476562e-01
3.145126625895500183e-02
-9.892365336418151855e-02
-8.959659337997436523e-01
9.789806008338928223e-01
7.356787919998168945e-01
6.957409977912902832e-01
-2.139934152364730835e-01
-8.534950613975524902e-01
4.772019386291503906e-01
9.580017328262329102e-01
7.189748287200927734e-01
-4.147662818431854248e-01
-8.795180916786193848e-01
-6.073251366615295410e-01
9.237750768661499023e-01
9.916656017303466797e-01
6.562130451202392578e-01
4.029719829559326172e-01
9.396798610687255859e-01
-7.482032775878906250e-01
-8.926798105239868164e-01
8.968266248703002930e-01
8.219106793403625488e-01
9.823654890060424805e-01
3.206007778644561768e-01
6.183247566223144531e-01
-8.176138997077941895e-01
-2.234566807746887207e-01
9.911140799522399902e-01
7.170776724815368652e-01
-3.717274367809295654e-01
9.880762100219726562e-01
9.329912662506103516e-01
9.666035771369934082e-01
-5.140474438667297363e-01
-1.978648006916046143e-01
7.200639247894287109e-01
-9.745035767555236816e-01
9.414322376251220703e-01
8.787482976913452148e-01
-8.023417592048645020e-01
-9.988257288932800293e-01
7.506594061851501465e-01
3.415515124797821045e-01
-1.702961921691894531e-01
9.547911882400512695e-01
2.118944823741912842e-01
8.186387419700622559e-01
7.395015954971313477e-01
5.568078756332397461e-01
3.078364022076129913e-02
-2.024421654641628265e-02
-6.222259402275085449e-01
-7.869774848222732544e-02
7.119320034980773926e-01
7.876949310302734375e-01
7.171579599380493164e-01
8.245660066604614258e-01
-6.515396833419799805e-01
8.232653141021728516e-01
8.530587553977966309e-01
7.503451704978942871e-01
7.400791645050048828e-01
-8.541859984397888184e-01
-2.474188804626464844e-04
-2.183374762535095215e-01
7.441360354423522949e-01
7.051172256469726562e-01
-4.205874502658843994e-01
2.351967841386795044e-01
-9.795512259006500244e-02
-6.138514876365661621e-01
9.989836215972900391e-01
-7.383149862289428711e-01
-4.005081951618194580e-01
7.676882147789001465e-01
8.431461453437805176e-01
3.180163204669952393e-01
-6.072111129760742188e-01
9.772933125495910645e-01
7.382308840751647949e-01
9.489545822143554688e-01
7.358478903770446777e-01
9.540976583957672119e-02
-1.290964893996715546e-02
5.793602466583251953e-01
-5.784071683883666992e-01
9.980461001396179199e-01
-6.975143551826477051e-01
7.635102272033691406e-01
-2.166456878185272217e-01
8.207865953445434570e-01
9.429277181625366211e-01
-4.865538775920867920e-01
5.967180728912353516e-01
-6.914591789245605469e-01
3.375277817249298096e-01
7.995172142982482910e-01
-8.247410506010055542e-02
8.884016275405883789e-01
-6.031677871942520142e-02
-2.142503112554550171e-01
9.734855294227600098e-01
-8.105977177619934082e-01
7.548131942749023438e-01
8.691885471343994141e-01
1.247013285756111145e-01
4.603246152400970459e-01
5.503657460212707520e-02
9.524105787277221680e-01
7.686609625816345215e-01
-3.049863278865814209e-01
-6.600761413574218750e-01
